996
146 1
701 3
28 3
831 4
301 5
121 8
587 10
791 11
775 11
293 11
707 11
746 12
165 12
423 14
257 16
131 17
794 17
372 19
723 20
713 21
855 22
48 25
828 29
798 30
959 31
538 33
725 35
228 35
765 36
748 39
237 40
566 40
602 41
36 41
466 42
842 42
692 44
487 45
439 45
116 46
908 49
564 49
858 50
199 52
983 55
891 55
760 56
741 57
886 57
825 57
93 59
676 61
539 62
674 63
449 66
508 68
833 69
106 71
475 72
216 72
653 73
130 73
822 74
839 75
527 76
635 76
412 78
139 81
431 83
207 84
211 85
779 87
120 87
574 87
277 90
10 90
83 92
532 94
35 95
350 95
213 96
318 97
945 98
60 98
927 99
229 99
954 99
374 100
132 102
216 103
374 103
849 104
568 105
673 107
938 108
921 108
905 109
498 111
768 113
183 114
811 114
462 115
731 115
318 115
17 115
176 117
748 121
185 122
400 122
688 122
477 122
255 124
880 124
978 125
696 125
535 125
46 125
729 128
920 131
256 132
341 132
241 133
711 133
773 136
866 139
891 139
572 141
744 143
63 145
780 145
736 146
555 147
674 147
17 148
628 148
436 149
985 149
365 150
587 153
459 154
56 157
711 157
801 158
509 159
746 159
876 159
870 160
376 161
31 162
347 163
912 163
501 164
729 165
399 166
397 169
860 170
938 174
955 174
198 175
187 176
344 177
180 178
105 178
653 178
975 178
562 179
159 179
930 180
17 181
962 182
452 182
674 182
878 183
907 185
72 186
823 186
105 189
357 189
739 195
177 195
738 195
684 196
325 198
170 199
479 201
416 201
91 201
232 201
924 203
937 203
945 203
735 203
339 204
38 204
52 205
500 205
294 207
340 208
813 209
991 210
694 210
151 211
549 211
754 212
717 212
6 214
631 214
102 215
519 216
831 219
85 219
420 220
984 221
630 223
962 223
350 224
153 225
697 225
666 229
526 229
800 232
401 234
498 237
396 238
898 239
222 239
12 240
954 240
861 241
140 241
244 242
748 243
792 244
551 245
444 249
774 252
929 252
487 252
890 253
461 256
952 258
506 259
279 259
598 260
431 261
156 262
17 262
503 262
501 263
72 263
613 266
154 266
839 268
959 270
516 271
813 272
463 272
102 272
901 273
236 273
217 275
950 275
596 276
695 277
402 279
185 280
855 280
33 281
242 282
920 284
46 284
464 284
159 285
882 285
369 288
40 289
276 292
53 292
187 292
972 293
653 294
450 295
12 296
243 297
231 299
707 299
216 300
294 304
236 309
293 309
943 309
552 310
933 310
182 310
404 310
375 315
551 315
365 316
687 316
766 317
692 318
651 319
279 321
685 321
744 322
981 323
260 325
257 325
630 328
78 328
972 329
418 329
474 330
135 332
626 332
288 332
419 334
74 337
788 337
836 337
740 338
912 340
238 342
615 342
794 343
405 343
503 344
548 345
82 345
721 345
833 346
13 347
582 347
803 350
732 351
441 351
330 352
206 352
123 353
908 354
680 355
382 356
935 356
358 357
472 358
227 359
559 359
917 361
690 364
410 365
21 365
954 368
76 370
943 370
786 371
699 373
650 374
848 375
953 376
609 377
966 379
493 380
964 380
462 383
28 384
476 385
643 386
220 388
732 388
694 390
319 391
965 392
606 393
625 393
465 393
218 395
318 397
76 400
233 401
826 401
95 404
684 404
858 404
314 404
185 405
635 405
937 405
781 406
105 407
666 409
882 409
612 412
469 412
245 412
424 413
503 415
5 415
587 416
143 417
995 420
87 420
391 421
97 422
137 426
422 426
615 428
603 429
807 430
311 431
850 431
345 432
519 432
799 433
918 434
582 435
238 437
673 437
435 437
234 438
690 438
480 439
447 440
308 441
65 441
512 441
615 444
328 444
923 444
573 445
371 446
330 447
975 447
394 448
419 449
343 451
888 451
455 452
602 452
339 455
321 457
425 457
980 458
818 460
433 460
684 462
300 463
692 463
960 464
719 465
714 466
625 467
368 468
267 469
583 470
788 471
874 472
896 473
871 475
584 475
266 475
106 475
667 476
382 477
203 477
872 479
129 479
588 480
439 480
645 481
875 482
443 483
18 486
248 487
396 489
459 490
515 490
149 491
378 492
174 492
408 494
979 496
840 498
123 498
334 499
691 499
915 503
502 503
4 505
859 505
298 506
383 507
183 507
258 507
876 508
501 510
35 511
362 511
744 511
395 512
242 512
321 512
57 519
599 521
130 521
702 521
314 522
732 523
379 523
655 524
220 525
583 525
387 526
391 526
442 531
22 531
522 531
98 531
18 532
514 532
715 532
916 532
308 534
248 535
80 535
876 537
227 537
72 539
6 539
619 540
17 540
963 540
739 541
715 542
927 542
717 543
109 543
42 544
841 544
364 545
968 547
50 547
277 548
738 549
546 549
551 550
969 551
498 553
206 555
923 556
93 557
891 558
640 559
782 560
42 560
519 561
491 561
464 562
310 563
624 564
535 569
99 571
782 571
837 572
394 573
574 574
937 576
365 576
955 576
936 576
730 577
824 578
854 579
842 580
52 581
808 582
935 584
524 584
652 587
831 588
653 589
311 590
474 590
446 591
405 592
245 593
684 593
840 593
423 597
203 597
451 597
132 598
938 598
484 600
591 601
243 601
686 601
481 602
176 604
591 607
836 609
695 610
310 610
59 612
218 612
362 612
838 612
642 612
472 615
436 617
101 617
841 619
457 622
963 622
265 622
795 624
470 624
490 624
702 624
157 628
290 628
493 629
93 631
545 631
11 632
563 633
680 634
507 635
388 638
924 638
873 638
713 639
438 639
304 641
988 645
562 647
633 649
753 649
559 651
766 652
70 652
774 653
535 654
212 657
862 657
252 658
112 658
674 660
898 661
871 661
245 661
752 662
294 664
73 668
793 669
359 669
924 669
112 670
930 671
141 672
711 673
684 674
360 675
817 676
272 676
82 677
537 678
580 678
615 679
525 680
413 681
250 681
446 681
431 681
471 684
766 684
700 686
685 686
234 690
298 691
45 692
920 693
99 693
377 693
362 694
924 694
810 695
570 695
339 695
465 697
486 699
441 700
375 701
435 701
417 703
915 703
159 703
206 704
768 705
186 706
713 707
657 708
935 709
315 709
961 709
120 712
433 712
107 714
159 715
100 715
85 716
518 716
146 717
552 720
960 721
5 721
987 721
29 721
294 722
512 725
71 725
224 725
651 726
972 729
188 729
970 731
871 732
400 732
932 736
614 736
202 736
712 737
872 737
881 738
490 739
367 739
441 741
330 741
512 743
626 744
599 745
391 745
780 746
956 749
607 752
298 753
109 755
193 755
816 755
587 756
127 756
560 756
15 757
778 759
151 759
910 760
189 763
819 764
349 764
963 766
405 767
898 769
701 769
60 771
923 771
967 771
600 775
533 776
395 776
691 777
279 777
935 783
803 783
59 783
658 784
22 784
796 784
812 784
737 785
690 785
562 789
458 790
593 790
240 790
790 790
522 791
577 793
592 793
92 795
997 795
711 795
871 796
245 797
141 797
569 800
480 801
965 801
611 802
51 802
571 804
762 805
435 805
120 806
853 807
871 807
936 808
465 808
690 809
512 809
206 811
682 811
76 812
209 813
599 814
993 814
444 817
9 817
775 818
418 819
939 819
296 820
891 822
49 823
376 825
751 825
20 825
885 826
639 832
131 833
625 833
94 833
19 833
480 834
677 834
680 835
352 836
955 836
900 837
935 837
469 838
473 839
688 839
451 839
765 842
616 843
388 843
124 843
11 843
903 843
452 843
577 845
991 848
955 853
968 854
854 855
885 856
16 857
440 857
629 860
736 861
298 866
924 867
527 872
229 873
510 874
727 876
311 878
41 878
230 879
727 881
602 882
457 883
234 885
720 888
460 888
502 888
604 888
817 890
764 891
382 891
63 891
636 893
122 893
277 893
220 895
514 895
116 898
882 900
723 904
672 904
891 905
106 905
99 906
382 906
187 910
303 911
40 913
264 913
545 914
525 914
300 915
219 915
402 916
71 916
417 916
498 917
681 921
192 921
287 923
953 924
292 926
133 927
849 927
745 929
502 930
303 932
92 932
792 933
44 933
488 934
299 934
849 934
357 935
498 935
739 935
510 936
76 939
167 939
779 941
935 941
872 942
241 943
718 944
973 945
30 946
939 947
201 947
9 948
761 949
273 952
933 952
605 953
78 953
804 953
31 954
866 954
220 955
165 955
27 955
687 958
176 960
529 960
590 962
88 962
646 962
754 965
406 966
509 970
263 971
548 973
256 974
809 975
59 975
162 975
100 976
585 977
264 977
791 977
210 978
188 978
566 979
221 980
46 980
165 980
278 980
331 983
842 984
219 984
806 985
103 985
922 986
784 986
90 987
216 987
350 987
290 988
269 988
610 990
844 990
996 991
906 992
925 994
68 994
740 996
488 996
810 997
940 999
