717
664 0
436 1
118 2
897 7
574 7
746 8
657 13
4 13
432 13
986 14
790 15
653 17
55 19
877 21
488 22
113 23
628 24
822 25
752 26
842 27
741 27
779 29
768 29
897 30
764 31
661 42
141 42
426 43
958 47
86 49
790 49
600 50
102 52
626 52
171 54
716 54
340 54
712 55
385 56
291 57
292 57
172 59
241 62
183 64
723 64
649 66
202 68
880 68
326 72
121 74
100 76
718 76
769 77
198 78
834 78
335 78
362 81
289 85
378 88
406 90
528 91
638 91
330 93
879 94
177 95
236 95
437 96
676 96
425 96
693 102
373 104
474 104
977 109
281 111
428 114
594 115
703 115
542 118
684 119
592 121
993 124
262 125
43 128
923 129
688 131
892 132
459 132
226 134
376 135
14 135
97 139
649 141
23 145
686 146
356 147
6 149
723 152
252 155
778 156
689 156
317 160
82 163
917 167
595 168
578 169
644 171
590 172
589 178
609 179
198 181
336 182
781 182
896 184
527 184
255 184
702 185
749 185
260 190
622 190
245 190
419 193
268 195
409 196
768 197
680 197
58 203
262 204
757 206
444 209
137 213
538 216
392 217
16 218
892 219
352 220
871 221
559 225
340 226
248 231
528 232
728 232
803 232
872 233
446 233
266 235
22 236
80 237
731 238
60 238
971 239
896 239
414 239
97 241
74 242
701 242
557 245
565 246
140 246
344 248
86 248
889 251
704 253
962 254
35 254
868 256
211 257
608 260
855 267
816 267
741 268
968 269
942 270
444 271
930 271
376 272
752 273
976 278
17 278
600 281
850 281
450 285
990 286
818 288
798 288
761 291
483 293
206 295
14 295
273 296
653 301
706 301
506 302
300 303
426 304
18 307
70 310
189 311
373 312
742 316
833 318
653 319
110 320
63 322
470 322
161 324
299 324
957 327
746 327
406 328
953 329
933 332
805 333
140 333
392 335
540 338
181 339
794 340
239 340
768 341
441 341
560 342
400 342
978 345
202 346
695 347
489 350
341 351
761 351
907 351
374 353
549 353
150 355
869 356
93 356
441 356
70 356
821 357
399 358
810 358
392 358
446 359
976 360
354 361
610 363
992 365
743 365
329 365
278 368
238 368
545 368
370 370
471 370
962 371
135 372
387 373
773 374
97 374
261 375
950 376
954 376
350 378
172 380
971 380
345 382
400 383
941 383
73 384
246 385
653 385
651 392
802 392
775 392
175 392
55 394
503 394
258 395
875 395
793 395
209 395
986 397
229 398
380 399
30 407
766 408
160 409
184 411
968 412
798 413
149 413
226 413
997 415
597 417
41 418
857 419
924 420
487 420
252 420
636 424
979 426
123 429
597 430
846 430
759 432
755 433
526 434
15 435
447 436
168 436
513 439
167 439
453 440
642 445
515 446
214 446
202 446
947 448
939 449
616 449
276 452
367 453
691 453
528 456
54 457
507 458
585 458
245 460
596 463
449 470
649 472
741 473
655 474
686 476
622 477
704 478
125 480
173 481
322 482
828 484
100 484
866 485
522 487
191 488
807 489
908 490
176 493
124 493
631 494
237 497
333 498
969 498
787 498
691 498
852 498
112 500
355 501
979 503
45 504
367 507
579 509
372 509
967 512
372 512
184 514
91 514
615 515
29 519
849 522
591 526
724 528
498 529
471 529
910 529
321 531
291 531
946 531
10 532
363 535
262 537
42 538
892 543
420 544
889 545
519 547
356 549
567 549
185 550
170 550
133 550
318 551
675 553
281 554
102 555
745 556
194 557
495 559
979 561
349 562
359 562
509 564
482 566
892 569
122 570
946 570
475 570
478 572
555 573
358 573
550 575
596 577
928 577
567 582
312 584
633 585
959 585
773 586
677 590
639 591
388 592
618 593
207 594
404 597
273 598
957 603
795 603
711 610
25 610
834 610
534 612
724 613
13 614
665 615
592 615
821 616
181 618
446 618
123 620
736 620
399 624
789 625
257 626
998 628
552 628
888 629
891 630
696 633
375 633
234 634
518 635
295 637
342 642
945 643
230 643
751 645
473 646
803 647
825 649
650 649
221 650
780 650
259 653
842 653
550 659
662 660
166 664
165 664
265 665
703 670
429 671
872 671
126 673
305 673
467 675
43 677
874 678
780 679
256 680
350 680
115 681
170 682
411 683
462 684
571 685
111 685
406 689
273 689
280 692
394 694
852 694
712 694
314 696
220 696
608 699
638 699
447 700
44 701
116 702
203 702
122 702
198 702
353 703
566 705
258 706
699 712
716 713
651 715
582 720
906 720
28 721
944 721
873 721
212 721
795 722
299 722
145 726
727 727
234 728
667 729
512 730
62 731
435 734
437 735
334 736
843 737
532 738
157 738
573 739
553 739
745 740
175 740
488 741
490 741
453 742
18 746
133 747
867 747
732 752
440 760
984 763
587 763
316 763
138 769
185 770
501 771
961 773
668 775
129 779
917 779
77 779
554 780
24 780
647 784
751 785
494 789
248 789
236 790
907 790
704 791
622 791
305 791
150 792
983 794
856 798
986 799
78 799
463 800
134 800
755 800
442 801
600 802
736 802
870 803
270 803
406 803
708 805
452 807
208 807
34 808
70 808
506 810
341 810
37 810
819 811
245 811
759 812
296 819
447 820
389 822
243 824
931 824
419 824
766 828
851 829
955 829
583 829
156 831
973 831
112 832
939 832
467 834
760 834
893 836
328 837
58 838
902 843
398 844
755 845
504 846
929 846
619 847
728 849
882 850
492 852
575 852
40 853
403 854
239 857
328 858
506 859
563 859
662 862
518 862
527 862
816 862
314 865
504 866
436 866
49 868
450 870
674 871
380 871
542 875
779 877
567 878
155 880
364 881
455 882
127 885
117 885
612 888
407 892
825 892
495 894
896 896
969 897
336 901
252 901
30 903
635 903
67 905
86 908
766 910
236 913
141 915
499 916
310 916
586 918
418 919
592 921
512 923
800 923
622 923
610 925
429 926
780 927
306 928
280 928
800 929
596 930
667 933
590 934
193 938
210 941
327 942
274 942
856 944
785 945
837 945
163 946
804 947
724 948
174 948
325 949
595 950
847 953
518 953
987 954
565 955
318 956
572 956
661 957
295 958
135 958
772 960
894 961
188 962
217 963
377 964
537 964
879 965
656 965
954 965
80 968
670 969
970 971
338 977
62 979
313 979
225 986
153 986
747 987
252 990
452 991
784 996
76 998
771 999
91 999
490 999
