1000
175 0
155 0
681 2
708 3
646 3
667 5
376 6
925 7
356 9
758 11
781 12
493 12
105 12
90 13
926 13
385 16
94 21
181 21
110 21
86 23
816 23
457 23
49 26
450 27
249 27
249 31
254 32
861 34
741 34
789 34
708 36
912 36
875 37
349 38
343 38
86 38
450 38
721 40
152 43
763 43
902 44
391 44
669 46
458 46
606 47
98 48
62 50
859 50
172 52
316 55
948 55
876 56
492 58
61 60
121 61
695 61
120 61
81 61
540 61
825 63
365 63
608 63
263 65
180 69
820 71
246 72
603 72
133 72
954 73
193 75
433 76
651 77
807 77
824 78
103 78
100 78
285 79
693 80
397 82
212 83
360 85
577 87
374 87
524 88
931 88
523 89
895 89
398 90
910 91
293 91
840 91
969 94
790 94
355 97
354 98
330 99
96 99
575 99
846 100
841 101
679 102
472 102
683 105
159 106
264 107
172 107
594 107
95 108
58 112
491 112
499 115
164 115
786 116
640 119
782 119
801 120
247 122
613 122
467 123
248 123
475 124
139 126
492 127
12 127
282 127
80 127
187 129
672 132
298 132
931 133
489 134
208 135
743 138
183 138
177 139
567 140
707 141
667 142
340 144
352 144
895 146
309 147
245 147
545 148
777 149
172 151
172 151
933 152
533 152
288 152
805 154
788 155
387 155
742 155
345 155
305 155
934 156
538 157
134 157
934 159
606 159
537 161
355 163
35 168
160 170
565 170
530 170
534 172
185 178
49 178
194 178
14 180
820 180
301 180
194 181
902 181
733 182
182 183
203 183
602 184
601 184
498 189
342 192
481 193
47 194
344 195
54 195
966 197
225 198
566 201
23 201
72 201
630 202
794 203
718 204
137 205
144 206
337 206
281 208
112 209
834 209
256 210
513 210
624 211
118 211
84 214
79 216
369 217
318 217
424 220
421 220
966 221
474 221
479 223
28 224
422 225
679 227
181 227
903 228
214 229
992 231
929 231
854 231
586 232
969 232
109 232
716 233
844 233
443 234
158 234
244 236
376 237
537 237
102 238
5 239
107 239
915 240
225 243
929 243
13 244
810 246
741 248
301 248
399 249
589 250
413 251
206 252
759 253
485 255
845 256
320 257
265 258
371 259
667 259
349 259
949 261
518 262
916 263
613 263
57 264
859 265
520 266
284 267
853 268
792 271
287 271
395 272
694 272
73 274
925 274
415 274
149 275
471 278
637 279
184 279
263 280
209 282
202 282
224 283
742 284
690 284
162 285
157 285
717 285
95 285
77 287
903 288
285 288
254 290
769 290
114 292
422 293
547 294
455 295
122 295
232 296
822 297
174 299
556 299
751 303
497 304
844 306
284 306
333 306
355 307
11 307
810 307
273 308
506 311
839 314
340 314
600 315
519 315
684 316
157 316
419 318
622 319
714 320
972 320
393 321
980 323
334 325
270 325
898 326
941 326
672 327
432 328
229 329
461 329
72 331
657 333
270 334
350 334
958 334
655 334
84 334
111 335
801 337
455 337
830 339
610 339
153 340
216 341
833 342
217 342
922 343
810 344
687 346
731 347
679 347
628 349
336 351
118 356
1000 358
363 358
779 359
923 359
254 360
563 361
828 361
654 362
450 365
780 367
929 367
499 368
115 368
758 369
775 370
723 370
135 373
675 374
647 374
173 374
107 375
505 375
997 375
153 377
923 379
106 380
368 380
137 382
959 384
145 384
845 384
319 386
687 388
523 389
1 390
556 390
561 390
512 390
459 393
499 395
264 396
529 396
944 398
589 398
933 399
747 400
798 400
475 404
699 404
740 405
975 407
644 408
648 410
260 414
309 415
81 416
493 416
679 417
596 417
948 418
541 420
323 421
697 423
374 424
309 425
834 425
885 425
872 427
129 427
25 429
719 429
949 429
410 430
971 430
989 431
359 434
627 434
527 435
40 436
369 437
809 437
257 441
731 443
233 443
444 444
466 445
264 445
983 445
668 445
650 447
253 449
599 449
795 450
946 450
428 451
264 453
854 454
183 455
810 455
226 455
732 457
606 457
547 462
382 463
337 464
577 465
530 467
307 472
283 473
159 473
328 474
889 476
433 477
473 477
948 478
882 478
682 478
487 479
4 479
722 480
425 480
676 481
999 483
457 483
525 483
639 485
553 485
612 486
925 486
988 487
667 487
35 488
673 489
767 490
464 492
971 492
854 493
766 495
121 496
954 497
379 497
251 497
124 500
350 500
9 501
815 501
221 501
107 502
25 506
494 507
937 508
755 509
678 509
20 512
135 513
771 513
880 515
270 515
40 515
363 516
158 517
948 518
759 518
371 519
584 519
68 520
867 521
755 521
855 521
382 522
613 522
496 523
864 524
240 526
959 526
304 527
512 527
558 529
321 529
756 530
95 531
334 531
824 538
217 538
394 539
242 539
942 540
696 540
724 540
782 541
563 541
481 541
462 542
541 542
552 543
830 544
723 544
213 544
160 546
7 547
86 547
451 547
253 550
220 550
717 550
665 551
376 552
480 554
295 555
33 557
986 558
841 560
217 561
415 562
356 563
727 564
200 565
827 565
324 565
455 566
723 566
493 567
587 568
614 568
194 570
493 570
70 571
251 572
833 573
465 574
916 575
969 577
24 578
787 578
879 582
835 582
710 583
97 583
666 584
979 585
487 587
1 588
201 591
49 593
601 594
821 596
872 596
607 597
530 600
851 600
228 601
543 601
855 602
158 603
557 603
143 603
312 603
690 603
903 606
771 607
505 608
274 608
755 609
57 609
847 611
254 613
653 614
17 614
539 618
752 618
878 618
887 619
839 620
619 620
65 623
954 623
435 623
467 624
934 625
583 625
258 625
893 626
131 627
919 628
50 630
108 631
741 633
292 634
5 634
479 634
257 635
845 635
793 636
411 636
818 637
762 639
688 639
878 641
947 641
476 641
167 641
355 642
31 644
381 647
896 649
881 651
326 653
65 656
262 657
228 658
645 658
680 658
486 661
255 661
526 664
348 666
780 667
381 667
707 667
727 668
812 668
473 668
385 668
521 668
475 669
522 669
69 671
376 671
811 671
445 671
693 671
39 673
874 675
16 676
698 676
754 676
528 676
822 677
170 677
922 677
581 679
145 679
690 679
671 680
772 680
239 681
738 682
787 683
160 683
102 684
834 685
375 686
427 686
760 687
778 689
47 691
719 692
819 694
424 695
550 695
92 696
890 698
456 699
787 700
247 700
269 701
70 701
322 702
309 703
157 704
946 704
643 705
440 705
838 705
568 706
294 707
775 710
226 710
53 710
418 710
915 711
22 711
405 712
895 712
51 713
962 714
89 714
401 718
410 718
709 720
902 721
475 721
866 721
772 721
427 722
684 724
198 725
9 725
766 727
905 727
13 729
144 731
264 732
198 732
547 732
675 736
343 738
130 744
457 744
160 745
44 747
660 747
978 749
474 749
442 749
196 752
129 758
56 761
962 763
17 764
250 765
297 768
402 768
309 769
9 769
488 773
157 773
705 774
90 775
585 775
602 777
785 777
279 778
285 779
588 780
311 780
735 783
838 784
220 784
651 785
506 785
311 788
666 788
348 790
972 791
959 791
778 791
611 795
891 796
693 796
858 798
166 798
966 801
87 801
403 802
449 802
541 803
764 803
796 803
591 804
569 805
888 807
292 807
900 807
687 808
155 809
721 810
307 810
351 811
895 812
65 812
843 812
823 812
493 813
780 813
167 813
980 815
905 816
26 816
151 816
34 816
399 818
483 819
33 819
308 822
575 822
938 823
806 824
411 825
668 826
790 827
303 829
439 829
243 831
848 832
154 832
488 832
761 833
71 833
844 836
416 836
713 836
707 837
725 837
577 837
639 839
566 839
357 842
964 842
421 843
953 846
348 849
541 850
826 850
276 851
543 853
127 853
663 854
377 854
812 857
792 857
214 858
7 859
712 859
915 864
654 865
780 866
415 867
910 869
727 869
868 871
15 872
979 876
445 877
430 878
841 880
440 880
391 880
871 882
281 882
854 882
836 883
687 886
655 886
61 887
83 887
119 887
685 889
600 891
386 893
66 894
432 894
75 895
508 896
421 896
981 898
51 899
302 900
953 902
939 902
5 902
136 903
311 904
979 904
559 906
491 909
586 911
532 912
518 913
198 913
701 915
236 917
729 917
877 918
329 918
194 920
393 921
154 921
965 921
100 923
759 924
31 925
156 927
339 929
845 930
842 931
804 935
309 935
245 936
171 937
135 938
547 938
166 941
118 942
567 944
695 944
510 945
225 946
517 946
250 947
728 947
979 947
180 948
985 951
917 952
499 954
529 957
448 960
254 961
397 962
502 962
18 963
957 963
752 964
876 966
907 967
969 969
486 971
641 971
623 974
927 975
778 975
132 976
921 977
411 978
992 978
937 980
748 981
854 982
323 984
719 985
82 986
35 986
238 988
355 990
877 990
347 991
312 991
738 992
955 993
184 994
915 994
357 996
909 996
620 998
157 998
935 999
