284
328 1
635 5
103 6
88 8
705 13
470 17
3 21
728 43
205 44
499 47
572 49
529 58
228 62
288 66
515 67
424 68
92 68
118 68
59 69
545 69
41 70
42 70
230 71
103 75
306 77
117 78
61 83
102 83
547 85
392 86
249 90
343 93
644 97
271 97
40 103
30 104
39 106
680 107
677 107
447 113
5 119
598 129
461 131
103 132
305 132
673 138
67 144
155 148
721 153
97 154
399 157
521 158
500 165
608 169
251 176
195 183
399 193
57 201
269 204
688 208
157 217
128 219
338 219
713 220
737 222
34 229
405 232
401 232
375 234
147 239
81 239
93 242
268 242
121 244
73 251
311 251
701 262
335 265
340 266
396 269
20 274
263 278
68 279
441 279
35 280
575 280
582 283
419 286
96 287
402 302
464 304
730 307
683 309
250 312
332 312
668 316
637 317
274 317
401 317
442 321
573 330
593 332
371 334
137 343
520 349
720 350
175 352
510 352
642 354
610 354
165 356
556 358
299 358
396 361
629 366
463 368
148 371
391 374
272 384
698 397
199 398
12 401
704 402
452 403
153 407
523 407
67 409
111 411
447 417
3 418
87 420
94 422
208 425
654 425
425 427
345 427
500 430
717 434
160 436
545 438
79 438
127 441
290 446
283 446
739 447
140 451
414 452
39 455
408 459
515 461
548 467
223 472
443 472
568 477
174 491
606 494
658 495
467 499
591 502
494 502
11 506
398 507
525 508
587 514
407 530
95 538
101 540
145 540
252 541
416 543
419 544
526 551
557 551
179 552
578 553
562 563
574 572
611 572
250 574
453 576
660 582
541 584
14 587
227 590
455 594
186 596
555 598
66 605
267 607
299 611
86 614
115 616
573 616
543 620
7 623
364 626
701 628
576 629
569 632
15 634
344 640
131 641
625 642
566 645
273 645
233 652
86 652
305 659
112 661
660 672
36 672
135 674
576 677
608 682
718 685
134 687
693 688
568 690
243 695
314 696
740 699
252 702
98 706
730 709
195 712
78 715
402 723
652 724
327 725
524 729
588 732
23 736
687 740
628 743
292 748
27 748
280 748
328 749
80 753
162 753
614 754
726 760
86 764
577 778
262 782
73 784
418 784
91 787
704 794
619 799
516 801
381 803
128 806
164 811
526 815
499 819
83 823
339 825
543 835
172 844
96 846
121 848
704 849
656 850
633 851
374 853
534 855
255 865
702 866
203 866
681 870
399 871
596 873
452 876
179 880
27 883
365 888
82 892
526 896
124 896
742 900
655 905
131 910
442 912
