133
945 6
162 8
666 22
801 29
579 32
109 33
720 42
89 47
886 51
701 89
524 116
920 125
246 130
726 134
628 148
180 153
482 153
941 156
814 161
246 167
509 176
833 188
561 189
692 205
60 210
31 224
895 238
534 242
151 255
628 261
831 264
445 272
891 274
330 279
49 287
264 292
877 307
411 310
954 311
502 316
65 320
878 321
989 332
460 332
312 351
697 365
200 373
525 380
876 386
7 389
442 391
967 402
914 409
786 411
205 413
962 421
606 423
138 424
410 431
80 437
52 443
695 454
573 466
284 487
186 491
465 491
626 507
545 520
574 527
465 534
869 555
106 557
730 558
406 567
282 568
6 586
956 588
572 614
357 621
173 629
437 633
445 635
714 647
448 650
106 653
10 654
403 655
469 659
719 662
249 668
204 673
686 677
121 691
359 691
639 704
239 713
734 719
826 739
115 744
456 751
357 754
976 759
656 770
696 775
352 781
427 782
883 787
67 791
287 794
419 844
988 853
490 853
707 855
760 857
959 858
625 873
539 873
677 893
42 898
110 900
546 901
469 902
918 903
64 911
91 913
104 918
402 921
700 936
178 943
358 963
101 987
860 995
803 998
