1000
60 0
496 0
477 0
269 4
748 4
958 5
408 5
439 6
73 6
402 7
850 7
645 7
202 7
380 9
198 10
294 11
948 11
45 11
995 12
25 12
287 13
916 13
239 14
631 17
106 18
189 18
821 18
676 18
398 19
748 21
137 21
129 22
487 22
367 23
370 25
706 28
450 29
579 30
662 30
179 30
721 31
872 31
224 32
454 32
593 34
919 38
225 38
108 40
908 43
66 44
643 47
730 48
340 50
777 51
23 51
915 53
128 55
520 55
300 56
908 56
796 57
861 58
366 59
565 60
313 60
691 60
167 61
881 61
55 64
158 65
67 65
358 65
538 68
548 68
73 70
47 72
315 72
658 72
96 73
146 74
899 74
521 75
488 76
799 77
785 77
508 78
7 79
720 79
282 79
485 80
219 80
429 81
662 84
919 86
890 86
256 87
286 87
191 89
710 89
523 91
252 92
929 93
109 93
189 94
205 95
767 96
521 98
814 98
533 98
40 99
558 100
551 101
996 101
643 101
418 103
260 105
328 106
726 107
13 107
575 109
722 109
610 109
377 111
179 113
634 118
167 119
406 119
170 122
161 123
712 124
261 125
257 126
252 126
594 127
966 128
750 130
564 131
166 131
397 132
971 134
969 135
995 136
912 141
784 143
303 148
260 150
427 150
969 150
794 150
819 151
118 152
513 155
142 156
415 157
950 157
666 158
390 158
74 159
799 161
778 161
900 162
983 163
97 163
30 164
320 164
161 165
78 167
15 167
631 168
322 168
994 169
316 170
895 171
640 176
66 176
193 178
863 181
941 181
982 181
849 183
539 185
922 186
21 186
602 186
78 186
471 187
62 188
150 188
817 189
659 190
220 190
247 191
577 192
647 193
882 194
743 196
448 197
135 197
27 197
698 200
746 202
884 203
239 206
420 207
223 210
699 211
119 211
621 212
271 214
842 214
833 214
518 216
476 218
679 218
554 218
775 219
179 219
231 220
65 221
269 223
16 223
185 223
407 223
447 226
644 228
466 228
709 229
3 230
181 232
329 233
904 233
166 233
997 233
12 235
427 236
54 239
909 239
700 242
521 243
718 244
922 247
855 249
313 249
681 250
480 253
716 254
133 255
2 256
954 257
869 259
14 260
98 261
188 261
953 262
483 262
191 263
506 263
151 263
887 265
433 265
619 267
218 267
711 267
441 268
322 268
103 269
474 272
650 272
5 274
807 275
117 276
390 277
587 277
238 281
376 281
367 283
591 283
285 283
333 284
803 284
398 286
521 286
399 286
494 288
46 288
373 290
855 293
48 293
491 294
205 295
424 296
563 297
844 297
270 301
704 301
34 301
445 302
361 303
292 303
812 303
886 304
999 305
766 306
951 307
594 307
257 308
977 310
67 310
942 310
832 311
958 313
121 314
300 316
350 317
612 317
983 319
849 321
174 321
134 322
960 323
537 323
31 324
66 324
833 326
877 328
322 328
612 328
575 329
357 329
338 329
315 330
578 330
306 331
446 331
715 331
162 332
620 334
785 335
757 336
204 339
40 340
431 341
892 341
301 341
434 342
290 342
486 343
704 345
568 348
986 350
877 351
29 351
801 352
118 353
516 353
779 356
925 356
479 356
133 357
368 357
52 357
620 357
906 357
222 357
169 358
681 359
613 359
729 361
163 366
317 368
247 369
780 371
244 372
523 372
299 372
319 373
579 381
776 382
388 383
216 386
231 386
803 386
951 386
160 387
892 387
309 387
740 390
4 391
677 394
799 396
56 400
610 401
866 402
663 403
57 403
305 404
430 407
255 408
66 409
177 411
502 411
432 414
294 414
646 415
116 416
473 417
217 417
591 420
251 420
893 420
673 421
736 421
626 422
287 422
47 423
625 424
376 424
947 425
450 425
747 426
986 426
476 427
59 427
879 428
410 429
453 429
79 429
642 430
684 430
680 431
861 431
145 433
660 435
305 435
15 435
976 438
829 439
133 439
385 440
528 441
61 441
634 442
188 442
619 443
521 443
457 444
859 446
178 446
112 447
713 448
14 448
873 449
686 450
938 451
65 452
282 455
516 456
26 457
169 458
543 460
383 460
170 461
626 462
750 463
315 463
636 464
805 465
932 466
917 467
418 469
489 470
636 473
942 474
475 475
972 476
624 476
61 478
151 479
279 481
105 481
287 482
908 482
5 483
902 486
354 487
138 487
646 488
644 489
579 489
389 490
49 490
283 490
132 490
799 490
97 492
543 493
4 495
830 495
61 495
511 495
593 496
300 498
499 499
662 500
196 501
278 501
425 501
728 502
67 502
582 502
812 502
54 503
188 503
458 504
889 506
760 506
199 506
806 509
942 511
180 512
967 514
218 515
930 517
551 519
397 519
475 520
338 521
793 521
198 523
304 524
831 524
900 524
642 526
838 526
456 526
290 528
122 528
638 528
599 529
957 529
112 531
74 532
420 533
108 535
446 536
627 538
424 538
790 540
241 541
543 541
277 542
175 542
39 543
431 543
279 544
427 544
863 547
738 547
948 548
656 548
383 549
703 550
988 551
648 551
624 553
935 554
500 554
83 555
278 558
270 558
913 558
684 560
920 560
976 561
334 561
878 562
747 562
60 563
93 564
349 564
723 564
643 565
959 565
747 568
924 569
136 569
770 569
851 571
998 571
897 573
389 575
376 575
890 576
621 576
968 576
360 577
400 577
101 577
943 581
777 583
844 584
848 585
216 589
81 589
513 589
663 592
230 592
825 593
154 594
410 596
324 596
92 598
257 599
433 600
144 604
867 606
424 607
316 608
205 611
629 611
880 611
744 613
856 613
578 613
79 615
948 616
882 618
543 620
337 620
94 621
69 622
241 623
68 625
30 627
438 627
249 628
906 629
373 635
332 636
201 637
497 637
846 639
458 643
90 643
932 644
889 644
722 645
438 646
747 646
248 647
512 648
993 651
795 653
340 658
550 660
708 660
361 661
915 661
268 662
497 662
896 663
858 663
958 664
622 664
434 666
926 667
837 668
442 669
26 670
655 673
135 674
353 674
401 675
327 676
828 678
559 678
54 678
108 679
521 679
138 680
427 680
885 681
741 683
68 684
657 684
106 685
220 686
410 686
183 687
34 688
278 688
299 688
394 690
191 691
204 691
53 693
796 694
615 695
688 696
430 697
619 703
768 704
824 706
527 708
748 709
250 710
967 710
288 712
134 714
5 716
330 716
197 717
846 717
655 719
585 719
222 719
574 720
863 724
578 725
399 728
728 731
370 731
374 733
388 734
372 735
202 736
461 736
491 737
54 737
260 738
106 738
990 739
960 739
644 739
460 740
645 743
888 745
769 745
45 746
791 747
325 748
778 749
778 749
333 750
512 751
356 751
124 752
146 752
907 754
784 755
399 757
166 757
882 758
405 758
979 760
280 760
659 762
140 762
70 763
408 763
985 764
55 768
962 771
692 771
54 772
996 772
603 773
437 775
580 776
532 779
541 780
460 782
974 782
165 783
923 784
723 785
202 788
664 788
255 789
621 790
487 790
906 791
274 792
344 793
600 795
465 796
313 797
217 797
125 797
276 798
698 798
922 798
570 803
730 804
473 806
898 807
541 808
597 812
329 814
733 815
306 815
127 817
73 819
957 819
852 819
537 819
38 821
783 824
386 824
686 825
128 827
315 829
656 831
577 831
668 832
861 833
301 834
321 834
200 834
807 835
993 835
426 836
766 840
302 840
367 840
156 841
787 841
684 842
982 843
502 847
533 847
707 847
224 848
730 848
839 850
157 850
901 850
660 850
793 854
138 854
949 857
513 858
47 858
637 859
118 859
902 860
359 860
120 860
389 861
603 862
247 864
870 864
531 865
521 865
893 866
777 867
877 867
372 867
233 867
921 869
799 870
578 870
959 871
636 872
125 873
153 873
898 874
11 875
138 875
639 877
64 877
25 877
157 879
49 880
348 883
587 883
363 883
354 883
600 883
208 884
769 885
754 886
412 888
6 888
639 889
484 891
426 892
548 892
788 893
959 893
481 896
300 897
619 897
277 899
424 899
266 900
314 900
204 901
823 902
678 903
201 903
858 904
348 905
776 907
502 908
129 909
360 910
577 911
137 912
358 914
772 914
680 920
138 921
446 922
738 923
994 924
45 926
964 927
763 928
112 930
686 930
382 931
371 932
227 933
137 933
168 933
597 934
953 936
884 938
431 940
927 940
190 942
921 944
767 944
302 944
405 944
343 946
302 947
911 952
69 952
705 953
690 953
573 953
992 954
923 955
444 955
194 956
340 956
700 956
101 957
324 959
95 961
261 961
578 961
113 963
461 963
274 963
759 965
358 966
947 966
653 970
769 970
45 971
299 971
771 971
707 972
161 974
373 975
971 978
159 980
878 981
897 982
567 982
316 982
550 983
136 983
463 984
818 985
212 985
356 986
680 986
784 987
731 987
186 988
286 989
642 990
272 991
937 991
328 995
814 995
876 997
187 998
769 998
543 998
440 998
607 998
320 999
882 999
255 999
386 1000
