357
830 6
455 8
929 9
949 12
839 14
956 15
308 16
350 18
626 20
613 22
127 28
125 33
304 34
984 40
534 44
607 46
843 50
830 52
307 54
815 56
343 58
203 58
453 61
992 62
757 69
457 71
741 72
990 72
854 73
488 74
166 75
424 77
756 81
320 83
812 88
791 88
587 98
155 109
261 110
671 114
720 115
242 120
109 122
515 125
854 127
772 127
926 130
5 138
699 138
288 152
71 159
605 165
815 167
222 169
674 171
391 173
528 175
847 178
69 179
596 179
254 181
126 185
827 190
334 190
51 194
209 196
330 197
573 201
248 201
681 202
250 202
113 204
937 204
704 208
224 210
789 219
977 219
392 223
899 229
127 234
949 236
676 237
671 239
694 240
560 242
356 245
930 247
596 257
337 259
708 265
495 267
281 270
446 274
468 275
352 280
548 283
653 284
316 285
5 285
755 286
895 289
722 289
494 289
208 297
160 299
279 300
122 302
292 304
512 305
788 306
257 309
167 311
460 327
414 328
643 330
969 330
170 330
89 332
305 334
362 334
467 338
639 341
341 344
977 345
411 347
165 353
450 357
861 360
409 362
211 362
767 364
117 365
507 369
969 370
477 371
243 372
183 373
948 376
851 377
744 380
112 384
593 385
415 385
18 390
213 390
355 394
676 396
36 398
354 401
449 404
899 408
699 410
795 412
340 412
637 415
804 416
768 416
844 427
908 428
727 436
952 436
917 438
371 441
723 446
456 447
967 451
218 452
111 452
356 454
136 454
698 467
223 476
343 476
8 484
99 485
143 487
833 490
1 493
439 496
635 496
696 501
813 515
172 515
904 517
919 517
96 522
493 523
614 526
515 526
93 528
46 531
144 532
494 534
581 535
283 538
431 545
548 552
9 554
368 564
814 564
842 568
78 572
870 576
665 577
579 578
415 584
973 594
174 600
400 603
745 609
381 611
850 613
415 614
993 620
934 622
390 623
802 623
205 623
218 624
40 625
800 626
59 633
344 634
760 635
120 635
881 639
781 648
609 658
340 660
695 667
575 670
691 670
601 670
471 674
580 682
372 685
959 686
9 688
472 692
357 695
303 698
512 700
344 701
343 706
929 712
203 714
377 718
539 721
583 727
612 730
316 731
870 735
382 736
918 737
425 737
886 743
23 744
945 744
74 745
148 747
419 760
88 761
910 765
665 765
325 766
405 766
455 766
728 773
747 775
825 776
752 777
741 777
479 777
830 778
569 778
728 781
143 782
622 784
939 785
657 793
812 795
90 797
525 800
914 801
599 802
975 804
159 805
4 807
148 807
435 815
974 817
780 821
689 824
400 828
95 829
449 830
641 835
363 838
605 839
776 842
572 852
49 856
537 857
245 858
249 858
39 860
779 862
526 863
669 864
640 864
736 865
934 866
411 868
944 872
856 874
950 876
569 876
691 879
333 880
169 883
364 884
80 888
964 893
365 896
368 900
456 906
505 906
267 908
235 910
345 911
974 911
146 914
489 917
636 925
400 927
524 928
418 929
796 938
263 941
366 941
472 942
896 943
883 945
412 951
180 962
649 965
930 973
388 975
384 975
635 977
355 977
645 978
579 983
80 988
795 988
450 997
350 999
