1000
633 0
334 0
889 1
66 2
485 2
870 2
888 4
40 5
611 8
277 11
984 12
513 12
269 12
30 12
949 14
667 15
195 15
667 16
632 17
824 19
579 20
623 22
916 23
353 24
524 26
843 26
659 27
495 27
982 27
182 28
461 30
332 31
343 32
944 32
887 32
860 33
235 34
215 35
110 36
458 38
694 38
138 39
279 42
669 44
952 46
886 46
862 47
693 47
612 47
503 48
417 49
107 49
142 50
336 53
400 53
271 54
200 54
591 54
860 54
488 60
410 60
430 61
108 64
479 65
541 66
664 67
303 67
929 69
41 69
648 70
29 70
443 70
280 72
304 74
943 74
120 76
240 79
607 81
465 82
366 83
878 83
756 83
676 83
74 84
674 86
17 86
992 86
392 87
278 88
36 89
68 89
612 90
420 90
483 92
137 95
799 97
155 99
867 100
893 102
659 102
538 104
7 105
899 105
3 105
707 105
607 106
300 106
90 107
407 107
331 108
601 110
544 110
979 111
661 111
120 111
120 113
323 113
267 114
712 118
415 121
846 123
115 124
341 125
126 126
151 126
141 127
281 133
69 133
522 133
581 134
365 135
36 136
54 137
847 139
679 140
891 141
736 142
742 142
123 144
433 144
26 144
988 145
74 146
469 146
161 150
751 150
6 150
444 150
443 151
302 151
754 152
63 153
43 153
494 154
702 155
698 155
38 155
925 156
434 158
923 159
274 162
768 162
25 163
700 163
112 168
258 169
506 169
193 170
732 170
679 171
50 172
348 176
232 178
10 179
387 179
185 180
542 182
54 183
45 186
880 187
776 188
563 188
725 189
953 189
585 189
245 189
988 190
718 191
654 192
714 193
556 196
208 197
452 197
569 197
303 198
249 199
702 203
986 203
75 204
189 205
999 206
887 207
704 207
535 208
666 209
31 209
457 211
970 213
406 213
363 214
129 216
281 216
692 217
784 220
580 221
829 222
389 222
649 223
257 224
184 227
441 228
893 228
555 232
294 234
760 234
726 236
650 238
818 238
941 238
259 240
893 240
179 240
734 242
645 242
62 243
310 247
347 248
858 248
145 249
592 249
507 250
185 250
364 250
118 253
950 253
748 255
187 257
366 257
751 257
878 257
931 257
285 258
516 259
415 259
737 259
885 260
484 263
354 264
567 264
290 265
549 265
728 266
503 267
924 267
444 268
743 268
144 268
590 269
443 270
606 271
441 271
812 272
723 274
362 275
273 278
59 280
727 283
998 283
704 284
457 285
905 286
617 287
381 288
406 292
34 293
87 294
917 295
896 295
27 297
630 298
38 298
164 302
89 302
303 303
510 305
861 305
586 308
296 308
508 309
780 309
745 310
602 310
847 312
364 312
474 312
425 313
668 313
945 314
98 314
195 314
341 314
161 315
782 316
900 317
643 318
883 320
377 321
870 321
693 324
883 324
32 325
670 325
591 327
397 328
417 328
436 328
287 328
376 329
31 329
353 330
626 330
521 330
711 332
546 333
102 333
684 334
528 335
285 335
15 335
220 337
924 338
187 339
259 340
69 340
6 340
385 341
417 341
320 341
719 343
222 344
146 344
292 345
466 345
241 345
281 347
979 347
428 348
757 348
930 348
497 348
54 351
855 351
628 353
775 354
630 354
269 354
499 355
648 355
4 357
30 359
110 362
397 362
736 364
443 365
758 366
95 367
282 368
912 369
481 370
4 370
299 370
141 372
207 373
836 374
923 374
27 377
428 377
648 380
348 381
195 381
264 383
133 383
13 384
180 384
849 384
452 387
924 389
566 389
253 391
129 391
767 393
201 394
74 394
192 394
5 395
602 396
802 397
104 398
2 398
739 398
135 400
498 401
611 404
867 405
352 406
157 406
155 407
202 407
708 407
861 408
580 408
108 410
73 411
991 412
224 412
157 412
735 414
872 415
786 416
753 418
920 423
159 423
578 423
576 426
708 429
81 430
563 430
137 431
554 431
533 431
574 431
461 432
196 433
715 436
721 436
20 437
548 440
74 440
745 441
478 443
500 444
6 445
421 446
622 446
566 447
535 448
15 450
394 451
188 452
976 453
623 455
192 456
962 458
503 459
470 461
757 463
84 465
606 465
687 466
876 466
714 467
365 469
973 470
326 471
157 472
503 473
187 473
226 474
950 476
445 477
236 479
350 480
685 481
541 481
470 481
710 482
457 483
705 483
367 486
803 487
674 488
811 489
881 490
971 491
627 491
764 492
556 492
904 492
343 494
161 494
406 494
623 495
330 497
998 500
256 502
700 508
81 508
102 509
81 510
274 511
657 512
177 512
861 514
515 515
789 517
999 517
351 517
547 519
930 520
667 520
224 520
796 520
81 522
108 524
290 525
70 529
841 533
303 534
647 535
451 537
539 537
785 537
407 539
859 541
548 541
852 542
65 543
880 543
411 544
221 545
155 545
998 545
441 546
301 547
555 548
161 548
413 550
348 551
727 553
285 553
228 553
15 554
47 554
93 554
25 559
550 560
808 561
688 561
434 563
29 565
381 565
343 565
644 570
331 572
623 572
36 576
43 576
328 576
679 578
761 578
18 580
534 581
633 581
170 586
100 586
36 587
478 590
388 590
227 590
97 591
232 592
632 593
320 595
569 597
139 600
256 601
504 603
304 603
180 604
454 607
273 608
217 610
850 612
112 612
901 612
206 612
753 613
934 616
860 616
498 617
535 620
529 621
169 621
697 622
408 622
536 622
21 622
343 623
123 624
628 625
963 625
953 625
527 627
685 628
804 628
828 629
834 629
804 630
661 630
764 631
330 632
461 632
774 633
968 633
566 634
307 637
1000 638
599 638
827 638
161 638
750 639
487 639
527 639
388 639
62 641
530 642
585 643
607 644
777 645
530 645
700 645
909 647
908 649
386 652
586 653
749 653
921 654
586 654
14 655
855 655
533 656
263 657
207 659
781 661
327 661
819 662
839 662
31 663
736 664
88 664
312 664
896 666
362 667
134 668
480 669
375 671
228 671
24 672
894 672
275 672
954 676
598 676
521 678
649 680
524 683
22 685
150 687
575 688
78 688
470 691
921 692
808 693
194 693
488 693
218 695
728 697
161 699
915 699
773 701
843 702
102 702
734 703
338 705
239 705
377 706
136 706
369 707
933 707
899 709
28 709
683 710
537 710
488 712
594 713
117 715
519 715
997 715
558 715
278 716
569 717
255 717
787 719
266 721
730 723
340 724
143 727
8 727
834 728
380 729
48 729
165 729
872 731
637 731
35 732
294 735
200 735
212 735
353 736
503 736
132 736
818 737
794 741
89 742
244 742
252 744
582 745
31 747
956 748
659 748
246 748
5 748
546 748
401 750
923 750
305 750
827 751
272 751
762 752
982 755
127 756
418 757
983 757
347 758
528 759
508 760
260 761
674 761
423 762
853 763
701 764
446 766
317 766
782 767
646 768
713 768
371 771
243 772
461 772
72 773
540 774
325 775
528 775
207 775
957 776
995 776
511 777
392 778
330 778
994 781
120 782
627 782
740 783
463 784
559 784
624 784
951 784
337 786
972 786
606 787
641 787
220 788
514 788
992 791
661 791
383 792
671 792
737 795
339 796
671 797
498 797
564 797
812 804
401 806
151 807
697 808
222 808
790 809
685 810
325 812
924 812
382 813
756 814
835 814
34 815
249 815
699 815
62 819
612 819
544 820
36 821
18 822
651 823
311 824
566 824
432 824
408 825
144 825
927 826
357 826
14 827
395 828
731 828
253 832
657 832
737 834
893 834
135 835
873 835
785 838
594 838
913 838
381 840
794 841
160 842
288 842
307 845
146 847
381 847
987 848
436 848
273 848
359 849
451 849
645 850
985 852
793 856
705 857
158 857
253 857
566 857
359 858
253 860
781 864
743 868
940 868
377 869
28 869
265 870
350 871
479 871
974 871
798 872
125 875
151 876
620 877
66 878
214 878
444 879
201 880
766 880
828 882
631 882
955 882
328 883
789 884
964 885
839 885
59 886
512 887
899 889
843 892
497 892
796 893
498 895
416 896
994 896
998 898
737 898
58 900
115 900
556 900
312 901
644 904
546 904
748 904
424 906
958 913
173 913
111 915
323 915
703 916
181 918
639 919
795 919
113 920
319 923
282 923
352 924
698 924
702 925
658 925
616 925
472 927
835 930
195 931
432 937
656 937
718 939
11 940
703 940
72 941
604 942
784 944
605 944
737 945
391 945
830 948
565 948
599 949
412 951
245 952
36 952
121 953
766 956
682 956
229 959
40 960
395 961
957 961
455 962
585 962
669 962
720 962
86 962
37 964
55 965
636 966
163 966
527 967
337 967
772 967
77 968
852 969
588 970
732 970
993 971
655 971
725 972
235 972
208 973
596 974
177 974
621 974
280 975
319 978
19 979
940 979
207 980
705 980
502 981
864 983
961 986
941 986
395 987
13 988
306 988
140 989
990 989
596 990
82 991
158 993
8 994
301 994
290 996
741 996
536 996
321 997
990 998
1 999
218 1000
