1000
281 0
317 0
7 0
420 0
520 3
372 5
723 5
477 5
947 5
450 6
761 7
339 7
719 8
964 8
47 9
5 11
652 12
36 15
85 16
826 18
861 18
452 18
803 18
594 19
251 19
896 19
201 20
210 22
973 22
952 23
614 23
251 23
527 24
748 24
552 27
101 28
295 30
686 30
257 30
141 31
357 31
610 31
907 32
952 32
101 35
870 36
88 37
106 37
527 37
234 40
257 42
695 45
739 47
519 47
604 48
694 50
454 50
57 51
693 51
529 52
361 53
511 53
397 54
925 57
207 59
65 59
790 59
214 60
385 63
262 63
496 63
690 64
942 66
697 69
862 71
317 73
402 73
146 74
737 75
873 76
86 76
341 76
439 76
650 76
485 78
438 82
727 82
384 83
758 83
102 84
955 84
686 87
293 89
165 90
298 91
209 92
953 92
43 92
27 93
465 93
749 94
300 95
704 97
417 99
215 99
610 100
804 101
271 102
900 103
545 105
781 105
644 105
782 106
520 107
382 107
564 108
792 109
509 109
894 110
58 113
918 115
391 115
972 115
346 116
151 117
201 120
852 123
476 123
19 123
546 124
900 124
620 125
114 125
352 125
945 128
931 128
876 128
733 128
791 129
581 130
597 130
644 132
49 132
423 133
675 133
353 134
990 135
964 135
463 136
21 136
403 137
298 138
797 138
325 139
1 139
693 140
454 140
281 140
640 141
431 142
616 142
925 144
106 145
912 145
597 146
803 146
614 146
512 149
107 149
137 153
588 155
632 155
647 156
648 157
151 158
632 158
3 158
357 160
744 160
667 161
987 162
294 163
426 164
931 164
736 168
715 168
473 170
798 172
738 172
515 173
930 174
540 174
804 176
964 176
550 177
990 178
579 178
255 180
751 181
762 181
681 183
785 184
545 187
857 187
892 189
58 189
63 190
260 193
333 193
635 194
584 194
116 194
981 197
963 198
636 199
770 199
362 200
835 200
877 202
554 205
100 207
876 209
616 211
642 211
516 212
151 213
702 213
123 214
118 216
734 217
762 218
99 218
911 219
610 221
862 221
183 223
660 224
965 226
854 228
729 228
822 228
955 229
821 229
263 234
520 234
857 235
694 236
687 236
812 236
471 240
283 241
545 242
149 242
992 247
435 248
884 249
159 251
247 253
117 255
496 255
701 255
440 255
374 259
760 259
614 263
408 263
247 264
504 266
683 266
78 266
938 268
691 268
200 270
109 270
769 271
110 276
677 277
979 277
335 278
508 278
609 279
369 283
520 283
424 284
709 285
503 285
931 289
715 291
218 292
781 292
261 293
756 294
853 296
346 297
903 297
212 298
836 299
737 299
682 301
641 304
325 304
790 305
644 305
195 305
840 305
745 306
57 307
328 308
816 309
29 310
29 311
985 312
753 312
193 313
735 313
383 315
819 315
775 315
415 315
29 315
703 316
996 317
3 317
135 318
738 319
392 319
391 319
107 319
824 320
647 320
277 321
639 322
561 329
732 329
109 332
835 333
892 334
585 336
667 337
506 338
602 338
414 339
256 340
103 343
180 344
186 345
30 345
253 346
403 346
607 347
302 348
662 348
928 348
351 350
813 350
603 350
507 352
803 352
367 353
564 353
45 354
898 354
569 355
340 356
892 360
264 360
544 360
282 361
792 362
617 362
461 363
733 363
274 363
393 365
571 366
512 369
778 371
453 371
777 372
505 373
166 374
185 375
329 375
353 378
225 382
976 382
710 383
955 383
536 386
126 388
291 388
606 391
871 391
921 392
131 392
182 393
896 394
125 396
879 397
97 400
871 400
39 400
289 401
547 401
669 402
894 403
769 403
425 404
767 406
569 407
486 408
842 409
46 410
722 410
143 410
575 415
521 415
346 416
72 416
804 416
86 417
325 417
517 418
878 420
422 421
544 421
118 423
370 424
377 425
839 426
164 427
248 428
945 430
850 431
757 432
697 432
920 433
319 435
972 437
106 440
112 440
497 442
211 443
6 447
190 447
946 447
599 449
298 449
914 450
232 452
310 454
313 454
617 455
467 456
41 457
809 458
896 461
243 461
416 462
429 462
747 463
410 463
481 464
611 464
662 468
565 468
85 470
667 471
433 472
668 472
935 474
405 474
172 475
517 477
822 478
202 479
722 480
139 481
874 481
547 481
432 483
573 487
966 487
304 489
813 490
965 491
317 492
377 493
807 494
309 496
840 496
421 497
293 497
836 497
707 499
586 501
578 501
379 502
456 504
467 504
18 504
620 506
386 507
295 507
647 508
174 508
344 508
878 509
476 511
987 511
6 512
812 513
351 514
813 514
226 514
816 515
359 516
431 517
860 519
200 519
574 520
959 522
746 523
567 525
227 526
328 527
25 527
1 528
902 528
46 528
696 530
98 530
29 531
17 532
612 532
885 533
258 534
461 534
78 535
606 537
379 539
696 541
133 541
809 541
721 542
717 543
377 543
434 543
22 545
844 545
490 548
363 550
218 550
713 551
534 551
442 552
850 553
997 554
4 557
548 557
631 557
856 558
61 560
340 560
468 561
794 562
104 563
13 563
351 564
387 565
430 566
805 566
623 567
939 568
221 570
628 572
711 573
363 574
85 575
388 575
649 575
690 576
907 576
748 576
631 577
302 577
13 577
892 578
256 580
315 580
499 580
132 583
297 584
655 585
804 587
381 588
505 589
288 589
808 591
201 593
246 594
739 594
599 597
509 598
792 598
23 598
687 598
966 601
215 603
912 606
635 608
143 609
102 610
586 612
183 612
50 612
359 613
920 614
498 615
563 617
981 617
199 618
598 620
457 620
851 620
85 620
717 623
798 626
640 627
351 627
935 628
838 628
818 632
200 632
513 633
193 634
484 634
437 636
58 637
312 640
719 643
992 644
338 644
955 644
145 645
399 645
607 645
554 646
798 646
854 646
392 651
414 652
505 653
356 654
770 654
725 655
991 657
339 657
472 658
683 658
5 662
505 663
660 664
853 664
381 665
288 665
144 666
217 666
291 667
188 669
100 669
685 669
271 670
93 671
428 672
799 675
567 676
225 676
972 678
240 679
264 679
458 681
504 681
36 681
488 682
175 684
883 685
760 686
234 688
216 688
896 689
658 689
930 691
285 692
853 692
253 693
154 693
289 697
389 697
677 699
146 700
181 703
306 705
330 706
459 706
232 707
552 708
825 709
167 710
12 713
843 713
588 714
810 715
149 718
381 718
270 719
62 720
308 720
500 722
805 722
702 723
982 724
605 725
427 725
681 725
571 726
750 728
772 728
296 731
913 733
142 739
371 739
705 742
336 743
968 743
229 744
5 745
669 745
357 745
145 746
601 751
602 754
407 754
676 755
938 755
170 757
614 757
824 759
700 760
909 761
721 761
645 762
371 762
591 763
789 763
396 764
706 766
694 767
214 770
175 771
283 771
333 772
533 772
953 773
547 773
20 775
301 776
596 776
620 778
158 778
369 778
114 778
826 779
805 779
593 780
108 781
355 782
102 782
999 783
537 783
35 784
653 785
15 786
676 788
955 789
688 790
994 790
862 791
647 791
907 791
276 792
397 792
965 792
965 795
566 795
110 797
632 798
786 799
827 800
547 800
701 801
878 802
976 803
599 803
723 804
57 807
813 807
936 809
988 810
582 810
194 811
57 812
514 812
153 812
736 813
465 814
120 814
857 814
70 815
193 815
769 816
237 818
923 819
986 821
283 823
280 824
329 825
949 827
671 828
131 828
893 830
73 830
920 832
953 833
587 834
585 836
754 836
743 837
834 837
833 839
400 843
438 846
264 846
966 847
412 847
253 847
603 849
858 849
523 850
130 850
540 851
943 852
872 853
889 854
979 855
735 855
568 856
622 859
551 860
796 860
578 860
721 862
668 862
321 862
710 863
899 867
527 867
138 868
703 868
711 869
540 871
521 872
634 872
643 873
534 873
690 873
67 873
356 874
193 875
342 875
826 875
469 875
507 875
991 876
329 877
288 877
790 877
332 879
518 880
610 881
989 882
778 882
453 882
573 882
72 883
501 884
276 886
774 887
417 889
646 889
350 891
858 891
324 891
802 891
480 893
514 894
877 895
306 896
642 898
207 898
121 899
903 900
486 901
794 901
838 903
596 905
549 908
47 910
930 910
489 911
690 912
15 912
779 914
152 914
56 915
612 916
678 916
729 917
53 918
76 919
175 923
295 923
511 924
969 926
519 926
579 926
278 928
820 928
748 928
907 929
884 929
911 929
712 929
559 931
805 932
64 933
781 934
294 936
913 937
314 939
174 940
17 941
273 941
112 942
720 943
876 943
395 946
68 947
76 948
167 949
103 951
613 951
454 953
996 954
322 954
741 954
469 955
244 956
286 956
945 957
5 958
809 962
730 962
421 966
716 966
260 966
341 966
992 967
690 969
799 969
217 970
351 972
568 972
129 972
140 973
584 974
970 975
632 975
683 976
483 977
221 983
608 983
552 987
86 988
7 988
341 993
924 994
319 994
224 997
88 997
