904
60 0
12 1
937 1
734 2
838 3
677 4
884 4
982 5
320 7
968 7
278 8
232 10
336 12
944 12
904 13
138 13
168 13
69 14
946 16
564 17
71 18
192 19
29 21
693 22
56 24
878 25
637 27
835 27
882 28
945 29
546 30
103 30
972 30
791 30
487 31
552 33
81 33
396 33
181 34
453 34
604 35
438 35
92 37
240 37
134 38
43 40
823 41
701 42
8 43
32 43
986 44
474 45
61 46
347 48
523 48
657 49
161 51
284 51
853 52
786 53
873 53
146 54
258 54
313 54
614 56
97 57
253 58
124 58
660 58
649 59
344 60
277 61
950 61
937 62
942 62
176 64
963 64
6 64
24 64
887 66
222 68
305 68
996 69
488 70
785 70
110 72
708 73
368 74
577 75
731 75
192 76
27 78
976 79
247 80
47 81
421 81
262 81
959 82
36 82
897 82
852 82
725 83
328 83
186 83
283 83
596 84
539 85
969 88
505 89
310 90
618 90
335 93
491 95
97 97
126 99
555 99
87 100
640 101
510 102
115 102
345 103
737 104
365 104
960 105
72 105
118 106
807 106
860 106
412 107
190 107
424 109
841 109
831 111
826 111
829 112
680 114
579 114
203 118
448 118
909 119
544 119
788 120
93 122
883 122
315 122
367 123
424 123
271 125
136 126
166 126
607 127
704 128
333 128
261 130
644 131
742 132
330 132
700 134
324 134
321 136
597 138
327 138
784 138
961 139
914 140
178 140
677 141
791 141
604 142
112 143
659 143
281 144
26 144
183 149
76 149
833 152
828 156
647 158
194 159
357 160
303 161
778 162
896 162
714 162
678 163
298 165
384 167
278 167
194 168
158 168
438 170
341 170
618 171
504 171
784 171
537 172
180 173
64 173
331 176
452 177
215 178
812 178
352 179
680 181
88 181
184 182
447 182
334 182
625 183
947 184
905 184
286 185
377 185
689 188
420 189
446 191
866 192
164 192
186 192
465 195
915 196
887 196
712 197
812 197
320 197
409 198
200 198
496 199
166 200
450 201
255 202
436 202
303 202
202 203
555 203
366 204
164 208
235 208
591 209
666 209
297 209
938 210
704 210
853 211
240 211
210 211
845 213
867 215
36 215
688 215
849 216
868 217
881 218
875 219
959 220
199 220
910 220
430 222
213 223
547 223
822 224
350 224
296 225
111 226
752 226
787 227
39 228
395 229
375 229
693 229
361 230
49 231
819 233
572 233
155 234
686 235
834 236
475 236
83 237
939 238
150 239
209 241
314 242
407 246
961 250
47 250
196 251
460 251
235 253
871 253
765 253
723 257
268 258
190 258
142 259
257 259
680 260
166 263
638 264
510 264
138 266
560 266
99 266
79 267
98 268
871 269
660 270
743 270
648 270
535 274
168 275
778 275
650 275
379 275
339 275
44 276
400 278
964 278
462 280
655 281
971 284
637 285
161 286
643 287
440 288
546 288
302 289
904 290
23 291
86 294
809 295
401 296
704 296
439 296
486 297
342 298
739 299
307 299
494 304
432 305
582 305
904 307
146 308
101 308
617 308
434 308
274 309
536 313
25 316
729 316
356 318
690 319
785 319
963 320
227 321
88 324
6 325
587 326
379 326
603 327
673 329
857 329
608 329
213 330
19 332
73 333
397 335
337 335
400 335
984 337
562 338
89 338
121 338
741 339
341 340
46 341
87 341
377 342
804 344
553 344
409 344
810 344
932 345
489 345
9 346
103 348
351 349
505 351
491 351
273 352
213 354
662 354
172 355
81 355
891 356
388 356
598 358
403 358
566 360
602 360
621 360
592 360
453 361
773 362
967 363
526 364
61 365
6 366
188 367
660 367
881 369
307 372
610 373
73 375
926 375
67 376
600 376
903 378
322 378
915 382
399 383
468 383
220 385
444 388
361 388
86 389
850 390
126 391
206 391
176 391
90 392
150 394
427 394
48 394
102 395
872 395
200 396
779 396
962 397
986 398
377 398
626 400
67 401
162 401
393 401
730 402
518 402
289 403
474 404
617 404
646 404
319 407
635 408
703 411
117 411
728 413
335 414
747 415
571 416
539 416
618 417
738 418
410 421
717 422
50 423
833 423
344 424
349 426
743 426
51 426
113 428
855 430
670 434
596 435
80 435
501 436
363 437
393 437
569 438
54 439
996 439
554 440
13 442
671 443
110 443
592 447
93 448
26 448
363 449
603 450
488 450
104 450
430 451
199 452
207 452
266 454
532 454
71 455
530 455
955 456
789 456
773 456
31 456
468 457
800 457
88 459
890 461
383 461
799 463
771 463
479 464
105 464
77 465
529 468
890 469
895 469
399 471
699 472
634 472
205 472
880 473
680 473
530 476
478 477
548 478
678 479
501 480
982 482
90 486
123 487
34 489
539 489
771 490
672 490
893 493
36 493
718 500
428 500
421 501
487 503
591 503
651 503
833 504
552 504
799 507
332 508
350 508
110 508
514 508
12 510
408 511
826 512
864 512
501 512
40 516
280 517
33 521
433 521
496 521
276 522
982 524
37 524
924 525
681 526
17 527
403 527
443 528
473 529
389 530
157 531
659 531
91 532
541 532
373 534
596 535
689 535
4 535
757 537
906 537
232 537
555 539
363 540
536 540
142 540
566 542
518 542
179 543
3 544
868 545
691 548
580 549
347 549
461 550
201 551
151 552
200 552
841 552
628 552
890 552
385 555
788 555
455 556
414 559
597 559
194 562
390 563
813 563
416 564
969 565
737 568
442 569
612 570
453 571
862 572
873 572
582 575
110 576
380 580
816 581
534 581
627 582
633 583
184 583
439 585
707 585
267 586
840 586
776 586
32 587
868 587
549 588
287 588
933 591
56 591
269 593
711 593
840 594
67 595
376 596
452 598
186 599
158 601
468 603
892 604
161 607
789 607
7 607
638 608
767 614
19 616
429 616
244 616
435 617
421 618
777 618
493 619
654 620
276 621
270 622
500 622
432 623
26 624
941 625
365 626
92 626
438 628
14 629
440 631
443 632
559 633
759 633
908 633
676 635
457 636
264 636
358 637
269 638
739 638
160 638
364 638
114 639
260 640
712 643
126 643
66 643
31 644
797 645
320 646
344 647
21 647
519 648
408 651
850 651
548 651
692 654
605 655
203 655
244 656
334 656
4 656
653 659
106 661
902 662
363 662
509 662
175 664
882 665
830 667
433 669
362 669
820 669
382 671
239 672
892 673
75 676
597 678
841 679
143 679
573 679
902 680
174 680
385 680
491 681
71 685
21 686
71 686
174 687
726 687
795 688
492 690
513 690
687 691
374 692
774 692
439 695
880 696
240 697
593 698
977 700
316 703
399 706
851 706
53 706
637 708
875 708
956 708
439 709
859 710
78 710
248 711
365 711
369 712
161 712
295 713
116 718
346 720
312 721
415 721
271 722
158 722
212 722
108 722
9 723
461 723
394 726
864 727
101 728
328 730
654 731
119 733
134 734
430 736
132 737
988 740
864 740
657 740
153 740
47 741
268 744
561 744
924 747
576 747
864 749
889 749
372 749
670 750
273 751
641 752
901 753
707 753
413 754
948 756
773 756
968 757
655 758
74 760
725 761
960 762
144 762
39 764
823 764
557 765
498 765
140 766
136 767
480 768
216 769
413 770
53 772
288 773
881 774
917 774
412 776
696 777
111 778
169 778
729 779
782 781
94 782
392 785
303 788
481 789
428 789
40 789
370 790
698 790
175 791
751 791
560 791
592 793
219 793
801 793
324 794
844 795
578 795
98 795
374 795
792 795
88 796
444 797
873 799
797 801
989 801
855 802
851 803
89 803
890 803
315 805
845 806
188 809
720 810
421 811
382 812
577 813
325 814
397 815
623 820
775 822
292 822
339 822
239 822
836 823
332 824
348 824
897 824
195 825
925 828
507 829
755 830
484 831
230 832
304 835
933 835
248 840
826 842
417 843
53 843
116 844
106 844
435 847
622 847
579 849
561 849
336 851
97 853
170 854
249 854
319 856
572 857
556 858
175 860
973 860
360 862
382 863
524 863
469 863
586 866
142 866
119 868
310 868
111 868
275 868
216 868
881 870
