1000
127 0
779 1
768 2
616 4
794 4
867 5
751 6
188 6
697 11
660 12
944 13
657 16
563 16
815 17
87 18
431 20
425 22
887 23
633 24
491 24
925 25
7 26
649 26
94 27
853 29
338 31
9 31
339 32
815 33
649 35
43 35
3 36
516 37
502 40
863 40
150 43
803 43
188 43
245 44
794 44
140 45
122 47
593 49
197 50
728 50
706 51
816 52
910 53
670 53
653 54
113 55
502 55
922 56
236 56
61 57
403 58
800 59
679 59
127 59
901 61
100 63
587 64
390 64
237 65
237 66
904 66
278 67
760 70
379 70
239 72
690 73
824 75
337 77
647 77
31 77
905 78
305 78
497 79
143 80
653 81
381 85
604 86
221 91
388 91
623 92
805 92
263 92
464 93
369 93
96 93
935 95
178 99
364 100
525 100
936 101
622 102
313 102
621 102
685 102
189 103
381 104
937 105
731 105
205 106
944 107
149 109
162 109
636 110
53 111
78 112
179 112
955 112
715 113
102 114
253 115
262 116
111 116
667 118
199 118
348 119
119 120
227 120
566 125
559 126
445 126
791 127
920 127
871 127
66 128
846 128
605 128
773 129
253 129
465 129
444 131
280 131
267 132
216 132
761 134
478 134
781 135
119 136
274 137
241 137
518 138
274 139
877 140
614 141
670 141
699 142
597 143
168 143
604 144
676 145
52 145
464 146
686 147
811 147
555 152
472 153
982 153
295 154
583 154
747 156
198 160
402 161
264 161
717 163
922 168
158 170
708 170
176 171
530 172
339 174
995 174
723 175
617 177
369 177
919 177
636 178
972 178
349 180
375 181
503 181
764 182
641 183
833 184
279 184
645 184
593 184
246 185
765 186
654 189
560 189
320 190
358 193
73 197
484 197
785 197
491 198
147 199
184 200
232 202
153 202
859 203
922 203
625 204
711 206
213 207
834 207
932 208
914 208
534 212
889 213
730 214
634 218
821 218
808 219
275 220
14 222
777 222
86 222
550 223
475 223
898 224
41 224
155 225
854 225
888 226
771 226
809 227
678 231
495 232
240 232
922 232
738 233
285 234
344 236
95 236
2 236
732 237
169 238
647 239
160 240
480 240
937 240
588 241
790 241
887 241
762 244
927 246
723 248
133 249
934 250
944 250
766 252
387 252
656 253
971 254
306 254
305 255
266 255
687 255
949 255
162 256
985 256
543 257
833 259
743 260
868 261
276 264
869 265
617 266
453 267
63 267
36 270
750 270
340 273
248 274
577 276
285 279
334 281
722 282
203 282
663 282
2 283
747 283
821 283
228 284
898 284
175 284
424 285
597 287
470 288
351 289
172 291
592 291
24 293
788 293
820 294
200 296
610 298
667 298
666 299
253 299
290 300
687 301
747 302
760 302
552 302
148 302
115 303
446 307
791 307
876 308
466 310
601 310
52 310
700 311
970 312
218 313
80 313
213 314
750 316
363 318
1 321
338 322
253 323
457 325
751 325
527 326
53 328
698 330
18 331
445 331
972 332
864 333
63 335
170 335
378 335
264 336
288 337
366 339
165 339
991 339
960 341
322 342
730 344
265 347
516 350
136 350
52 350
803 351
480 351
705 351
8 352
911 353
202 355
657 356
345 356
691 358
388 358
312 359
410 364
143 364
776 366
328 366
769 366
243 367
99 367
382 367
408 368
462 368
971 369
526 371
644 371
806 372
271 373
869 373
608 375
74 378
483 381
844 381
766 381
230 383
268 383
882 384
452 384
566 385
54 386
189 386
12 389
109 393
203 396
695 397
171 397
596 399
455 400
415 401
516 402
894 404
759 406
160 407
593 408
325 408
601 411
608 413
436 413
231 416
206 416
581 417
634 418
112 418
837 420
349 421
439 421
241 422
400 423
195 424
169 425
492 425
969 426
835 427
976 428
877 428
997 430
973 432
664 432
786 433
675 433
44 433
468 433
549 434
150 434
613 436
373 437
769 437
698 438
771 439
527 440
489 440
67 441
96 443
282 444
555 444
986 444
212 446
145 446
528 448
824 448
236 450
296 451
88 452
312 454
295 456
839 456
581 459
157 460
781 460
409 460
914 462
681 466
750 467
315 467
766 468
950 470
641 470
263 473
847 474
664 475
882 476
288 478
601 479
1 482
482 483
222 484
402 485
244 488
315 490
956 491
137 491
124 494
211 495
328 495
968 496
609 496
914 497
254 498
668 498
381 499
834 500
560 501
221 502
70 502
137 504
208 504
363 506
239 506
887 507
513 508
711 510
921 511
46 514
408 520
812 520
18 522
996 522
940 523
983 524
603 526
314 530
779 530
721 534
109 535
238 536
770 537
521 538
647 539
818 540
368 540
122 542
634 542
420 543
881 543
416 543
347 547
303 550
801 550
280 551
480 551
79 551
956 552
478 553
808 553
442 553
83 553
454 554
494 554
959 555
506 555
122 556
570 556
236 557
594 557
69 558
735 558
489 560
470 560
295 564
974 564
769 565
173 569
448 570
1000 571
790 573
671 578
973 578
286 579
933 579
102 579
453 581
896 582
140 584
954 587
486 590
701 591
791 592
927 592
877 592
884 593
120 593
189 594
297 594
356 594
87 596
110 596
337 597
222 597
670 600
914 600
215 600
788 601
485 601
432 604
145 605
585 605
568 605
499 607
938 607
434 607
583 609
487 611
319 611
136 611
773 613
16 613
775 614
890 615
35 616
406 618
966 620
358 620
805 620
715 622
336 622
64 622
419 623
460 623
471 625
835 627
714 628
769 629
452 630
996 630
886 630
624 631
612 632
78 632
333 632
816 634
127 635
980 639
542 640
643 640
306 640
220 640
292 641
127 641
164 642
75 642
492 643
208 643
576 643
606 643
712 644
657 645
116 646
835 646
67 647
538 647
230 650
579 651
460 651
948 651
396 652
718 653
635 653
321 655
418 659
114 659
498 662
949 663
147 663
698 664
742 664
423 665
9 665
169 668
251 670
133 671
494 672
689 673
476 673
359 673
925 673
534 674
89 675
985 678
920 679
292 680
388 681
45 681
409 682
985 682
447 684
141 686
144 687
306 687
155 687
513 688
488 688
390 689
461 690
306 690
626 691
120 692
899 692
583 694
388 694
601 696
811 697
743 697
157 697
496 698
743 700
437 700
378 703
368 703
809 704
230 704
363 704
29 706
329 707
80 707
356 708
326 708
160 709
287 710
101 710
663 711
508 711
41 713
822 713
287 713
467 715
907 718
328 719
185 720
829 721
289 721
118 722
632 722
512 722
31 722
692 723
863 723
226 723
785 725
204 725
996 725
958 726
48 727
175 728
538 729
788 729
454 730
601 731
541 732
501 733
753 733
876 734
276 737
176 738
468 738
416 738
726 740
103 741
471 742
117 743
989 744
91 744
381 745
719 747
34 749
250 749
611 751
104 754
103 755
848 755
464 756
874 757
811 757
867 758
431 759
723 759
933 761
431 761
873 761
765 762
253 762
13 763
214 764
823 765
141 765
700 766
90 767
875 767
136 768
675 768
457 774
276 774
596 776
321 776
593 777
122 778
131 778
43 779
368 779
713 780
950 781
667 785
500 785
16 785
569 786
154 786
973 788
860 789
91 789
771 789
227 791
122 793
712 795
632 797
386 798
743 798
752 800
322 801
984 802
936 803
427 804
929 804
525 804
408 805
763 806
833 807
477 807
573 809
458 810
634 812
422 813
829 814
716 814
111 815
175 815
735 815
829 817
235 818
92 818
935 819
922 819
36 821
591 822
923 823
831 825
462 827
719 827
414 829
861 829
168 830
376 830
935 831
669 831
672 832
649 833
180 833
129 833
240 833
833 834
90 835
555 838
730 840
126 841
195 841
584 842
126 842
29 846
384 847
688 847
104 849
284 851
696 855
447 856
312 858
104 859
156 859
130 863
567 865
228 866
607 866
505 867
456 868
522 869
97 870
856 870
813 872
490 873
592 874
455 876
724 876
156 876
372 878
204 879
173 879
679 883
613 883
693 884
768 886
527 888
467 888
646 888
962 888
389 888
755 889
492 890
945 890
853 893
197 894
794 898
418 898
729 900
869 901
393 903
783 904
664 904
235 909
507 909
897 909
952 911
917 913
418 915
149 918
243 921
478 922
3 923
663 924
761 924
241 925
585 927
21 928
392 931
315 932
590 932
555 933
714 933
843 935
22 935
440 935
642 937
376 938
453 938
130 938
482 940
728 940
697 941
41 941
858 943
67 945
189 946
405 946
240 948
570 948
338 949
891 949
133 949
65 952
916 953
110 953
508 953
34 953
454 955
366 956
375 957
853 957
964 957
428 961
808 962
679 963
805 964
732 965
850 965
663 967
414 968
398 969
535 969
534 971
501 972
971 972
707 972
980 977
723 977
234 977
249 977
493 978
693 980
424 981
454 982
835 982
106 982
392 982
135 982
948 983
501 984
324 984
453 985
964 985
822 985
860 987
761 987
172 989
310 990
227 990
429 992
462 992
791 992
470 994
646 994
159 996
95 997
820 997
918 999
