722
131 0
348 0
156 1
55 1
169 2
22 3
94 3
35 3
332 3
263 4
89 4
309 6
131 6
182 8
336 8
40 8
292 9
143 9
129 11
32 11
4 11
275 11
23 12
75 12
124 13
32 13
59 13
87 13
75 13
176 13
310 14
333 14
152 14
102 14
79 15
40 15
64 15
244 15
320 15
101 15
36 15
96 15
127 16
63 17
99 17
86 18
255 18
212 18
333 18
101 19
230 20
73 20
15 22
66 23
122 23
299 23
153 24
105 24
317 25
32 26
313 26
174 27
228 27
105 28
57 28
165 28
353 30
181 32
344 32
177 32
288 34
211 35
3 35
367 35
309 36
63 36
27 36
150 36
244 37
131 37
22 38
15 39
369 39
122 39
291 39
267 39
87 39
347 39
267 39
318 39
303 39
156 40
18 40
212 41
344 42
18 42
222 43
205 43
291 44
202 44
146 44
91 45
170 46
195 48
201 48
194 49
188 50
255 50
189 50
208 51
369 51
209 51
205 52
26 52
134 52
23 52
167 52
20 52
199 53
206 53
97 53
51 54
368 54
35 55
222 56
7 56
282 57
131 57
155 58
313 58
210 59
25 60
26 60
82 60
46 60
89 61
24 61
37 61
283 62
150 63
181 64
282 64
231 64
108 64
119 64
300 64
369 64
259 65
98 65
260 66
157 66
235 66
98 67
266 67
131 68
105 69
281 69
76 70
72 70
90 70
32 70
155 70
155 70
237 70
340 71
99 71
247 71
384 72
139 72
340 72
152 73
384 74
273 74
36 75
160 75
270 75
223 76
8 76
278 76
267 77
7 77
45 77
39 78
166 79
270 79
117 80
234 80
326 80
187 80
6 80
66 81
22 81
327 81
166 82
283 82
365 83
362 83
180 83
233 84
94 84
165 84
324 85
217 85
78 86
37 86
214 86
285 86
164 86
369 86
167 87
312 87
168 87
38 87
51 87
207 88
283 88
169 88
105 89
149 90
154 90
345 90
1 92
335 92
368 92
110 93
242 93
314 94
312 94
286 95
189 95
128 98
344 98
85 99
185 99
2 100
256 100
255 102
316 103
136 104
294 104
276 104
349 105
324 105
251 106
154 106
276 106
345 107
78 107
252 107
166 107
137 108
374 108
210 108
196 109
337 109
142 109
339 110
107 110
191 111
159 112
147 112
344 112
148 114
103 115
365 116
15 116
176 116
348 116
214 117
148 118
55 118
70 118
126 118
148 118
322 118
306 118
198 120
239 120
376 120
78 120
146 121
97 121
101 122
279 123
116 123
7 124
155 124
26 125
298 125
100 126
262 126
294 126
185 127
2 127
325 127
65 127
23 127
1 129
108 129
138 129
239 129
134 129
236 129
293 130
308 130
247 130
385 131
85 131
168 131
325 132
313 132
288 132
312 132
23 133
94 133
69 133
299 133
346 133
137 134
184 134
228 134
302 135
141 135
240 135
35 136
294 136
73 136
67 137
352 137
117 137
178 138
232 138
372 138
347 138
207 139
379 139
247 139
105 142
84 142
183 143
11 143
39 143
177 143
286 144
321 145
55 145
357 147
110 147
312 148
111 148
258 148
20 148
384 149
195 149
90 150
50 150
90 151
209 151
204 151
323 152
84 152
305 153
13 153
20 153
265 153
85 153
263 154
86 154
312 154
267 154
155 155
29 155
250 155
154 155
55 155
234 156
259 157
302 157
59 158
246 159
166 159
336 161
224 161
385 162
374 162
159 162
10 162
198 162
378 163
239 163
41 163
15 164
343 164
346 165
159 165
157 165
292 166
243 167
4 168
303 168
174 168
204 169
363 169
352 169
116 170
35 170
71 170
194 170
286 170
373 171
329 171
322 171
373 171
32 172
155 172
167 173
48 173
134 173
34 173
284 174
71 175
173 175
298 175
165 176
93 176
302 176
12 178
377 178
32 178
240 178
16 178
381 179
44 179
164 179
226 180
218 180
96 180
250 182
112 182
84 182
176 183
197 184
329 184
330 185
71 186
77 186
3 186
50 187
187 187
250 187
21 188
129 188
263 189
73 189
119 189
161 189
105 189
76 190
362 190
106 191
35 192
6 192
200 192
379 192
329 192
100 192
179 193
296 193
137 194
41 194
263 194
77 194
381 194
350 194
100 194
96 195
263 195
284 195
36 195
231 195
106 196
95 196
149 198
184 200
141 200
341 201
68 201
113 202
37 202
371 202
300 202
95 202
236 204
166 204
12 205
160 206
146 207
268 208
134 208
320 208
118 209
54 209
59 210
189 210
272 210
13 210
339 211
339 212
233 212
210 212
334 212
248 213
240 214
229 214
221 214
235 215
44 215
63 215
195 216
210 216
57 216
245 217
307 217
47 217
377 217
76 217
316 218
370 218
130 219
345 221
175 221
315 221
111 221
123 222
222 222
376 223
296 223
308 223
174 223
193 223
368 223
203 224
249 226
94 227
184 227
22 227
38 228
233 229
320 229
162 229
150 229
141 229
70 229
157 229
340 230
72 230
231 230
203 230
234 230
37 231
242 232
6 233
192 233
169 234
110 235
352 235
135 236
220 236
154 237
338 237
62 238
175 238
355 239
162 239
156 239
350 240
152 240
208 240
66 241
231 242
207 242
227 242
197 243
102 243
113 243
18 243
173 243
90 243
136 244
34 244
187 245
354 246
357 246
297 246
235 246
203 246
223 247
366 247
23 248
185 248
7 249
75 250
13 251
36 251
65 252
3 252
370 252
213 252
186 252
184 253
19 253
182 253
169 253
111 254
331 254
232 254
184 255
249 255
198 256
365 256
229 256
101 257
83 257
152 258
305 258
57 258
383 258
35 259
222 259
283 259
56 260
192 260
285 261
225 261
351 262
20 262
322 262
102 262
169 263
362 264
46 265
209 265
99 265
289 266
22 268
40 268
87 268
116 269
91 270
140 270
378 270
153 271
46 271
259 272
336 272
372 272
14 272
10 273
99 274
349 274
348 275
228 276
160 276
324 276
344 276
43 277
192 277
296 277
165 277
321 277
15 277
300 278
373 278
272 278
357 279
116 280
276 280
23 280
300 281
172 282
151 282
384 283
23 283
222 284
81 284
64 284
169 284
325 284
211 284
255 285
39 285
11 285
309 285
33 285
6 286
382 286
222 287
252 287
265 288
312 288
368 288
293 288
272 289
163 289
134 289
349 289
298 290
220 290
352 290
235 290
17 291
116 291
332 291
208 292
383 292
320 292
21 293
356 293
350 293
254 294
234 294
149 294
