854
176 0
400 0
583 2
162 2
156 3
12 4
400 6
356 6
640 8
350 8
558 9
502 10
488 12
83 12
496 12
291 13
713 14
282 15
642 17
2 19
332 19
314 20
295 21
480 22
372 22
689 22
436 24
600 24
323 24
17 25
272 26
102 28
91 28
622 28
426 29
237 30
632 30
508 31
149 32
150 33
493 33
711 34
366 35
394 37
420 42
641 42
213 43
529 45
670 46
497 47
688 47
478 47
21 47
165 48
594 52
341 55
166 55
526 57
300 57
517 58
572 58
236 59
458 60
718 60
358 60
221 61
592 62
602 63
72 63
645 64
321 65
705 66
483 67
300 67
263 67
617 68
609 68
550 70
301 71
267 73
300 74
149 75
152 75
463 75
424 75
489 76
434 76
140 77
231 77
678 79
583 79
638 82
133 84
403 86
578 86
344 87
346 88
96 88
174 89
86 91
595 92
171 93
550 93
548 94
321 95
239 95
29 95
442 95
359 96
632 96
701 96
250 97
63 99
716 100
587 101
680 101
233 102
646 103
400 105
544 106
313 109
140 110
289 110
329 111
132 112
715 112
401 112
187 113
295 114
621 115
615 118
468 119
90 121
66 124
246 124
72 124
656 125
128 127
164 129
383 130
504 130
243 130
141 130
563 131
34 132
286 133
542 133
97 135
617 136
61 136
439 136
383 137
279 137
591 139
111 139
545 144
613 145
303 145
574 146
231 146
510 146
580 148
329 149
302 151
611 154
382 154
589 156
430 159
583 159
453 160
326 161
42 162
65 162
214 166
690 166
223 167
141 168
393 168
414 170
342 171
297 172
377 173
266 173
210 173
104 175
496 177
463 178
290 178
20 181
576 183
617 183
191 183
384 183
415 184
98 184
8 185
517 187
224 188
180 188
624 191
39 192
336 194
694 194
669 194
347 195
664 196
191 196
705 197
88 198
256 198
68 198
297 201
66 203
678 204
381 204
432 206
494 208
186 209
344 209
640 214
282 214
713 216
656 217
27 218
557 219
584 219
435 220
85 220
233 220
9 221
186 221
222 222
67 222
213 223
533 225
327 226
237 227
111 228
429 231
249 232
681 233
220 233
163 233
164 234
231 235
483 235
376 235
303 236
610 237
516 237
672 237
288 237
605 237
614 238
251 238
559 238
400 239
674 240
646 240
498 240
700 243
532 243
378 244
417 246
715 248
629 249
624 250
320 252
164 252
609 253
176 254
48 256
195 257
268 257
256 257
396 257
590 259
545 259
97 259
42 259
630 260
309 260
657 261
164 261
235 262
178 262
470 263
263 263
543 265
253 265
502 268
626 269
361 269
463 269
388 269
347 270
495 270
689 270
637 271
708 271
201 271
560 271
160 273
667 273
95 273
336 275
592 277
56 279
286 279
151 281
110 282
499 282
530 285
632 285
384 285
487 286
212 286
287 288
65 291
429 293
369 293
472 293
194 294
63 294
702 295
475 295
349 296
182 296
270 296
656 299
30 299
460 302
713 302
679 302
61 304
402 305
717 306
155 310
573 311
112 313
83 313
180 314
262 316
267 316
295 317
358 318
424 319
432 320
445 320
265 320
457 321
54 322
231 322
570 322
162 323
35 323
306 323
208 324
527 326
145 326
337 327
169 328
93 329
58 330
338 330
534 330
454 331
100 331
233 333
300 334
557 335
338 335
551 335
229 336
309 338
334 340
710 340
665 341
119 342
649 343
427 343
305 343
473 343
514 344
285 344
512 345
347 346
406 347
89 347
427 347
438 349
436 349
399 350
649 351
405 352
47 353
546 354
522 354
630 354
539 356
490 357
534 360
140 362
210 364
174 365
128 369
195 370
668 370
92 371
406 371
169 371
460 371
565 372
565 372
141 373
13 373
510 373
415 375
502 375
326 375
112 376
648 376
431 377
508 377
505 378
431 378
289 380
506 380
376 382
520 382
519 384
490 385
65 386
336 388
611 389
342 389
125 389
264 389
542 390
273 390
395 390
357 391
345 391
448 392
656 393
62 393
339 393
62 393
57 395
637 395
479 396
21 397
210 397
78 398
677 400
62 401
459 401
256 403
237 403
140 404
417 405
586 406
646 406
619 407
228 407
88 409
542 409
218 411
592 412
241 412
91 413
233 414
196 415
211 416
35 417
361 421
303 423
148 423
556 424
74 425
511 427
617 428
649 431
161 432
598 433
642 433
333 435
264 443
227 443
440 444
231 445
707 447
270 450
17 450
290 451
207 451
87 452
24 453
475 455
436 457
488 457
661 458
210 458
431 459
570 459
361 462
165 465
484 466
175 468
15 468
577 469
128 470
616 470
159 470
46 471
393 471
198 471
296 473
524 474
318 474
522 478
247 481
216 482
704 482
185 483
558 483
411 484
186 484
360 485
340 485
484 486
663 487
103 487
68 487
552 488
668 489
520 490
243 492
545 492
386 492
207 493
287 495
627 495
641 497
129 497
392 498
617 500
139 500
58 504
510 506
56 506
457 507
363 507
559 508
182 509
180 509
136 510
656 510
687 511
468 512
443 514
408 516
539 517
672 518
197 519
37 519
423 520
435 521
121 522
394 524
500 525
266 527
634 530
607 531
515 532
406 533
552 534
681 536
64 536
349 537
574 538
195 538
436 539
164 539
55 539
136 540
588 541
386 545
111 546
75 547
41 547
658 547
329 549
432 551
129 552
259 553
88 553
660 556
360 558
81 559
152 560
572 561
270 562
518 564
78 564
419 566
42 569
667 570
90 573
120 573
537 574
5 575
417 575
321 576
361 577
177 578
394 578
702 578
283 579
465 579
654 580
293 581
658 582
383 584
408 585
247 587
650 587
220 587
351 587
688 587
716 590
393 592
387 595
454 595
424 596
392 596
165 597
378 598
94 600
684 600
581 601
471 602
420 604
463 604
535 605
648 605
79 606
221 609
249 609
375 610
636 612
294 612
702 612
33 613
683 616
93 617
620 617
3 617
99 620
17 621
109 622
700 623
21 625
218 626
388 628
251 629
133 629
100 630
376 630
79 630
478 631
505 631
635 634
375 637
615 639
67 639
632 639
147 639
336 640
361 640
20 640
544 640
391 641
438 642
76 642
651 643
673 643
705 644
18 647
90 648
114 648
323 648
121 648
185 650
582 650
682 651
269 651
516 653
30 655
653 656
49 658
690 658
574 659
201 659
287 660
389 661
358 663
22 664
628 665
149 668
343 669
714 669
40 671
223 671
660 672
358 672
2 674
699 677
27 678
215 680
715 680
591 681
187 681
463 682
672 682
588 682
230 683
624 684
336 684
636 684
414 684
502 685
243 687
126 687
280 687
281 688
88 688
640 689
471 690
185 690
217 691
685 693
273 694
125 695
139 695
694 696
532 702
203 703
673 704
90 704
274 704
599 705
72 706
93 708
282 710
505 710
312 711
216 711
112 713
442 714
68 714
189 715
206 720
361 720
239 720
531 721
9 723
16 723
589 726
112 726
143 726
649 726
110 727
104 727
473 727
581 728
705 728
555 728
523 728
688 730
344 731
12 732
540 733
166 734
79 735
324 735
456 736
382 736
414 737
574 737
489 740
285 740
196 741
124 741
547 742
247 742
415 744
441 744
621 747
112 749
489 749
66 752
492 754
300 755
97 755
31 755
13 756
709 759
710 760
496 762
101 764
22 766
337 766
278 767
149 768
86 768
238 769
115 771
544 773
149 774
607 774
548 775
264 775
548 776
394 777
683 777
713 777
196 778
142 778
654 780
501 780
624 783
440 784
15 785
570 786
475 788
688 794
630 795
254 795
558 798
165 798
346 800
115 800
116 800
558 800
270 801
114 802
327 802
112 804
415 804
110 804
441 804
371 805
700 808
