1000
392 0
520 0
385 0
402 1
82 1
981 2
1 2
910 3
924 3
443 5
579 9
233 10
894 10
623 11
991 12
926 14
916 15
473 15
1 15
717 16
179 16
531 19
102 19
606 20
910 23
395 23
203 24
894 25
178 25
301 26
611 26
308 26
75 27
529 28
351 30
514 31
588 32
646 33
494 34
795 35
909 35
335 35
728 36
179 38
599 39
554 41
597 44
921 44
936 45
161 46
162 47
186 47
829 48
300 50
278 50
856 51
487 52
651 53
359 53
570 54
327 54
608 55
969 55
672 59
793 60
403 60
888 61
47 62
863 65
824 65
851 65
113 65
509 66
116 70
39 70
44 71
378 72
693 73
599 75
154 78
228 80
300 82
396 82
979 83
75 85
418 87
232 87
944 88
261 88
954 88
610 89
859 89
820 91
202 91
882 93
406 94
33 94
461 95
53 96
786 99
602 99
596 100
761 102
724 103
355 104
922 105
613 106
387 106
896 106
62 108
365 109
921 109
681 110
467 110
562 111
370 111
918 113
629 114
765 114
326 115
348 116
19 118
746 118
545 118
426 120
600 122
369 122
819 122
83 122
781 122
879 123
617 124
737 125
246 125
462 127
389 127
704 127
388 128
334 129
363 130
702 133
72 133
905 133
477 134
112 135
668 136
780 136
973 139
405 140
12 142
539 143
399 143
152 144
916 146
959 147
955 149
152 149
635 150
335 152
54 154
668 154
423 154
284 155
885 156
945 156
89 157
575 157
258 159
467 159
267 161
370 162
787 162
342 162
418 163
60 163
743 165
43 165
689 166
894 166
175 166
325 167
132 167
191 167
713 167
648 168
672 170
559 171
981 171
614 172
653 175
221 176
468 176
632 178
45 180
683 183
369 187
121 188
372 190
561 191
377 192
827 192
67 193
930 194
148 194
308 194
500 195
450 195
865 195
412 199
525 201
801 201
894 202
3 203
861 203
987 206
87 208
503 209
806 209
810 211
200 212
785 217
187 217
892 218
630 223
828 224
923 225
144 226
208 226
45 229
877 230
617 230
363 231
536 231
527 231
653 231
336 235
285 237
603 240
294 244
871 245
203 246
987 246
232 247
308 247
250 248
273 248
752 249
749 250
359 250
330 250
903 251
968 252
674 255
190 256
277 256
431 257
907 258
726 258
436 259
369 260
130 260
421 261
545 263
960 265
297 265
184 266
835 266
207 267
109 267
329 267
480 268
757 268
652 269
825 272
657 273
485 274
363 276
310 276
805 276
433 278
855 279
448 279
957 281
468 282
875 284
766 284
920 285
93 286
505 288
57 289
580 290
600 292
298 292
423 293
100 298
436 300
859 301
361 302
65 302
383 302
939 303
265 303
825 304
153 304
817 308
824 308
220 308
968 310
653 311
663 312
517 313
698 316
797 316
506 317
587 317
955 318
409 318
311 319
838 319
317 320
939 320
858 320
132 320
161 321
115 321
531 321
623 323
556 324
807 324
445 324
641 325
822 328
773 330
514 331
315 332
489 332
580 332
435 333
546 333
338 334
622 339
17 342
562 344
29 347
832 347
777 349
933 349
389 350
31 350
968 351
193 352
691 352
639 352
21 353
212 353
617 354
285 354
646 357
857 358
634 359
247 361
274 362
873 367
332 368
483 368
541 371
589 376
223 376
478 376
966 376
307 377
436 377
416 379
236 380
459 380
670 381
417 381
891 381
249 382
782 382
960 383
368 384
690 384
693 385
841 385
699 388
505 389
319 389
967 389
586 390
684 390
659 392
757 393
361 394
667 396
917 397
372 397
585 397
802 397
967 397
685 398
471 399
340 399
109 400
107 400
318 402
402 403
888 404
263 404
186 404
339 404
377 405
776 406
130 407
242 407
79 407
860 407
490 412
479 413
644 416
474 418
887 419
694 419
642 419
543 420
721 420
957 420
260 420
375 421
601 422
580 424
199 424
592 425
139 426
529 426
684 427
411 428
345 428
619 428
134 429
683 430
79 430
983 430
223 430
127 430
328 431
771 431
970 432
792 433
61 433
183 434
121 434
864 436
594 436
540 438
968 439
286 440
596 440
127 441
481 442
611 444
75 447
261 452
545 453
818 454
282 454
397 455
391 455
675 457
502 458
783 462
394 462
509 463
845 467
930 469
633 469
44 469
706 471
437 472
271 473
724 473
295 473
638 475
749 475
519 477
80 478
117 481
735 481
673 483
76 483
694 485
681 486
753 487
302 487
795 487
983 488
503 488
529 488
697 489
602 490
913 492
84 497
32 498
412 499
480 499
57 499
347 499
248 500
702 502
644 503
857 504
802 504
543 505
818 505
565 506
965 507
70 508
901 509
670 510
265 514
423 517
241 518
809 523
22 523
454 524
415 524
155 524
819 524
516 524
58 525
897 527
984 527
27 529
974 529
717 532
136 532
54 533
241 534
562 536
682 537
758 538
971 538
660 538
318 540
449 540
396 540
791 541
594 543
372 544
982 544
919 544
772 545
97 546
965 547
65 547
76 549
402 552
648 552
688 553
917 554
379 555
905 556
978 559
838 561
586 562
343 563
482 565
273 565
756 565
144 567
822 569
671 570
956 574
33 575
242 576
999 577
478 578
271 578
189 579
240 580
829 580
358 580
242 581
74 581
616 583
591 584
156 586
545 587
832 588
346 588
382 589
802 591
223 592
177 593
348 593
991 593
585 598
541 599
4 601
413 604
575 605
469 607
640 608
427 608
203 610
276 610
582 611
108 613
749 615
523 616
2 616
611 618
351 618
983 619
59 622
923 622
301 623
52 625
451 628
451 629
926 631
73 634
845 635
631 635
561 636
874 638
36 638
857 638
536 643
561 644
310 645
388 645
418 646
831 647
89 648
466 649
349 650
733 650
819 651
524 651
748 652
239 652
189 653
631 654
764 654
221 654
95 657
196 657
475 657
327 658
644 658
285 658
166 661
682 662
821 663
746 663
219 666
561 666
272 666
627 668
42 670
311 671
901 672
28 672
980 672
624 672
173 673
278 674
979 674
837 675
351 675
421 678
884 678
374 678
142 680
810 681
371 683
749 685
892 686
629 686
213 686
62 686
663 688
171 691
181 691
118 693
62 693
365 694
521 694
955 694
441 695
472 695
498 696
650 698
577 700
683 701
195 702
784 706
856 706
631 707
934 708
126 708
48 709
728 710
103 713
636 714
293 715
573 716
629 716
214 717
355 718
571 718
714 719
175 721
201 723
573 726
5 727
634 727
418 727
550 727
15 729
714 732
555 734
742 734
469 734
658 736
569 738
659 738
134 738
303 739
816 740
356 740
239 742
541 742
956 742
598 742
200 742
932 742
918 742
672 743
422 743
410 743
270 743
952 749
329 750
929 750
85 751
551 752
20 752
728 753
641 754
94 754
946 756
244 756
809 756
513 757
74 759
903 759
384 760
359 761
486 761
106 762
931 764
954 764
564 764
22 766
300 766
431 768
420 768
159 770
724 772
4 772
2 772
332 775
924 778
781 780
920 780
785 780
42 781
536 782
200 783
895 783
610 785
902 786
429 787
236 788
649 790
482 794
707 794
255 795
233 797
969 797
600 799
896 799
457 799
212 799
633 801
819 801
877 808
548 814
345 814
672 814
735 815
701 815
755 816
773 816
607 817
232 818
479 818
201 820
902 821
340 821
253 823
295 825
861 827
655 827
92 828
939 831
603 831
818 832
167 832
96 833
772 833
28 835
45 838
558 839
99 839
869 839
8 839
153 840
984 841
535 841
580 843
715 844
607 844
109 847
606 850
934 852
807 854
735 854
632 855
213 856
412 857
219 858
743 858
918 858
454 860
510 861
619 861
584 862
17 864
429 866
997 867
166 867
235 868
808 869
438 869
861 870
606 871
742 871
34 871
297 872
652 873
586 873
970 873
270 874
968 874
657 875
214 876
45 876
481 876
574 876
387 877
611 879
479 882
232 882
268 883
906 885
183 886
29 886
259 886
454 886
910 888
572 889
70 890
989 890
228 893
343 894
444 894
504 894
596 895
4 896
910 896
341 896
953 897
903 898
192 899
126 903
221 904
111 904
179 905
546 907
678 907
247 909
723 909
496 910
325 910
128 912
781 913
203 914
496 916
920 916
340 917
493 919
577 920
545 921
982 921
764 922
686 922
553 923
746 923
437 924
810 924
930 924
419 925
679 925
395 926
988 927
463 930
755 931
277 931
988 935
491 936
426 936
994 939
6 942
211 943
146 943
825 945
196 945
950 946
294 946
589 947
304 947
912 948
796 948
194 948
606 949
276 951
734 952
943 953
625 956
96 956
648 957
48 958
718 958
74 958
897 961
214 963
219 964
842 964
743 965
258 966
504 967
598 968
747 968
143 969
352 971
15 971
561 972
535 972
686 972
886 974
822 975
559 977
498 977
646 978
822 979
656 979
158 979
92 981
695 982
776 982
295 985
348 986
422 987
974 988
933 989
136 989
382 989
821 990
891 990
962 991
247 992
203 992
928 993
230 996
538 997
206 997
597 998
