583
276 0
87 0
446 0
30 1
533 2
371 2
434 2
160 3
88 4
15 5
182 5
386 6
299 6
359 6
477 8
554 8
245 8
482 9
420 9
547 9
125 9
425 9
88 10
248 10
456 11
559 11
442 12
223 12
425 14
504 14
240 14
8 16
436 16
117 16
241 16
551 17
16 18
141 18
416 18
39 18
449 18
254 18
8 19
503 20
65 20
285 23
206 24
545 24
258 25
10 25
340 25
368 25
139 25
285 26
354 27
573 27
67 28
416 28
418 28
50 29
93 30
318 31
304 31
149 31
106 32
151 32
556 32
496 33
95 33
71 33
253 34
547 34
30 34
117 34
272 35
384 35
218 36
438 36
174 37
420 38
542 38
300 38
447 39
305 39
327 39
210 39
50 41
227 41
391 42
87 42
203 43
386 43
583 43
411 43
233 44
89 44
3 44
242 44
538 44
36 45
150 47
538 47
185 47
542 48
133 48
147 49
274 50
232 50
512 50
160 51
411 51
71 51
4 52
203 53
474 53
305 53
328 54
165 54
515 55
405 56
192 57
355 62
244 62
18 65
81 66
320 66
280 66
156 67
453 67
185 68
173 68
133 69
39 69
198 69
261 70
28 70
197 70
25 70
42 71
516 71
77 72
414 73
455 74
477 74
494 75
20 75
108 75
236 75
214 76
8 78
245 78
291 79
445 79
551 80
275 81
307 83
415 84
19 84
459 85
101 85
420 85
305 86
134 86
521 87
2 88
213 88
392 89
174 92
3 92
360 93
26 93
215 94
57 94
32 94
398 94
426 95
231 95
72 96
91 98
59 98
85 100
522 100
407 100
468 101
541 102
195 102
498 102
73 103
159 103
401 103
561 106
567 106
409 107
282 108
143 108
480 110
227 111
492 112
42 113
455 114
339 115
33 116
467 117
561 119
196 119
478 120
480 120
105 121
479 122
176 122
42 122
61 123
109 125
440 125
562 125
344 127
212 127
128 128
359 128
454 129
107 129
474 132
434 132
351 132
89 133
526 134
412 134
372 136
258 136
323 136
149 137
153 137
279 137
376 138
366 138
402 139
289 139
159 139
46 140
16 140
139 140
455 141
50 142
104 142
240 142
18 143
400 143
41 143
228 144
556 144
437 144
483 145
256 145
87 149
96 150
441 150
277 151
573 152
300 152
109 153
242 153
60 154
524 155
162 156
246 156
230 156
479 157
153 158
546 158
6 159
70 160
566 160
304 161
374 161
415 161
492 161
436 162
487 162
29 162
445 162
11 163
389 163
562 163
557 163
43 165
151 165
439 165
550 166
527 166
452 166
152 166
328 167
350 168
63 168
60 169
28 170
258 170
529 170
51 171
266 171
404 172
231 172
316 172
360 172
530 173
110 173
371 174
533 175
79 175
236 175
69 175
512 175
513 176
35 176
476 179
580 180
427 180
573 181
243 181
505 182
492 182
349 184
307 184
415 184
124 186
396 187
581 187
440 188
446 188
552 189
39 189
109 191
335 191
457 192
19 193
547 195
380 196
1 199
268 199
169 200
426 200
135 200
7 200
22 200
295 200
207 201
36 201
131 202
417 202
422 202
394 204
45 205
336 205
174 206
48 206
10 206
79 207
425 207
429 208
126 208
206 208
487 209
505 210
344 210
185 210
55 212
200 212
136 213
475 213
372 214
157 216
476 216
316 217
198 217
338 217
90 218
122 218
376 219
57 219
312 220
233 220
560 220
441 222
527 224
571 225
272 225
394 225
397 226
209 227
100 228
509 228
35 229
101 230
11 230
341 230
498 230
75 230
384 230
439 230
501 231
28 231
505 231
21 231
257 231
23 232
152 233
180 233
257 233
423 235
413 235
25 236
244 236
475 237
376 237
52 240
399 240
304 241
526 241
268 243
550 243
16 243
132 244
561 244
83 244
383 247
52 247
222 248
317 248
395 248
119 250
187 250
83 251
507 252
345 252
569 252
223 252
448 252
504 254
384 254
134 255
174 256
564 256
546 257
119 257
100 257
31 257
293 258
372 259
322 260
96 260
265 261
282 262
250 262
80 262
155 263
170 263
50 263
115 264
338 265
484 266
268 266
82 266
57 268
297 268
157 271
452 272
21 272
382 272
346 273
1 273
242 276
10 277
273 277
146 278
227 278
310 280
127 280
366 280
40 280
180 281
81 282
168 283
442 283
74 284
363 286
349 288
310 289
45 289
148 289
216 289
546 289
30 290
241 290
173 291
555 292
241 292
196 292
333 293
363 293
410 293
254 293
33 293
14 294
161 294
147 295
577 295
84 297
507 297
517 298
171 298
435 299
495 300
437 300
367 300
220 301
202 302
534 303
302 303
263 303
393 304
285 305
534 305
71 305
80 305
332 306
208 307
512 307
194 307
198 309
174 310
195 311
155 311
449 312
293 313
456 313
435 314
445 315
22 315
212 316
431 316
483 316
64 317
344 317
188 317
310 318
282 318
266 319
168 319
69 319
144 320
352 320
307 320
356 320
47 321
304 321
483 322
149 322
141 322
461 324
381 324
292 326
498 326
583 327
509 327
152 328
230 328
417 329
225 329
411 329
247 329
174 330
37 330
470 330
577 331
412 331
299 332
510 332
258 332
145 332
504 333
187 333
24 333
508 334
