213
645 0
121 0
959 0
191 0
227 0
895 0
241 0
774 0
146 0
261 0
792 0
780 0
209 0
270 0
883 0
631 0
243 0
610 0
868 0
768 0
454 0
221 0
938 0
572 0
290 0
464 0
500 0
761 0
218 1
749 1
62 1
639 1
806 1
289 1
519 1
257 1
384 1
383 1
987 1
768 1
386 1
411 1
567 1
749 1
815 1
331 1
856 1
530 1
886 1
17 2
482 2
340 2
848 2
233 2
824 2
439 2
58 2
59 2
60 2
845 2
619 2
723 2
491 2
944 2
267 2
296 2
796 2
658 2
519 2
621 2
893 2
606 2
372 2
35 2
539 2
805 2
92 2
935 2
275 2
916 3
210 3
735 3
907 3
671 3
413 3
342 3
646 3
108 3
756 3
779 3
36 3
299 3
739 3
972 3
643 3
960 3
408 3
214 3
287 3
497 3
847 3
167 3
529 3
17 3
517 3
638 3
736 3
779 3
519 3
93 3
948 4
191 4
116 4
830 4
796 4
204 4
210 4
672 4
152 4
645 4
930 4
854 4
177 4
764 4
13 4
466 4
741 4
964 4
693 4
444 4
861 4
881 4
319 4
743 4
891 4
826 4
181 4
456 4
751 4
778 5
199 5
888 5
465 5
731 5
326 5
797 5
552 5
675 5
381 5
835 5
400 5
910 5
56 5
756 5
489 5
849 5
621 5
373 5
189 5
477 5
725 5
964 5
827 5
360 5
920 5
757 5
419 5
790 5
919 5
41 5
582 5
705 5
393 5
315 5
901 5
251 5
650 5
313 5
207 5
420 5
564 6
96 6
143 6
32 6
371 6
857 6
81 6
557 6
145 6
880 6
847 6
802 6
590 6
199 6
682 6
288 6
79 6
653 6
299 6
558 6
503 6
565 6
655 6
632 6
838 6
180 6
158 6
126 6
560 6
458 6
450 6
497 6
521 6
