446
381 3
28 8
281 8
695 9
776 10
970 14
334 16
930 17
350 17
908 19
546 20
486 21
375 23
840 25
324 26
324 30
718 32
134 35
542 36
470 38
150 41
321 43
932 47
459 47
388 48
416 56
537 56
438 57
5 61
908 62
915 63
307 63
364 66
943 66
957 68
195 70
913 72
991 72
274 74
531 76
22 78
541 82
657 84
121 84
321 89
662 90
483 91
487 97
952 97
78 98
790 101
554 106
533 108
22 111
128 113
508 117
611 119
377 119
645 122
148 124
577 125
870 127
99 131
506 132
110 134
404 134
495 136
467 136
475 137
449 139
635 140
810 144
554 144
630 147
171 149
249 151
351 153
278 154
836 155
376 158
784 161
671 164
201 166
916 168
238 168
149 170
900 172
798 172
376 174
90 176
314 177
942 178
342 178
635 179
147 180
406 183
264 184
501 185
590 197
137 198
389 198
634 199
935 200
196 202
726 203
825 204
123 210
849 212
592 215
843 215
443 221
958 223
495 225
415 225
826 227
833 229
733 233
459 236
177 240
540 244
63 245
461 246
55 246
36 247
262 247
686 249
222 254
717 255
420 257
236 257
508 259
333 261
764 262
758 262
35 263
256 265
98 266
818 270
329 270
136 272
107 276
344 278
66 282
260 282
670 283
584 284
425 288
774 289
692 291
83 293
216 294
7 296
607 296
557 298
320 298
515 298
476 299
162 301
726 303
993 304
488 309
49 310
263 314
24 314
308 316
807 318
656 322
488 323
807 324
441 325
615 328
699 332
39 334
70 335
940 336
75 339
579 340
492 340
31 341
675 343
251 345
824 346
308 348
121 348
722 350
968 354
397 356
460 356
76 372
904 376
948 380
900 383
596 385
262 386
584 387
765 389
707 391
571 393
733 395
935 402
702 402
405 405
940 408
69 409
464 412
779 413
265 416
238 417
768 418
61 419
420 419
177 420
711 421
108 425
952 426
408 428
256 431
680 434
32 436
92 436
750 438
38 440
910 442
36 444
247 444
737 444
872 445
688 446
234 447
568 448
9 449
524 455
199 461
818 463
536 463
780 465
936 467
226 469
25 474
384 475
131 476
403 476
880 476
606 478
441 478
324 484
188 484
359 485
98 487
582 495
480 500
732 506
566 511
921 511
666 514
688 517
48 520
864 522
197 527
148 534
555 559
489 575
366 576
491 584
635 587
716 587
929 591
877 592
609 599
663 602
374 602
93 602
420 603
473 603
683 604
34 605
57 605
944 606
332 614
935 616
536 620
841 621
708 622
531 624
813 630
504 633
186 636
422 641
162 647
735 649
837 650
613 652
883 652
701 657
70 662
113 666
799 669
803 670
113 670
924 673
552 674
595 676
459 679
866 682
364 688
118 689
241 690
48 698
295 699
659 699
345 704
118 705
831 705
658 706
799 708
718 710
140 712
734 712
786 716
285 716
471 717
106 718
619 718
770 720
802 727
532 728
871 729
430 731
270 734
152 741
262 743
988 745
300 745
405 747
27 749
196 749
753 749
635 752
168 754
333 755
542 755
302 761
152 766
589 778
979 778
40 778
713 779
114 780
364 780
318 782
881 782
73 783
398 784
801 785
426 797
159 800
200 801
237 803
201 803
833 806
592 810
508 812
533 812
925 813
200 814
819 825
511 827
214 827
835 831
309 834
837 835
900 843
872 844
962 846
875 847
119 848
797 850
521 852
49 852
663 853
985 854
403 855
969 858
559 863
385 867
992 871
402 877
491 880
752 881
397 881
847 889
271 891
670 892
632 892
467 894
75 896
960 898
534 905
933 908
278 909
40 913
727 917
33 921
470 922
687 922
333 923
655 923
399 926
967 927
669 927
662 929
241 929
863 929
256 930
857 931
632 934
750 938
204 941
42 942
322 944
466 945
969 945
520 946
45 956
1 957
763 960
431 961
75 961
497 963
830 965
986 966
498 968
408 969
897 970
147 974
860 985
203 991
972 992
747 992
622 993
158 994
224 995
658 995
136 995
162 996
636 997
