716
108 3
283 3
394 3
750 4
130 5
163 7
834 8
110 11
75 12
317 12
537 13
804 13
23 13
100 14
266 15
139 16
6 17
302 17
126 21
721 21
421 21
445 22
176 22
781 26
442 26
691 27
333 28
581 31
695 31
495 31
164 32
714 32
309 33
149 35
647 37
538 37
34 37
806 41
316 41
468 41
185 41
694 42
239 42
236 42
208 44
57 45
530 48
121 48
365 50
499 50
135 51
394 51
191 52
772 52
249 53
511 55
705 55
836 57
190 60
233 61
693 61
629 62
684 64
624 65
83 65
13 65
520 69
260 70
634 70
866 72
90 73
9 74
471 77
835 78
788 78
492 79
500 79
393 79
365 80
161 80
872 80
119 81
443 82
192 82
165 83
434 85
618 86
217 87
352 90
110 90
616 90
629 92
591 93
54 94
305 94
387 95
706 95
587 95
740 96
824 97
22 97
747 98
444 100
105 102
884 102
133 102
617 104
651 104
547 104
788 105
844 105
435 108
405 109
642 110
509 112
575 112
689 114
360 115
875 116
405 116
73 116
499 117
314 118
23 118
547 119
67 119
265 119
294 119
504 126
655 127
835 127
107 128
641 129
193 129
475 131
689 133
336 135
601 135
647 138
68 138
336 139
394 141
494 142
593 144
249 145
291 145
690 145
653 145
846 147
638 147
22 148
21 148
441 150
628 150
207 153
80 154
666 154
505 156
785 156
263 158
164 158
341 159
518 160
223 160
27 161
133 161
497 162
426 162
845 164
730 165
10 165
516 167
833 168
769 169
217 171
362 174
595 175
371 177
834 177
242 178
425 178
166 178
266 179
262 179
406 181
446 182
400 183
132 183
91 184
164 184
12 184
588 185
109 188
217 188
59 189
750 190
817 190
603 195
860 195
598 196
169 196
335 198
610 199
53 200
708 200
222 201
833 201
490 202
423 202
12 203
224 203
16 204
760 205
451 207
799 207
196 207
711 207
419 208
132 210
297 211
494 218
544 218
50 218
306 219
343 219
189 221
542 223
730 223
605 224
315 226
304 228
848 228
813 229
541 229
224 229
193 230
817 231
417 232
877 232
50 233
38 234
678 236
627 236
69 236
225 237
779 238
32 240
418 241
94 241
766 241
811 242
217 243
404 243
148 244
109 246
582 247
188 247
66 247
411 247
83 250
413 250
789 252
765 252
277 252
811 253
740 254
745 255
882 256
714 256
860 257
87 257
720 257
82 258
622 258
855 259
409 260
235 261
505 262
309 263
112 263
259 263
204 264
176 265
260 265
334 266
300 267
402 268
367 268
833 269
821 270
793 271
316 272
152 272
84 273
647 273
581 275
186 276
92 278
650 278
30 279
58 280
181 280
346 281
118 281
8 281
676 282
751 282
798 283
560 284
483 286
708 286
385 290
425 290
884 291
55 291
321 292
173 292
766 295
320 297
337 297
412 297
768 300
624 301
426 301
556 303
117 304
266 304
293 305
736 306
378 306
99 307
15 307
611 309
326 310
371 311
805 313
486 313
883 314
150 314
276 316
338 316
423 318
374 319
620 319
621 319
658 320
433 320
692 320
446 322
439 323
385 325
465 325
177 326
615 327
189 328
461 330
188 331
305 331
254 333
394 333
772 334
807 334
340 336
838 337
839 337
607 339
84 341
322 341
560 348
389 348
804 348
425 348
639 349
86 350
343 351
400 353
815 354
639 357
149 358
114 359
154 361
540 362
617 362
50 362
130 366
427 367
829 369
474 369
782 370
559 370
405 371
545 371
33 371
484 371
6 372
500 375
234 375
760 377
65 377
215 377
358 379
434 380
57 382
93 386
872 386
613 387
271 387
60 388
662 390
378 392
460 393
604 393
713 395
433 396
737 397
666 397
145 398
774 398
201 402
38 403
453 403
25 405
69 405
727 406
688 407
802 409
769 410
655 410
113 410
318 411
355 411
425 412
552 414
286 417
450 417
871 417
71 419
106 419
402 420
204 422
51 426
130 426
462 426
348 427
697 428
599 428
324 428
778 429
257 429
385 430
330 430
616 432
603 432
811 433
313 434
547 435
496 435
460 435
709 435
470 436
404 439
651 439
604 440
505 440
875 442
641 442
403 444
671 446
690 447
607 447
31 448
540 448
50 449
252 449
27 451
373 451
268 455
215 460
660 460
219 460
268 460
199 461
184 461
546 463
552 471
713 471
236 472
589 473
207 473
223 475
198 476
244 477
583 477
305 477
217 478
446 478
823 478
245 479
760 479
556 481
739 481
36 483
72 484
386 484
442 485
723 486
284 487
729 488
74 488
236 489
560 490
579 490
341 491
223 491
165 492
812 492
260 494
663 495
599 495
463 496
865 497
149 497
203 500
872 500
87 501
66 501
468 503
444 503
214 504
445 505
222 506
513 507
268 509
224 510
473 510
324 510
569 514
271 514
366 514
259 515
441 516
116 516
281 519
848 520
497 521
323 522
26 522
290 522
193 524
315 526
619 526
254 526
267 527
416 528
808 528
50 529
302 529
296 531
279 531
649 533
55 537
762 541
455 542
859 542
303 546
462 547
520 549
593 551
592 552
479 552
618 553
395 553
420 554
426 556
129 557
722 559
786 559
385 560
365 561
583 561
612 561
343 565
543 565
326 565
651 565
333 565
211 566
406 567
84 567
773 567
313 568
735 573
868 573
10 574
109 574
169 576
61 576
152 577
527 577
681 578
678 578
396 579
771 579
355 582
778 582
359 583
412 583
495 585
300 585
222 585
763 585
532 586
154 587
777 588
754 589
27 591
748 592
26 593
269 593
412 594
221 594
393 596
159 597
12 598
601 598
306 599
870 600
649 601
300 602
213 604
617 605
210 605
795 606
226 607
468 607
337 609
551 616
656 616
379 619
344 619
754 621
319 623
202 623
3 623
148 624
71 625
868 626
610 627
185 628
223 628
145 631
348 631
507 632
240 633
541 634
489 638
383 640
715 642
137 643
315 646
398 646
534 646
495 648
606 648
57 648
362 650
30 651
277 651
490 651
556 651
512 652
788 653
716 656
868 656
818 657
242 657
110 660
105 661
425 662
386 663
594 663
863 663
416 664
190 664
141 665
35 666
27 667
619 669
317 670
640 672
272 673
604 673
814 674
418 675
834 676
590 679
383 680
462 680
800 680
271 680
163 681
42 682
453 684
501 684
352 685
543 685
56 686
416 687
108 689
414 689
605 689
56 690
876 692
877 692
378 693
280 694
