700
596 0
616 2
488 3
379 5
127 5
464 5
842 5
189 8
522 10
816 12
451 13
747 16
909 16
443 17
162 18
876 19
468 22
142 23
317 24
883 24
156 25
883 28
339 29
694 31
587 31
541 32
363 35
891 39
283 39
203 40
854 42
395 42
964 43
570 45
492 46
341 48
255 48
133 48
723 48
100 49
947 50
609 50
274 52
940 53
920 53
641 54
849 57
775 58
178 61
108 61
156 62
688 64
449 68
798 69
763 69
543 70
420 71
401 74
632 75
760 75
926 75
852 77
365 79
768 80
167 81
811 81
522 82
326 87
456 89
346 90
610 90
348 90
434 91
699 92
761 94
407 94
629 95
103 95
524 96
83 99
960 99
802 99
470 99
795 99
597 101
197 102
718 103
36 105
574 107
879 108
165 108
389 113
2 113
640 115
425 115
111 116
796 116
19 122
287 122
209 130
316 133
647 138
209 139
734 139
770 140
595 141
949 141
282 141
195 143
940 143
52 144
716 145
867 150
453 150
471 150
823 151
136 151
81 152
453 152
116 153
262 155
443 156
918 158
825 159
68 159
346 162
950 163
294 163
658 164
291 165
363 167
48 168
100 168
744 170
79 170
760 170
779 172
265 174
120 176
889 180
688 180
678 183
977 184
627 184
992 184
15 188
374 189
254 189
227 189
747 191
874 191
715 191
392 193
730 194
289 196
728 196
491 198
500 198
132 199
423 199
623 199
409 200
584 201
883 201
315 205
660 206
600 207
194 207
264 208
289 209
450 211
36 211
74 211
802 214
373 214
467 217
98 217
367 217
220 218
320 221
574 221
73 221
381 223
939 226
495 227
896 228
679 230
233 232
679 234
709 237
946 241
755 241
950 241
568 241
526 241
632 243
117 248
920 249
99 250
178 254
255 254
835 255
894 258
106 259
509 260
304 262
284 262
745 264
175 271
824 272
290 272
583 273
657 276
802 279
331 284
240 286
698 287
225 291
457 291
1000 292
974 294
741 297
343 297
113 298
561 299
56 300
756 300
107 302
536 304
322 306
991 314
637 314
589 316
982 317
443 320
573 321
473 322
456 322
585 323
364 324
864 326
532 327
67 327
248 327
271 339
104 342
383 344
761 345
924 345
129 348
899 351
642 351
383 352
82 352
75 353
9 354
819 355
402 358
292 359
73 359
284 360
632 360
902 362
900 362
215 363
909 363
920 365
735 365
745 366
768 366
780 367
356 367
126 367
911 367
622 371
351 374
732 376
499 380
219 382
117 385
239 386
812 387
29 389
38 391
485 391
144 392
419 393
545 395
17 397
230 397
96 398
892 399
56 400
70 405
858 406
198 407
661 408
843 410
980 411
577 413
535 414
968 417
31 418
482 422
257 423
960 423
535 425
522 428
256 432
10 435
534 436
453 437
954 439
541 440
217 441
698 445
155 446
493 448
677 448
688 450
852 450
493 452
507 452
495 452
637 453
674 456
838 457
945 459
472 461
707 465
406 465
767 466
315 466
27 467
289 469
178 469
675 470
859 470
611 470
222 471
803 471
673 472
569 472
101 475
526 475
116 476
397 477
652 478
737 478
897 480
144 481
902 484
891 484
360 486
685 487
535 490
133 491
654 494
46 494
259 495
63 495
938 496
332 498
676 499
742 502
309 505
338 506
896 506
991 508
911 510
404 513
136 513
616 515
836 515
756 516
497 518
742 521
873 522
728 524
734 525
460 526
550 527
615 528
661 529
668 533
264 536
147 536
651 537
618 537
610 539
22 539
76 540
545 540
255 541
91 543
995 545
701 546
599 547
114 547
149 547
242 548
449 549
77 550
849 551
564 551
246 551
989 552
301 553
500 556
98 557
440 558
961 559
176 559
448 560
163 561
738 562
822 565
977 568
294 568
301 570
650 571
851 573
923 576
765 582
899 584
921 585
314 585
504 589
554 589
63 590
850 591
594 591
240 591
554 594
784 595
581 596
99 597
173 597
568 599
221 599
848 601
56 604
88 604
485 608
105 609
772 609
321 611
714 612
598 612
964 616
20 617
787 617
600 618
547 620
996 622
507 622
459 623
851 624
204 624
194 624
314 625
643 628
973 628
223 629
717 630
163 635
347 635
945 636
625 638
861 638
925 643
324 643
879 644
893 646
590 647
296 647
531 648
155 649
495 651
718 654
489 656
663 657
551 660
708 663
892 665
809 666
529 667
462 670
319 671
968 671
825 673
130 679
267 679
908 680
981 680
260 681
549 682
861 686
124 686
144 691
418 692
194 692
887 693
130 695
312 695
937 697
631 699
90 700
110 701
102 703
414 705
631 706
762 706
292 707
534 709
115 713
283 713
293 714
142 715
208 718
470 719
547 722
245 723
919 727
896 731
130 732
889 733
214 735
657 736
671 736
717 739
596 740
358 741
244 742
945 743
702 746
314 747
433 753
196 753
863 755
576 755
500 758
386 761
104 761
801 761
986 762
877 764
851 764
494 764
891 767
699 768
223 768
584 770
24 772
377 773
127 777
621 779
209 779
47 781
148 784
495 785
206 787
174 789
423 789
39 789
418 791
418 792
15 793
627 795
149 798
206 800
87 800
163 805
920 805
571 806
724 807
702 814
113 815
879 821
9 823
615 824
269 825
596 829
228 829
894 833
355 835
318 839
628 847
521 849
387 851
601 852
278 854
332 856
401 856
348 859
258 860
971 860
628 863
27 864
838 866
391 867
821 867
50 868
674 870
526 870
779 874
190 874
873 876
443 877
780 878
912 878
147 880
55 881
217 881
702 883
996 883
8 886
396 887
363 888
749 889
874 890
805 894
512 895
16 896
812 897
208 897
404 898
80 899
337 900
468 902
936 902
13 903
134 908
558 908
3 910
607 912
525 917
605 917
107 920
803 923
376 925
960 926
125 927
924 927
98 927
6 928
308 930
998 932
36 932
365 932
792 933
958 935
31 938
696 938
725 938
614 938
219 939
366 941
807 942
885 942
301 943
628 946
435 946
923 950
274 950
35 952
765 952
517 953
90 955
840 961
105 964
628 964
386 965
907 965
474 965
262 966
33 967
629 967
919 968
460 968
935 969
166 972
662 972
102 973
452 977
232 979
321 980
266 981
301 981
670 982
859 983
889 986
265 990
473 991
778 994
903 994
317 996
255 997
62 998
529 1000
