618
462 1
768 2
733 3
711 3
624 4
745 4
775 5
428 5
74 6
644 6
681 9
52 9
688 10
251 10
606 10
842 10
284 11
352 11
260 11
213 13
665 13
448 15
780 15
498 17
777 18
285 19
739 19
562 20
295 20
253 22
809 22
64 22
659 22
799 24
715 24
245 25
335 25
125 25
379 25
3 26
155 27
425 27
100 28
298 29
530 30
163 32
563 34
175 36
52 37
162 37
369 37
440 37
385 38
650 38
167 39
374 39
120 41
727 42
762 42
840 43
462 43
136 44
260 45
828 45
678 48
175 48
572 50
588 50
525 50
636 51
52 51
547 52
188 54
448 55
686 55
343 57
692 58
591 60
203 60
793 60
533 60
779 60
424 60
217 61
728 62
221 63
645 65
800 65
767 65
101 66
626 68
70 68
331 69
176 72
67 72
283 72
427 72
830 72
296 73
423 73
575 74
44 74
260 74
306 76
213 76
387 78
547 78
725 81
517 81
528 86
476 86
14 87
459 90
23 90
821 90
738 90
585 90
520 91
5 91
87 92
481 93
590 95
453 95
547 97
676 97
711 98
118 99
774 100
204 101
522 101
338 102
159 104
733 105
84 106
81 107
251 107
317 111
162 113
390 114
745 114
531 118
3 120
569 121
114 121
471 123
470 123
214 125
682 125
103 126
78 126
484 127
151 128
180 129
537 130
322 130
371 130
765 132
832 134
335 135
523 135
812 136
811 136
165 136
3 137
677 137
629 138
423 140
245 140
802 140
460 141
327 141
452 141
108 142
494 143
107 143
623 144
169 144
800 144
584 145
323 146
207 146
140 146
615 146
314 147
753 148
102 148
269 148
419 149
220 150
388 151
684 151
118 152
227 152
584 152
182 153
302 155
492 155
549 156
318 158
206 159
683 161
793 161
346 161
66 161
175 161
740 162
58 162
17 162
669 162
524 163
340 166
82 166
123 166
434 166
31 166
506 168
389 170
753 170
4 173
355 174
153 174
174 174
799 175
350 175
58 175
175 176
245 176
130 176
647 177
297 178
746 178
88 179
722 180
553 181
417 182
378 182
39 183
152 183
593 184
36 185
238 185
175 186
377 186
697 188
733 188
550 188
559 190
601 191
298 192
171 192
541 192
337 192
185 193
98 194
373 194
291 194
524 195
837 195
439 196
87 197
796 198
20 201
540 201
400 202
788 203
844 203
431 204
125 204
541 205
1 205
159 205
27 206
597 206
128 207
774 209
132 210
191 211
750 212
159 213
282 213
304 215
322 216
666 216
150 217
743 217
33 217
143 218
491 218
119 221
611 222
498 223
330 223
303 224
152 225
421 226
269 228
266 229
614 230
456 230
1 231
666 232
677 233
481 235
708 235
493 235
808 236
177 236
28 237
709 239
305 241
75 241
845 246
755 247
576 248
813 248
489 249
682 249
545 251
729 251
659 251
291 253
530 253
354 255
453 256
571 258
724 258
258 259
380 261
368 265
694 265
427 265
525 267
92 267
387 268
844 271
814 272
250 272
385 272
21 276
154 276
782 277
133 278
700 278
618 279
98 282
625 282
294 284
60 284
794 284
66 284
118 284
296 285
118 285
689 285
583 286
741 287
516 288
781 288
187 288
346 290
843 291
639 291
198 294
399 294
471 295
468 296
353 296
210 297
404 297
140 298
832 298
283 298
475 299
127 299
517 302
97 303
783 303
549 303
728 304
117 306
763 307
666 307
323 307
170 309
696 309
791 310
222 311
631 312
181 312
60 313
721 314
316 314
54 314
232 315
241 315
659 316
154 317
272 318
460 319
734 319
202 321
669 321
9 323
318 323
283 324
257 325
25 326
20 326
357 326
645 327
730 327
695 327
164 328
62 328
585 329
422 329
779 331
157 332
566 332
83 332
218 333
744 334
711 334
402 335
243 335
95 335
439 336
612 339
172 339
689 339
177 340
43 340
343 340
317 340
371 341
74 342
354 342
506 342
425 344
560 346
839 347
4 348
606 350
222 350
729 350
808 351
357 351
621 353
635 353
29 354
513 354
43 356
656 357
812 358
580 358
680 359
567 359
599 359
829 361
731 363
799 364
485 364
277 364
568 364
321 365
691 365
201 366
631 366
522 367
651 368
783 368
168 368
784 371
747 371
766 372
828 372
492 372
397 374
42 375
776 375
786 378
300 379
484 379
347 380
219 382
133 382
84 382
58 386
669 389
789 390
762 390
514 391
286 393
191 394
237 394
599 395
753 395
400 395
28 396
823 396
563 397
213 398
609 399
740 400
290 403
275 404
151 405
371 408
574 408
275 410
475 413
462 413
826 413
69 414
586 416
303 417
311 417
441 417
309 417
347 419
590 420
795 420
444 422
796 422
120 423
3 423
354 424
352 424
20 425
382 426
529 427
20 428
662 429
330 430
777 430
681 431
23 431
364 433
672 434
393 435
133 436
232 436
721 437
288 437
245 439
730 439
701 440
547 441
794 443
690 444
137 445
453 446
600 446
429 447
406 450
540 451
653 453
678 457
698 457
719 457
659 457
666 457
314 457
40 457
271 458
152 458
660 460
61 460
342 462
446 462
231 463
732 463
621 463
694 464
382 464
380 464
596 465
647 466
459 466
788 467
62 469
735 469
49 471
814 472
545 473
140 474
306 474
604 475
319 475
105 475
787 476
106 476
227 477
267 477
528 479
44 480
380 480
641 483
164 483
784 485
559 485
527 486
831 486
617 486
400 487
485 487
757 488
631 489
831 489
256 490
78 491
644 493
343 493
462 494
253 495
55 495
469 496
801 496
