550
670 1
684 4
81 4
447 8
120 9
803 10
826 12
863 15
327 16
736 17
236 17
661 20
445 21
78 25
366 26
590 26
228 26
180 28
38 29
932 30
117 33
488 34
848 34
268 36
362 38
135 39
998 40
957 44
576 45
292 52
537 54
842 55
290 57
793 58
907 61
803 62
863 62
249 62
122 67
846 69
426 74
958 74
718 74
241 75
84 75
611 79
244 80
165 81
415 82
39 83
953 84
66 85
206 93
755 94
803 96
746 97
933 98
535 100
314 102
762 106
289 107
733 108
536 112
93 112
838 112
223 114
206 116
403 116
72 118
32 118
885 118
410 120
188 120
666 123
268 125
134 128
191 128
344 131
649 131
947 132
981 134
181 135
988 140
478 142
969 142
342 144
69 146
512 150
431 152
736 152
423 152
779 155
284 161
507 167
422 167
974 168
481 168
275 168
691 171
175 172
852 176
59 179
808 182
594 182
258 184
971 187
989 187
175 188
957 192
45 194
845 199
649 199
376 200
991 202
900 208
764 209
809 210
96 210
367 213
284 221
716 226
301 227
406 228
731 230
940 230
530 236
896 237
902 241
902 246
460 249
765 249
620 254
302 257
877 262
72 263
631 266
26 266
684 272
607 273
773 274
703 280
965 280
234 282
952 283
12 285
847 286
357 286
820 291
320 293
875 294
314 295
928 295
129 296
844 297
101 297
503 297
984 298
142 300
906 302
269 303
72 303
682 304
54 304
789 307
300 307
393 310
100 310
406 313
646 313
859 314
432 318
843 319
723 322
686 325
870 329
516 330
878 331
684 331
928 338
309 342
90 344
786 345
779 345
977 345
632 345
330 347
781 347
518 348
375 349
506 353
541 355
570 356
792 356
547 358
543 359
665 368
444 368
930 369
278 370
80 370
477 372
144 372
712 372
738 374
782 375
418 378
240 379
786 384
66 385
996 385
336 386
883 388
985 389
898 392
217 393
742 393
229 396
637 399
34 401
872 404
162 406
426 406
412 409
314 411
326 413
323 416
699 417
161 422
425 424
18 426
859 427
453 427
105 428
47 429
892 431
406 438
525 439
215 442
236 442
427 442
802 444
612 446
987 447
957 450
469 452
96 456
957 457
410 460
324 462
641 467
445 470
333 471
289 473
335 475
559 475
258 480
154 482
78 484
130 488
424 491
655 493
527 495
12 495
219 499
348 501
257 501
489 502
167 503
487 505
313 508
633 512
284 515
59 518
912 519
655 519
669 520
62 524
155 524
930 525
238 527
394 527
431 528
431 531
60 532
185 533
586 533
966 534
387 537
965 538
102 538
146 540
893 540
72 542
791 545
185 545
825 547
632 548
284 551
786 551
330 552
432 553
596 554
444 556
552 558
895 559
675 560
252 563
851 565
152 565
991 567
525 568
844 569
80 571
892 572
651 573
430 573
986 573
493 574
760 578
620 580
771 584
50 586
536 588
853 590
954 593
932 602
919 602
699 605
239 605
544 608
364 611
956 611
591 612
16 612
713 615
330 615
833 619
35 623
122 624
996 625
722 625
272 627
953 627
765 629
980 631
664 632
571 636
990 640
981 646
564 646
232 646
405 649
184 649
517 650
575 651
641 653
158 661
324 662
639 666
523 667
532 669
34 669
229 670
179 671
850 674
766 675
684 676
474 676
292 677
185 678
302 678
234 683
470 685
999 690
665 691
905 694
212 694
122 695
413 699
638 700
464 700
945 701
172 703
21 705
725 706
764 708
727 710
189 711
124 711
287 715
698 716
901 721
528 722
932 727
371 729
654 732
162 733
486 734
643 734
342 736
440 738
473 740
273 740
738 741
825 742
167 746
209 747
26 749
981 751
987 752
391 753
807 755
875 755
952 756
928 760
516 764
428 766
79 769
98 772
885 772
473 775
726 778
114 779
89 784
525 787
660 787
586 788
284 788
141 789
339 794
509 795
929 795
541 796
47 797
521 797
130 799
163 801
719 804
205 806
960 807
934 809
896 812
498 812
361 813
991 818
558 820
89 820
5 820
557 823
243 824
26 825
683 825
381 826
232 830
309 839
964 842
918 844
963 844
852 845
613 846
980 846
324 847
730 848
833 853
70 854
532 856
878 856
359 857
814 862
775 863
981 864
251 866
696 868
663 872
956 873
902 877
528 878
685 881
607 882
544 882
333 883
183 886
678 890
682 896
691 897
623 897
269 899
198 900
820 900
347 904
739 904
132 904
54 905
780 906
667 907
871 907
938 909
605 909
275 911
562 913
29 914
943 916
356 916
396 916
26 917
485 918
704 918
325 925
985 928
586 930
754 934
69 936
768 936
922 937
176 937
93 938
465 941
487 941
681 942
525 945
559 947
198 947
464 950
227 952
206 953
117 955
300 956
844 958
129 959
446 959
686 962
978 966
579 967
619 967
254 971
626 972
186 972
814 973
100 974
271 975
580 977
186 981
832 983
508 987
52 990
649 995
591 995
772 995
130 996
367 999
