843
93 0
32 0
119 0
83 0
82 1
28 1
123 1
66 1
45 1
53 1
65 3
136 3
123 3
76 3
121 3
73 3
76 3
126 4
18 4
53 4
12 4
75 4
54 4
7 5
128 5
130 6
111 6
108 7
124 7
105 7
121 7
34 7
96 7
121 7
22 8
140 8
65 8
14 9
96 9
126 10
19 11
4 11
133 11
123 11
123 11
127 11
20 12
67 12
124 12
34 13
27 13
94 13
120 14
138 14
76 15
112 15
119 15
6 15
42 15
92 15
120 16
67 16
12 16
41 16
73 17
5 18
83 18
48 19
78 19
38 19
115 19
67 20
55 20
89 20
62 22
82 22
128 24
100 24
67 24
5 25
77 25
138 26
62 26
133 26
58 26
59 27
93 27
128 27
126 28
85 28
8 29
81 29
95 30
138 30
24 30
99 30
1 30
76 30
26 31
68 31
36 31
30 31
27 32
136 32
91 32
128 32
75 32
44 32
49 32
35 32
22 33
61 33
24 34
109 34
138 34
64 35
20 35
67 35
29 36
5 36
39 37
81 37
50 37
47 37
94 38
102 38
62 38
63 38
53 38
86 39
84 39
44 39
93 40
105 40
107 40
122 40
23 40
22 41
3 42
110 42
18 42
18 42
60 42
25 42
44 42
86 43
105 43
46 44
117 44
84 44
88 44
5 44
25 44
127 44
52 44
40 44
90 45
79 45
121 45
77 46
47 46
85 46
141 46
15 47
28 47
72 47
32 48
9 48
119 48
51 48
68 50
73 50
39 51
33 51
85 51
53 51
19 51
103 51
109 51
78 52
30 52
136 52
96 52
8 52
103 52
59 52
105 52
113 53
17 53
76 54
36 54
129 54
14 55
30 56
26 56
44 57
90 57
83 58
99 58
20 59
46 59
24 60
127 60
113 60
2 60
23 61
96 61
73 61
77 61
70 62
31 62
60 62
91 63
106 63
91 63
117 63
126 64
70 64
126 64
113 64
78 64
142 64
25 65
110 65
81 65
125 65
115 66
41 66
74 67
51 68
110 68
48 68
92 69
12 69
106 69
121 70
83 70
32 70
58 70
125 70
134 70
47 70
136 71
44 71
8 71
38 71
22 72
111 73
126 73
95 73
111 74
6 74
77 74
126 74
34 75
107 75
117 75
26 75
81 76
51 76
85 76
84 76
142 76
1 77
84 77
123 78
8 78
67 79
112 79
19 79
64 79
30 80
130 80
109 80
25 80
14 81
52 81
12 81
34 81
108 81
110 82
126 82
111 82
12 82
92 82
39 82
39 83
17 83
115 83
8 83
60 84
3 84
6 84
52 85
12 86
35 86
9 86
21 87
72 88
74 88
35 88
119 89
102 89
105 89
14 90
114 90
14 90
131 90
35 93
39 93
96 93
128 93
43 93
26 93
111 94
49 94
95 94
35 94
100 94
63 95
126 95
21 95
137 96
46 96
5 96
32 96
65 96
136 97
45 97
126 97
45 98
103 98
46 98
46 98
47 99
3 99
64 99
68 99
72 99
50 99
69 100
69 100
84 100
61 100
139 100
13 100
76 100
73 100
24 101
3 101
138 101
43 102
1 102
6 103
47 103
3 104
13 105
16 105
112 106
102 106
20 106
128 106
29 108
73 108
22 108
87 108
104 109
114 109
55 109
96 110
19 110
115 110
47 110
108 111
81 111
38 111
124 112
35 112
84 112
125 113
71 113
56 113
41 113
87 113
79 114
1 114
12 114
131 115
103 116
108 116
111 116
48 117
35 117
99 117
50 117
115 118
16 118
9 118
1 118
128 119
35 120
127 120
96 121
140 121
87 121
43 122
61 122
24 122
17 122
86 123
9 123
21 124
135 125
10 125
4 125
141 125
15 126
14 126
130 126
126 126
140 126
45 126
72 127
140 127
11 127
93 128
21 128
64 128
22 128
82 128
34 129
130 129
39 130
83 130
84 130
115 131
90 131
89 131
113 131
14 132
8 133
38 133
80 134
58 134
43 135
21 135
88 135
104 135
83 137
12 137
52 137
66 138
70 138
43 138
54 138
25 138
33 139
124 139
60 140
94 140
53 140
27 140
43 140
141 140
107 141
131 141
142 141
70 141
18 141
131 142
101 142
14 142
99 143
134 143
3 143
12 143
16 144
133 144
7 144
112 144
24 144
142 145
125 145
28 145
52 146
36 146
9 147
27 147
95 147
6 148
23 148
135 148
86 148
74 149
84 149
22 149
70 150
131 150
70 151
55 151
90 151
93 151
6 151
139 151
138 151
59 151
9 152
40 152
72 152
43 152
64 153
141 153
48 153
98 153
91 154
46 154
75 155
28 155
56 155
80 155
73 155
21 155
107 156
100 157
56 157
106 157
121 157
36 157
133 158
39 158
125 158
33 158
100 158
130 158
7 158
142 158
130 159
120 159
80 159
134 159
62 159
30 160
95 160
94 160
98 160
106 160
78 160
24 161
65 161
141 161
115 162
17 163
24 164
72 164
71 164
66 165
38 165
104 166
24 166
18 167
63 167
73 167
116 167
132 167
18 168
19 168
4 169
124 170
74 170
122 170
116 171
139 171
118 171
49 171
15 171
26 172
32 172
11 173
101 173
67 173
99 173
116 173
123 174
94 175
26 175
136 175
117 175
73 175
83 176
59 176
108 176
18 176
53 176
114 178
113 178
79 178
113 178
103 179
8 179
134 180
84 180
33 181
35 181
24 181
133 182
137 182
117 182
33 183
120 183
135 184
2 184
44 184
68 184
31 186
130 186
136 186
72 187
107 187
132 187
79 188
103 188
107 188
104 188
69 188
36 189
7 189
49 189
115 189
128 189
54 189
44 190
99 190
94 190
64 190
115 191
1 191
41 191
2 192
21 192
49 193
99 193
76 194
138 194
1 194
56 194
77 194
29 195
128 195
74 195
48 195
106 195
96 195
65 196
2 196
34 196
126 196
105 196
90 196
67 197
41 198
32 198
50 198
95 199
139 199
13 199
115 200
105 200
71 200
80 200
139 200
71 201
40 201
142 201
9 201
93 201
21 201
33 202
111 202
98 202
103 202
19 202
80 202
86 203
93 203
99 203
84 203
121 204
139 204
10 204
25 204
118 204
47 205
50 205
122 206
11 206
12 206
87 206
48 206
8 207
26 207
9 207
3 207
95 208
26 208
62 208
76 209
88 209
21 209
30 209
8 209
18 210
123 210
29 210
62 211
116 211
35 211
2 211
52 212
75 212
114 212
112 212
53 212
54 213
9 213
131 214
33 214
60 214
45 214
141 215
63 215
123 215
72 215
30 216
65 216
119 216
37 216
84 216
101 216
138 217
138 217
107 218
107 219
76 219
108 219
121 219
66 219
23 219
83 220
126 220
81 221
134 221
127 221
140 221
111 221
101 221
91 222
121 222
138 222
56 222
110 222
102 223
28 223
127 223
137 223
27 223
93 223
131 223
73 224
41 224
108 224
102 225
31 225
80 226
67 226
93 226
102 226
131 227
105 227
114 228
80 228
130 229
7 229
12 229
54 230
71 231
103 231
8 231
20 231
78 232
76 232
47 232
29 232
41 232
130 233
102 233
129 233
17 233
117 234
81 234
84 235
93 235
106 235
77 235
89 235
37 236
30 236
37 236
3 237
49 237
19 237
59 237
106 238
105 238
128 238
125 238
104 239
125 239
64 239
131 239
26 240
16 240
128 240
126 240
17 240
126 240
37 240
80 241
10 242
37 242
140 242
77 243
14 243
11 243
91 243
58 243
131 244
64 245
104 245
142 245
19 245
44 246
122 246
2 247
