1000
123 0
304 1
556 1
362 4
165 4
157 5
289 6
921 6
370 6
755 6
830 10
551 11
573 11
69 12
563 12
850 12
904 13
476 17
375 21
641 22
444 24
251 24
572 25
427 28
843 28
529 30
660 31
169 32
617 32
758 33
488 33
655 33
495 33
690 34
207 35
548 36
406 37
488 37
373 38
241 39
267 44
780 45
384 46
940 46
283 47
66 49
644 51
78 51
795 51
15 54
719 60
869 62
92 65
742 65
933 67
981 68
257 68
12 68
342 69
113 69
235 72
989 73
975 74
497 75
563 78
74 80
24 81
776 82
606 83
419 86
91 89
921 90
691 91
115 92
204 95
466 95
529 95
876 96
408 96
943 97
837 97
423 100
351 100
81 102
826 104
44 109
437 111
397 111
815 115
55 116
754 116
561 116
879 117
333 119
147 122
59 124
43 124
273 125
155 125
914 127
74 128
22 129
145 130
717 130
627 130
378 130
478 130
106 131
397 132
622 133
844 138
26 140
706 140
186 140
829 141
607 141
846 143
198 144
797 144
689 145
597 147
576 149
738 150
786 152
375 153
658 154
343 154
724 154
496 154
904 155
129 156
717 156
442 157
919 158
827 158
480 159
826 161
600 162
305 162
339 162
988 163
875 165
253 165
446 166
645 167
312 167
420 170
320 170
180 171
425 172
675 173
172 175
281 179
914 180
781 180
628 181
55 181
781 183
306 184
938 184
508 185
211 186
619 187
685 189
359 189
412 190
269 192
262 192
674 194
414 195
152 196
769 197
131 197
257 197
448 198
328 199
303 200
545 202
241 204
351 205
966 206
109 207
453 208
779 209
278 214
966 218
817 220
407 221
730 221
615 221
347 222
901 222
22 223
326 223
197 224
521 224
26 225
759 227
465 227
425 227
149 228
203 228
853 228
344 229
270 231
674 232
402 233
740 233
921 233
579 233
226 234
331 235
672 236
485 236
685 236
386 238
632 238
456 238
861 239
893 240
269 242
764 242
313 243
35 244
847 244
236 245
28 245
624 246
712 248
206 250
172 250
889 254
923 254
533 254
839 255
136 255
312 255
470 256
647 259
205 259
411 262
850 262
357 263
156 264
549 264
326 268
477 268
853 271
32 272
357 274
540 274
329 276
203 277
34 277
116 277
989 279
744 280
824 280
861 281
945 282
40 282
458 286
995 286
782 289
95 292
616 293
115 294
847 294
386 296
492 296
38 296
275 297
797 298
492 299
753 299
574 299
958 300
997 300
388 301
38 301
878 302
308 306
608 308
569 308
166 308
207 309
175 309
625 309
126 313
28 314
258 314
821 314
111 315
334 316
564 316
177 316
230 318
537 318
740 318
29 318
787 323
710 324
962 325
579 325
834 325
608 325
688 326
983 328
295 328
348 328
100 328
379 332
684 335
586 336
113 337
959 337
545 338
580 340
704 341
583 341
252 341
846 342
200 343
33 343
78 343
765 344
777 344
872 347
925 354
333 354
947 355
22 355
741 356
782 359
619 360
74 361
970 362
325 362
252 366
133 368
139 369
406 370
556 371
981 372
12 372
429 373
501 373
920 373
496 375
299 375
612 376
233 376
542 377
923 377
301 377
447 379
539 381
901 383
499 384
326 385
302 386
681 386
569 386
682 386
893 387
141 387
504 388
714 388
29 389
245 390
222 390
616 391
726 392
381 393
369 393
835 395
914 396
857 397
253 399
286 399
314 399
772 399
98 399
992 400
553 400
158 400
455 401
561 401
836 403
633 403
461 405
945 410
214 410
907 410
236 411
698 411
218 411
248 412
737 414
832 414
744 414
540 414
94 415
695 415
250 417
642 418
72 418
132 419
738 421
638 421
968 421
872 422
947 422
472 422
246 423
581 424
119 425
947 426
982 427
769 427
284 427
612 427
61 427
335 429
986 432
781 432
306 433
141 435
279 436
612 436
838 438
265 441
29 442
502 444
822 444
194 445
747 445
799 448
77 449
389 450
574 452
570 452
141 453
975 454
603 454
507 456
169 456
145 457
684 457
999 459
24 459
975 462
954 462
829 463
105 463
505 463
60 465
947 465
425 466
852 466
517 468
684 469
66 469
994 471
20 471
14 471
531 472
645 474
306 475
867 477
422 478
278 479
566 479
620 480
304 480
11 483
40 483
354 485
428 485
684 486
934 487
599 489
404 492
696 492
638 493
289 493
971 494
278 497
474 498
218 500
698 501
437 502
328 502
170 502
997 503
26 505
137 505
40 506
50 509
149 511
198 511
738 511
813 514
55 516
465 516
95 517
975 518
108 519
123 520
496 520
84 520
292 522
390 522
203 522
500 523
676 525
547 525
25 526
894 526
695 527
755 529
90 531
44 531
922 532
838 532
168 537
446 537
418 539
186 539
586 539
194 541
443 541
444 545
165 545
845 546
138 548
929 549
166 550
338 551
387 552
677 554
534 554
536 557
9 557
691 557
856 557
553 558
595 559
935 560
922 561
857 563
349 565
999 565
979 566
287 566
339 567
70 568
932 568
383 568
244 568
659 569
240 569
32 569
187 571
384 571
29 571
622 572
364 575
129 575
677 576
454 577
458 579
502 579
708 582
266 584
601 587
296 587
988 587
670 588
982 588
392 589
713 590
890 591
117 591
924 591
181 592
567 592
284 594
846 595
292 596
188 596
986 597
557 598
865 599
284 600
981 601
316 601
193 602
55 603
249 604
171 604
602 606
803 608
294 610
181 611
281 613
833 613
193 614
748 614
218 616
329 617
314 620
615 622
657 623
610 623
31 625
358 625
3 626
606 626
999 628
897 628
423 630
264 631
722 631
755 631
147 631
228 633
105 634
656 635
514 635
479 635
348 637
251 638
519 638
998 638
700 640
380 641
88 641
824 643
783 643
313 645
513 645
880 646
357 647
170 647
621 648
508 649
851 649
759 650
837 652
788 653
460 654
295 655
993 655
821 655
132 656
920 656
601 658
114 659
73 659
690 660
784 661
920 662
767 665
615 666
751 666
915 666
752 669
480 670
656 670
45 670
292 671
285 672
925 673
996 674
577 675
934 675
504 677
609 679
505 680
823 680
868 680
726 680
243 681
772 682
339 683
840 684
914 685
742 686
904 686
921 686
905 687
47 687
97 688
483 689
53 689
101 690
975 691
120 691
720 691
44 692
861 692
292 692
884 692
297 695
855 695
342 695
620 700
562 702
237 702
302 703
341 706
732 707
478 708
432 709
683 709
373 709
143 709
343 712
750 712
652 713
133 714
779 715
425 716
191 719
275 719
809 722
685 724
858 725
653 725
978 727
25 728
916 728
27 731
29 732
286 734
442 734
942 735
566 738
569 739
660 739
479 741
399 746
620 746
617 749
943 750
884 751
489 751
634 751
339 752
199 752
995 753
319 754
175 754
820 759
191 760
364 760
759 760
260 760
725 762
629 763
989 763
113 765
504 765
362 766
290 767
305 767
62 768
6 768
829 769
760 772
667 772
987 773
768 775
182 775
940 775
804 776
475 776
321 777
814 778
378 780
860 781
77 781
465 782
347 782
513 782
313 782
910 783
446 783
695 784
152 785
42 785
841 786
257 786
276 786
450 790
60 792
138 792
688 792
215 793
754 794
566 795
276 797
391 798
828 798
995 799
27 802
493 803
570 803
744 803
186 804
51 806
438 806
808 807
862 808
48 809
904 815
878 815
80 816
177 816
353 816
214 817
934 819
614 819
280 819
858 821
212 822
656 823
995 824
81 825
140 826
558 826
520 826
473 827
481 829
961 830
919 830
547 831
286 832
28 832
60 833
921 833
954 833
794 834
374 834
93 835
385 835
206 836
554 836
339 839
810 839
25 840
858 841
308 841
629 841
833 842
859 844
562 845
925 845
791 847
54 847
1000 848
702 849
881 851
641 852
433 852
610 852
968 853
39 855
590 855
11 856
546 858
579 858
417 860
353 861
146 861
2 862
886 864
499 864
455 866
341 866
722 866
74 867
49 868
79 871
121 871
880 871
470 872
105 872
440 873
180 873
379 875
775 875
366 875
561 875
501 876
826 876
586 877
489 877
865 878
961 880
418 880
817 881
2 882
223 882
244 882
327 883
682 884
921 885
705 885
428 887
658 888
173 890
290 891
863 892
898 895
782 896
563 897
431 898
599 899
291 899
296 908
356 911
725 911
261 911
518 912
376 913
335 913
820 915
416 916
929 916
465 916
427 916
860 919
582 923
849 927
758 928
818 929
316 930
603 931
269 931
586 932
347 932
91 932
467 932
425 933
514 933
227 934
233 935
785 936
458 936
368 937
53 938
131 938
776 944
473 948
416 949
116 951
611 952
252 953
311 955
790 956
226 959
990 960
443 961
398 962
416 963
148 964
61 966
62 966
671 967
817 970
432 970
907 970
520 972
527 973
884 973
560 974
75 974
889 974
2 975
967 977
899 977
282 978
371 979
535 981
143 983
69 984
71 987
968 988
99 989
8 990
632 993
780 994
415 994
949 995
499 995
522 995
540 996
364 999
