131
885 12
455 13
508 16
740 16
980 25
496 29
965 38
370 39
342 44
838 55
70 66
629 67
612 69
175 71
542 73
762 74
169 91
45 93
965 104
624 108
161 108
125 114
552 125
869 140
525 143
284 145
85 147
870 148
447 150
589 152
152 155
372 171
316 182
375 196
842 201
64 207
324 209
485 209
239 216
407 219
875 225
512 241
930 249
666 258
68 269
904 272
43 275
176 279
485 284
361 291
684 298
870 308
509 309
871 312
467 316
291 331
762 341
66 345
534 373
763 412
306 422
747 430
402 432
358 463
90 468
930 479
685 487
274 489
853 492
628 494
938 502
946 503
843 513
986 532
242 538
584 553
57 569
976 602
661 603
633 617
316 620
635 625
518 631
743 635
954 636
205 641
75 644
962 652
337 664
487 687
724 688
260 708
982 718
541 723
919 745
68 751
306 752
980 757
893 770
182 781
525 808
769 811
305 812
974 822
65 827
86 856
634 865
916 877
999 883
38 888
3 891
147 893
307 904
447 913
718 922
855 922
100 926
917 926
138 927
438 939
282 943
855 947
720 947
147 956
592 958
257 962
774 966
820 973
14 991
352 996
275 997
