1000
342 0
656 2
525 3
149 4
14 5
233 5
826 5
139 5
501 8
919 8
917 9
631 9
924 10
702 10
198 10
782 11
970 11
342 11
506 12
939 12
920 12
167 13
530 14
810 14
408 16
156 16
357 17
884 17
656 17
794 18
324 19
991 19
405 19
485 20
325 20
128 21
209 24
355 25
950 25
410 26
794 28
341 28
448 29
854 29
379 30
143 31
254 35
464 37
285 37
187 38
582 38
133 39
815 39
770 40
844 41
250 42
887 44
364 45
111 45
898 46
967 48
740 48
719 50
941 51
195 51
153 51
517 55
240 55
941 57
633 57
512 60
26 62
370 65
852 65
747 66
547 66
873 66
550 66
122 67
446 67
525 68
254 68
806 69
714 72
690 72
205 75
911 78
934 78
252 80
823 80
532 82
977 83
598 85
750 85
769 86
612 89
200 90
981 90
4 91
472 92
995 92
383 93
862 93
892 95
716 95
480 96
847 98
870 99
525 100
38 101
365 102
177 102
748 102
220 103
109 104
188 104
663 104
472 104
445 105
391 105
386 108
417 109
382 110
858 112
838 112
336 115
154 116
181 117
935 117
566 119
701 119
951 120
569 121
635 122
695 122
407 123
541 123
545 123
244 123
467 124
162 124
454 125
872 126
173 127
559 128
746 128
950 128
868 130
428 132
333 132
595 133
317 133
988 134
179 134
486 136
113 137
916 137
214 142
538 143
525 143
862 146
424 146
24 149
162 153
722 155
100 156
704 158
795 161
139 163
271 163
803 165
220 165
359 166
338 168
278 169
719 169
245 170
547 171
354 172
754 173
581 173
307 173
453 175
866 175
783 175
876 177
419 177
776 177
185 177
916 178
747 180
581 180
662 181
477 183
30 184
239 186
389 186
850 186
388 187
726 190
848 192
292 200
224 200
311 205
241 205
54 207
278 208
876 211
604 212
338 212
221 213
894 214
183 215
644 215
954 216
296 217
604 218
868 219
723 221
722 222
27 222
728 225
541 226
77 228
473 229
331 229
501 229
442 230
751 230
175 231
224 232
970 234
234 235
556 238
247 238
585 238
968 240
637 241
111 242
396 243
945 244
971 245
746 246
600 247
534 248
83 250
360 251
621 251
2 252
533 252
250 253
851 256
540 257
317 262
766 263
18 263
418 264
778 265
438 266
645 267
686 268
891 268
60 268
68 268
196 268
626 269
758 271
982 272
325 274
589 274
664 275
65 276
775 276
920 277
735 278
497 281
122 281
535 282
485 282
48 283
398 284
670 286
887 290
807 290
593 291
883 293
402 293
593 294
772 295
951 295
483 296
518 298
314 298
800 299
493 300
841 300
157 300
235 301
159 304
214 304
126 305
777 306
943 307
659 308
646 309
859 310
430 310
657 310
975 311
976 311
354 313
985 313
975 314
79 315
985 315
313 316
498 318
630 319
979 319
94 320
845 321
310 322
657 322
767 324
777 325
57 326
348 330
413 331
907 331
915 332
415 332
610 333
701 333
270 333
650 335
2 336
710 337
405 338
313 338
945 339
665 341
744 342
695 345
364 347
701 349
466 349
475 352
925 352
515 353
525 355
234 355
449 356
520 356
939 356
558 358
985 358
778 360
838 361
271 361
229 363
48 364
499 365
303 365
245 366
755 367
161 368
895 368
107 370
359 370
706 371
955 371
417 372
769 373
696 375
380 375
1 376
7 376
524 376
142 377
692 377
95 378
457 378
235 378
204 378
820 379
224 379
587 382
560 384
517 384
36 385
894 386
554 387
593 387
516 388
642 389
992 393
685 393
240 394
55 396
872 396
672 396
356 397
348 397
140 397
189 398
262 399
47 399
523 399
216 400
786 401
614 402
561 403
265 405
94 406
240 406
836 408
505 411
151 411
54 413
392 414
81 415
891 416
871 417
556 421
248 422
162 422
427 424
203 424
669 425
736 426
281 426
916 428
56 429
120 429
997 429
816 430
148 431
121 432
561 433
219 434
790 435
350 435
116 435
34 436
109 438
6 438
830 440
998 442
764 442
326 446
739 450
697 450
487 451
583 453
453 453
209 454
505 458
687 459
273 459
705 459
346 460
597 462
132 462
754 463
1 464
377 465
738 465
183 468
579 470
923 470
523 471
7 472
122 473
389 474
221 475
535 476
191 476
132 477
636 477
919 478
370 481
781 483
268 483
199 483
693 483
375 484
182 484
200 484
816 486
280 487
590 488
418 490
402 491
698 491
771 494
245 494
363 495
554 496
240 496
268 496
537 498
965 498
13 499
331 499
438 500
325 503
650 503
305 504
185 504
449 504
297 508
367 508
397 508
893 509
166 510
211 511
80 512
123 512
833 515
369 517
141 517
976 517
726 518
717 518
970 519
718 519
956 520
171 520
137 520
226 521
843 521
225 522
321 523
751 523
676 527
610 527
97 527
106 528
451 530
48 532
531 532
916 534
966 534
138 541
265 542
903 542
171 543
923 544
807 544
627 545
727 545
264 546
419 546
53 548
198 549
241 549
652 549
637 549
541 549
164 551
867 552
103 553
365 554
757 554
495 555
399 557
104 559
512 560
625 560
95 561
773 563
516 564
754 564
521 566
612 567
476 571
114 573
230 576
776 579
588 584
259 584
527 585
40 585
968 586
776 587
703 588
851 590
794 591
364 593
311 593
532 595
777 595
839 595
759 596
411 597
906 597
57 600
238 602
767 602
10 603
255 604
652 606
754 607
26 608
344 608
226 609
62 611
587 612
369 613
285 614
481 615
426 616
956 618
264 619
369 619
826 620
714 620
601 621
349 623
380 623
446 624
506 624
865 625
402 626
921 627
632 628
328 629
787 629
104 629
315 631
314 633
182 634
490 634
978 634
867 636
478 637
921 637
721 639
858 641
47 641
903 644
146 644
432 645
621 645
568 646
665 647
348 648
964 649
205 649
191 652
587 655
686 655
346 658
945 659
388 661
88 661
970 666
798 666
911 667
499 668
669 669
833 672
742 675
439 676
432 680
633 680
901 681
22 685
889 686
368 686
306 686
567 686
396 689
799 689
357 690
544 691
599 692
997 692
497 695
401 697
944 699
167 700
937 701
247 701
808 703
77 704
104 704
521 706
210 708
247 710
349 710
804 711
356 711
986 713
809 715
272 715
899 720
296 721
40 723
855 724
219 724
810 724
246 725
192 726
459 728
452 728
566 728
137 728
822 729
567 729
828 730
572 731
84 731
698 731
297 732
554 732
686 733
60 733
534 738
384 738
453 739
720 741
964 741
882 741
754 742
733 743
195 743
306 744
492 748
925 749
87 749
341 751
819 751
756 753
97 753
663 754
688 755
100 756
643 757
893 759
468 759
291 760
604 761
455 762
77 762
496 764
165 765
448 765
321 766
607 766
543 766
562 768
326 769
441 771
132 772
572 772
215 772
313 772
569 772
184 772
755 772
972 774
939 774
154 774
441 774
452 775
587 778
93 778
492 779
456 779
251 780
416 782
310 783
149 784
193 786
310 786
633 787
739 787
376 788
501 788
349 790
882 791
346 791
500 793
88 794
836 794
50 795
25 796
674 796
479 800
241 801
619 803
339 803
967 804
497 805
158 805
225 806
984 807
359 810
439 813
981 815
189 816
780 818
196 819
660 819
404 820
739 820
784 821
767 823
412 824
235 826
848 828
829 828
71 829
867 829
750 830
383 831
914 833
314 834
372 835
425 835
324 836
770 837
670 837
198 838
156 839
514 839
136 840
138 841
949 842
755 842
458 844
380 845
496 847
910 848
616 849
774 850
663 851
5 852
73 853
331 853
742 854
56 854
362 854
235 856
24 856
346 858
195 859
391 860
998 862
380 862
945 863
545 865
455 865
910 867
566 867
436 868
233 870
162 871
415 873
757 874
806 875
505 877
363 882
932 883
910 883
56 883
941 884
139 885
173 887
171 888
531 889
325 889
810 890
96 891
389 892
260 893
949 893
603 893
751 893
699 894
680 894
594 895
770 895
677 896
345 896
641 898
449 899
252 900
60 900
207 901
116 902
401 902
949 902
248 903
557 904
782 904
282 905
172 906
515 907
467 907
433 907
753 907
779 908
650 908
639 909
517 910
658 911
466 912
247 912
704 914
301 915
903 915
34 916
626 917
976 918
258 919
934 920
417 920
78 921
215 921
820 922
940 923
898 923
505 923
117 924
886 924
902 927
399 932
256 932
154 933
269 933
394 934
837 935
602 935
789 936
218 937
551 937
969 937
474 941
530 941
335 942
247 942
120 942
948 946
604 947
397 947
561 951
227 952
299 953
1000 953
974 954
532 955
410 955
567 957
780 957
125 958
386 958
57 960
884 962
664 963
849 963
954 965
404 965
247 966
553 966
644 967
434 968
297 969
360 969
838 970
391 971
420 973
50 974
696 976
479 976
480 977
437 980
706 981
590 981
248 984
561 985
961 985
272 985
474 985
538 987
719 987
718 987
163 987
27 989
857 989
134 989
785 991
804 993
389 993
117 994
975 995
185 995
459 996
635 1000
