1000
219 0
842 1
743 2
258 2
504 3
598 3
747 4
143 4
352 5
15 6
561 6
535 7
686 9
886 10
822 11
559 11
498 12
646 12
822 12
656 13
158 15
92 16
695 17
776 17
295 19
348 20
422 22
974 23
933 24
136 26
382 26
821 27
891 34
962 39
247 39
203 41
928 41
230 43
538 43
206 44
597 45
794 45
700 46
6 47
844 48
828 48
758 49
698 50
631 51
395 52
324 52
787 53
238 54
534 54
344 56
728 56
58 60
91 60
780 62
976 63
937 64
286 64
886 65
825 66
864 69
264 71
285 72
419 72
478 72
544 72
157 73
85 74
151 75
593 77
143 77
632 79
917 79
783 81
143 81
385 82
40 82
370 83
364 83
251 84
909 87
620 88
265 88
450 89
740 91
362 95
850 97
756 98
243 98
527 100
775 100
875 100
860 101
461 101
551 104
169 104
140 105
676 106
428 106
88 107
889 108
607 109
465 110
502 111
775 111
722 112
780 112
48 114
519 114
632 115
68 115
583 117
656 117
90 118
363 118
757 118
389 118
914 121
307 122
357 122
424 122
470 123
802 123
803 124
325 125
627 129
375 130
287 130
961 130
119 131
261 131
362 133
303 134
563 136
101 137
341 137
926 138
871 140
558 141
313 142
746 146
153 146
862 149
114 151
447 152
500 153
718 154
779 155
268 155
164 156
799 157
753 157
616 159
387 159
301 160
193 161
302 162
790 162
695 163
765 164
292 165
93 166
719 166
3 167
105 168
997 168
305 168
356 168
682 169
74 170
350 170
679 172
223 172
870 172
258 172
460 173
747 174
820 177
362 178
541 179
921 179
996 180
96 180
145 181
728 181
736 181
825 182
883 182
902 183
51 184
586 185
765 186
799 187
202 188
541 188
987 188
840 189
820 190
259 192
543 192
378 192
558 195
131 197
744 198
854 199
642 199
278 199
935 201
834 205
276 205
278 206
997 206
592 217
162 217
783 218
745 220
275 220
83 221
509 221
346 221
897 222
431 224
841 224
101 225
586 225
724 225
334 228
32 229
18 229
322 231
577 233
648 233
937 235
348 237
760 238
18 238
458 238
978 240
397 240
139 242
375 243
159 243
654 245
422 245
801 247
567 248
128 249
400 249
916 250
86 250
285 252
161 252
274 256
972 257
201 257
112 257
288 258
602 258
580 259
883 260
632 262
270 262
748 263
563 264
263 268
240 270
547 270
722 272
796 273
539 275
395 276
692 277
612 279
460 279
814 282
290 282
339 283
222 283
584 283
969 284
186 285
10 285
69 286
897 287
229 290
971 291
315 291
267 291
341 293
933 294
8 295
998 296
221 297
224 298
473 299
249 302
237 303
709 303
913 305
382 306
213 306
591 308
765 309
767 310
599 310
257 312
701 312
983 313
923 313
593 313
976 313
93 317
601 320
685 321
975 321
500 322
65 322
351 323
326 324
914 324
374 326
410 327
985 328
597 329
441 331
676 331
324 331
729 332
272 333
113 334
402 335
311 337
851 337
105 337
112 339
148 341
81 341
431 342
397 344
325 344
803 344
856 345
994 345
420 345
90 348
810 348
678 351
152 352
449 354
705 355
340 357
387 358
958 359
700 359
706 360
542 361
428 361
144 361
616 362
616 364
785 365
87 365
607 367
687 367
916 368
300 368
325 372
620 372
409 373
132 373
931 374
164 374
633 376
379 376
476 376
856 377
887 377
897 378
77 379
989 380
748 380
875 381
517 381
462 381
847 382
155 384
394 384
973 385
207 385
929 387
288 387
569 389
976 389
65 390
303 391
589 393
375 394
533 395
183 396
801 398
756 398
930 401
673 404
461 405
220 406
415 407
301 408
531 409
628 411
908 411
111 411
856 413
230 413
573 413
964 415
132 416
827 419
871 420
341 421
895 421
768 421
382 422
758 422
131 423
921 423
97 424
242 426
929 428
197 429
150 430
640 431
506 432
45 434
80 435
391 436
441 436
414 437
568 438
989 438
548 438
215 439
904 440
107 440
739 441
405 441
806 442
234 443
131 444
921 445
911 445
271 446
923 446
400 447
527 447
314 448
986 448
957 448
80 449
968 449
213 449
168 452
407 455
575 456
154 456
131 456
647 457
803 458
634 458
895 459
363 460
861 460
366 462
308 464
750 466
650 466
410 468
516 471
960 471
864 472
903 472
859 473
119 474
916 475
766 478
253 478
155 478
724 480
544 481
735 481
943 482
319 483
454 483
801 483
456 484
745 484
59 485
603 485
514 486
3 487
499 487
361 489
222 489
681 489
279 490
893 491
448 491
415 492
479 493
74 493
988 493
292 495
96 497
73 498
75 499
148 499
228 500
797 502
866 503
35 504
525 504
715 504
198 506
224 509
351 510
822 512
790 512
132 512
251 516
353 516
772 517
941 517
173 519
958 519
153 521
33 522
812 524
158 524
322 524
500 525
383 527
919 527
872 528
778 528
599 528
689 529
781 530
833 530
106 531
37 533
562 534
831 534
978 535
682 536
113 536
936 536
705 536
527 537
267 540
518 541
484 541
982 542
929 542
875 543
826 544
785 545
349 550
209 552
171 552
170 553
183 553
705 554
178 556
236 556
581 556
141 556
168 557
42 560
99 560
489 565
700 565
443 567
170 569
104 572
740 573
974 573
103 574
558 575
666 576
704 577
583 577
994 578
543 579
516 580
8 580
356 580
987 581
950 582
20 583
66 585
681 586
912 586
22 587
338 588
357 588
473 589
168 590
231 591
464 592
799 592
17 593
828 593
592 595
108 595
366 596
915 596
749 597
82 598
542 601
500 603
758 603
9 603
641 603
116 605
956 607
427 608
492 610
757 611
599 611
809 612
68 612
241 615
430 616
1000 616
417 616
273 617
871 617
731 617
41 617
678 619
46 619
574 619
685 619
62 621
875 621
321 622
136 626
959 626
131 626
67 627
235 627
274 630
398 631
142 632
405 632
749 633
867 633
569 636
179 637
230 638
936 638
675 638
241 640
965 642
596 643
889 644
485 645
699 645
133 647
308 649
593 649
297 649
90 652
404 652
777 653
8 653
137 654
658 657
658 657
105 658
891 658
619 659
98 660
901 662
206 662
267 666
413 666
32 666
521 666
141 668
764 669
343 669
51 670
403 676
832 677
353 677
293 679
581 680
690 681
133 681
250 682
911 682
837 683
490 684
552 684
224 685
99 686
48 687
912 687
313 689
429 690
285 690
135 692
853 693
274 695
846 695
819 696
754 696
509 698
561 700
197 701
174 703
278 703
857 708
193 709
594 709
121 710
672 711
683 712
459 713
777 713
188 714
521 718
436 719
940 719
393 725
783 726
943 726
964 726
280 729
889 729
200 730
159 731
639 731
373 733
262 734
607 735
752 740
329 740
175 741
808 741
286 742
405 744
593 744
381 747
442 747
554 749
733 750
454 752
248 753
619 753
399 756
198 756
411 757
657 758
727 759
862 760
309 760
727 761
868 761
39 763
814 763
583 764
465 766
611 767
75 767
456 768
239 769
684 769
13 770
493 770
916 771
907 773
111 775
77 775
245 776
296 777
171 779
588 780
676 780
390 781
327 781
578 781
363 783
24 783
636 783
756 784
812 786
31 787
905 789
825 790
881 791
153 791
265 792
468 796
401 797
571 797
441 797
131 799
47 800
234 800
759 800
450 801
40 806
811 806
428 809
158 811
365 812
952 812
402 813
807 814
518 816
974 817
936 817
20 819
35 821
59 823
214 824
809 824
535 825
209 827
178 828
323 830
853 831
721 831
550 832
252 832
549 832
373 835
58 836
544 837
766 840
863 840
486 840
662 843
771 844
384 845
462 846
395 847
211 847
822 852
656 853
477 853
871 855
60 856
480 856
100 858
952 858
784 859
87 860
182 861
905 862
628 863
311 864
514 864
950 866
40 866
109 867
237 867
463 869
669 869
958 870
451 870
972 871
644 872
347 873
444 873
91 874
251 877
300 877
800 880
722 882
580 883
172 884
537 885
533 885
274 885
91 886
5 886
969 887
383 889
873 890
403 892
709 900
494 901
156 901
809 903
20 905
544 905
572 905
262 906
59 906
578 907
255 909
667 910
54 910
832 911
229 911
116 914
964 914
358 914
461 915
203 917
971 918
164 921
655 924
599 924
833 928
3 931
890 931
633 931
423 932
738 933
582 936
252 936
355 937
642 937
425 939
212 940
778 940
509 942
925 943
592 944
568 944
282 945
9 945
307 947
799 947
762 951
381 951
105 951
589 953
435 954
294 955
584 956
416 957
361 959
186 960
309 961
528 962
811 962
400 962
862 963
814 964
75 967
632 967
538 967
301 968
939 969
925 970
161 972
853 974
416 975
760 975
728 977
553 977
219 978
656 978
370 980
834 984
206 985
208 985
963 986
655 987
866 988
138 988
75 989
470 989
370 990
109 991
332 992
582 993
191 994
450 995
347 995
194 996
988 997
814 997
439 997
489 997
256 998
506 998
101 999
68 999
11 999
405 1000
75 1000
