1000
345 0
347 0
350 1
19 1
295 2
34 3
414 4
224 5
668 7
197 8
504 8
230 8
322 8
477 10
740 11
224 11
175 16
45 16
367 17
181 18
819 18
670 19
848 19
207 20
779 21
52 23
770 24
363 25
768 25
712 26
729 26
651 26
841 28
765 29
204 30
534 30
543 30
611 31
704 31
692 32
841 33
221 34
493 34
794 35
334 37
187 37
890 40
934 40
646 43
268 43
22 43
816 43
749 45
59 45
783 48
510 48
426 49
358 50
745 50
568 52
252 52
640 52
752 54
767 54
788 56
602 56
20 56
539 56
992 57
229 60
891 63
257 63
447 63
933 64
386 65
256 65
130 65
685 66
718 68
502 71
900 71
603 72
519 75
141 76
765 76
748 77
327 78
839 80
756 81
656 83
286 84
24 85
704 85
123 89
30 90
62 90
738 91
338 91
429 92
799 92
940 93
301 93
857 94
762 94
41 94
376 95
583 95
75 95
34 96
863 97
172 98
131 98
211 99
891 100
622 100
881 101
117 102
686 102
619 104
390 106
100 107
406 108
195 108
997 109
47 111
406 111
465 113
208 114
773 115
856 115
111 116
881 117
491 121
800 123
768 123
931 123
875 124
34 124
739 125
251 126
38 131
299 132
59 133
840 133
1000 133
620 135
418 138
743 138
185 139
276 139
637 139
582 141
800 141
907 143
326 146
955 146
155 147
803 147
383 149
596 149
438 149
459 150
431 151
628 154
447 154
264 155
916 155
941 160
559 160
632 161
922 161
591 162
490 163
829 163
247 165
654 166
330 166
294 167
59 168
193 169
113 171
713 171
552 172
138 173
614 174
295 174
74 174
802 175
168 175
187 176
510 176
764 177
122 178
838 179
687 179
551 180
738 181
514 181
715 181
453 181
808 186
814 186
205 186
568 186
192 187
710 187
690 188
269 188
692 190
920 190
230 191
648 191
108 193
851 194
203 194
174 194
953 194
808 195
114 195
487 195
864 196
979 196
595 197
876 200
795 201
165 201
685 202
760 202
426 202
706 202
219 202
645 204
960 205
964 205
387 206
504 206
561 210
473 210
963 210
603 211
190 211
851 211
201 211
610 212
729 213
374 214
436 214
924 214
27 216
572 216
527 217
747 217
827 219
610 219
393 222
578 223
273 223
965 224
595 226
877 227
728 227
339 229
123 229
321 231
863 231
111 231
571 232
347 232
810 232
816 232
387 232
65 233
738 235
434 237
296 239
554 240
465 242
738 242
48 244
121 244
766 247
845 247
406 247
871 249
621 249
224 250
894 250
173 254
431 255
4 255
654 256
263 256
583 256
764 257
945 258
593 260
644 260
307 263
214 264
450 265
538 265
991 265
292 265
167 266
949 268
100 268
720 269
674 271
956 271
79 272
288 272
486 273
862 276
2 276
540 277
141 279
307 279
544 280
612 281
878 281
781 281
836 282
822 286
861 287
458 291
962 291
988 291
196 292
794 293
395 294
497 295
580 297
476 298
513 298
835 301
29 302
776 302
637 303
75 303
983 306
235 308
751 309
515 310
648 311
20 313
887 315
850 315
81 315
216 317
402 318
12 321
425 323
231 324
511 325
503 325
557 326
145 327
907 327
551 328
446 329
278 329
878 330
178 331
437 332
411 333
45 336
868 336
496 336
840 338
495 338
895 339
675 341
836 342
411 343
432 344
448 345
148 345
300 346
42 349
123 349
49 349
105 351
381 352
187 352
573 353
632 353
78 354
242 354
304 355
693 355
65 355
557 357
36 360
581 361
195 361
992 361
580 362
276 362
542 364
608 364
762 366
743 368
523 369
246 369
481 371
354 372
285 372
214 372
143 374
393 374
569 374
659 375
208 375
60 377
795 377
742 377
369 378
598 378
875 378
288 379
749 379
182 380
285 382
864 382
925 383
690 383
867 384
715 385
658 386
49 388
451 389
229 390
882 390
830 391
325 393
639 394
479 394
565 395
703 395
36 397
207 398
466 399
977 400
246 403
383 403
205 404
875 406
106 406
4 407
928 411
774 413
493 414
739 416
247 417
520 418
409 418
447 420
820 420
417 420
355 421
431 421
908 422
309 423
205 424
454 424
223 424
12 425
29 427
132 430
781 431
319 432
274 433
548 434
503 434
256 435
733 435
476 437
894 438
379 438
917 440
50 443
948 443
653 445
831 445
982 445
355 447
967 451
282 452
879 454
941 456
74 456
45 458
867 459
1 459
425 460
14 460
884 461
964 463
597 463
942 463
57 464
34 465
373 466
797 466
453 467
946 467
525 468
114 472
570 473
652 473
87 474
137 475
686 476
372 477
193 480
8 480
931 482
417 483
186 484
537 484
786 488
63 489
20 489
447 491
282 491
460 492
749 492
71 493
170 493
148 493
54 494
41 495
78 495
549 495
775 497
745 500
381 501
132 502
703 502
464 503
312 504
774 504
22 504
21 504
894 505
302 505
547 507
715 508
506 509
256 511
60 513
215 513
729 514
608 516
818 517
409 518
739 520
617 520
840 521
741 524
290 525
577 525
444 527
885 527
430 528
384 529
826 529
51 530
719 530
609 531
895 532
259 532
123 532
390 532
820 532
814 536
603 536
999 537
454 537
688 538
958 539
412 539
742 539
139 541
583 541
576 542
568 543
32 544
137 544
287 545
495 546
886 547
41 547
369 547
719 548
717 548
734 550
952 552
322 554
993 555
250 555
107 556
338 556
386 556
554 557
777 560
153 560
171 561
803 562
573 562
593 563
842 563
98 564
604 566
900 567
767 568
602 569
894 569
8 571
510 573
305 573
704 575
307 575
51 576
825 578
559 580
784 580
826 580
120 582
825 583
514 585
918 585
57 586
509 587
445 587
746 587
728 587
887 593
751 594
299 594
717 594
588 595
941 596
527 597
819 598
912 599
958 599
701 599
973 602
99 603
377 604
668 605
174 605
346 609
880 615
725 616
384 617
187 617
364 618
194 618
649 618
391 618
799 620
273 621
846 622
942 624
244 625
850 625
67 625
683 627
865 628
750 628
765 628
333 629
173 629
495 630
236 630
75 631
885 633
125 635
123 635
356 636
419 638
895 638
293 641
626 641
675 641
943 642
292 644
590 645
572 645
876 647
952 652
188 654
430 655
500 655
6 656
184 656
251 657
218 660
582 661
387 662
419 663
796 663
409 664
527 667
182 667
385 668
829 673
335 676
579 678
139 682
930 683
374 684
168 685
835 685
21 685
475 686
498 686
389 687
17 688
192 690
521 691
415 691
537 693
883 693
88 693
650 694
256 694
243 695
379 697
931 697
255 697
729 698
679 698
726 698
309 700
402 700
191 701
579 701
834 703
385 703
230 703
335 704
623 709
492 709
978 710
589 712
661 714
771 715
124 715
179 717
675 718
105 718
470 718
5 719
98 719
773 721
25 722
255 723
401 725
548 728
558 728
574 729
70 730
574 733
326 734
42 735
17 736
343 737
689 740
125 740
122 740
194 740
446 741
995 741
132 744
137 747
270 747
576 750
101 752
397 754
433 754
843 755
869 756
177 757
751 758
665 759
546 760
814 760
718 761
156 764
754 766
66 768
856 768
777 769
535 769
547 769
914 770
990 771
541 773
788 776
510 778
421 778
494 778
877 781
634 781
904 781
397 781
821 782
717 783
702 783
346 783
763 783
86 785
621 786
905 793
72 796
697 797
740 798
755 799
220 800
364 800
287 801
580 801
421 803
99 806
996 806
358 806
660 807
36 807
814 807
462 808
334 812
111 812
312 813
92 813
622 814
351 814
935 814
59 815
49 815
670 816
556 817
80 818
566 819
681 821
185 822
96 822
932 822
204 822
870 823
702 824
377 825
34 825
720 826
132 826
118 827
813 829
643 829
17 830
572 830
378 831
771 831
48 832
535 832
629 837
281 838
287 839
364 839
999 839
580 839
123 844
380 846
428 846
184 847
267 848
927 849
153 850
90 851
41 855
77 855
741 856
320 856
104 862
672 863
209 865
640 866
329 867
816 870
294 872
97 873
966 875
540 875
525 875
794 877
378 878
118 878
727 881
640 881
65 883
750 883
739 884
513 885
161 886
731 886
481 887
751 887
431 888
282 889
696 889
934 892
717 892
734 896
166 896
808 897
411 899
348 899
271 900
154 901
605 903
233 904
876 905
509 905
831 908
629 909
171 913
73 913
860 913
318 915
864 916
302 917
850 920
776 921
242 922
489 923
78 923
146 924
520 926
935 928
898 929
133 930
300 932
629 934
363 934
685 935
336 935
791 936
199 936
64 938
501 941
478 944
464 944
943 946
235 946
476 946
539 948
499 950
766 950
862 952
26 952
109 952
743 953
508 956
106 956
366 959
892 961
211 962
230 963
545 964
999 964
927 966
364 967
848 968
204 969
497 970
534 971
261 973
406 974
150 978
690 979
901 980
801 980
482 980
586 981
49 984
730 987
369 987
800 988
642 989
824 989
107 989
962 991
322 992
317 993
18 993
1000 993
25 997
521 998
993 998
