1000
740 2147483637
515 2147483637
333 2147483637
603 2147483637
356 2147483637
440 2147483637
86 2147483637
995 2147483637
345 2147483637
109 2147483637
480 2147483637
638 2147483637
80 2147483637
757 2147483637
415 2147483637
405 2147483637
759 2147483637
991 2147483637
636 2147483637
809 2147483637
907 2147483637
25 2147483637
143 2147483637
982 2147483637
819 2147483637
348 2147483637
135 2147483637
561 2147483637
514 2147483637
175 2147483637
887 2147483637
291 2147483637
673 2147483637
324 2147483637
649 2147483637
590 2147483637
263 2147483637
442 2147483637
283 2147483637
196 2147483637
665 2147483637
969 2147483637
979 2147483637
978 2147483637
734 2147483637
170 2147483637
510 2147483637
308 2147483637
592 2147483637
437 2147483637
35 2147483637
198 2147483637
663 2147483637
849 2147483637
27 2147483637
518 2147483637
179 2147483637
343 2147483637
963 2147483637
235 2147483637
408 2147483637
695 2147483637
948 2147483637
944 2147483637
29 2147483637
854 2147483637
572 2147483637
491 2147483637
848 2147483637
466 2147483637
276 2147483637
933 2147483637
215 2147483637
784 2147483637
785 2147483637
428 2147483637
521 2147483637
106 2147483637
501 2147483637
222 2147483637
17 2147483637
844 2147483637
204 2147483637
885 2147483637
115 2147483637
573 2147483637
729 2147483637
44 2147483637
231 2147483637
167 2147483637
273 2147483637
940 2147483637
136 2147483637
253 2147483637
999 2147483637
941 2147483637
301 2147483637
696 2147483637
49 2147483637
145 2147483637
553 2147483637
445 2147483637
956 2147483637
581 2147483637
757 2147483637
545 2147483637
502 2147483637
653 2147483637
591 2147483637
343 2147483637
60 2147483637
260 2147483637
829 2147483637
343 2147483637
686 2147483637
663 2147483638
306 2147483638
305 2147483638
790 2147483638
320 2147483638
531 2147483638
867 2147483638
683 2147483638
895 2147483638
85 2147483638
521 2147483638
633 2147483638
558 2147483638
678 2147483638
950 2147483638
797 2147483638
508 2147483638
271 2147483638
348 2147483638
487 2147483638
583 2147483638
232 2147483638
516 2147483638
705 2147483638
863 2147483638
274 2147483638
237 2147483638
233 2147483638
107 2147483638
855 2147483638
274 2147483638
994 2147483638
68 2147483638
482 2147483638
223 2147483638
260 2147483638
793 2147483638
6 2147483638
713 2147483638
897 2147483638
188 2147483638
217 2147483638
196 2147483638
825 2147483638
144 2147483638
379 2147483638
474 2147483638
262 2147483638
218 2147483638
441 2147483638
981 2147483638
60 2147483638
332 2147483638
280 2147483638
539 2147483638
481 2147483638
690 2147483638
35 2147483638
998 2147483638
915 2147483638
689 2147483638
875 2147483638
988 2147483638
178 2147483638
79 2147483638
518 2147483638
107 2147483638
206 2147483638
820 2147483638
224 2147483638
344 2147483638
762 2147483638
218 2147483638
762 2147483638
328 2147483638
189 2147483638
18 2147483638
631 2147483638
406 2147483638
634 2147483638
207 2147483638
564 2147483638
879 2147483638
705 2147483638
545 2147483638
800 2147483638
783 2147483638
802 2147483638
3 2147483638
387 2147483639
711 2147483639
443 2147483639
204 2147483639
116 2147483639
624 2147483639
700 2147483639
213 2147483639
780 2147483639
805 2147483639
22 2147483639
34 2147483639
266 2147483639
256 2147483639
976 2147483639
821 2147483639
116 2147483639
487 2147483639
101 2147483639
149 2147483639
274 2147483639
326 2147483639
616 2147483639
494 2147483639
624 2147483639
93 2147483639
796 2147483639
177 2147483639
256 2147483639
555 2147483639
960 2147483639
57 2147483639
609 2147483639
931 2147483639
530 2147483639
947 2147483639
378 2147483639
558 2147483639
746 2147483639
326 2147483639
31 2147483639
273 2147483639
248 2147483639
431 2147483639
569 2147483639
902 2147483639
921 2147483639
253 2147483639
796 2147483639
221 2147483639
712 2147483639
118 2147483639
110 2147483639
683 2147483639
211 2147483639
740 2147483639
265 2147483639
559 2147483639
914 2147483639
315 2147483639
519 2147483639
104 2147483639
897 2147483639
287 2147483639
47 2147483639
503 2147483639
960 2147483639
495 2147483639
971 2147483639
746 2147483639
394 2147483639
867 2147483639
80 2147483639
403 2147483639
298 2147483639
1 2147483639
502 2147483639
35 2147483640
774 2147483640
884 2147483640
75 2147483640
545 2147483640
177 2147483640
653 2147483640
500 2147483640
922 2147483640
116 2147483640
432 2147483640
759 2147483640
860 2147483640
82 2147483640
691 2147483640
130 2147483640
812 2147483640
888 2147483640
590 2147483640
985 2147483640
13 2147483640
794 2147483640
607 2147483640
916 2147483640
88 2147483640
427 2147483640
270 2147483640
783 2147483640
758 2147483640
619 2147483640
375 2147483640
317 2147483640
555 2147483640
669 2147483640
984 2147483640
621 2147483640
849 2147483640
971 2147483640
598 2147483640
260 2147483640
646 2147483640
480 2147483640
21 2147483640
231 2147483640
944 2147483640
772 2147483640
803 2147483640
932 2147483640
374 2147483640
987 2147483640
692 2147483640
561 2147483640
106 2147483640
537 2147483640
618 2147483640
629 2147483640
861 2147483640
526 2147483640
802 2147483640
221 2147483640
499 2147483640
739 2147483640
791 2147483640
196 2147483640
82 2147483640
52 2147483640
874 2147483640
401 2147483640
114 2147483640
106 2147483640
564 2147483640
820 2147483640
752 2147483640
453 2147483640
384 2147483640
148 2147483640
191 2147483641
333 2147483641
59 2147483641
286 2147483641
386 2147483641
57 2147483641
168 2147483641
496 2147483641
608 2147483641
987 2147483641
875 2147483641
872 2147483641
538 2147483641
758 2147483641
959 2147483641
173 2147483641
55 2147483641
260 2147483641
292 2147483641
885 2147483641
157 2147483641
764 2147483641
110 2147483641
177 2147483641
133 2147483641
625 2147483641
494 2147483641
506 2147483641
253 2147483641
948 2147483641
448 2147483641
653 2147483641
229 2147483641
507 2147483641
794 2147483641
590 2147483641
533 2147483641
442 2147483641
734 2147483641
451 2147483641
178 2147483641
171 2147483641
360 2147483641
79 2147483641
630 2147483641
35 2147483641
481 2147483641
727 2147483641
710 2147483641
562 2147483641
764 2147483641
952 2147483641
419 2147483641
464 2147483641
405 2147483641
295 2147483641
537 2147483641
161 2147483641
998 2147483641
681 2147483641
812 2147483641
124 2147483641
56 2147483641
727 2147483641
74 2147483641
645 2147483641
744 2147483641
869 2147483641
635 2147483641
111 2147483641
81 2147483641
635 2147483641
445 2147483642
79 2147483642
620 2147483642
415 2147483642
696 2147483642
56 2147483642
866 2147483642
332 2147483642
739 2147483642
321 2147483642
485 2147483642
307 2147483642
223 2147483642
952 2147483642
903 2147483642
379 2147483642
453 2147483642
486 2147483642
430 2147483642
864 2147483642
153 2147483642
964 2147483642
694 2147483642
960 2147483642
42 2147483642
735 2147483642
530 2147483642
923 2147483642
281 2147483642
769 2147483642
94 2147483642
628 2147483642
358 2147483642
633 2147483642
976 2147483642
795 2147483642
719 2147483642
962 2147483642
14 2147483642
327 2147483642
728 2147483642
873 2147483642
635 2147483642
665 2147483642
789 2147483642
203 2147483642
479 2147483642
505 2147483642
541 2147483642
959 2147483642
649 2147483642
896 2147483642
124 2147483642
971 2147483642
26 2147483642
706 2147483642
588 2147483642
632 2147483642
698 2147483642
415 2147483642
189 2147483642
536 2147483642
827 2147483642
192 2147483642
767 2147483642
256 2147483642
517 2147483642
391 2147483642
320 2147483642
346 2147483642
809 2147483642
896 2147483642
731 2147483642
165 2147483642
401 2147483642
587 2147483642
89 2147483642
902 2147483642
58 2147483642
200 2147483642
468 2147483642
389 2147483642
1 2147483642
265 2147483642
660 2147483642
460 2147483642
701 2147483642
471 2147483642
569 2147483642
371 2147483642
954 2147483642
522 2147483643
881 2147483643
783 2147483643
391 2147483643
627 2147483643
610 2147483643
951 2147483643
742 2147483643
316 2147483643
346 2147483643
774 2147483643
520 2147483643
79 2147483643
379 2147483643
263 2147483643
175 2147483643
261 2147483643
150 2147483643
994 2147483643
595 2147483643
867 2147483643
581 2147483643
139 2147483643
598 2147483643
329 2147483643
332 2147483643
100 2147483643
764 2147483643
700 2147483643
642 2147483643
389 2147483643
239 2147483643
992 2147483643
550 2147483643
822 2147483643
613 2147483643
553 2147483643
706 2147483643
186 2147483643
133 2147483643
180 2147483643
296 2147483643
1 2147483643
35 2147483643
31 2147483643
407 2147483643
952 2147483643
770 2147483643
277 2147483643
784 2147483643
957 2147483643
104 2147483643
426 2147483643
807 2147483643
119 2147483643
556 2147483643
461 2147483643
450 2147483643
566 2147483643
415 2147483643
388 2147483643
248 2147483643
357 2147483643
52 2147483643
224 2147483643
365 2147483643
528 2147483643
573 2147483643
911 2147483643
27 2147483643
389 2147483643
374 2147483643
440 2147483643
128 2147483643
909 2147483643
679 2147483643
448 2147483643
193 2147483643
758 2147483643
422 2147483643
9 2147483643
945 2147483643
428 2147483643
89 2147483643
35 2147483643
66 2147483643
619 2147483643
26 2147483643
41 2147483643
804 2147483643
519 2147483643
421 2147483643
564 2147483643
14 2147483643
167 2147483643
810 2147483643
377 2147483643
687 2147483643
739 2147483643
795 2147483643
961 2147483643
37 2147483643
241 2147483643
252 2147483643
783 2147483643
958 2147483643
378 2147483643
578 2147483644
376 2147483644
954 2147483644
222 2147483644
345 2147483644
187 2147483644
524 2147483644
593 2147483644
804 2147483644
624 2147483644
759 2147483644
791 2147483644
319 2147483644
485 2147483644
902 2147483644
320 2147483644
41 2147483644
971 2147483644
124 2147483644
74 2147483644
519 2147483644
410 2147483644
260 2147483644
935 2147483644
842 2147483644
309 2147483644
615 2147483644
604 2147483644
745 2147483644
390 2147483644
417 2147483644
262 2147483644
653 2147483644
285 2147483644
177 2147483644
412 2147483644
427 2147483644
340 2147483644
840 2147483644
337 2147483644
680 2147483644
554 2147483644
998 2147483644
650 2147483644
529 2147483644
100 2147483644
430 2147483644
84 2147483644
571 2147483644
551 2147483644
456 2147483644
436 2147483644
103 2147483644
184 2147483644
940 2147483644
411 2147483644
939 2147483644
146 2147483644
545 2147483644
27 2147483644
885 2147483644
445 2147483644
841 2147483644
408 2147483644
213 2147483644
282 2147483644
291 2147483644
785 2147483644
210 2147483644
792 2147483644
835 2147483644
487 2147483644
756 2147483644
538 2147483644
455 2147483644
784 2147483644
599 2147483644
358 2147483644
261 2147483644
233 2147483644
705 2147483644
784 2147483644
258 2147483644
547 2147483644
538 2147483644
5 2147483644
150 2147483644
1 2147483644
767 2147483644
620 2147483644
93 2147483644
982 2147483644
735 2147483644
575 2147483644
101 2147483644
352 2147483644
887 2147483645
391 2147483645
181 2147483645
401 2147483645
680 2147483645
584 2147483645
559 2147483645
149 2147483645
908 2147483645
499 2147483645
635 2147483645
373 2147483645
272 2147483645
369 2147483645
871 2147483645
383 2147483645
756 2147483645
378 2147483645
455 2147483645
161 2147483645
376 2147483645
25 2147483645
685 2147483645
977 2147483645
646 2147483645
675 2147483645
206 2147483645
234 2147483645
982 2147483645
836 2147483645
451 2147483645
63 2147483645
226 2147483645
790 2147483645
289 2147483645
407 2147483645
837 2147483645
697 2147483645
636 2147483645
234 2147483645
892 2147483645
490 2147483645
923 2147483645
502 2147483645
187 2147483645
274 2147483645
321 2147483645
186 2147483645
471 2147483645
92 2147483645
26 2147483645
133 2147483645
965 2147483645
206 2147483645
829 2147483645
878 2147483645
948 2147483645
346 2147483645
413 2147483645
24 2147483645
648 2147483645
769 2147483645
550 2147483645
402 2147483645
723 2147483645
406 2147483645
838 2147483645
389 2147483645
651 2147483645
719 2147483645
21 2147483645
679 2147483645
362 2147483645
803 2147483645
18 2147483645
4 2147483646
53 2147483646
992 2147483646
602 2147483646
716 2147483646
296 2147483646
928 2147483646
504 2147483646
376 2147483646
85 2147483646
461 2147483646
96 2147483646
890 2147483646
605 2147483646
37 2147483646
180 2147483646
158 2147483646
992 2147483646
493 2147483646
150 2147483646
253 2147483646
670 2147483646
114 2147483646
254 2147483646
872 2147483646
965 2147483646
796 2147483646
881 2147483646
333 2147483646
492 2147483646
974 2147483646
716 2147483646
625 2147483646
523 2147483646
36 2147483646
689 2147483646
892 2147483646
442 2147483646
250 2147483646
354 2147483646
524 2147483646
740 2147483646
859 2147483646
869 2147483646
538 2147483646
953 2147483646
798 2147483646
385 2147483646
886 2147483646
677 2147483646
997 2147483646
188 2147483646
657 2147483646
342 2147483646
994 2147483646
182 2147483646
34 2147483646
519 2147483646
509 2147483646
502 2147483646
661 2147483646
961 2147483646
40 2147483646
144 2147483646
664 2147483646
629 2147483646
178 2147483646
581 2147483646
667 2147483646
205 2147483646
335 2147483646
852 2147483646
101 2147483646
927 2147483646
293 2147483646
183 2147483646
746 2147483646
1000 2147483646
589 2147483646
776 2147483646
727 2147483646
125 2147483646
229 2147483646
476 2147483646
595 2147483646
936 2147483646
549 2147483646
772 2147483646
14 2147483646
664 2147483646
968 2147483646
444 2147483646
147 2147483646
517 2147483646
144 2147483646
898 2147483646
166 2147483646
370 2147483646
69 2147483646
970 2147483646
404 2147483646
460 2147483646
226 2147483646
692 2147483646
7 2147483646
384 2147483647
278 2147483647
358 2147483647
986 2147483647
556 2147483647
911 2147483647
342 2147483647
260 2147483647
65 2147483647
129 2147483647
620 2147483647
167 2147483647
626 2147483647
605 2147483647
578 2147483647
972 2147483647
647 2147483647
219 2147483647
961 2147483647
761 2147483647
818 2147483647
975 2147483647
793 2147483647
381 2147483647
786 2147483647
831 2147483647
584 2147483647
763 2147483647
767 2147483647
212 2147483647
674 2147483647
990 2147483647
625 2147483647
510 2147483647
699 2147483647
794 2147483647
638 2147483647
778 2147483647
724 2147483647
773 2147483647
823 2147483647
809 2147483647
667 2147483647
897 2147483647
444 2147483647
364 2147483647
28 2147483647
325 2147483647
292 2147483647
478 2147483647
457 2147483647
714 2147483647
938 2147483647
106 2147483647
15 2147483647
800 2147483647
142 2147483647
933 2147483647
394 2147483647
639 2147483647
180 2147483647
460 2147483647
664 2147483647
361 2147483647
254 2147483647
466 2147483647
158 2147483647
536 2147483647
941 2147483647
838 2147483647
247 2147483647
151 2147483647
656 2147483647
937 2147483647
694 2147483647
875 2147483647
325 2147483647
899 2147483647
822 2147483647
550 2147483647
988 2147483647
465 2147483647
786 2147483647
880 2147483647
282 2147483647
969 2147483647
482 2147483647
59 2147483647
140 2147483647
360 2147483647
790 2147483647
700 2147483647
454 2147483647
882 2147483647
287 2147483647
929 2147483647
625 2147483647
