1000
250 1
660 1
471 3
53 3
723 3
648 3
853 4
56 4
734 6
230 8
716 8
529 9
922 9
792 9
162 10
800 16
191 16
297 16
932 19
514 22
87 22
193 23
959 23
20 23
148 24
379 28
907 29
256 31
182 32
392 34
602 34
229 35
358 36
597 37
958 37
488 38
825 41
22 41
477 42
647 43
533 44
626 45
329 47
405 48
770 48
265 51
850 52
595 52
833 54
775 58
985 59
525 60
859 60
187 63
573 64
776 66
112 67
5 68
165 68
746 69
459 70
490 71
408 74
803 75
618 75
279 76
214 76
363 76
764 78
856 79
38 79
684 80
245 80
362 83
133 83
241 83
441 85
431 85
82 86
958 86
498 87
49 87
494 91
660 91
97 92
36 93
281 94
533 96
112 96
940 99
954 100
996 100
882 101
726 102
305 103
894 103
199 103
559 103
944 103
693 104
275 107
560 107
958 108
381 108
468 111
899 113
333 114
397 115
290 115
797 116
231 117
947 117
753 118
292 118
613 119
50 121
863 122
247 124
691 126
711 127
258 128
944 129
71 129
92 130
290 131
902 131
516 132
896 132
21 132
209 134
686 134
239 135
633 136
405 136
48 138
702 138
339 139
692 141
901 141
707 143
391 143
382 144
978 145
878 146
402 148
376 148
992 150
314 153
221 155
809 156
224 156
256 156
927 157
519 158
110 158
39 160
469 161
68 161
705 163
715 164
553 164
769 165
95 166
401 167
913 168
604 168
619 170
359 170
491 171
390 171
555 172
765 174
63 175
840 175
364 176
664 177
765 178
131 178
425 178
506 179
745 180
613 181
598 181
623 181
377 185
218 186
269 189
468 189
647 192
976 193
475 193
908 196
77 197
70 197
772 197
357 198
366 198
410 199
764 200
90 200
881 201
476 203
878 204
167 205
857 206
228 207
846 207
175 207
39 208
166 208
778 210
128 211
413 214
109 215
196 215
256 215
209 215
669 215
770 218
778 218
336 218
652 220
295 221
167 222
383 223
835 226
509 227
195 228
74 229
86 231
966 233
662 235
686 237
151 237
899 240
765 241
932 241
946 242
848 242
260 243
587 244
623 245
398 247
821 247
205 248
335 248
621 249
686 250
931 251
619 251
490 252
357 252
827 253
745 253
332 256
538 256
703 257
76 258
975 259
186 259
925 260
870 262
500 262
484 262
741 263
900 264
121 267
185 268
105 268
21 270
377 270
382 270
353 270
721 271
338 272
364 274
13 274
716 277
855 277
873 280
252 282
999 282
477 286
501 287
925 291
152 292
389 293
597 294
86 295
352 295
445 296
302 297
348 298
42 301
37 301
481 301
341 304
606 304
933 305
682 309
797 310
470 310
630 310
660 310
571 311
935 315
494 316
971 317
751 320
528 320
583 321
425 322
221 323
867 325
136 325
342 325
412 325
934 326
233 327
858 328
457 329
247 335
647 336
25 338
665 339
990 340
766 340
89 340
778 341
271 342
105 343
138 343
627 344
16 344
364 345
616 346
340 347
417 348
921 350
466 350
24 350
563 351
402 354
363 355
643 356
866 357
404 358
336 362
309 363
607 363
469 365
116 366
8 366
92 367
385 369
39 369
343 370
160 372
95 373
110 374
254 375
958 375
553 375
178 375
874 376
976 376
187 376
511 378
487 379
68 381
197 381
797 383
95 384
862 389
994 389
777 390
725 390
289 392
503 396
537 399
76 399
119 399
946 400
349 400
460 400
918 401
578 406
939 406
469 406
446 406
996 406
480 407
515 407
971 409
912 409
679 409
140 409
795 409
28 410
153 414
793 415
858 415
282 417
605 421
889 422
467 425
374 425
55 425
825 425
413 427
775 428
987 428
406 429
669 429
590 430
308 432
598 434
738 435
472 436
256 438
480 438
438 438
542 438
409 441
929 441
474 441
994 442
8 442
839 444
568 445
888 445
14 447
27 447
957 448
534 449
459 449
569 449
89 450
179 450
336 450
875 451
937 451
364 452
560 452
977 453
779 453
326 453
34 454
898 455
796 456
843 457
420 457
330 459
406 461
155 462
789 462
903 462
189 464
805 465
26 468
486 468
817 468
575 471
477 471
108 472
65 473
59 477
862 477
945 477
258 479
483 480
775 482
607 482
486 483
892 483
139 483
415 483
958 484
484 484
900 487
892 487
939 489
618 490
681 491
506 491
834 494
42 496
997 497
228 498
104 499
205 499
868 501
721 502
498 504
575 504
431 505
870 506
629 508
254 508
973 510
539 511
980 511
413 514
869 515
436 515
601 515
237 516
772 516
228 518
763 520
85 520
78 520
59 521
435 522
317 522
570 522
467 523
551 523
427 524
406 525
592 525
549 526
900 526
880 527
458 527
806 527
507 528
838 529
691 531
680 531
346 532
951 533
659 535
790 536
512 537
659 539
846 540
466 543
564 543
181 544
131 545
312 545
390 546
77 546
786 547
534 547
310 552
836 552
916 554
173 554
95 554
142 555
921 556
318 556
272 558
487 559
646 559
581 559
37 561
458 561
341 561
124 562
69 564
55 565
113 565
792 568
462 570
957 572
67 574
999 574
231 575
305 575
204 576
638 576
961 577
136 580
942 580
872 580
100 581
207 583
357 584
898 588
24 590
626 591
151 592
141 592
554 594
324 594
374 594
286 595
2 596
757 597
966 598
534 599
895 600
205 600
214 601
911 603
91 603
533 603
844 604
961 605
795 607
800 607
202 607
823 608
539 608
623 610
202 611
541 611
288 612
572 612
112 613
894 613
421 613
722 616
3 616
330 617
861 619
868 619
145 620
300 620
244 620
263 621
300 621
334 621
157 622
188 625
197 627
113 628
510 631
687 631
854 632
443 633
371 633
571 634
627 634
711 635
795 637
254 638
701 639
971 639
892 639
369 639
954 639
17 639
774 640
274 642
388 642
135 644
536 645
701 645
539 645
965 645
104 645
481 645
509 648
587 650
635 651
191 652
682 652
665 653
822 660
778 660
403 662
310 663
359 665
99 665
830 666
688 667
760 667
236 668
585 669
971 669
991 669
866 670
650 672
284 673
577 674
993 674
861 674
850 677
381 678
633 679
638 679
256 680
661 682
590 684
641 685
977 686
66 686
628 686
858 686
972 686
274 688
264 690
360 691
44 691
75 694
553 694
17 694
231 695
452 696
614 698
417 698
724 701
31 706
39 707
265 707
722 708
224 709
270 710
576 711
941 712
338 713
233 713
415 715
680 716
503 717
694 718
65 718
910 718
403 721
692 722
596 725
123 726
60 727
599 727
277 728
579 732
374 732
763 733
619 733
522 734
983 735
471 737
84 739
820 740
612 741
823 743
220 743
368 744
303 745
675 747
70 747
455 748
290 748
733 751
605 752
7 754
560 755
593 757
455 758
526 758
768 760
409 761
643 762
28 766
828 767
76 769
55 769
987 770
542 771
304 772
842 772
623 773
294 775
796 777
420 779
75 780
555 780
471 781
368 781
888 781
643 781
787 783
40 784
307 785
177 786
995 789
349 790
619 790
226 790
629 792
667 792
367 793
127 794
929 795
995 795
104 797
704 798
563 799
20 800
77 800
100 801
469 801
283 802
142 803
209 804
970 804
133 807
84 809
131 812
880 813
185 814
465 814
97 814
841 815
960 815
29 816
401 817
339 819
352 819
630 820
304 820
379 822
791 823
843 824
521 825
119 825
395 825
989 825
397 825
697 825
246 826
767 826
749 826
515 826
849 827
312 828
878 828
144 829
770 831
484 831
593 831
177 832
376 833
442 834
400 834
868 834
419 836
61 839
323 839
186 841
952 841
727 845
78 846
688 847
821 849
181 849
94 850
436 851
230 851
896 851
187 851
414 851
871 852
921 852
323 852
562 854
804 855
536 859
927 859
803 860
991 861
259 863
474 863
149 866
730 867
403 869
149 869
848 869
16 871
577 872
454 873
461 874
650 876
293 876
242 877
932 879
192 880
238 881
964 881
27 882
706 882
562 882
474 886
592 886
121 886
740 886
654 887
615 887
639 887
688 888
951 890
584 890
155 890
305 891
969 892
342 892
883 892
784 892
755 893
415 893
530 895
308 896
235 897
73 897
495 897
714 899
516 899
53 900
769 900
658 901
69 902
141 902
672 904
592 904
24 905
397 905
936 906
11 907
916 907
22 908
831 908
787 910
172 911
150 912
141 912
150 913
275 913
66 916
483 917
480 918
650 919
806 919
32 919
898 920
906 921
763 921
230 923
195 924
655 926
952 927
414 928
596 929
799 931
497 935
280 936
198 941
216 941
647 942
869 943
106 944
415 944
493 945
123 946
215 947
715 953
92 954
745 957
212 958
626 959
883 960
498 961
216 961
983 965
108 966
877 966
846 968
658 968
760 969
269 971
612 976
815 976
205 978
404 979
936 979
396 980
392 980
708 981
471 982
84 984
268 984
938 985
487 986
456 987
131 989
139 990
221 993
50 994
175 994
112 994
919 995
114 998
697 999
211 999
805 1000
601 1000
545 1000
