365
510 0
594 5
888 8
653 9
898 13
316 14
75 21
437 25
533 26
488 27
649 27
959 27
882 30
186 30
39 31
132 36
924 36
866 42
708 42
468 44
118 44
467 49
514 51
327 52
927 57
938 58
601 58
608 60
86 61
966 65
336 66
879 67
332 69
390 70
874 70
783 74
833 76
387 79
797 80
704 81
653 81
981 82
272 84
765 85
67 86
908 87
393 87
293 92
818 96
613 98
679 100
550 102
966 105
196 107
606 109
757 114
514 115
63 117
907 118
371 128
376 128
924 131
712 131
922 137
961 141
878 144
404 153
698 155
735 159
962 162
580 165
725 165
243 165
296 170
35 171
743 172
233 173
865 174
984 180
527 183
549 184
853 186
443 186
128 189
960 190
147 191
345 196
879 202
808 203
189 206
276 207
870 212
777 215
69 216
363 219
794 221
598 223
563 224
990 230
587 237
856 243
108 245
704 247
620 248
168 254
313 257
177 260
23 264
226 270
250 273
419 276
506 278
197 278
192 279
400 280
546 287
8 287
416 287
269 290
861 291
882 293
996 296
806 297
881 298
798 299
244 302
249 308
608 309
345 313
198 316
917 316
586 321
484 321
832 324
38 326
705 327
758 333
173 339
616 339
807 344
377 351
20 354
316 354
211 355
355 357
451 358
251 358
388 361
962 362
502 365
153 369
189 372
34 373
182 375
644 377
677 379
786 380
707 382
782 383
328 387
669 390
37 391
315 402
728 405
103 410
582 411
878 414
518 416
101 417
221 419
598 419
690 420
577 433
4 440
985 441
166 442
978 445
252 452
431 458
512 458
98 459
959 459
932 460
639 467
660 467
630 468
230 468
614 469
427 469
892 472
204 475
742 477
997 481
994 482
189 483
550 486
234 486
71 488
624 490
103 493
126 493
461 498
743 500
334 507
346 509
12 524
281 525
942 526
449 527
781 527
891 528
365 529
590 532
774 533
881 534
875 536
795 537
124 547
644 547
271 547
495 552
829 553
691 558
418 559
901 560
183 561
31 562
288 564
364 566
748 569
482 571
749 572
71 573
576 582
123 585
509 589
51 589
129 600
269 600
143 600
689 605
742 613
646 614
234 617
835 619
231 621
337 623
747 624
574 633
107 633
310 647
31 650
726 664
40 667
990 672
188 675
646 679
370 680
940 680
548 683
4 685
651 696
744 696
621 698
165 702
265 702
312 705
573 712
115 712
359 712
778 719
122 737
698 739
929 744
481 744
371 756
175 757
894 759
88 760
895 761
159 762
440 764
438 779
926 780
963 782
981 783
925 784
366 786
176 786
824 787
329 788
812 789
23 791
179 801
997 801
365 804
202 804
900 806
297 810
183 811
240 815
37 819
58 821
200 821
601 830
176 831
590 832
528 836
792 837
238 842
32 842
371 843
476 844
785 851
239 853
904 854
812 858
373 858
421 865
18 865
748 869
624 872
524 872
534 874
411 876
117 880
79 884
322 885
662 885
697 886
567 891
4 898
239 900
656 907
456 908
797 915
85 915
151 915
719 921
858 930
553 933
734 935
288 943
157 943
388 945
972 949
774 951
529 953
249 954
650 956
882 960
778 960
945 963
622 963
475 970
466 971
796 978
333 980
217 984
709 989
918 993
345 994
551 998
604 999
733 1000
