675
9 0
18 0
166 1
71 2
164 4
94 4
119 4
43 5
103 5
114 7
154 7
120 8
15 9
153 10
167 12
92 12
51 13
117 13
39 13
127 14
57 14
30 14
138 15
134 16
133 18
99 20
122 20
131 20
93 20
136 20
149 21
62 23
56 23
168 23
82 23
115 24
81 25
58 25
137 25
99 26
24 27
96 28
101 28
22 28
43 29
136 29
60 29
120 29
44 30
138 30
119 30
25 31
151 31
162 32
38 33
112 34
52 34
118 34
123 35
6 37
24 37
161 37
51 38
5 40
128 40
157 40
51 41
165 41
51 42
42 43
133 43
113 44
142 44
168 44
107 44
133 45
49 45
142 45
7 45
145 46
25 47
137 49
141 50
93 50
16 50
5 50
82 51
62 51
94 54
156 54
82 56
64 57
86 58
4 59
62 59
147 60
161 60
73 61
81 62
27 64
112 65
129 66
44 66
103 66
145 67
89 68
119 68
48 68
89 69
143 70
115 71
146 71
139 71
77 72
152 73
95 73
95 73
5 73
1 75
110 75
6 75
91 75
59 76
65 78
116 78
18 79
158 79
45 79
88 79
91 80
161 80
78 81
8 82
159 83
152 83
140 84
25 84
82 84
61 85
118 85
76 85
2 85
15 87
150 87
20 88
86 88
131 88
20 90
22 90
23 90
34 91
146 91
45 91
61 92
46 92
140 93
76 94
48 94
137 94
51 95
72 96
21 98
67 98
105 99
10 99
93 100
120 101
81 102
112 103
64 105
76 105
158 105
95 107
137 108
161 108
38 109
135 109
59 109
137 109
86 110
1 110
113 112
44 112
59 113
63 114
157 114
150 115
91 116
132 116
164 116
52 116
38 118
75 119
116 119
85 120
87 120
31 121
40 121
93 122
53 122
136 122
95 123
14 124
151 124
168 124
86 126
91 126
113 128
113 129
40 130
113 131
146 132
48 133
140 136
120 137
53 137
76 138
26 139
55 140
17 140
24 140
89 141
72 142
141 144
10 144
30 144
69 145
37 145
88 145
140 146
55 146
46 146
163 147
140 147
1 149
56 149
64 150
105 150
36 150
80 152
32 154
31 154
140 155
52 155
62 155
53 156
83 156
29 157
4 157
43 158
94 158
163 158
11 159
30 159
138 160
108 160
22 162
73 162
65 162
142 164
84 165
150 165
126 165
103 165
126 165
49 165
166 167
13 168
38 169
57 170
44 170
148 170
39 171
111 171
100 171
32 172
120 172
124 173
110 173
8 174
149 174
140 177
122 177
43 177
92 177
6 179
134 179
43 180
45 180
16 181
128 181
91 183
128 183
117 184
60 184
67 184
19 184
66 184
125 186
43 186
74 187
65 187
45 187
93 189
21 189
138 189
30 190
45 190
32 190
106 193
13 193
119 193
155 193
22 194
87 194
80 194
37 195
138 195
160 195
16 195
144 196
18 196
44 197
59 197
141 197
52 197
152 200
161 201
136 201
53 201
54 204
36 204
142 204
105 204
80 205
114 205
137 206
22 206
46 207
105 207
140 208
60 208
36 209
134 209
162 210
9 211
23 211
31 213
34 214
147 214
49 214
46 215
135 215
27 215
115 215
74 215
136 216
142 216
168 217
42 218
15 218
62 218
124 219
58 220
73 221
55 221
32 221
104 221
130 222
50 222
109 223
103 223
11 225
146 225
163 226
14 227
161 227
120 229
57 230
167 230
63 230
101 230
161 231
141 231
1 232
14 232
124 232
11 233
111 234
88 234
90 235
100 235
128 235
105 236
128 236
95 236
51 236
64 237
14 237
146 238
66 238
122 238
31 240
12 240
149 240
67 241
136 242
107 245
73 247
10 248
14 248
101 249
112 249
9 249
134 249
82 249
78 250
120 251
135 251
61 251
150 252
77 253
26 253
63 254
50 254
38 255
62 255
23 256
136 257
89 257
44 257
144 257
49 257
115 258
89 259
76 261
113 261
60 261
13 262
151 263
5 263
51 263
32 263
142 263
119 265
126 265
151 265
88 266
50 266
78 266
1 267
97 267
133 268
111 269
165 269
53 273
136 273
87 273
15 273
125 273
144 273
68 275
12 275
114 278
3 278
136 279
88 279
50 281
46 281
20 281
52 283
66 284
9 285
155 285
28 285
100 286
51 288
110 288
57 289
131 291
120 292
79 292
120 293
12 294
35 295
32 295
152 296
62 296
50 297
108 298
76 299
114 299
102 300
78 300
45 301
49 301
34 301
108 302
154 302
125 302
49 302
54 304
147 306
85 306
104 307
126 308
50 308
45 311
144 311
39 314
26 314
157 314
138 315
23 316
94 316
107 318
44 318
144 319
9 319
139 319
11 320
116 321
41 321
77 322
37 323
1 323
73 324
149 324
124 326
161 326
108 327
111 327
56 327
120 327
7 328
76 328
36 328
101 329
1 329
54 330
27 331
142 331
28 331
36 332
74 332
26 333
27 333
168 334
16 334
122 336
54 336
95 339
17 339
138 341
54 341
150 344
124 346
124 346
165 346
6 347
111 348
23 348
123 348
57 348
38 349
108 351
129 352
101 353
4 354
63 354
31 356
156 356
161 356
9 357
25 357
117 358
106 358
48 358
15 359
9 360
132 361
156 362
23 362
73 363
111 363
31 364
87 365
98 366
29 366
71 367
130 367
41 367
11 368
15 368
54 369
38 370
125 370
58 371
163 371
138 371
167 372
159 372
108 372
81 374
135 374
161 374
40 374
78 375
24 375
74 376
144 376
72 378
92 378
136 379
130 380
9 380
42 380
105 382
105 382
161 384
42 385
39 386
107 386
124 387
26 389
98 391
97 392
88 392
152 394
120 394
126 394
73 398
78 399
163 399
51 400
35 400
113 400
7 401
73 401
139 402
134 405
152 405
48 406
25 407
66 407
142 407
75 409
71 410
51 411
116 412
115 412
105 413
14 413
123 413
29 414
36 415
28 416
72 416
102 417
164 418
167 419
148 419
112 420
4 420
143 420
167 420
106 421
68 421
48 423
105 423
11 424
90 424
76 425
64 425
56 425
