877
2 0
21 0
31 0
29 0
15 1
28 1
18 1
8 1
18 2
7 3
5 3
16 4
29 4
9 5
15 5
29 6
24 6
12 6
17 7
5 7
10 7
24 7
11 8
15 8
26 8
22 8
14 9
6 10
22 11
4 11
3 12
22 12
2 12
12 13
11 13
25 14
3 14
25 16
27 16
33 17
31 17
17 18
19 18
16 19
33 22
18 22
13 22
26 22
18 22
8 23
29 24
8 24
3 26
15 26
20 27
30 28
23 28
3 28
21 29
9 29
26 31
25 31
28 32
15 32
15 33
16 33
1 34
22 34
24 35
23 35
29 35
14 36
31 36
28 36
11 38
11 38
11 39
17 39
5 39
21 39
6 40
20 41
10 41
22 42
8 42
5 42
21 42
3 43
25 44
4 44
6 45
12 45
13 46
11 48
30 49
4 49
17 49
17 49
20 50
8 50
4 50
6 50
10 51
32 51
31 51
13 52
9 52
33 53
21 53
8 54
32 54
12 54
23 54
14 54
6 55
21 55
3 56
26 56
14 56
32 56
16 57
32 58
31 58
5 59
26 59
17 60
25 60
21 60
31 60
7 61
26 61
25 62
8 62
17 62
30 63
31 63
12 63
18 64
29 64
30 64
16 65
29 65
30 65
9 66
22 66
19 66
17 67
21 68
18 68
8 69
6 69
16 70
3 70
20 71
18 71
14 71
33 71
29 72
22 73
21 73
25 73
9 73
3 73
6 74
13 74
31 76
33 76
26 76
28 76
10 77
24 77
4 77
20 77
22 77
15 78
7 78
15 79
3 79
23 79
7 80
1 80
14 80
12 80
19 80
8 81
31 81
23 81
23 82
6 82
12 82
16 83
22 83
16 83
31 83
22 84
5 84
6 84
23 85
18 85
14 85
24 86
27 87
13 88
18 88
11 90
1 91
33 91
4 91
32 92
3 93
30 94
30 94
24 94
7 95
21 95
20 95
7 96
26 96
24 96
30 96
15 96
6 96
4 97
29 98
31 98
23 98
20 99
26 99
19 99
4 100
30 100
2 100
21 100
13 100
20 100
26 101
26 101
17 102
16 102
14 103
27 103
25 105
25 106
29 107
4 107
13 107
7 108
28 108
13 108
29 109
8 109
23 109
29 110
29 110
9 111
25 112
27 112
33 112
5 113
31 113
16 113
15 114
19 114
22 115
26 115
33 117
33 117
15 118
21 118
10 119
20 119
28 120
33 120
29 120
31 121
10 122
12 122
17 122
6 123
31 123
26 124
23 124
20 125
15 125
3 126
16 126
4 126
18 126
31 127
10 127
25 128
33 128
4 129
30 130
25 130
24 131
11 132
15 132
27 132
26 133
30 134
28 134
12 135
10 137
14 138
9 138
18 139
3 139
9 139
11 139
9 140
3 141
5 141
8 141
3 142
10 143
24 143
6 144
7 145
10 145
6 146
24 146
27 146
14 147
19 147
10 148
21 148
31 149
22 149
33 149
30 149
29 150
13 150
21 151
12 151
8 152
21 154
20 154
3 154
1 155
26 156
3 156
23 157
25 157
30 157
14 158
1 159
1 160
24 160
21 160
8 160
24 161
22 162
16 162
7 163
6 163
16 165
27 165
14 165
27 165
20 166
1 166
5 167
17 167
9 167
4 169
8 169
4 169
6 169
7 170
5 170
18 170
23 172
1 172
2 172
15 173
20 174
3 174
14 175
23 176
16 176
11 176
25 177
30 177
28 177
13 177
21 177
17 177
9 178
22 178
5 178
21 178
20 178
10 179
21 180
31 180
9 180
32 181
18 181
15 181
10 182
4 182
10 183
3 184
30 184
1 185
13 185
24 186
13 186
30 186
22 187
2 187
15 187
33 188
12 188
1 190
33 190
16 193
14 194
31 195
24 196
11 196
10 196
29 197
9 197
21 197
24 198
16 198
18 198
29 199
4 199
3 199
9 199
28 200
15 200
24 200
19 200
11 201
23 201
30 201
17 202
1 202
20 203
28 203
11 203
9 203
23 204
15 204
27 204
6 204
29 204
19 205
21 205
15 205
16 206
14 206
12 206
33 207
14 207
19 209
16 209
22 210
1 211
19 211
11 211
26 212
9 212
24 213
13 213
8 213
8 214
11 214
12 215
8 216
6 216
24 216
30 217
26 218
26 218
13 219
25 221
22 221
2 221
30 222
18 222
4 222
16 223
17 223
9 223
22 224
28 224
10 225
10 225
11 226
17 226
19 226
20 227
5 228
29 228
16 228
15 229
13 229
18 229
33 230
1 230
14 231
31 232
17 232
3 232
3 232
8 232
15 233
12 233
23 233
30 234
15 234
15 234
4 235
27 235
19 236
10 236
22 237
5 237
27 238
32 238
17 239
23 239
14 239
11 240
33 241
13 242
22 243
8 243
25 244
13 245
5 245
12 246
6 247
23 247
9 247
24 247
31 248
18 248
11 248
27 249
2 249
30 249
25 250
31 250
23 251
15 251
11 251
4 252
13 252
31 252
9 253
12 253
11 254
18 254
27 255
28 255
23 256
10 257
30 257
29 257
21 257
4 259
13 259
29 259
8 260
21 261
33 261
20 261
20 262
22 262
31 262
1 262
22 262
12 262
19 264
28 264
14 264
8 264
5 264
25 266
25 266
19 266
20 267
17 267
29 267
7 267
15 268
23 268
6 268
25 268
3 269
16 269
13 269
18 270
13 270
23 270
23 271
13 271
26 271
16 271
21 271
28 272
19 272
30 272
10 273
19 273
25 274
10 274
19 274
14 275
3 276
29 277
5 277
28 278
21 279
14 279
21 280
9 280
1 281
29 281
32 281
22 282
29 282
5 283
18 283
1 283
27 283
14 284
16 286
25 286
4 286
5 287
11 287
25 287
15 287
24 288
8 288
27 289
32 290
10 290
5 290
13 292
13 293
3 293
21 294
7 294
2 296
27 296
6 296
15 296
26 296
15 296
2 297
33 297
13 297
25 297
20 298
27 298
32 299
9 299
27 300
10 300
27 300
12 300
4 300
6 300
15 301
2 301
26 302
6 302
7 302
15 302
14 303
7 304
12 304
29 305
29 305
17 305
32 305
26 306
17 306
13 306
12 307
25 307
10 307
20 307
22 308
15 308
19 308
11 309
4 309
3 310
1 310
27 311
30 311
7 311
23 311
29 313
22 313
5 313
11 314
13 314
30 314
24 315
5 315
33 315
21 316
30 316
20 317
4 319
30 320
4 321
18 321
19 321
32 321
10 322
22 322
12 323
22 323
23 324
2 324
20 325
26 325
24 325
27 326
5 326
29 328
22 328
23 328
27 329
26 330
8 330
11 331
3 331
20 331
31 332
28 332
22 332
17 332
13 332
27 332
16 333
22 334
30 334
12 335
19 335
23 336
12 336
31 337
11 337
8 337
27 338
29 338
9 339
32 341
33 341
9 342
11 342
8 342
29 343
10 344
30 345
15 345
21 345
24 345
32 346
9 346
14 346
3 346
26 347
26 347
33 347
31 347
31 348
10 348
8 349
20 350
30 351
2 351
23 351
9 352
1 352
21 353
29 354
9 355
28 355
30 355
19 355
4 356
25 356
3 356
4 357
28 358
31 358
10 359
18 359
7 359
19 360
22 361
17 361
31 362
12 362
3 362
16 362
21 363
21 363
19 363
31 363
17 364
28 364
13 364
9 364
32 365
1 365
29 366
1 366
33 367
14 368
15 369
21 369
15 370
28 370
11 371
28 371
11 372
24 372
17 372
1 372
11 373
22 373
30 373
5 373
6 373
28 374
13 377
25 377
25 377
25 378
26 378
15 378
27 378
21 378
25 378
33 378
28 379
18 379
3 379
31 379
19 379
32 380
5 380
8 380
5 382
4 382
18 382
17 382
26 382
5 382
30 382
21 383
24 383
15 383
28 384
30 384
32 384
33 385
24 385
8 386
21 386
10 386
1 386
5 387
