1000
27 0
83 0
441 0
540 1
13 1
183 1
364 4
101 8
947 8
529 9
613 9
334 11
614 11
189 12
878 13
322 14
990 15
963 16
538 16
367 19
387 20
356 22
910 22
154 24
3 25
872 26
592 27
710 27
555 28
866 29
353 29
70 30
839 30
380 31
230 32
63 33
355 33
756 39
817 39
869 41
163 43
76 43
175 43
453 43
448 44
393 44
378 44
532 46
111 48
89 50
854 50
554 50
705 51
611 52
716 52
268 53
340 55
78 55
563 57
991 57
108 58
612 58
19 59
500 59
872 61
578 63
706 63
115 63
482 66
772 67
180 68
9 70
291 72
434 72
184 73
744 75
283 76
193 77
528 77
126 78
327 81
915 81
57 81
107 82
572 84
239 84
606 84
400 85
543 85
825 86
324 86
580 87
540 87
889 89
835 90
914 93
834 93
853 93
677 93
832 93
256 95
827 96
196 97
323 97
982 99
662 101
423 103
309 106
792 106
818 107
606 107
905 109
211 110
667 110
495 110
535 113
843 114
771 117
509 117
286 117
327 117
345 118
234 120
24 121
197 121
816 124
178 125
54 125
737 126
788 126
864 127
943 127
405 128
357 131
196 132
252 132
877 133
175 136
329 136
278 137
435 139
597 141
740 141
330 142
360 142
944 144
119 146
139 146
902 146
384 146
824 149
316 150
122 151
324 151
32 151
371 151
910 152
175 154
351 154
773 155
432 158
249 159
561 160
821 160
968 162
140 163
12 164
975 165
868 166
222 167
662 168
330 170
561 171
758 173
920 175
270 178
732 178
754 179
402 180
862 181
849 181
318 182
978 182
639 182
877 184
3 184
753 184
960 184
445 185
800 186
768 186
746 187
605 188
517 191
505 193
362 194
539 194
857 196
398 196
388 197
544 201
216 201
417 201
217 202
59 205
690 206
596 208
268 208
797 209
807 209
747 210
2 210
750 211
376 211
995 211
965 212
767 215
148 216
118 217
323 219
55 220
75 220
828 222
511 223
521 223
131 227
667 229
514 230
576 232
853 233
409 234
540 234
148 234
970 235
202 236
725 240
768 240
618 243
868 245
320 245
292 245
487 246
208 247
69 247
952 249
745 250
982 250
398 255
906 256
486 257
353 257
779 258
873 259
830 259
847 261
791 263
15 263
319 264
347 265
75 265
592 266
668 268
901 268
104 269
21 269
585 270
845 271
592 271
32 271
451 271
141 272
399 276
672 277
423 277
814 278
736 280
870 280
706 280
230 282
448 282
363 283
752 283
104 284
544 284
462 287
534 287
64 288
699 288
569 289
87 290
105 290
595 290
934 295
619 297
388 298
910 298
423 298
171 299
759 299
867 299
683 299
177 301
645 302
117 304
338 305
428 306
51 306
579 306
735 309
218 309
283 310
251 311
191 311
142 312
33 314
615 315
641 316
526 317
660 320
800 320
423 321
246 322
192 325
153 326
389 326
69 329
929 329
461 330
322 330
96 330
723 332
242 333
708 333
845 334
376 335
624 337
45 339
670 340
771 341
785 341
790 342
543 342
514 342
614 342
357 345
5 345
431 346
716 348
577 348
890 349
838 350
13 350
446 350
209 351
721 351
562 352
775 354
954 355
622 355
997 356
417 358
266 359
525 359
851 360
33 361
473 361
454 362
928 362
951 362
497 363
591 364
928 364
16 366
287 366
653 367
918 368
556 368
816 369
458 373
433 374
821 376
449 376
309 376
766 377
199 377
680 379
764 381
552 381
514 381
79 382
351 383
165 383
728 384
698 385
878 385
518 388
732 388
248 389
778 390
222 390
805 391
887 393
311 393
87 394
452 394
801 398
30 400
496 400
208 401
889 401
165 401
61 402
998 403
861 404
594 406
688 406
519 406
257 408
30 409
790 409
4 409
869 411
798 412
576 412
693 413
874 416
519 417
656 418
610 419
831 419
849 420
778 423
750 423
434 425
350 426
662 426
951 426
623 427
451 427
876 428
681 432
83 432
233 432
813 432
978 433
667 433
559 434
844 435
109 437
203 439
615 440
708 441
269 442
349 444
56 444
783 445
974 446
56 447
54 448
996 448
151 450
694 450
611 451
650 452
540 452
144 453
83 456
62 459
5 460
552 461
495 461
234 461
915 462
201 465
20 466
549 467
844 468
78 469
907 472
933 473
714 473
230 474
270 477
915 477
990 478
636 479
51 480
322 481
519 482
167 483
614 485
616 486
509 486
562 487
456 489
946 493
629 494
104 494
512 494
651 495
890 495
977 495
990 495
811 497
85 497
481 498
677 499
613 499
720 499
506 500
228 501
715 502
627 503
535 504
881 504
407 507
588 507
855 508
949 508
402 513
781 515
549 515
354 516
781 518
615 518
396 519
48 519
342 519
364 521
525 524
365 524
980 525
5 525
977 526
62 527
843 529
338 530
488 531
295 531
937 531
8 531
737 532
616 533
543 534
555 534
365 534
493 534
684 535
995 536
67 536
18 537
67 537
815 538
136 538
902 539
95 539
185 540
933 540
686 541
62 542
449 543
292 546
353 546
406 546
35 549
573 549
739 550
588 551
520 551
396 551
278 553
593 554
551 556
250 560
303 560
574 561
724 563
247 565
959 567
681 568
163 569
521 569
145 571
47 573
238 574
141 574
747 576
472 576
7 576
748 577
824 577
851 582
162 583
981 583
124 585
289 585
657 586
732 586
921 586
629 586
222 586
77 587
662 587
906 589
740 589
648 591
208 592
911 592
457 592
14 592
999 593
906 593
741 594
653 596
71 597
723 597
745 598
996 600
117 600
558 600
505 601
729 606
570 608
481 608
833 608
133 609
38 609
202 612
913 612
69 613
404 615
209 615
562 616
956 619
428 619
56 619
471 622
761 622
836 623
790 625
668 625
650 628
937 628
625 628
328 632
353 632
9 632
938 632
396 635
760 638
44 639
906 640
152 642
356 642
101 643
551 643
560 645
601 646
649 647
272 649
103 649
488 650
38 651
824 651
16 651
141 651
530 652
777 652
543 653
994 653
577 655
769 655
60 655
327 656
434 656
398 656
1000 658
960 658
798 658
264 658
733 659
760 660
816 661
696 661
403 662
307 662
798 663
271 663
102 665
961 665
550 665
492 666
265 669
110 669
167 670
549 671
583 672
857 672
684 672
449 673
969 673
266 674
972 678
853 678
684 678
269 678
585 679
958 681
548 681
928 681
21 684
465 688
374 692
307 692
997 693
518 693
568 694
73 694
837 694
229 695
57 696
445 696
765 697
148 698
391 699
485 699
644 699
158 705
568 705
345 705
350 705
967 707
864 707
842 709
20 711
920 713
440 715
473 717
557 717
753 717
511 719
195 720
911 721
20 721
23 722
160 722
778 727
155 727
372 727
247 727
733 728
679 729
832 729
63 729
813 730
931 731
288 733
512 734
168 736
493 737
90 738
131 739
177 740
420 742
845 743
57 743
356 746
6 746
486 746
382 747
673 750
695 753
150 754
780 754
581 754
817 756
627 757
505 760
268 761
670 761
503 762
676 763
699 768
892 769
535 770
367 771
970 771
733 771
511 774
824 774
117 775
638 777
237 777
733 778
78 779
639 780
122 780
179 783
835 784
656 786
516 791
426 792
190 792
890 796
467 799
22 800
798 804
158 805
901 807
974 810
52 813
501 813
543 814
918 814
525 814
554 815
179 815
521 815
373 816
95 819
330 820
199 820
951 821
231 821
862 821
129 826
200 826
40 826
607 829
737 830
849 831
340 833
766 833
696 836
714 837
369 838
987 838
338 839
934 840
207 841
522 843
310 844
252 844
136 845
964 845
811 847
223 847
612 847
843 847
641 851
462 851
658 853
959 853
911 856
404 857
584 857
408 858
235 859
293 860
189 863
586 863
846 865
443 867
101 868
627 869
274 871
990 872
915 872
128 872
490 872
278 874
150 874
748 877
188 879
643 879
589 879
382 880
588 887
996 887
28 887
961 887
920 887
715 887
451 889
997 889
97 889
369 889
242 891
459 891
316 893
765 893
260 894
74 895
779 895
120 899
397 899
32 900
439 900
284 901
5 901
881 901
668 901
450 902
325 902
690 903
625 904
230 904
239 905
127 907
563 909
744 909
716 910
646 912
725 914
487 915
838 916
908 916
607 917
560 919
688 920
218 920
257 921
891 921
38 923
70 923
375 926
361 927
392 928
429 928
20 929
198 930
570 930
683 930
544 931
582 933
856 933
683 933
897 934
847 935
252 937
741 938
849 940
160 940
819 940
510 941
785 941
165 945
377 946
277 946
683 947
422 948
230 948
810 948
422 949
44 950
968 952
349 954
899 954
845 955
764 956
803 957
64 957
494 958
859 960
217 960
356 960
502 961
817 961
649 961
410 961
796 961
576 962
971 968
696 968
361 969
322 969
315 970
946 973
923 973
913 974
175 974
398 976
853 977
370 977
66 978
565 979
938 980
754 980
224 982
595 984
558 984
594 985
537 986
763 986
18 988
236 989
393 990
369 992
593 995
915 997
