1000
449 2147483637
77 2147483637
849 2147483637
564 2147483637
246 2147483637
989 2147483637
301 2147483637
500 2147483637
98 2147483637
440 2147483637
961 2147483637
176 2147483637
448 2147483637
163 2147483637
738 2147483637
822 2147483637
977 2147483637
294 2147483637
301 2147483637
650 2147483637
851 2147483637
923 2147483637
765 2147483637
899 2147483637
921 2147483637
314 2147483637
504 2147483637
554 2147483637
63 2147483637
850 2147483637
594 2147483637
240 2147483637
554 2147483637
784 2147483637
581 2147483637
99 2147483637
173 2147483637
568 2147483637
221 2147483637
848 2147483637
56 2147483637
88 2147483637
485 2147483637
105 2147483637
772 2147483637
321 2147483637
714 2147483637
598 2147483637
964 2147483637
20 2147483637
787 2147483637
600 2147483637
547 2147483637
996 2147483637
507 2147483637
459 2147483637
851 2147483637
204 2147483637
194 2147483637
314 2147483637
643 2147483637
973 2147483637
223 2147483637
717 2147483637
163 2147483637
347 2147483637
945 2147483637
625 2147483637
861 2147483637
925 2147483637
324 2147483637
879 2147483637
893 2147483637
590 2147483637
296 2147483637
531 2147483637
155 2147483637
495 2147483637
718 2147483637
489 2147483637
663 2147483638
551 2147483638
708 2147483638
892 2147483638
809 2147483638
529 2147483638
462 2147483638
319 2147483638
968 2147483638
825 2147483638
130 2147483638
267 2147483638
908 2147483638
981 2147483638
260 2147483638
549 2147483638
861 2147483638
124 2147483638
144 2147483638
418 2147483638
194 2147483638
887 2147483638
130 2147483638
312 2147483638
937 2147483638
631 2147483638
90 2147483638
110 2147483638
102 2147483638
414 2147483638
631 2147483638
762 2147483638
292 2147483638
534 2147483638
115 2147483638
283 2147483638
293 2147483638
142 2147483638
208 2147483638
470 2147483638
547 2147483638
245 2147483638
919 2147483638
896 2147483638
130 2147483638
889 2147483638
214 2147483638
657 2147483638
671 2147483638
717 2147483638
596 2147483638
358 2147483638
244 2147483638
945 2147483638
702 2147483638
314 2147483638
433 2147483638
196 2147483638
863 2147483638
576 2147483638
500 2147483638
386 2147483638
104 2147483638
801 2147483638
986 2147483638
877 2147483638
851 2147483638
494 2147483638
891 2147483638
699 2147483638
223 2147483638
584 2147483638
24 2147483638
377 2147483638
127 2147483638
621 2147483638
209 2147483638
47 2147483638
148 2147483638
495 2147483638
206 2147483638
174 2147483638
423 2147483638
39 2147483639
418 2147483639
418 2147483639
15 2147483639
627 2147483639
149 2147483639
206 2147483639
87 2147483639
163 2147483639
920 2147483639
571 2147483639
724 2147483639
702 2147483639
113 2147483639
879 2147483639
9 2147483639
615 2147483639
269 2147483639
596 2147483639
228 2147483639
894 2147483639
355 2147483639
318 2147483639
628 2147483639
521 2147483639
387 2147483639
601 2147483639
278 2147483639
332 2147483639
401 2147483639
348 2147483639
258 2147483639
971 2147483639
628 2147483639
27 2147483639
838 2147483639
391 2147483639
821 2147483639
50 2147483639
674 2147483639
526 2147483639
779 2147483639
190 2147483639
873 2147483639
443 2147483639
780 2147483639
912 2147483639
147 2147483639
55 2147483639
217 2147483639
702 2147483639
996 2147483639
8 2147483639
396 2147483639
363 2147483639
749 2147483639
874 2147483639
805 2147483639
512 2147483639
16 2147483639
812 2147483639
208 2147483639
404 2147483639
80 2147483639
337 2147483639
468 2147483639
936 2147483639
13 2147483639
134 2147483639
558 2147483639
3 2147483639
607 2147483639
525 2147483639
605 2147483639
107 2147483639
803 2147483639
376 2147483639
960 2147483639
125 2147483639
924 2147483639
98 2147483639
6 2147483639
308 2147483639
998 2147483639
36 2147483639
365 2147483639
792 2147483639
958 2147483639
31 2147483640
696 2147483640
725 2147483640
614 2147483640
219 2147483640
366 2147483640
807 2147483640
885 2147483640
301 2147483640
628 2147483640
435 2147483640
923 2147483640
274 2147483640
35 2147483640
765 2147483640
517 2147483640
90 2147483640
840 2147483640
105 2147483640
628 2147483640
386 2147483640
907 2147483640
474 2147483640
262 2147483640
33 2147483640
629 2147483640
919 2147483640
460 2147483640
935 2147483640
166 2147483640
662 2147483640
102 2147483640
452 2147483640
232 2147483640
321 2147483640
266 2147483640
301 2147483640
670 2147483640
859 2147483640
889 2147483640
265 2147483640
473 2147483640
778 2147483640
903 2147483640
317 2147483640
255 2147483640
62 2147483640
529 2147483640
577 2147483640
269 2147483640
5 2147483640
924 2147483640
112 2147483640
329 2147483640
388 2147483640
756 2147483640
740 2147483640
933 2147483640
567 2147483640
27 2147483640
754 2147483640
345 2147483640
132 2147483640
844 2147483640
427 2147483640
262 2147483640
389 2147483640
793 2147483640
141 2147483640
873 2147483640
789 2147483640
110 2147483640
69 2147483640
864 2147483640
932 2147483640
705 2147483640
277 2147483640
638 2147483640
497 2147483640
853 2147483640
850 2147483640
577 2147483640
488 2147483640
805 2147483640
7 2147483640
386 2147483640
560 2147483640
18 2147483640
151 2147483640
156 2147483640
560 2147483640
630 2147483640
654 2147483640
739 2147483640
59 2147483640
327 2147483640
391 2147483640
746 2147483640
189 2147483640
602 2147483640
809 2147483640
587 2147483640
617 2147483640
603 2147483640
927 2147483640
823 2147483640
981 2147483640
18 2147483640
99 2147483640
201 2147483640
252 2147483640
406 2147483640
983 2147483640
730 2147483640
980 2147483641
396 2147483641
589 2147483641
311 2147483641
991 2147483641
936 2147483641
659 2147483641
192 2147483641
220 2147483641
678 2147483641
529 2147483641
194 2147483641
363 2147483641
732 2147483641
710 2147483641
107 2147483641
281 2147483641
343 2147483641
651 2147483641
683 2147483641
9 2147483641
513 2147483641
677 2147483641
199 2147483641
612 2147483641
727 2147483641
619 2147483641
677 2147483641
948 2147483641
558 2147483641
907 2147483641
820 2147483641
514 2147483641
692 2147483641
740 2147483641
117 2147483641
68 2147483641
349 2147483641
960 2147483641
107 2147483641
300 2147483641
476 2147483641
546 2147483641
899 2147483641
677 2147483641
677 2147483641
326 2147483641
463 2147483641
12 2147483641
275 2147483641
827 2147483641
287 2147483641
397 2147483641
651 2147483641
325 2147483641
233 2147483641
857 2147483641
988 2147483641
295 2147483641
31 2147483641
341 2147483641
790 2147483641
297 2147483641
685 2147483641
953 2147483641
866 2147483641
60 2147483641
748 2147483641
838 2147483641
265 2147483641
439 2147483641
417 2147483641
295 2147483641
801 2147483641
66 2147483641
644 2147483641
627 2147483641
166 2147483641
248 2147483641
896 2147483641
459 2147483641
798 2147483641
220 2147483641
696 2147483641
624 2147483641
144 2147483641
808 2147483641
281 2147483641
382 2147483641
863 2147483641
48 2147483641
661 2147483641
485 2147483641
112 2147483641
585 2147483641
947 2147483641
585 2147483641
137 2147483641
905 2147483641
19 2147483642
182 2147483642
874 2147483642
891 2147483642
867 2147483642
300 2147483642
812 2147483642
536 2147483642
886 2147483642
192 2147483642
733 2147483642
740 2147483642
531 2147483642
130 2147483642
780 2147483642
174 2147483642
763 2147483642
962 2147483642
904 2147483642
95 2147483642
180 2147483642
337 2147483642
380 2147483642
123 2147483642
496 2147483642
213 2147483642
852 2147483642
419 2147483642
179 2147483642
302 2147483642
735 2147483642
398 2147483642
914 2147483642
971 2147483642
497 2147483642
716 2147483642
962 2147483642
313 2147483642
23 2147483642
736 2147483642
594 2147483642
536 2147483642
407 2147483642
592 2147483642
323 2147483642
555 2147483642
170 2147483642
901 2147483642
875 2147483642
59 2147483642
481 2147483642
470 2147483642
505 2147483642
667 2147483642
113 2147483642
802 2147483642
479 2147483642
650 2147483642
110 2147483642
472 2147483642
642 2147483642
416 2147483642
386 2147483642
59 2147483642
30 2147483642
241 2147483642
319 2147483642
704 2147483642
17 2147483642
726 2147483642
500 2147483642
862 2147483642
953 2147483642
326 2147483642
905 2147483642
438 2147483642
196 2147483642
626 2147483643
591 2147483643
272 2147483643
925 2147483643
372 2147483643
811 2147483643
981 2147483643
686 2147483643
345 2147483643
222 2147483643
482 2147483643
723 2147483643
197 2147483643
969 2147483643
331 2147483643
19 2147483643
123 2147483643
633 2147483643
501 2147483643
320 2147483643
592 2147483643
275 2147483643
299 2147483643
594 2147483643
488 2147483643
929 2147483643
360 2147483643
670 2147483643
511 2147483643
747 2147483643
907 2147483643
871 2147483643
943 2147483643
397 2147483643
288 2147483643
461 2147483643
122 2147483643
684 2147483643
589 2147483643
516 2147483643
939 2147483643
732 2147483643
259 2147483643
616 2147483643
423 2147483643
724 2147483643
76 2147483643
227 2147483643
968 2147483643
371 2147483643
156 2147483643
287 2147483643
614 2147483643
622 2147483643
799 2147483643
124 2147483643
395 2147483643
140 2147483643
744 2147483643
549 2147483643
753 2147483643
365 2147483643
11 2147483643
497 2147483643
474 2147483643
699 2147483643
656 2147483643
794 2147483643
673 2147483643
702 2147483643
87 2147483643
725 2147483643
866 2147483643
79 2147483643
886 2147483644
181 2147483644
182 2147483644
314 2147483644
441 2147483644
932 2147483644
194 2147483644
800 2147483644
41 2147483644
341 2147483644
427 2147483644
280 2147483644
681 2147483644
720 2147483644
460 2147483644
595 2147483644
65 2147483644
406 2147483644
955 2147483644
630 2147483644
774 2147483644
968 2147483644
272 2147483644
191 2147483644
551 2147483644
536 2147483644
391 2147483644
633 2147483644
465 2147483644
765 2147483644
763 2147483644
549 2147483644
940 2147483644
534 2147483644
99 2147483644
664 2147483644
528 2147483644
403 2147483644
903 2147483644
314 2147483644
4 2147483644
634 2147483644
738 2147483644
563 2147483644
316 2147483644
294 2147483644
1000 2147483644
101 2147483644
494 2147483644
690 2147483644
167 2147483644
438 2147483644
884 2147483644
373 2147483644
548 2147483644
563 2147483644
468 2147483644
384 2147483644
806 2147483644
103 2147483644
856 2147483644
381 2147483644
155 2147483644
5 2147483644
838 2147483644
67 2147483644
856 2147483644
82 2147483644
938 2147483644
115 2147483644
718 2147483644
214 2147483644
581 2147483644
267 2147483644
324 2147483644
334 2147483645
916 2147483645
186 2147483645
429 2147483645
534 2147483645
214 2147483645
875 2147483645
719 2147483645
216 2147483645
549 2147483645
308 2147483645
302 2147483645
636 2147483645
516 2147483645
301 2147483645
997 2147483645
478 2147483645
848 2147483645
815 2147483645
677 2147483645
491 2147483645
510 2147483645
581 2147483645
407 2147483645
556 2147483645
740 2147483645
721 2147483645
690 2147483645
669 2147483645
88 2147483645
582 2147483645
671 2147483645
291 2147483645
371 2147483645
797 2147483645
568 2147483645
749 2147483645
376 2147483645
371 2147483645
882 2147483645
605 2147483645
746 2147483645
587 2147483645
805 2147483645
118 2147483645
717 2147483645
29 2147483645
842 2147483645
124 2147483645
687 2147483645
939 2147483645
52 2147483645
686 2147483645
696 2147483645
591 2147483645
629 2147483645
987 2147483645
667 2147483645
460 2147483645
369 2147483645
403 2147483645
556 2147483645
775 2147483645
320 2147483645
159 2147483645
11 2147483645
128 2147483645
497 2147483645
329 2147483645
925 2147483645
927 2147483645
383 2147483645
352 2147483645
972 2147483645
739 2147483645
228 2147483645
276 2147483645
992 2147483645
521 2147483645
18 2147483645
11 2147483645
425 2147483645
859 2147483645
952 2147483645
184 2147483645
242 2147483645
37 2147483645
440 2147483645
299 2147483645
897 2147483645
720 2147483645
336 2147483645
517 2147483645
862 2147483645
825 2147483645
711 2147483645
957 2147483645
478 2147483645
59 2147483646
778 2147483646
162 2147483646
931 2147483646
374 2147483646
948 2147483646
806 2147483646
854 2147483646
508 2147483646
567 2147483646
25 2147483646
658 2147483646
750 2147483646
480 2147483646
705 2147483646
453 2147483646
161 2147483646
131 2147483646
613 2147483646
655 2147483646
134 2147483646
908 2147483646
660 2147483646
204 2147483646
191 2147483646
315 2147483646
923 2147483646
466 2147483646
655 2147483646
188 2147483646
925 2147483646
204 2147483646
973 2147483646
802 2147483646
537 2147483646
946 2147483646
122 2147483646
315 2147483646
99 2147483646
604 2147483646
716 2147483646
991 2147483646
110 2147483646
174 2147483646
905 2147483646
795 2147483646
283 2147483646
242 2147483646
937 2147483646
586 2147483646
27 2147483646
672 2147483646
292 2147483646
268 2147483646
809 2147483646
669 2147483646
713 2147483646
348 2147483646
586 2147483646
789 2147483646
27 2147483646
504 2147483646
130 2147483646
152 2147483646
758 2147483646
421 2147483646
941 2147483646
680 2147483646
381 2147483646
65 2147483646
683 2147483646
767 2147483646
480 2147483646
751 2147483646
125 2147483646
112 2147483646
497 2147483646
3 2147483646
830 2147483646
159 2147483646
151 2147483646
284 2147483646
617 2147483646
564 2147483646
772 2147483646
721 2147483646
298 2147483646
478 2147483646
594 2147483646
429 2147483646
347 2147483646
616 2147483646
146 2147483646
805 2147483646
708 2147483646
199 2147483646
270 2147483646
92 2147483646
891 2147483646
378 2147483646
130 2147483646
362 2147483646
370 2147483646
915 2147483646
782 2147483646
956 2147483646
850 2147483646
177 2147483646
378 2147483647
815 2147483647
148 2147483647
827 2147483647
214 2147483647
833 2147483647
127 2147483647
892 2147483647
320 2147483647
801 2147483647
317 2147483647
671 2147483647
518 2147483647
829 2147483647
630 2147483647
596 2147483647
627 2147483647
825 2147483647
898 2147483647
821 2147483647
164 2147483647
940 2147483647
877 2147483647
129 2147483647
750 2147483647
47 2147483647
240 2147483647
504 2147483647
337 2147483647
499 2147483647
200 2147483647
837 2147483647
622 2147483647
297 2147483647
821 2147483647
956 2147483647
902 2147483647
370 2147483647
520 2147483647
651 2147483647
137 2147483647
875 2147483647
851 2147483647
738 2147483647
56 2147483647
334 2147483647
678 2147483647
230 2147483647
443 2147483647
831 2147483647
369 2147483647
22 2147483647
436 2147483647
399 2147483647
45 2147483647
792 2147483647
660 2147483647
375 2147483647
172 2147483647
324 2147483647
600 2147483647
91 2147483647
526 2147483647
580 2147483647
737 2147483647
659 2147483647
973 2147483647
432 2147483647
222 2147483647
685 2147483647
687 2147483647
567 2147483647
127 2147483647
307 2147483647
661 2147483647
232 2147483647
497 2147483647
639 2147483647
409 2147483647
92 2147483647
762 2147483647
207 2147483647
307 2147483647
219 2147483647
376 2147483647
395 2147483647
240 2147483647
425 2147483647
404 2147483647
511 2147483647
176 2147483647
866 2147483647
334 2147483647
160 2147483647
847 2147483647
551 2147483647
893 2147483647
905 2147483647
972 2147483647
618 2147483647
775 2147483647
701 2147483647
392 2147483647
250 2147483647
