1000
298 0
546 2
293 2
643 4
327 4
356 4
97 5
438 5
469 5
177 5
363 5
828 6
30 7
575 8
301 10
754 10
858 11
565 11
767 13
132 13
342 17
757 21
670 21
749 22
443 22
711 23
324 23
101 24
605 26
824 26
272 28
474 29
422 29
366 31
258 31
694 32
488 32
473 33
898 33
975 34
227 34
380 40
913 42
9 45
817 46
67 46
49 47
655 49
181 49
758 49
945 50
757 50
703 51
424 52
161 52
671 52
181 53
885 55
561 55
885 55
30 55
876 56
590 57
720 58
848 59
112 62
875 63
103 63
386 64
962 64
646 67
781 67
693 68
998 68
844 69
463 70
535 73
861 74
537 77
809 77
944 77
518 77
644 79
778 81
477 82
50 82
597 84
747 86
227 87
305 88
57 88
329 89
212 92
186 92
458 94
465 96
630 97
694 97
640 97
743 97
372 97
765 98
485 100
891 100
900 102
86 102
534 102
192 103
727 103
629 104
321 105
546 105
191 106
725 108
550 109
218 113
147 113
999 114
540 114
763 116
843 116
986 117
53 118
292 119
294 119
667 121
194 123
742 127
986 127
706 129
318 129
168 133
236 134
470 135
578 135
679 135
372 137
318 138
828 139
93 144
454 144
506 145
397 146
136 147
775 147
77 148
985 148
320 149
767 149
614 150
912 151
479 152
661 153
418 154
245 157
211 159
20 160
215 160
856 161
738 161
851 163
79 163
96 164
248 165
453 165
221 167
332 168
443 169
324 169
965 170
240 173
693 173
37 174
323 174
453 175
579 176
545 177
938 178
768 180
661 180
216 181
434 182
744 183
696 183
733 184
562 186
144 188
490 189
717 190
57 191
397 191
725 192
734 192
194 193
766 194
669 195
502 195
244 198
966 198
431 200
808 201
349 202
536 202
313 203
168 203
500 205
12 208
107 208
163 209
122 211
847 212
196 213
652 214
381 215
723 217
840 219
917 224
928 228
231 228
550 228
623 229
4 231
535 232
688 233
419 233
879 233
12 234
907 237
317 237
789 238
421 243
647 243
137 245
347 249
668 249
930 249
6 249
645 252
865 253
49 255
781 256
970 256
441 256
159 259
413 259
247 260
9 261
655 261
845 261
472 261
499 262
8 263
294 263
444 265
124 265
125 266
126 267
246 267
63 270
282 273
383 274
891 275
481 277
595 278
927 278
217 281
167 283
116 283
670 284
680 287
263 287
683 289
563 289
265 290
155 290
578 293
113 294
116 295
8 295
310 296
784 296
578 297
945 299
188 299
197 300
665 301
373 302
504 305
482 307
237 309
441 309
231 310
991 311
624 312
378 313
983 314
671 314
653 315
514 316
701 317
37 317
751 317
472 320
162 322
496 322
199 323
448 323
357 323
47 324
933 325
464 326
131 328
999 328
105 328
456 329
14 330
233 330
975 331
836 331
620 332
269 333
120 333
606 335
402 335
427 335
64 335
284 337
325 338
225 338
244 339
705 343
162 343
738 347
614 349
477 350
787 351
643 351
974 353
335 354
924 355
548 357
433 360
305 361
344 364
535 367
76 367
667 369
438 370
327 370
401 375
200 375
686 376
786 376
266 382
792 383
366 384
109 384
341 386
884 386
702 386
324 387
489 388
160 389
854 391
533 392
382 392
901 396
797 398
467 398
991 400
253 401
993 401
583 401
452 402
911 402
230 402
776 403
10 405
179 405
997 406
952 408
381 409
936 411
190 414
93 415
653 415
534 416
70 417
283 417
703 419
59 419
752 421
883 423
154 424
206 425
297 427
25 428
726 429
381 429
16 429
820 430
806 430
2 430
122 430
543 432
219 434
81 435
686 437
265 438
619 438
404 441
497 441
537 441
66 442
52 442
61 442
672 444
512 445
814 448
310 448
709 449
340 453
279 453
647 453
704 454
913 455
789 456
788 456
72 457
614 459
154 462
686 464
62 464
176 466
890 468
86 469
136 469
871 469
534 470
634 471
215 474
11 474
691 476
262 477
730 477
92 477
576 478
615 479
675 479
494 479
33 480
60 481
205 481
453 481
521 481
378 481
14 482
209 482
808 485
314 486
911 488
808 488
835 489
405 489
973 490
215 490
631 491
922 492
767 493
638 494
63 497
410 498
841 499
392 499
59 499
166 500
542 501
683 506
634 506
932 506
234 506
148 506
900 508
292 508
997 509
623 509
189 510
893 513
422 513
492 515
628 516
71 518
613 519
958 519
514 520
373 521
410 522
642 522
178 522
453 523
726 523
155 523
907 524
301 525
610 527
995 528
914 533
521 533
46 536
425 536
764 537
782 538
521 539
103 541
178 542
213 542
820 545
79 550
774 550
16 551
10 551
848 552
413 553
785 554
536 555
368 555
587 555
734 557
873 557
145 558
662 558
849 559
365 559
381 559
893 561
508 561
245 562
78 563
438 563
586 565
100 566
254 568
822 568
718 569
510 570
472 571
387 572
874 573
53 574
638 574
826 576
201 577
585 577
789 578
68 578
341 579
141 579
316 581
448 581
59 582
725 583
355 584
789 585
212 586
516 586
219 587
821 588
250 588
794 589
969 590
952 590
123 590
351 590
628 591
760 592
966 594
687 594
410 594
135 594
518 599
916 599
259 600
395 602
822 604
571 605
770 606
214 607
689 608
422 610
238 610
982 610
556 611
732 611
515 611
754 613
608 613
856 614
886 614
960 615
167 615
265 615
822 615
234 616
393 617
593 618
511 619
720 619
340 619
272 620
842 623
52 623
417 625
523 625
214 625
525 627
499 628
319 629
984 632
642 632
196 633
129 633
283 633
481 633
271 634
633 635
956 636
855 638
103 640
966 640
855 641
331 644
778 646
155 646
52 650
28 653
839 653
92 654
797 656
90 657
153 658
860 660
828 660
963 660
12 661
888 662
259 664
821 664
437 665
674 666
556 667
253 669
943 671
893 672
570 672
820 673
85 674
30 675
169 675
412 677
922 679
801 679
314 680
640 681
188 682
567 683
82 684
724 684
875 686
68 686
418 688
207 688
777 688
12 689
306 689
703 690
128 690
106 691
868 691
959 692
838 692
824 693
581 696
529 696
803 697
875 698
67 699
532 700
946 702
897 704
847 708
2 708
32 708
156 708
930 710
149 710
179 711
166 712
995 712
532 714
414 715
44 716
888 716
505 717
149 719
224 721
999 723
694 724
271 726
307 727
571 728
555 729
645 730
461 730
536 734
53 736
942 737
913 738
421 740
242 741
847 742
27 742
160 743
639 743
524 745
386 746
262 746
667 748
186 748
299 749
460 749
515 750
543 750
483 751
954 751
454 752
87 754
801 755
75 757
181 758
942 759
64 760
783 761
606 761
704 762
655 762
724 763
848 763
343 766
473 768
399 768
746 769
196 769
246 770
870 771
139 772
136 772
322 772
588 773
548 774
71 775
569 776
470 776
732 777
103 779
515 779
373 781
34 781
802 783
885 783
265 785
994 785
247 787
173 787
35 788
169 789
905 789
293 789
506 789
749 790
152 790
183 793
645 794
20 794
996 798
944 800
495 800
899 801
964 801
569 802
1000 804
32 804
520 805
825 806
833 806
384 806
822 807
781 810
874 810
567 810
767 812
5 814
926 814
666 815
341 815
537 815
521 816
557 817
497 819
901 820
70 821
456 822
904 822
702 824
604 825
586 825
706 826
510 826
964 827
420 827
815 828
613 829
649 829
101 830
503 830
88 830
26 832
456 833
263 834
258 834
148 835
12 835
204 835
406 835
163 835
73 837
556 840
275 840
436 843
318 846
532 846
868 847
291 848
494 848
315 848
6 851
575 852
299 853
970 853
368 854
662 854
336 855
901 856
683 856
407 858
875 858
694 864
716 864
543 864
743 866
342 866
684 867
603 867
512 869
684 873
224 874
989 874
969 875
351 875
558 876
950 876
929 876
382 876
623 876
841 878
717 878
850 882
155 883
259 884
228 885
553 885
169 885
100 886
904 888
889 889
715 889
757 890
598 890
763 891
359 893
701 894
871 895
267 895
314 896
918 896
593 898
729 899
539 899
142 900
190 903
80 905
27 906
883 907
264 907
614 908
518 910
312 911
545 913
832 914
932 915
682 916
431 917
340 917
326 918
12 918
118 919
588 921
214 922
182 923
210 923
527 924
943 925
914 926
858 926
78 927
188 928
256 929
215 929
799 929
846 929
216 930
346 930
213 930
477 932
951 932
933 932
899 932
159 935
421 936
490 939
279 939
124 941
754 942
102 942
557 943
136 944
653 945
166 946
284 950
981 950
34 954
215 955
674 955
908 956
172 956
487 957
221 958
652 959
834 959
817 960
762 961
360 962
685 964
434 965
4 966
764 967
620 968
720 969
655 971
49 972
641 972
485 973
383 975
671 977
217 978
38 978
707 980
909 980
386 980
73 980
304 982
745 985
250 985
983 986
909 988
349 988
832 988
546 990
890 990
504 992
573 992
374 993
797 994
993 995
821 995
288 995
461 995
255 998
753 998
985 1000
57 1000
