1000
853 1
111 1
849 3
860 4
680 7
536 7
623 8
422 8
538 8
896 9
329 9
218 10
243 12
446 14
145 15
594 15
985 16
788 16
153 18
971 18
104 18
393 19
376 19
871 20
318 20
248 20
784 21
207 23
420 23
417 23
424 24
864 25
787 26
201 26
95 26
221 27
56 28
812 28
158 29
773 30
982 31
273 32
877 32
603 33
136 34
218 35
681 35
506 36
222 36
662 37
651 37
787 38
882 38
559 39
896 39
135 40
503 40
594 41
96 41
694 43
927 45
151 46
602 47
728 47
515 47
666 50
92 50
403 52
769 53
203 54
767 55
755 56
395 56
967 58
681 62
247 64
159 65
224 67
792 67
991 67
365 68
612 69
140 71
418 71
841 73
128 75
792 75
353 75
847 76
862 76
841 80
618 81
563 82
175 82
615 84
401 88
18 89
257 91
379 94
872 96
878 97
533 97
841 98
843 101
901 103
198 104
104 106
914 106
666 106
79 108
677 111
396 111
957 111
26 112
992 113
657 114
824 116
455 117
771 118
34 119
428 119
111 120
377 121
550 123
319 124
732 126
896 127
554 127
883 127
287 128
846 128
364 129
714 129
407 130
855 131
70 132
262 132
976 132
800 133
149 135
519 135
879 135
42 136
34 137
654 137
275 137
525 138
258 139
110 140
996 142
181 142
188 143
134 143
549 144
703 145
469 146
266 150
806 150
728 151
557 152
36 152
460 153
139 156
136 158
982 159
30 159
97 160
646 166
133 167
471 170
288 171
630 171
503 173
835 173
600 173
877 174
630 174
230 176
361 176
315 178
256 179
597 179
525 179
91 180
430 183
888 183
886 185
633 188
618 189
73 189
119 189
842 190
519 191
87 195
140 196
902 197
785 197
787 198
473 198
906 199
650 199
68 199
422 204
648 206
707 209
832 209
718 211
167 211
494 213
184 213
398 213
906 214
916 215
513 216
45 217
902 219
836 220
569 221
591 223
870 224
931 224
243 226
166 227
594 228
754 229
218 229
289 230
66 231
577 231
79 231
401 232
790 232
243 233
787 234
623 238
499 238
278 238
271 239
743 240
575 240
925 243
209 243
807 243
661 244
742 244
190 246
970 246
888 247
507 250
225 250
269 250
375 250
655 251
43 252
837 254
305 254
93 255
64 255
960 257
12 258
499 258
499 262
948 265
721 265
574 266
605 266
341 266
884 267
514 267
664 269
309 270
679 270
813 271
697 273
696 274
731 275
885 275
1 277
388 278
288 278
10 278
39 281
451 281
839 281
936 281
86 281
783 282
784 282
248 282
500 284
217 284
682 284
641 285
645 285
373 286
709 287
384 289
862 289
521 291
543 292
33 292
331 293
151 294
475 296
294 296
809 298
921 301
795 302
570 302
345 303
1 308
643 308
788 309
282 309
247 311
397 311
396 312
177 313
551 313
234 313
633 313
195 314
34 315
716 315
154 317
647 322
380 322
417 326
960 327
62 328
897 329
980 330
621 330
897 331
267 332
32 332
370 332
568 332
146 334
874 334
358 336
162 337
112 337
46 338
44 339
332 340
766 340
627 343
166 345
292 345
529 347
560 347
648 348
71 348
319 349
812 349
45 351
684 352
893 354
891 355
953 356
694 359
426 360
896 361
970 363
367 365
494 365
318 366
692 366
287 367
104 368
436 369
836 370
285 372
435 372
321 373
475 373
533 375
538 375
881 375
552 376
611 378
143 378
180 378
178 381
857 382
608 382
403 383
124 383
222 383
726 384
108 385
875 386
445 387
254 388
858 388
454 388
845 389
743 390
377 390
953 391
11 392
618 396
991 397
780 397
296 399
137 401
241 402
890 402
704 404
447 406
66 407
54 409
28 409
969 410
705 410
863 411
716 411
506 412
764 412
354 414
749 415
891 416
144 416
278 417
471 417
926 417
622 418
639 418
865 418
813 418
161 419
108 420
213 421
170 421
770 421
353 421
90 425
726 425
556 425
559 426
188 427
3 427
680 430
178 430
367 432
589 433
527 434
133 434
204 436
406 437
904 437
874 438
269 438
613 439
425 440
549 440
763 441
244 441
349 443
273 443
268 443
940 444
222 446
472 446
592 446
108 448
337 449
300 450
707 454
887 454
926 458
973 459
449 459
273 461
352 464
19 467
771 467
756 467
879 468
474 471
626 472
171 478
40 478
217 479
614 479
749 481
298 483
263 484
681 484
256 485
796 485
551 486
849 486
971 489
76 489
594 490
532 492
875 493
609 494
938 494
978 495
48 497
430 498
566 498
984 500
914 501
753 501
974 504
137 504
169 506
53 506
400 506
534 508
657 508
709 510
977 512
940 512
813 513
288 516
666 517
741 519
733 520
847 521
6 521
756 521
796 521
163 521
790 522
597 524
432 524
331 525
330 526
441 527
132 529
355 529
441 531
479 533
25 534
432 534
968 534
643 535
479 536
851 536
517 537
159 538
191 538
230 538
331 538
304 540
590 541
568 541
511 543
111 544
119 545
45 546
546 546
275 547
881 552
392 553
503 554
670 556
486 557
276 558
101 558
26 558
23 558
549 559
502 559
674 560
702 561
208 563
122 563
452 564
165 564
993 566
445 566
284 566
338 567
338 568
576 571
727 572
619 572
74 573
71 575
402 575
839 580
319 580
277 581
64 582
478 582
972 583
999 585
127 586
358 586
780 586
929 587
364 587
266 588
422 589
843 589
187 591
748 593
811 595
425 596
391 596
642 597
246 599
513 599
470 599
149 600
795 602
684 602
616 602
969 602
39 602
980 603
840 604
1 604
4 604
571 607
217 608
501 608
478 608
362 608
476 611
243 613
209 613
511 614
262 615
412 615
439 618
850 618
76 620
718 621
460 621
850 623
831 626
766 626
872 628
832 628
824 628
730 631
711 632
872 633
238 633
202 635
314 635
359 635
326 636
501 636
489 637
629 638
435 638
448 640
725 640
389 641
184 641
860 642
894 643
746 643
652 647
152 648
391 648
144 649
986 651
575 652
571 653
703 655
816 655
337 657
384 658
656 661
683 662
278 664
858 666
473 668
910 669
71 670
655 670
391 670
204 671
533 671
48 671
191 672
850 673
748 674
658 674
436 681
551 681
238 681
531 682
761 682
161 684
247 685
539 686
251 687
37 689
439 689
608 689
399 690
30 691
439 691
397 692
291 692
853 692
707 693
974 693
21 695
552 696
837 697
104 697
843 697
888 699
882 701
269 702
652 703
805 703
972 704
8 705
984 706
646 706
344 706
100 707
492 707
37 709
628 712
644 713
657 715
383 715
190 716
752 718
934 718
717 718
423 721
869 723
655 724
464 725
366 725
701 726
930 727
684 728
986 729
267 730
363 731
345 731
222 731
108 733
441 733
7 734
138 736
500 736
616 741
690 741
124 741
542 742
125 744
183 744
171 744
603 745
510 745
950 746
517 746
612 747
142 748
482 748
490 749
605 749
735 750
103 750
846 751
90 751
798 752
217 752
76 752
923 755
440 756
887 756
305 758
98 759
653 760
99 762
422 763
2 766
616 767
377 767
568 768
402 769
838 769
165 769
708 771
261 774
482 774
824 774
713 775
417 775
739 776
402 777
516 777
233 778
127 779
746 780
632 780
830 781
373 781
627 782
408 783
646 784
906 784
149 787
581 788
380 788
827 789
300 791
445 793
122 793
563 796
1 797
712 801
53 802
40 802
344 804
598 806
314 806
619 807
962 807
34 808
692 809
750 810
635 811
749 811
732 811
731 811
996 812
973 813
964 813
180 817
704 817
269 818
407 818
884 820
923 821
793 822
264 823
249 825
471 826
651 827
180 827
761 827
968 830
657 831
36 832
178 833
199 833
884 837
540 838
203 838
40 840
584 840
510 841
289 841
440 841
539 842
642 842
580 843
461 846
683 847
38 847
708 849
242 849
356 852
198 853
414 853
259 853
645 854
140 854
475 854
951 856
607 857
782 858
459 860
967 860
792 861
421 867
776 867
629 872
320 872
776 872
292 875
670 876
950 877
582 878
419 879
422 880
844 881
888 882
909 883
509 883
573 885
39 885
489 887
338 887
865 888
222 889
949 890
283 890
748 893
469 894
550 895
437 895
973 896
613 896
247 897
827 897
803 897
419 898
934 902
203 903
996 904
99 904
233 904
777 905
281 905
592 908
120 908
132 909
932 911
722 912
827 915
348 916
796 917
21 920
216 920
337 922
728 922
72 924
375 925
882 927
381 928
244 930
660 930
893 930
205 931
592 933
604 934
6 934
720 934
133 934
924 935
292 936
787 936
190 938
531 939
785 941
825 943
585 945
872 945
474 948
94 950
714 951
107 954
355 956
589 956
799 957
563 957
925 957
218 958
815 958
914 960
458 961
773 965
193 969
857 970
565 972
490 972
850 972
275 973
588 975
611 976
942 978
291 980
589 980
608 981
241 984
278 985
54 985
908 985
929 986
287 988
537 988
934 989
74 989
697 990
53 993
378 993
23 994
1000 997
851 997
108 998
789 999
