1000
995 0
214 0
598 0
291 0
380 1
810 1
354 3
875 4
337 7
809 10
461 11
532 14
545 15
231 15
493 15
747 16
497 16
182 18
90 18
567 19
663 20
499 20
948 21
181 21
735 21
321 22
289 24
623 25
380 26
154 27
62 27
788 27
195 28
865 29
352 30
98 30
739 31
711 32
383 32
963 32
775 33
820 33
66 34
480 38
852 41
426 43
405 44
718 45
151 45
74 45
663 46
90 46
767 47
4 47
105 53
555 55
542 56
732 58
382 60
405 60
812 60
330 60
880 60
134 62
9 63
821 63
129 64
974 65
24 65
241 66
113 66
300 67
737 68
938 68
394 69
914 70
297 70
442 71
931 71
815 71
565 72
802 73
503 76
542 77
782 78
523 79
288 79
81 82
922 82
194 83
316 84
76 85
567 91
869 93
357 93
962 98
457 100
79 100
433 101
361 101
442 103
554 103
503 106
117 106
453 110
654 113
520 115
866 115
972 116
596 116
552 116
412 119
414 120
884 121
449 122
376 123
711 123
257 123
386 124
508 126
983 127
887 129
680 130
392 132
264 132
929 133
828 133
29 133
938 134
508 134
431 135
407 135
434 135
259 138
459 142
126 142
830 143
186 144
759 145
600 147
303 147
149 148
996 148
822 149
510 149
37 150
955 151
109 151
542 152
590 152
226 155
135 155
846 156
613 157
97 158
155 160
546 160
915 161
136 161
24 161
962 162
23 162
266 164
515 164
890 166
422 171
721 171
586 172
415 173
841 174
276 174
711 176
276 176
380 177
829 177
876 177
177 178
239 179
73 181
922 181
177 183
214 185
893 185
923 185
8 186
114 187
310 189
92 190
40 190
194 191
987 192
761 192
298 193
151 193
426 195
38 198
403 200
144 203
976 203
277 204
505 204
787 207
488 208
689 209
921 209
18 210
278 210
455 212
130 212
23 212
961 213
550 215
561 215
969 216
480 216
583 220
841 221
560 221
88 222
242 223
411 224
304 224
540 224
117 225
278 225
402 226
497 226
387 228
565 228
124 229
699 230
628 230
353 232
979 233
868 234
439 235
859 238
513 238
510 240
250 241
440 242
524 243
89 244
208 245
648 246
429 248
277 248
260 249
330 249
621 250
281 250
451 251
231 253
420 254
690 256
30 256
422 257
686 262
37 262
464 264
388 265
969 268
765 268
165 269
320 269
565 269
320 272
434 275
117 275
742 277
153 277
318 278
444 278
230 278
26 281
584 284
777 285
566 285
65 287
924 287
810 287
415 287
726 288
506 288
105 290
208 291
540 291
743 292
998 292
959 293
872 294
348 294
169 299
423 299
362 300
569 300
832 301
765 302
722 302
194 303
895 306
450 306
463 307
862 307
376 309
915 311
478 311
138 311
723 312
377 312
228 314
504 314
690 314
661 314
44 315
207 317
791 317
400 318
854 320
856 322
172 322
511 322
16 325
718 328
751 328
839 329
891 330
889 331
960 331
227 332
174 332
222 333
730 333
552 334
360 334
427 335
526 337
506 338
294 338
421 338
267 339
455 340
542 340
184 341
578 342
201 343
939 344
123 344
437 347
547 347
905 348
235 349
336 350
867 351
908 354
936 354
724 355
150 356
132 356
836 358
987 360
323 362
464 362
509 365
618 365
196 367
738 367
364 367
613 368
283 369
491 371
105 372
62 373
720 373
92 375
487 376
811 376
855 377
13 378
889 378
417 380
577 384
510 386
334 386
999 387
630 389
376 389
436 390
799 390
183 391
190 393
867 394
933 395
699 395
189 396
769 397
630 397
323 398
320 402
123 403
691 405
666 405
983 407
457 408
811 408
30 409
655 412
373 412
580 414
886 414
245 414
584 414
870 415
696 415
71 417
815 417
267 420
742 421
555 422
548 423
963 424
693 424
478 425
589 425
127 426
235 427
7 429
18 429
205 430
960 430
557 430
403 431
664 433
240 433
517 434
507 436
191 436
944 437
268 438
519 438
264 438
883 440
900 442
203 444
836 445
737 446
24 447
468 450
393 450
175 452
384 454
462 456
111 456
806 456
770 458
270 459
320 459
482 461
456 462
682 463
498 464
439 464
32 464
745 465
217 466
594 468
224 469
136 469
377 469
815 470
739 471
856 472
585 473
748 474
62 474
491 476
673 476
44 477
192 478
357 479
251 480
624 481
249 482
201 482
23 483
899 483
481 484
231 484
999 485
525 485
606 487
75 488
502 488
141 490
824 491
650 492
411 496
572 497
217 497
900 499
463 500
304 502
340 503
72 503
506 503
48 503
349 504
842 505
818 505
451 508
271 509
597 510
897 510
381 511
262 512
929 513
858 513
592 514
806 514
254 517
67 518
71 519
938 520
780 520
497 521
594 521
94 521
405 521
481 522
992 522
912 524
792 525
711 526
59 527
2 527
177 528
366 528
462 529
64 530
470 530
2 531
876 532
98 535
636 535
610 536
620 539
970 541
656 541
35 541
223 541
628 541
873 543
715 544
914 545
578 546
383 547
570 548
240 549
126 552
844 553
447 553
977 555
715 556
43 556
510 558
358 559
347 559
799 559
494 560
422 560
956 560
289 562
593 564
132 566
555 567
683 567
755 568
400 569
129 570
136 570
794 573
938 573
23 574
454 574
413 575
319 575
290 576
629 578
205 578
206 579
972 580
803 580
832 582
377 583
406 583
411 586
935 587
226 587
245 588
817 589
876 589
243 589
330 589
869 590
17 591
354 594
620 596
690 598
824 598
157 599
631 599
725 600
204 601
781 601
398 601
292 601
979 602
589 604
417 604
219 605
427 605
402 606
382 607
455 607
245 608
633 609
596 609
221 610
279 613
127 613
5 614
394 615
348 615
180 619
579 620
596 620
469 622
583 624
612 624
166 627
421 627
796 628
430 628
182 628
700 630
392 631
742 632
780 632
185 633
636 635
904 635
808 637
61 641
391 642
253 643
363 644
583 646
371 647
161 650
486 651
154 655
378 655
228 656
381 658
427 658
313 660
825 662
303 664
543 664
118 665
587 665
946 665
732 665
236 670
686 670
230 670
85 671
526 672
823 673
335 674
635 674
627 674
420 675
283 675
894 675
651 677
143 678
172 678
713 679
163 680
631 681
500 682
693 682
303 683
576 683
873 684
290 685
121 686
229 686
346 686
406 688
728 690
492 692
728 692
210 693
464 693
43 697
789 698
952 698
482 700
838 701
131 701
69 702
504 703
960 705
620 706
988 707
833 708
797 710
463 711
657 714
225 714
286 717
79 717
176 720
821 722
113 724
18 730
666 730
193 731
153 731
661 732
560 735
27 737
724 737
38 738
468 738
904 741
840 741
505 742
810 742
657 744
755 745
27 746
515 747
389 748
866 748
635 750
988 751
782 752
529 752
399 753
126 753
769 753
588 754
235 755
619 755
686 755
488 755
323 756
494 756
174 758
854 760
862 760
591 760
502 761
700 762
99 766
956 766
19 767
863 768
949 770
739 770
352 773
251 773
22 774
180 774
336 775
847 775
767 777
407 778
605 779
905 779
545 779
258 779
73 782
734 782
820 783
675 785
925 785
46 786
550 788
684 791
113 792
624 792
557 792
5 793
825 793
151 794
287 794
940 794
647 795
368 796
652 796
712 796
997 800
338 801
544 803
922 807
988 809
691 809
762 809
631 810
641 813
791 813
715 814
783 816
627 816
30 818
996 818
70 820
360 821
79 822
822 823
254 823
155 823
672 823
410 824
34 825
425 826
120 828
10 828
470 829
313 829
223 829
893 831
404 831
769 834
439 834
810 836
363 836
422 837
27 838
680 838
751 839
831 842
875 844
319 844
429 845
985 845
726 846
670 848
226 849
916 850
144 850
857 851
712 851
228 851
283 852
158 852
137 855
701 856
17 857
904 858
223 860
61 861
922 862
851 862
369 863
320 863
23 863
946 863
387 864
302 865
53 867
84 868
273 868
193 869
834 870
285 871
713 874
406 875
146 876
371 876
377 876
271 876
807 877
918 877
329 882
779 884
518 884
828 887
292 888
408 889
555 894
561 895
850 896
12 896
904 898
896 899
326 899
235 900
939 900
40 900
959 901
740 903
681 904
479 905
548 905
859 906
272 906
642 907
942 909
584 910
413 910
343 911
70 912
552 913
84 921
929 921
960 922
691 925
787 926
522 928
660 928
531 929
52 930
287 931
201 932
860 932
568 933
180 934
19 935
16 937
78 937
436 938
165 939
33 942
392 942
961 943
695 943
615 945
741 946
294 946
680 948
329 948
638 949
473 949
595 950
812 950
160 951
969 952
603 952
484 954
786 954
594 955
613 957
260 958
388 958
12 958
751 959
783 959
10 960
91 960
74 963
238 963
516 965
6 966
439 967
246 968
162 968
382 969
211 971
956 971
116 971
668 975
590 975
385 976
571 977
766 977
140 977
239 978
587 978
77 979
794 979
237 981
199 981
416 983
235 984
849 984
373 985
992 988
192 989
427 991
520 991
494 993
861 994
45 996
532 997
106 997
