659
819 1
472 2
153 3
116 4
975 5
631 6
853 7
76 7
483 9
194 9
726 9
171 10
373 15
689 17
265 18
963 18
936 23
132 25
136 26
877 29
206 30
392 34
544 34
660 35
117 37
3 37
313 38
656 40
456 45
83 47
592 48
409 50
190 50
228 52
458 53
657 55
701 57
726 60
774 62
824 63
292 65
769 66
588 66
131 67
320 68
429 68
49 71
791 71
982 72
277 75
860 76
385 81
911 81
607 85
177 86
299 86
378 86
887 88
904 89
823 90
659 93
750 93
61 94
150 95
365 96
442 96
291 97
486 101
380 101
846 104
755 104
314 104
532 106
505 106
539 108
464 111
737 117
368 118
788 119
78 122
646 123
742 125
845 126
882 127
658 129
916 131
648 131
282 132
881 132
805 133
685 136
719 137
24 139
546 141
108 144
64 148
838 149
834 149
90 149
110 151
317 152
149 154
545 155
282 156
234 156
719 157
749 161
227 163
208 166
849 168
221 169
491 170
683 170
612 170
260 172
436 178
76 180
257 180
420 182
758 184
347 185
370 185
41 186
729 187
532 187
426 189
750 189
285 190
457 192
667 192
991 193
844 197
304 197
804 198
407 200
202 202
398 206
560 207
356 207
568 209
718 210
128 213
1000 214
26 214
24 215
203 217
332 218
331 219
860 223
76 224
489 225
418 227
411 227
891 231
526 231
140 233
900 233
594 233
77 235
492 237
91 237
610 238
565 239
460 241
101 241
891 244
114 244
825 244
920 249
200 249
437 251
216 253
864 256
741 257
782 258
333 259
93 260
892 261
477 268
468 269
840 270
91 271
331 273
738 274
864 275
210 276
854 276
802 278
877 278
187 279
577 280
858 281
589 282
622 282
568 287
209 288
515 289
373 289
285 291
706 293
367 293
807 295
847 295
534 297
900 301
160 303
641 303
866 304
946 306
796 307
538 307
700 308
625 309
665 310
632 312
510 313
584 320
55 321
901 321
967 322
446 324
785 328
29 330
364 332
157 334
418 336
69 338
657 339
593 340
585 341
989 341
540 341
343 343
427 345
900 345
749 347
411 348
995 348
655 350
744 350
495 351
858 353
516 354
136 354
499 354
582 354
733 356
282 356
373 359
962 359
772 362
327 363
814 365
250 365
647 368
790 369
496 370
985 371
395 371
98 373
649 374
825 375
92 378
661 379
276 382
769 389
981 390
734 391
326 395
50 396
490 399
730 399
825 401
729 401
225 402
591 410
102 411
153 411
495 413
583 414
282 414
425 418
312 418
655 419
705 420
824 423
377 425
846 427
479 428
178 430
209 430
166 431
176 433
423 433
581 434
130 435
709 436
452 437
575 438
118 439
652 442
159 443
589 443
724 444
714 445
273 446
679 449
907 450
620 450
908 451
771 452
634 454
871 457
381 457
145 459
136 460
562 462
264 463
556 464
99 466
689 466
804 466
980 467
502 469
229 472
140 473
345 473
725 474
553 475
433 477
846 479
770 480
992 485
2 488
935 491
358 491
35 492
340 495
518 497
436 499
76 500
486 502
109 502
920 503
962 504
542 510
294 513
905 514
478 515
505 515
716 516
372 521
206 522
205 525
317 527
903 528
816 528
308 534
861 534
716 535
658 536
366 538
660 540
745 542
276 543
523 544
981 546
77 546
56 550
58 551
949 552
697 552
119 552
732 553
246 553
375 553
361 555
345 555
415 563
652 564
76 566
246 567
685 569
571 569
457 572
943 574
639 577
665 579
79 580
848 581
216 581
933 582
465 583
6 583
150 584
243 584
956 584
401 585
82 586
200 588
842 588
286 588
794 592
278 592
444 594
598 596
803 596
479 598
208 599
77 600
904 600
26 601
928 605
971 608
860 608
594 611
184 611
996 611
169 613
910 613
418 614
742 614
681 617
71 619
326 621
793 621
356 622
514 623
673 626
733 626
25 626
703 627
59 632
604 632
669 635
214 635
242 635
799 637
757 637
32 643
832 646
852 657
885 660
965 661
124 661
179 661
928 662
689 662
949 662
420 662
563 663
628 666
361 668
237 669
221 672
606 672
749 672
591 672
820 675
836 684
75 684
408 685
596 686
774 686
53 688
116 690
178 694
501 694
21 694
478 696
42 697
110 698
355 699
546 701
804 701
298 705
863 706
330 707
660 709
245 710
711 713
304 714
405 714
388 715
826 716
753 718
874 718
113 721
499 722
415 722
426 722
250 725
466 726
754 727
887 729
641 730
313 731
675 731
854 731
566 732
440 733
145 734
931 735
435 736
886 736
472 748
795 749
849 749
982 750
215 751
565 752
70 755
237 759
387 760
149 761
548 764
768 766
694 767
803 767
457 769
90 771
38 773
150 777
120 778
784 781
898 782
852 782
183 783
741 785
297 786
449 787
714 788
690 791
847 791
140 792
799 792
150 794
788 794
499 794
831 795
407 796
199 796
420 803
905 808
473 808
985 809
304 810
201 812
532 812
243 814
851 817
792 824
931 825
919 827
140 830
777 833
302 835
723 835
487 839
249 841
823 842
663 842
787 845
178 847
19 849
325 851
533 852
902 853
438 856
701 857
236 858
128 858
23 859
118 862
252 863
862 866
767 868
528 868
226 870
588 871
86 872
392 879
786 880
37 881
154 881
100 886
4 887
22 888
141 892
162 896
307 898
65 898
464 899
519 899
665 904
572 904
528 904
571 905
389 906
36 907
689 909
259 910
385 911
899 915
532 916
905 918
776 922
862 923
223 923
412 926
615 927
385 927
963 929
693 929
883 930
842 931
679 935
465 936
906 940
710 941
930 945
722 946
402 948
595 949
767 950
900 950
684 952
728 953
517 956
919 958
824 959
95 959
461 961
440 962
454 963
119 964
207 966
656 966
935 968
517 969
588 970
570 970
794 974
90 975
862 975
49 980
948 981
641 982
568 983
440 984
355 985
265 988
679 989
470 990
401 991
9 993
422 993
407 994
562 996
