868
328 1
409 2
903 3
180 3
86 5
665 6
225 6
90 9
988 11
693 11
430 13
966 13
416 13
470 13
717 15
454 17
855 19
763 20
886 20
585 21
469 21
902 22
933 23
74 25
990 27
255 27
189 28
681 28
216 29
393 30
246 31
855 32
90 33
148 34
890 35
724 35
412 35
530 35
974 37
13 37
562 39
702 39
170 40
701 40
64 41
235 43
815 44
112 44
662 53
619 54
178 56
672 58
646 59
294 61
427 62
272 62
77 64
883 65
876 66
139 66
87 67
789 68
984 69
226 70
705 70
826 72
926 73
728 73
761 75
528 78
518 80
885 82
634 82
687 83
551 83
316 83
109 84
761 85
653 89
877 90
707 93
100 93
656 93
518 94
729 94
189 95
340 95
669 98
568 98
22 100
661 100
683 101
337 102
551 105
783 105
763 106
687 108
480 108
879 110
183 110
601 112
914 112
445 115
880 117
931 118
453 118
254 123
318 126
995 126
537 127
756 127
942 128
10 131
194 131
172 132
598 132
764 133
589 134
904 134
337 134
899 134
190 135
396 136
75 136
951 137
456 137
323 137
341 138
333 138
58 138
712 140
654 140
794 141
296 141
228 142
223 142
138 142
227 142
395 143
46 143
878 144
929 144
903 144
361 145
962 146
637 147
623 147
407 148
692 149
879 150
385 151
188 156
929 157
801 157
373 159
237 160
610 160
48 160
216 162
435 163
597 167
713 167
163 167
716 168
183 169
168 169
401 169
247 170
476 170
772 172
89 172
436 175
445 176
162 177
98 179
350 181
159 182
836 183
852 184
650 185
71 187
546 188
236 188
610 189
681 190
998 191
826 191
417 193
192 193
472 196
333 196
544 199
935 200
359 200
827 201
474 205
302 206
830 207
453 209
464 209
1 209
139 210
449 211
908 211
113 212
818 212
559 213
823 216
453 216
269 216
904 219
777 221
520 221
739 221
4 221
147 221
305 222
948 223
786 228
123 230
287 231
590 232
410 234
734 238
61 241
338 242
345 246
904 247
372 248
938 250
614 251
608 254
365 255
175 257
469 259
740 259
930 260
821 261
683 262
609 263
637 264
251 265
155 265
740 266
354 266
474 270
806 270
977 271
640 271
325 272
476 273
231 273
198 277
424 279
507 280
850 280
830 281
631 283
180 283
960 283
989 284
202 288
662 291
841 292
155 292
965 297
269 297
500 298
52 298
245 300
897 302
260 303
710 307
954 307
486 307
332 308
696 309
962 312
248 312
596 312
295 312
197 312
390 315
9 315
444 316
8 316
747 317
361 317
150 319
350 320
121 325
466 326
585 329
895 329
999 329
4 335
953 336
872 343
493 345
857 346
521 347
464 348
191 348
642 350
83 350
648 353
414 353
942 355
213 359
140 359
478 359
136 359
957 359
389 364
213 364
521 364
455 366
331 367
942 371
549 371
347 371
775 372
336 372
540 373
253 373
733 376
382 378
598 378
294 380
292 383
454 384
154 386
948 388
812 389
901 390
470 390
42 391
1000 394
239 394
2 395
156 398
372 398
639 400
561 401
117 403
833 405
519 407
413 410
424 411
790 413
365 413
907 413
900 414
606 415
358 415
557 416
600 417
633 417
307 418
387 419
129 420
560 421
426 422
993 423
738 424
186 424
816 425
378 427
715 427
371 428
846 430
375 431
158 432
612 433
809 434
932 435
310 439
639 440
424 440
498 441
342 442
614 442
639 442
659 444
66 444
203 444
524 446
418 449
474 449
205 450
273 451
336 452
120 453
96 453
187 453
824 453
555 455
653 456
809 457
229 458
912 459
4 459
303 460
80 461
287 463
671 464
833 465
615 467
859 469
530 469
310 470
796 472
373 474
869 483
424 485
714 485
239 486
979 486
380 486
370 487
295 488
924 488
884 489
357 491
759 492
881 494
445 494
472 495
404 499
626 499
138 500
762 500
969 501
995 501
975 502
41 503
265 504
709 504
170 506
230 507
689 508
421 508
908 509
440 509
125 511
471 511
813 511
512 512
389 514
457 514
901 516
982 520
741 522
672 524
204 526
119 526
276 527
379 528
166 529
191 530
898 530
324 530
120 532
590 533
665 534
906 535
848 537
344 538
831 538
17 540
812 541
535 542
214 543
105 543
110 545
524 545
365 548
639 548
195 551
698 551
628 552
758 555
447 555
673 555
947 558
583 558
140 559
571 560
683 562
619 563
652 566
55 569
879 569
632 570
548 571
530 572
364 573
841 576
83 577
365 579
710 580
101 583
553 583
641 585
664 586
577 587
488 587
166 588
102 588
811 589
235 589
144 590
643 590
479 590
751 591
56 591
931 592
591 593
420 596
34 596
360 598
843 598
684 598
6 601
415 601
71 602
942 603
123 606
585 607
455 609
839 612
883 612
262 613
523 613
690 613
905 614
731 614
656 615
393 615
340 617
650 618
921 619
899 620
478 620
458 620
306 621
241 621
760 622
184 622
657 622
567 623
568 627
687 629
182 631
917 631
646 631
896 631
71 633
477 633
623 634
696 638
78 639
42 641
413 642
551 642
468 644
225 647
349 648
472 651
144 654
888 655
278 656
557 658
377 658
921 658
518 659
914 659
459 660
564 660
627 663
401 663
367 664
919 665
75 666
689 667
688 668
238 670
130 671
656 671
266 673
724 673
410 673
495 674
997 675
575 677
984 679
562 680
348 680
297 680
160 681
57 682
413 683
319 684
467 686
809 686
37 689
240 689
87 690
146 690
371 691
661 691
683 692
919 695
849 696
996 697
539 697
802 698
910 700
239 702
547 706
505 708
599 709
548 712
846 713
303 714
506 714
801 714
340 716
341 719
466 720
147 720
850 721
414 722
562 724
810 726
662 728
859 729
234 730
418 731
370 732
479 735
930 735
709 736
237 737
811 738
34 739
789 740
642 742
300 743
762 747
12 747
732 747
519 750
183 753
224 754
864 754
354 754
736 757
122 758
160 758
357 760
894 761
642 762
225 763
633 763
398 767
960 768
519 768
624 768
453 770
612 772
311 774
823 775
591 776
479 776
418 777
805 780
951 787
103 787
66 788
349 788
932 788
205 788
496 790
420 791
503 792
583 792
280 794
790 795
737 795
80 796
522 797
742 798
992 798
78 799
266 800
852 800
198 801
20 802
34 802
406 803
697 804
671 804
471 805
728 805
829 806
408 806
65 808
612 809
561 810
164 811
337 812
119 815
798 816
78 817
946 818
734 818
32 820
310 822
587 822
990 823
143 823
679 823
662 825
551 827
476 828
787 828
517 829
598 830
413 832
105 832
930 834
820 834
373 836
419 836
170 837
789 838
347 838
956 840
530 841
852 842
974 843
632 844
620 846
149 847
962 851
376 851
24 852
765 852
301 853
210 857
375 861
783 861
582 861
30 862
75 866
286 866
328 870
401 871
853 871
576 874
318 875
495 877
190 878
602 880
253 881
453 882
951 882
95 883
199 884
816 885
16 885
968 886
617 887
361 888
269 888
90 889
898 890
339 891
569 893
899 896
32 897
517 898
300 900
373 903
985 904
438 910
694 911
602 912
532 915
464 915
643 915
871 917
87 917
9 918
305 918
841 918
568 919
17 919
529 919
110 920
193 921
366 921
699 924
831 928
750 928
975 932
493 933
851 935
184 935
147 935
256 936
595 938
516 939
303 940
412 940
184 943
782 945
614 946
622 946
783 947
526 949
591 950
180 951
220 953
609 953
653 954
424 956
297 956
92 961
3 962
60 962
453 963
488 965
961 966
290 967
385 968
29 969
80 969
703 970
33 971
690 972
479 972
211 974
781 974
895 974
910 975
901 976
382 977
648 977
426 978
561 980
414 980
186 983
678 986
277 987
475 990
139 990
904 991
84 993
488 995
792 996
185 996
519 996
725 996
446 998
132 998
111 1000
