921
294 0
71 0
224 2
27 3
14 3
354 4
296 5
393 6
11 7
394 8
453 9
513 9
502 9
538 10
148 11
62 11
350 12
225 12
218 13
469 13
271 14
390 14
34 15
48 16
399 16
251 16
65 17
202 17
355 17
313 18
48 20
235 20
365 20
470 21
21 21
255 21
419 22
256 22
295 23
314 24
24 24
549 24
250 24
490 25
276 25
531 25
57 26
331 27
37 27
285 28
324 30
422 30
104 34
409 34
279 37
48 38
213 38
306 41
227 42
321 42
69 42
322 42
7 43
192 43
377 43
419 44
251 45
97 46
254 47
406 47
425 48
121 49
206 50
27 51
164 52
260 52
90 53
133 53
75 53
116 54
428 54
511 55
506 56
482 56
202 58
79 59
352 59
449 60
433 61
231 63
10 63
180 64
313 64
11 65
17 66
127 67
220 67
50 68
243 69
336 69
468 70
226 70
282 71
117 71
45 72
244 72
481 72
63 73
199 74
358 74
380 74
354 76
502 76
525 77
193 77
402 78
328 79
182 80
465 80
65 81
491 82
28 83
288 83
323 84
527 84
39 85
117 87
403 91
410 93
394 93
448 94
250 95
360 95
262 96
70 98
310 99
96 100
67 102
420 102
423 102
3 103
352 104
269 104
60 105
90 106
254 106
488 107
512 108
31 110
533 111
227 113
86 113
513 114
461 114
464 115
496 115
64 117
310 117
398 119
251 120
188 120
64 121
223 121
118 122
545 123
86 123
302 123
316 124
207 124
408 124
409 126
143 127
485 128
31 129
503 129
255 129
333 130
319 130
299 131
163 131
277 132
175 134
43 134
33 136
230 136
133 137
100 139
146 139
405 140
101 141
123 142
287 143
35 143
445 144
165 145
445 145
32 146
230 146
281 147
332 147
331 147
506 148
348 149
44 149
532 150
291 152
452 152
175 153
516 153
120 153
152 153
550 154
377 155
386 155
395 155
469 156
540 156
201 156
514 156
209 157
235 158
437 159
206 159
41 160
292 160
374 161
187 161
142 161
174 161
101 161
342 162
117 164
344 164
500 165
124 165
84 165
167 166
326 169
322 171
406 171
209 172
148 172
305 172
517 173
67 174
241 174
442 175
391 175
498 176
141 176
402 177
110 177
188 178
145 178
271 179
352 180
401 180
383 181
305 184
392 184
56 185
186 185
326 185
237 186
45 186
460 186
506 187
537 187
40 188
74 188
311 189
456 189
39 189
523 189
441 190
536 190
340 191
393 191
536 192
339 192
43 193
70 194
284 194
257 194
110 195
550 195
239 196
291 197
253 197
158 198
515 198
433 200
415 200
550 200
88 200
443 200
239 200
311 201
109 201
214 201
193 202
500 202
541 202
16 202
99 204
443 204
46 204
223 205
12 205
355 205
162 205
413 206
420 207
211 208
155 208
127 208
452 209
137 209
238 210
247 211
80 211
39 213
414 214
417 215
73 216
38 216
337 216
344 218
315 218
25 218
252 218
388 219
48 221
356 221
474 221
403 221
177 223
350 225
537 227
183 228
230 229
64 230
427 231
214 232
372 232
365 233
70 236
70 238
212 238
239 239
135 240
140 241
268 242
524 242
156 243
178 243
241 244
324 246
146 247
88 247
500 247
121 248
53 249
536 251
142 251
334 252
521 252
137 253
41 254
167 255
336 256
151 256
324 256
376 257
2 257
89 258
513 258
498 258
484 260
170 260
263 260
60 263
498 263
390 264
219 265
529 267
463 268
46 269
182 269
494 270
204 271
500 272
164 272
501 273
170 274
291 274
316 274
190 276
380 276
388 276
239 277
502 278
298 278
266 279
284 279
466 280
244 280
98 281
312 281
259 281
286 281
478 282
32 283
513 283
283 284
464 284
153 285
38 285
266 287
257 290
134 290
348 291
549 292
400 293
216 293
479 298
416 298
458 300
287 301
146 301
461 302
438 303
31 303
195 305
464 306
77 306
142 308
208 309
399 310
362 310
229 311
59 311
23 311
231 312
282 315
248 315
531 316
345 316
51 317
550 319
58 319
96 319
489 320
439 321
451 321
84 323
97 323
58 323
381 323
286 325
370 327
214 327
295 328
290 328
339 329
22 330
76 331
262 331
221 331
374 331
365 332
274 332
333 334
429 334
295 336
231 336
361 337
269 337
161 337
90 337
523 338
312 338
18 338
477 339
497 341
254 341
456 343
178 344
113 344
222 344
140 345
505 348
63 350
397 352
33 353
376 353
102 353
100 354
328 354
355 354
156 354
28 354
45 355
11 355
2 356
73 356
60 357
92 357
336 357
417 357
237 357
526 358
532 359
268 360
528 361
30 361
403 362
392 364
39 366
217 367
300 367
531 367
494 367
117 368
396 369
322 369
550 370
414 371
461 372
420 373
99 373
515 374
434 375
129 375
319 375
492 376
292 376
285 376
291 376
362 376
58 377
262 378
440 378
337 378
348 379
182 380
159 381
223 382
24 383
85 384
359 384
503 384
396 385
291 387
35 388
534 389
205 389
458 390
34 392
388 393
497 393
65 394
265 395
285 396
181 396
345 398
160 399
509 399
334 400
152 400
498 401
258 401
66 402
47 402
387 402
274 403
74 403
95 403
412 404
32 404
225 404
31 405
549 406
398 406
358 407
459 410
378 411
287 411
317 412
214 413
426 414
108 414
258 414
8 416
253 416
401 417
228 418
351 418
98 418
18 418
361 419
438 419
320 419
257 420
41 421
389 421
225 424
135 424
294 426
479 427
461 428
530 429
231 429
78 432
393 432
484 435
40 437
117 438
26 439
403 439
12 440
85 440
378 440
460 443
80 443
297 445
50 446
485 447
451 447
333 447
54 447
36 450
472 452
434 452
527 452
62 458
64 458
304 458
544 458
447 458
219 458
301 459
302 460
383 461
132 462
142 463
83 464
508 464
308 465
132 465
382 467
65 469
128 470
444 473
20 474
211 474
243 475
496 476
547 479
321 480
120 480
8 482
152 483
265 483
448 484
477 485
62 486
313 486
301 487
264 487
414 488
167 489
521 489
251 489
219 490
57 490
96 490
37 490
392 491
460 491
453 491
304 492
25 492
435 493
448 494
426 494
103 495
537 496
71 498
367 499
503 499
8 499
542 501
299 501
150 502
206 503
29 503
13 503
525 504
390 504
4 504
463 505
376 506
410 506
19 507
365 508
382 509
39 509
528 510
294 510
302 511
204 511
463 512
435 513
222 513
504 513
205 514
537 514
277 515
147 515
530 517
106 517
201 518
107 518
469 519
374 520
156 522
64 524
90 524
85 525
173 526
283 527
221 529
381 531
547 531
39 532
190 532
149 532
380 532
279 533
231 533
269 533
34 534
351 535
466 535
459 535
286 537
456 537
378 538
388 538
451 538
61 539
506 539
447 540
30 540
223 541
377 541
509 542
252 543
215 543
148 544
487 544
183 544
406 545
499 545
397 546
393 546
308 548
193 548
523 548
163 549
35 552
418 552
77 553
548 553
227 554
394 555
395 555
294 555
266 556
41 557
21 557
251 558
286 558
406 560
96 561
51 561
526 562
4 562
200 562
158 563
447 564
495 564
31 565
141 565
534 566
93 566
77 567
393 567
145 568
367 568
228 569
14 570
470 571
533 572
226 572
533 573
214 574
184 574
201 574
373 574
526 574
377 575
257 576
372 576
216 576
497 577
480 577
187 577
7 577
547 581
485 582
353 583
186 584
410 584
533 585
64 585
110 586
537 587
497 588
267 588
302 589
428 589
464 590
200 591
309 592
187 592
319 592
120 592
9 592
45 593
243 594
170 595
321 595
467 596
314 596
443 597
238 597
346 599
352 599
67 600
57 601
94 601
295 602
51 602
268 603
230 603
15 603
113 604
302 604
69 605
122 605
236 606
294 607
310 607
99 608
17 608
336 609
347 609
293 610
165 611
309 612
363 613
266 614
226 615
381 616
224 616
402 617
81 618
468 619
92 620
124 621
375 622
525 623
112 623
257 624
403 624
128 625
210 625
160 626
250 626
11 627
120 628
159 629
359 629
265 630
96 631
170 632
42 632
384 632
152 632
347 632
27 634
386 635
243 635
315 636
429 638
128 638
99 639
340 639
512 642
236 643
241 643
278 643
520 645
428 645
297 645
406 646
453 646
435 646
53 646
