822
900 0
254 1
813 1
61 4
754 4
283 4
993 6
153 7
341 10
630 11
970 12
251 21
102 22
234 22
966 22
23 23
184 24
222 24
792 28
291 28
173 29
929 30
622 33
975 34
313 34
36 35
365 36
672 36
273 37
175 37
415 39
578 40
737 44
339 46
155 48
999 49
874 51
739 51
836 52
311 54
681 56
485 59
833 59
38 61
831 61
171 67
606 67
766 68
924 69
490 70
423 71
951 71
573 73
792 75
933 76
194 77
358 78
99 78
733 79
601 79
326 81
526 81
179 82
425 82
552 84
15 86
714 87
492 88
594 89
849 89
421 92
385 94
68 94
223 94
947 96
113 98
770 98
656 99
97 100
917 101
939 104
47 105
267 106
954 107
48 107
499 111
23 111
374 112
747 115
105 118
660 119
554 121
683 122
183 122
192 123
185 124
953 125
523 125
309 125
376 128
918 129
94 132
128 134
24 136
652 136
358 138
713 139
28 141
97 142
104 142
800 142
217 143
680 143
683 143
741 146
69 150
905 151
345 153
12 153
508 154
957 155
658 156
259 156
88 157
883 158
715 158
644 161
498 162
787 163
660 163
792 165
288 166
175 167
741 168
709 170
596 171
233 171
867 172
816 173
356 174
501 176
418 176
572 177
569 178
915 178
127 181
27 182
334 183
786 185
137 186
9 186
338 186
577 188
177 189
460 191
274 192
628 199
274 201
601 204
352 205
541 210
213 210
485 212
932 212
585 212
464 214
824 215
517 215
528 215
397 216
606 217
296 219
388 219
475 222
371 224
966 224
6 225
256 225
559 226
400 226
947 230
136 231
93 235
292 236
736 238
842 239
267 240
661 241
695 241
561 242
967 242
989 243
632 245
145 245
937 246
434 248
426 249
308 249
247 250
375 250
539 251
48 252
349 253
848 257
546 257
118 258
354 258
311 259
48 259
218 261
719 262
692 263
40 265
69 272
177 272
140 273
407 275
987 276
473 277
877 277
348 278
619 278
122 280
209 281
171 283
640 283
10 284
318 286
357 288
978 288
763 289
760 290
584 291
922 292
752 293
820 293
135 293
274 295
607 297
227 297
786 300
891 300
199 301
385 304
116 304
808 306
179 307
402 309
491 309
55 309
561 309
394 310
253 313
45 314
299 315
817 315
894 315
842 317
745 320
113 322
963 323
718 325
610 325
911 326
889 328
162 333
764 334
436 334
526 334
328 336
619 336
151 337
842 338
141 338
680 339
577 341
454 343
732 343
68 343
711 344
322 345
575 345
194 349
578 352
496 352
316 352
569 361
817 361
459 363
504 363
754 363
856 365
916 367
944 369
877 371
263 371
617 372
115 374
535 375
500 375
908 376
17 378
842 378
91 380
153 383
393 383
796 383
640 385
911 386
315 387
935 387
414 389
546 389
495 391
451 391
112 392
371 393
624 393
756 393
437 394
364 395
916 396
23 396
135 397
655 400
550 402
972 402
226 403
468 403
548 404
262 405
214 405
28 407
31 408
853 408
928 409
932 409
214 410
301 412
764 412
187 412
807 416
477 416
150 418
208 418
923 421
976 423
841 423
407 423
598 424
485 425
846 426
418 428
289 431
716 431
507 433
450 434
91 436
12 438
867 438
890 439
178 441
293 441
765 444
71 444
251 449
785 449
170 450
220 450
804 450
486 452
722 453
652 456
453 457
680 457
958 458
627 460
44 463
12 465
221 467
565 467
332 467
5 467
302 468
447 469
170 470
955 470
652 471
698 471
822 472
773 472
637 473
639 476
61 477
304 481
290 482
12 483
908 484
120 485
430 486
31 486
968 488
776 489
372 489
549 489
550 490
748 491
254 491
584 492
208 492
15 493
104 495
916 496
313 497
301 499
351 499
576 500
784 502
405 504
443 507
419 507
450 508
927 508
92 508
117 513
887 513
127 514
458 516
460 517
163 517
55 518
910 519
144 521
317 522
600 523
382 523
988 525
258 526
258 526
75 526
218 528
620 529
487 530
680 531
34 534
366 535
880 536
739 538
695 538
471 541
382 541
79 543
330 543
988 543
944 546
738 546
237 547
289 548
3 549
169 550
511 555
543 555
814 557
72 558
464 558
281 559
841 559
867 562
538 563
331 565
785 565
773 565
315 566
88 569
912 573
706 574
562 574
22 574
505 578
908 579
855 580
20 581
287 582
403 583
540 584
345 586
646 588
315 592
922 594
848 594
253 595
398 596
26 597
188 597
563 597
886 600
854 600
93 602
454 605
217 606
123 607
106 607
421 608
812 613
129 614
964 615
256 617
16 617
570 620
706 620
491 621
435 621
258 622
82 624
471 626
877 626
143 626
37 628
161 628
815 628
738 632
256 632
261 633
697 633
56 634
318 635
722 635
466 635
453 635
492 636
525 636
219 637
6 637
43 637
300 638
303 641
932 642
700 642
635 643
807 643
12 643
692 645
651 645
116 646
108 650
541 653
60 653
141 654
85 655
452 655
450 656
784 656
306 656
960 656
627 656
891 656
858 657
896 658
287 659
163 662
444 664
182 664
219 665
994 666
963 666
148 667
256 668
811 668
226 670
390 670
799 671
553 673
452 675
495 676
545 676
475 681
16 681
596 682
476 685
397 686
740 691
757 694
255 696
464 696
946 697
383 697
900 697
187 700
751 702
840 703
898 704
940 705
883 707
662 710
94 711
879 711
142 711
851 712
732 714
518 715
813 715
821 717
362 720
698 721
273 723
739 723
928 724
630 724
492 725
695 728
477 730
794 731
36 731
414 732
27 735
156 738
758 738
597 738
165 740
284 741
445 741
38 742
356 743
445 743
740 747
533 749
969 749
216 750
443 751
541 752
79 752
408 753
180 755
64 755
780 756
911 759
490 760
50 761
824 762
543 763
673 766
886 767
652 767
8 771
719 771
692 773
977 773
914 778
474 780
905 781
130 781
761 782
381 783
660 786
155 786
277 787
915 790
176 793
272 795
274 795
205 796
788 797
304 797
820 798
300 799
475 801
487 804
990 805
428 806
860 807
483 807
81 807
377 808
564 809
907 812
583 812
314 814
261 814
92 819
364 819
875 820
484 821
258 824
385 825
600 825
245 826
716 828
997 830
517 831
670 833
927 836
534 837
652 837
752 839
651 840
646 840
107 840
538 840
802 841
963 842
513 842
194 843
672 843
483 845
64 848
240 848
405 848
320 849
419 850
292 851
463 851
754 854
175 854
425 856
225 858
365 859
354 859
633 862
588 862
360 865
697 868
436 868
226 869
954 871
9 872
874 872
261 875
292 876
990 876
544 876
413 877
253 882
359 882
819 882
946 884
680 884
57 889
202 890
334 890
465 894
951 894
72 898
308 898
780 898
850 899
869 901
399 901
894 904
436 905
540 907
413 907
426 910
571 913
872 914
674 915
462 915
231 915
343 916
972 918
714 918
469 919
99 920
88 922
334 922
48 923
155 923
677 925
375 927
456 928
745 930
195 932
919 933
622 933
531 934
394 936
142 937
778 938
446 938
229 939
564 940
401 941
635 943
559 944
64 944
505 945
99 946
18 948
26 950
627 951
480 956
781 959
615 960
505 961
729 962
445 969
835 970
166 971
944 971
645 972
388 972
912 973
561 973
187 976
127 977
7 977
286 978
846 984
586 984
10 984
938 988
917 989
861 989
190 989
641 991
512 993
236 994
914 998
621 1000
669 1000
786 1000
288 1000
246 1000
