1000
377 3
777 5
210 8
901 8
507 8
670 9
261 13
175 13
127 13
206 15
798 17
470 19
417 20
731 21
763 22
687 22
846 23
243 23
697 29
420 29
588 31
76 32
429 33
65 33
699 34
661 34
73 38
527 39
422 43
875 43
92 44
909 44
709 44
852 49
319 49
639 49
113 50
302 51
968 52
462 52
175 55
927 56
810 58
941 58
411 58
168 60
168 61
728 62
167 63
211 64
85 64
10 64
721 66
548 67
177 67
632 69
164 70
37 70
90 71
629 74
554 79
169 80
822 80
126 81
184 81
434 82
188 83
674 83
586 86
996 87
863 87
497 87
885 87
476 89
850 90
260 92
492 93
652 94
857 94
369 95
808 96
984 102
486 103
211 103
133 104
615 104
592 106
988 107
895 109
562 109
664 111
908 113
660 114
377 114
430 115
983 115
152 116
271 116
220 117
622 118
347 119
592 121
230 121
431 121
576 122
917 123
489 123
235 123
651 124
972 124
671 124
876 125
657 126
324 126
660 127
815 128
638 128
709 129
168 133
417 133
88 134
235 135
661 135
297 136
564 137
187 138
19 140
276 141
509 142
156 143
702 145
172 145
181 147
743 147
92 148
469 150
54 150
953 151
243 151
32 152
956 154
987 155
926 155
992 156
525 158
593 158
790 159
691 161
634 162
175 162
217 163
554 164
890 165
971 167
964 167
37 168
863 169
894 171
753 172
169 172
250 172
764 173
473 173
400 176
713 177
290 177
43 178
851 180
830 180
473 180
422 181
135 181
745 182
260 182
255 184
148 185
170 186
443 187
247 188
548 188
593 188
943 189
337 189
944 190
851 191
627 191
173 192
135 192
500 192
455 193
909 195
401 197
800 198
575 200
659 201
631 201
852 202
310 203
505 204
679 205
244 205
805 209
125 209
618 210
908 211
912 214
219 215
521 217
994 217
545 218
325 220
980 220
606 221
109 222
690 223
475 224
748 226
175 226
422 226
601 227
268 227
971 229
456 230
56 230
283 231
78 234
818 234
151 235
747 236
652 237
339 237
646 237
905 238
540 239
134 242
180 243
637 244
219 244
776 245
141 245
504 247
112 247
655 247
591 248
308 248
504 250
339 252
250 252
685 252
951 253
364 254
590 255
345 255
51 256
817 257
460 259
218 261
807 262
790 265
757 267
468 267
437 268
818 268
979 268
219 269
640 270
176 270
672 270
638 271
790 274
651 274
502 276
8 277
823 278
295 279
575 279
461 280
721 281
621 281
625 282
58 282
39 283
413 284
346 285
201 286
768 286
887 287
134 287
770 289
824 289
110 289
415 290
799 290
279 290
486 290
54 291
353 292
516 293
831 293
946 296
932 298
471 300
103 301
983 304
928 305
417 306
552 307
380 307
726 309
991 310
327 311
412 312
291 312
204 312
157 314
6 315
340 316
591 318
641 318
985 320
225 322
10 326
486 329
566 330
297 330
165 330
419 331
663 332
209 333
291 334
288 335
444 335
642 336
702 336
959 337
716 341
859 344
732 345
345 347
804 347
34 348
682 349
670 349
296 352
719 352
663 352
648 352
610 353
74 355
859 355
692 355
883 356
53 356
176 356
553 359
119 360
148 361
400 362
311 362
346 362
934 363
677 364
112 364
470 364
968 364
669 366
828 369
807 370
703 373
118 373
937 374
936 375
934 375
935 377
349 377
363 378
17 378
511 378
359 378
301 379
452 380
62 380
975 381
530 383
241 387
572 391
929 391
586 391
225 391
860 391
747 395
767 395
743 398
966 399
231 399
626 402
257 403
833 403
438 403
433 405
802 406
72 406
161 407
904 407
469 408
69 408
216 408
474 409
773 409
371 410
902 410
931 410
522 410
614 412
921 414
772 414
855 414
305 415
929 416
419 417
952 417
809 418
287 419
867 423
154 424
192 424
105 424
686 426
130 427
64 428
162 428
907 428
78 429
982 430
109 430
468 431
601 431
119 431
644 434
655 435
723 435
752 436
595 436
230 438
560 443
570 443
692 445
648 445
406 445
167 445
662 450
877 450
675 452
582 454
542 454
728 454
471 455
588 455
581 455
241 455
174 459
103 461
721 468
397 469
609 469
515 469
667 469
308 470
567 470
533 470
101 470
917 470
567 472
896 472
54 472
408 475
37 477
550 478
674 479
450 480
719 482
78 484
86 485
465 485
38 486
187 488
743 488
74 489
380 492
905 492
84 493
149 495
40 496
510 496
572 497
199 497
393 497
376 499
426 501
171 501
803 502
182 502
618 503
287 504
157 504
827 505
417 507
250 507
481 509
834 511
213 511
338 513
535 513
451 516
342 517
682 517
813 520
760 524
140 529
60 532
660 534
430 535
128 537
835 538
321 539
511 539
790 539
632 540
123 540
172 541
831 541
595 542
77 543
388 544
970 544
910 545
185 547
582 547
387 547
786 547
954 548
263 549
299 549
377 552
484 552
686 552
851 553
911 557
630 558
553 560
229 563
542 565
997 566
963 566
683 572
961 572
946 573
724 573
64 577
131 577
397 578
360 583
644 586
857 586
636 586
156 598
193 599
699 599
259 603
379 603
416 603
631 604
418 604
564 605
629 605
750 606
320 606
443 607
557 607
365 607
480 610
42 610
745 611
822 614
918 617
729 619
406 620
112 620
116 621
65 621
140 621
748 622
883 622
60 623
648 624
84 626
74 627
356 629
259 629
393 631
938 631
357 632
911 636
192 636
619 637
174 639
251 639
139 639
395 639
716 640
635 640
43 643
663 643
27 644
818 645
289 648
430 649
752 649
209 650
20 650
822 651
691 651
72 651
239 651
782 652
204 653
394 654
935 655
331 659
578 660
925 663
396 664
42 666
92 668
220 668
91 670
506 671
485 671
868 672
876 672
852 672
109 673
177 675
815 677
51 677
598 677
831 678
403 678
172 680
3 682
45 683
538 684
357 684
493 684
472 686
971 687
341 688
476 688
541 690
330 691
701 691
750 692
273 697
162 700
339 701
427 701
229 704
128 704
636 704
455 705
926 709
93 709
591 710
194 710
835 711
386 712
72 713
727 713
811 715
104 717
502 718
548 718
696 719
630 720
99 720
18 720
546 721
654 721
650 721
433 721
797 722
206 723
139 724
631 725
712 725
130 725
322 726
471 731
828 732
277 733
589 733
773 734
459 736
535 737
779 737
890 739
156 739
559 739
849 741
668 742
441 742
737 742
275 743
688 744
271 746
497 747
967 747
722 749
827 749
932 749
853 750
906 752
129 754
870 754
818 757
15 757
710 757
582 758
830 760
769 761
289 761
15 762
502 763
655 763
771 764
849 764
363 764
462 764
152 765
563 765
428 766
897 766
232 766
271 767
833 768
333 768
178 769
334 770
281 771
521 772
860 773
905 773
695 775
836 775
903 775
931 776
86 780
780 781
801 783
285 784
153 785
534 786
777 787
175 788
420 789
903 789
775 790
430 791
175 791
35 791
692 791
955 791
210 792
913 793
156 793
704 793
329 793
476 795
898 796
66 797
522 798
379 799
850 799
279 800
113 800
313 801
356 801
87 802
835 803
623 803
978 804
392 805
804 808
87 808
291 808
206 810
408 811
159 814
650 814
257 814
635 815
59 816
124 817
156 818
791 819
516 819
243 819
381 819
651 819
208 821
35 821
303 823
847 823
327 823
246 824
918 825
286 825
443 829
92 830
301 830
207 831
957 831
465 831
933 832
914 835
625 836
490 836
454 837
41 838
434 840
408 841
225 842
765 842
49 842
214 842
77 843
504 844
954 844
441 845
598 845
103 846
81 846
711 847
720 848
626 848
649 848
556 848
540 849
316 851
513 851
29 851
395 852
33 852
18 853
820 854
219 854
215 856
241 857
961 858
781 859
668 859
864 860
33 862
511 862
741 863
73 864
584 864
791 866
417 866
906 866
983 867
590 867
846 868
398 868
612 870
529 870
716 871
13 871
256 875
340 876
123 876
635 877
871 878
736 879
620 880
441 881
289 882
15 884
29 886
825 886
978 887
167 887
628 887
481 888
145 888
492 889
932 892
429 893
401 894
142 894
259 895
134 896
138 897
701 897
101 898
633 901
30 902
631 903
141 905
801 905
483 905
713 906
529 906
779 907
283 913
362 915
29 916
299 916
480 916
185 917
9 919
805 920
507 921
119 924
264 924
483 925
964 926
141 926
227 928
350 930
643 933
500 935
220 936
77 943
142 944
237 948
218 948
959 948
527 948
40 949
677 949
448 949
253 951
521 951
212 951
657 951
653 953
344 954
585 955
829 956
456 957
534 957
364 958
486 958
824 959
94 959
214 959
810 961
554 963
868 963
596 964
377 965
819 965
314 967
473 968
962 968
802 968
309 968
685 969
178 969
160 969
375 972
771 972
551 974
821 975
266 976
775 976
282 977
973 977
897 978
92 978
573 980
291 980
380 981
691 981
36 981
142 981
402 983
731 983
237 985
106 985
641 989
699 991
590 991
492 995
855 995
884 998
563 999
458 999
941 1000
