547
605 8
37 11
122 14
390 16
110 20
912 22
268 23
811 29
515 32
397 32
349 32
105 33
459 33
8 35
670 36
411 37
84 37
635 38
125 41
2 42
463 48
985 48
136 49
835 52
46 55
425 56
921 58
61 59
670 59
377 59
486 60
34 60
85 63
321 64
948 64
458 66
316 68
199 76
272 76
82 81
592 81
534 83
781 88
173 93
787 96
228 99
674 99
169 100
708 102
871 102
194 103
478 105
227 106
991 108
535 109
178 110
183 110
979 112
356 113
333 114
617 116
56 117
519 118
813 121
3 121
765 123
630 126
946 127
685 129
127 131
80 136
396 137
18 137
936 139
111 139
260 141
593 142
823 143
828 145
2 145
752 150
406 155
141 157
368 160
794 162
751 163
572 163
350 163
28 166
925 168
907 172
717 173
284 177
745 177
675 180
530 182
926 186
651 186
138 186
141 187
725 190
355 192
767 193
67 194
998 201
960 204
226 205
784 206
575 207
401 208
711 210
595 211
298 214
52 217
23 218
882 219
876 220
739 221
859 221
254 224
758 224
260 226
369 228
529 228
736 228
225 232
15 237
784 238
76 240
286 243
256 245
706 245
946 245
143 246
552 246
541 247
3 249
526 253
780 254
174 255
1 256
703 256
951 260
332 263
769 264
390 267
218 269
643 271
274 279
534 281
821 282
537 284
303 284
117 289
61 290
86 291
7 295
280 298
921 301
44 302
124 302
391 303
667 306
232 306
387 307
828 307
508 308
623 310
385 313
959 315
678 318
498 320
8 322
747 322
568 325
209 326
53 326
413 327
439 329
710 331
281 331
990 331
65 332
205 333
472 335
396 335
281 335
824 338
329 338
520 340
418 340
926 343
476 344
685 345
99 345
233 347
186 348
230 350
950 351
534 352
999 354
940 354
422 355
22 360
657 360
216 362
122 364
456 364
925 366
283 366
641 368
136 369
679 370
489 371
901 371
757 372
879 374
319 375
600 375
139 376
826 378
850 381
892 382
608 383
981 386
125 388
632 388
551 390
216 394
448 394
742 395
561 399
294 399
500 401
326 402
687 403
743 405
9 407
222 409
962 411
248 412
244 417
317 421
368 422
286 422
23 423
69 427
927 429
268 430
310 434
641 436
49 442
14 442
566 442
15 442
323 443
503 447
20 448
915 452
658 452
499 455
862 455
987 456
18 459
404 467
576 470
91 471
602 471
445 473
481 474
797 474
7 475
318 475
545 475
551 479
716 480
663 480
472 497
843 500
67 504
328 504
316 504
124 505
33 506
873 507
469 508
844 509
999 510
23 511
397 515
265 517
668 518
462 520
983 525
533 527
235 528
988 531
109 534
740 535
188 538
645 538
323 539
372 540
374 541
812 543
765 544
126 544
930 545
210 547
615 548
368 548
119 555
341 556
850 560
667 562
881 562
649 563
148 567
225 573
310 573
863 575
977 578
330 578
357 578
334 580
863 580
834 581
117 582
403 585
966 585
554 585
272 587
533 592
796 594
231 599
509 599
813 601
145 604
630 608
116 613
749 614
802 614
688 617
458 619
542 620
932 622
262 622
96 626
524 627
714 627
71 629
150 632
224 635
766 643
396 643
527 644
448 646
60 646
488 646
541 650
242 651
446 653
313 656
367 657
670 657
229 658
810 660
791 662
685 666
884 667
615 670
49 672
337 674
602 677
983 681
769 685
289 685
640 685
201 687
732 690
340 699
869 701
547 702
655 703
807 704
501 705
942 708
189 712
921 717
521 718
711 718
911 720
828 722
285 723
779 724
138 725
20 725
563 730
61 731
640 732
746 734
803 736
213 737
832 740
698 743
131 743
687 744
43 746
644 749
838 751
515 751
501 752
529 754
627 754
783 755
881 758
564 758
555 758
886 760
820 766
76 767
64 773
665 774
45 776
94 777
204 783
625 784
774 787
461 787
325 788
608 791
263 793
359 793
105 794
283 797
847 799
953 802
687 803
783 804
705 806
767 806
603 807
919 809
451 812
694 814
609 816
298 819
950 820
461 822
905 822
318 827
448 828
307 830
972 830
270 832
590 834
736 834
703 835
694 835
455 836
414 838
845 841
482 841
526 842
676 844
242 845
322 846
920 848
396 850
985 852
542 852
391 853
3 854
720 857
153 859
766 861
822 865
279 866
440 867
648 867
264 871
73 875
570 875
540 885
203 896
365 898
918 900
965 902
890 902
287 903
463 904
893 907
401 909
655 913
326 919
22 920
790 922
28 923
425 924
163 927
932 929
327 931
859 931
296 933
111 936
495 939
322 939
627 939
269 940
270 944
739 944
25 947
765 949
962 951
903 952
315 952
635 957
181 957
920 957
159 958
205 958
515 960
811 962
793 962
449 964
376 968
942 972
532 977
544 980
189 981
1 983
43 984
612 986
489 988
92 988
29 988
726 989
728 990
867 991
111 991
386 993
707 995
746 996
704 997
675 998
191 1000
516 1000
