662
546 0
123 5
905 5
159 6
282 6
374 12
649 14
365 14
865 15
681 19
754 19
321 20
256 20
544 20
959 20
678 21
293 21
602 22
990 22
300 25
795 26
909 27
427 28
992 28
59 30
967 30
745 31
527 31
808 34
949 35
315 36
429 37
588 39
16 42
775 43
602 45
992 46
233 46
52 47
896 47
253 52
573 53
730 55
713 55
566 56
642 56
278 57
319 58
883 61
709 65
830 65
594 65
8 66
340 67
812 69
596 70
508 70
330 70
806 75
437 77
799 80
817 83
109 83
710 85
817 85
795 90
500 90
150 90
985 92
876 93
453 95
674 95
324 95
336 97
783 97
628 100
310 102
981 106
45 110
631 111
881 114
657 114
322 115
511 118
826 119
544 122
246 122
656 124
941 125
506 125
808 126
570 126
652 128
776 129
612 137
249 138
833 139
840 141
764 141
16 142
94 143
867 144
352 144
267 145
876 145
193 145
574 145
936 146
175 147
472 147
990 148
155 148
318 151
425 152
643 152
792 156
224 158
198 160
16 165
78 166
354 169
626 170
568 172
463 173
650 174
61 180
909 182
536 183
33 183
518 184
661 188
871 189
773 189
183 189
612 193
23 196
251 197
547 198
836 201
382 203
45 203
48 203
993 206
699 206
668 208
763 209
155 210
724 210
895 212
59 214
343 219
44 221
269 222
569 222
49 226
259 229
51 229
620 231
964 233
245 233
103 235
976 236
818 237
890 238
969 241
791 244
611 245
340 247
492 248
643 249
916 249
916 251
88 252
212 254
582 255
395 257
879 257
866 257
737 259
730 263
334 265
988 267
529 268
28 275
128 282
574 283
475 284
386 284
974 286
530 288
865 289
835 295
614 297
837 297
9 297
807 304
219 305
406 307
446 307
695 309
382 310
259 313
126 314
842 314
478 315
387 316
921 320
985 322
159 322
998 324
679 326
293 329
620 330
951 332
999 338
386 338
558 338
917 340
696 340
134 344
275 347
403 348
291 349
304 350
784 352
444 354
480 354
667 355
919 358
215 358
330 358
770 360
225 360
499 363
539 363
158 364
16 364
435 365
162 365
190 365
655 367
402 368
688 369
837 369
817 370
36 371
692 375
299 377
58 377
770 379
48 382
66 384
910 388
672 389
521 391
86 392
110 393
516 396
137 398
632 398
47 398
631 398
36 401
52 403
926 403
637 403
949 405
949 408
835 408
556 408
260 408
120 410
936 410
139 413
947 414
981 416
812 418
312 420
834 421
987 422
640 423
829 423
612 429
171 430
659 432
972 432
499 433
940 435
846 435
620 436
948 437
194 438
986 441
791 444
416 445
929 446
974 447
541 448
159 449
819 453
496 457
10 459
140 459
256 467
289 470
883 471
755 474
324 475
321 478
574 481
667 483
4 484
651 493
343 494
41 494
346 497
278 497
737 498
156 503
90 505
479 508
758 508
986 509
278 512
580 513
216 514
533 514
510 515
962 518
446 520
661 525
838 525
305 531
621 536
467 536
984 536
125 539
40 542
553 543
364 544
797 544
880 545
725 548
18 548
914 548
900 550
684 550
767 551
143 551
754 553
168 555
258 557
335 557
298 557
488 557
619 558
500 558
984 559
351 559
606 559
499 564
290 566
333 569
941 574
224 574
720 575
332 576
604 576
510 577
769 577
179 580
671 585
997 590
764 591
84 591
488 592
563 594
240 594
947 597
921 597
961 598
234 598
6 598
116 603
289 603
918 606
561 607
955 613
244 613
101 613
917 613
955 619
363 622
136 622
995 622
544 623
798 623
219 624
161 626
960 627
789 628
958 628
660 629
367 630
987 633
909 637
575 639
803 639
389 640
955 640
65 642
126 643
869 644
425 645
816 648
336 650
613 650
642 650
114 651
414 654
933 656
956 659
271 661
157 661
760 661
148 663
82 663
4 666
521 667
786 668
588 668
807 672
635 673
105 673
551 674
827 676
503 681
384 682
894 683
101 687
656 688
418 689
490 690
511 690
744 692
541 692
930 693
60 693
105 697
957 699
306 701
132 704
669 705
60 705
787 707
680 708
633 709
756 711
924 711
756 713
781 718
135 720
808 720
708 722
226 724
910 725
698 729
988 729
873 729
405 731
735 736
450 741
608 741
278 742
648 742
785 745
417 745
751 748
552 749
425 750
336 751
487 753
628 754
47 756
919 756
423 757
854 757
80 759
251 762
762 763
725 764
990 765
792 767
731 770
513 771
954 772
461 773
664 773
868 774
766 776
220 777
444 779
917 780
383 780
528 781
763 781
477 787
41 788
411 789
450 791
720 791
230 791
114 792
113 794
705 796
439 798
847 803
340 804
134 808
795 810
455 811
868 812
166 812
297 812
937 814
811 815
651 816
716 816
770 822
753 822
450 823
186 825
72 826
609 827
740 827
707 829
496 831
205 832
487 832
913 833
82 836
627 837
620 838
877 839
803 839
339 840
11 840
217 840
511 842
44 843
895 843
193 844
685 844
272 846
850 846
278 847
555 848
62 849
372 850
690 851
712 851
840 854
176 855
452 859
257 860
507 862
234 864
56 865
608 869
101 870
202 874
926 875
503 875
923 877
581 877
989 880
910 882
868 882
505 883
133 884
996 886
568 887
382 887
614 888
929 888
114 890
630 890
309 891
92 891
908 893
292 893
749 894
64 895
427 895
214 897
884 898
577 900
278 900
60 904
666 905
878 910
637 910
865 911
50 913
38 913
506 915
497 916
724 916
807 919
662 922
180 925
230 926
393 928
297 928
576 930
189 931
82 932
797 932
294 937
310 940
303 940
717 942
345 944
114 949
75 950
458 951
117 951
41 951
592 951
474 952
354 952
377 952
315 953
910 953
98 954
637 954
835 954
640 961
653 963
440 964
82 971
625 972
800 976
575 977
153 980
467 980
658 985
851 985
23 988
57 988
216 989
541 989
23 990
248 991
343 992
610 993
633 994
321 997
34 997
237 997
271 998
781 999
