1000
930 2147483637
221 2147483637
561 2147483637
973 2147483637
265 2147483637
915 2147483637
769 2147483637
854 2147483637
51 2147483637
848 2147483637
263 2147483637
306 2147483637
265 2147483637
961 2147483637
781 2147483637
41 2147483637
430 2147483637
716 2147483637
182 2147483637
983 2147483637
251 2147483637
442 2147483637
243 2147483637
902 2147483637
688 2147483637
471 2147483637
752 2147483637
942 2147483637
943 2147483637
275 2147483637
145 2147483637
388 2147483637
78 2147483637
971 2147483637
143 2147483637
423 2147483637
174 2147483637
595 2147483637
438 2147483637
400 2147483637
172 2147483637
175 2147483637
854 2147483637
683 2147483637
333 2147483637
915 2147483637
343 2147483637
661 2147483637
895 2147483637
536 2147483637
797 2147483637
616 2147483637
565 2147483637
464 2147483637
175 2147483637
818 2147483637
176 2147483637
729 2147483637
341 2147483637
637 2147483637
177 2147483637
468 2147483637
740 2147483637
888 2147483637
382 2147483637
257 2147483637
8 2147483637
899 2147483637
459 2147483637
753 2147483637
255 2147483637
843 2147483637
14 2147483637
680 2147483637
594 2147483637
760 2147483637
535 2147483637
920 2147483637
925 2147483637
551 2147483637
678 2147483637
21 2147483637
535 2147483637
331 2147483637
117 2147483637
183 2147483637
774 2147483637
526 2147483637
67 2147483637
636 2147483637
405 2147483638
794 2147483638
558 2147483638
120 2147483638
849 2147483638
782 2147483638
33 2147483638
498 2147483638
264 2147483638
965 2147483638
664 2147483638
581 2147483638
196 2147483638
775 2147483638
948 2147483638
91 2147483638
512 2147483638
191 2147483638
721 2147483638
513 2147483638
951 2147483638
53 2147483638
890 2147483638
165 2147483638
73 2147483638
906 2147483638
625 2147483638
933 2147483638
405 2147483638
170 2147483638
500 2147483638
564 2147483638
130 2147483638
383 2147483638
110 2147483638
273 2147483638
96 2147483638
592 2147483638
154 2147483638
243 2147483638
798 2147483638
747 2147483638
780 2147483638
414 2147483638
920 2147483638
67 2147483638
538 2147483638
454 2147483638
616 2147483638
3 2147483638
597 2147483638
243 2147483638
334 2147483638
711 2147483638
873 2147483638
649 2147483638
121 2147483638
563 2147483638
859 2147483638
614 2147483638
374 2147483638
456 2147483638
874 2147483638
515 2147483638
103 2147483638
388 2147483638
774 2147483638
51 2147483638
91 2147483638
500 2147483638
579 2147483638
409 2147483639
15 2147483639
746 2147483639
101 2147483639
686 2147483639
61 2147483639
723 2147483639
143 2147483639
716 2147483639
388 2147483639
823 2147483639
142 2147483639
881 2147483639
817 2147483639
149 2147483639
836 2147483639
63 2147483639
224 2147483639
42 2147483639
699 2147483639
691 2147483639
144 2147483639
27 2147483639
919 2147483639
996 2147483639
382 2147483639
47 2147483639
94 2147483639
176 2147483639
427 2147483639
269 2147483639
535 2147483639
909 2147483639
215 2147483639
296 2147483639
100 2147483639
755 2147483639
580 2147483639
22 2147483639
347 2147483639
44 2147483639
489 2147483639
475 2147483639
616 2147483639
134 2147483639
401 2147483639
689 2147483639
499 2147483639
528 2147483639
744 2147483639
866 2147483639
525 2147483639
338 2147483639
646 2147483639
20 2147483639
578 2147483639
472 2147483639
789 2147483639
155 2147483639
430 2147483639
97 2147483639
39 2147483639
459 2147483639
976 2147483639
602 2147483639
473 2147483639
907 2147483639
330 2147483639
929 2147483639
721 2147483639
523 2147483639
37 2147483639
274 2147483639
722 2147483639
964 2147483639
156 2147483639
71 2147483639
82 2147483639
232 2147483639
734 2147483639
185 2147483639
413 2147483639
800 2147483639
734 2147483639
705 2147483639
657 2147483639
139 2147483639
847 2147483639
714 2147483639
814 2147483639
766 2147483639
684 2147483639
247 2147483639
444 2147483639
689 2147483639
150 2147483639
406 2147483639
555 2147483639
918 2147483639
438 2147483639
662 2147483639
412 2147483639
35 2147483639
147 2147483639
157 2147483639
243 2147483639
137 2147483639
611 2147483639
840 2147483639
506 2147483639
434 2147483639
187 2147483640
203 2147483640
962 2147483640
146 2147483640
306 2147483640
247 2147483640
893 2147483640
794 2147483640
809 2147483640
931 2147483640
486 2147483640
332 2147483640
76 2147483640
599 2147483640
750 2147483640
116 2147483640
337 2147483640
719 2147483640
280 2147483640
240 2147483640
693 2147483640
656 2147483640
564 2147483640
259 2147483640
980 2147483640
866 2147483640
198 2147483640
860 2147483640
569 2147483640
349 2147483640
295 2147483640
882 2147483640
989 2147483640
693 2147483640
41 2147483640
698 2147483640
909 2147483640
324 2147483640
852 2147483640
531 2147483640
575 2147483640
181 2147483640
128 2147483640
261 2147483640
285 2147483640
544 2147483640
115 2147483640
6 2147483640
143 2147483640
988 2147483640
382 2147483640
73 2147483640
801 2147483640
760 2147483640
38 2147483640
835 2147483640
630 2147483640
795 2147483640
921 2147483640
19 2147483640
234 2147483640
477 2147483640
622 2147483640
975 2147483640
97 2147483640
816 2147483640
390 2147483640
722 2147483640
545 2147483640
962 2147483640
664 2147483640
327 2147483640
692 2147483640
202 2147483640
421 2147483640
800 2147483640
352 2147483640
278 2147483640
140 2147483640
301 2147483640
547 2147483640
605 2147483640
823 2147483640
278 2147483640
388 2147483640
815 2147483640
168 2147483640
14 2147483640
813 2147483640
707 2147483640
563 2147483640
299 2147483640
2 2147483640
101 2147483640
300 2147483640
251 2147483640
885 2147483640
562 2147483640
734 2147483640
38 2147483641
913 2147483641
832 2147483641
463 2147483641
983 2147483641
616 2147483641
746 2147483641
344 2147483641
389 2147483641
603 2147483641
521 2147483641
981 2147483641
408 2147483641
517 2147483641
731 2147483641
136 2147483641
244 2147483641
78 2147483641
978 2147483641
237 2147483641
75 2147483641
111 2147483641
156 2147483641
164 2147483641
75 2147483641
708 2147483641
515 2147483641
848 2147483641
443 2147483641
232 2147483641
469 2147483641
694 2147483641
855 2147483641
327 2147483641
153 2147483641
537 2147483641
307 2147483641
953 2147483641
833 2147483641
840 2147483641
637 2147483641
397 2147483641
212 2147483641
751 2147483641
293 2147483641
180 2147483641
955 2147483641
333 2147483641
211 2147483641
798 2147483641
866 2147483641
333 2147483641
726 2147483641
288 2147483641
350 2147483641
576 2147483641
660 2147483641
291 2147483641
189 2147483641
102 2147483641
574 2147483641
535 2147483641
515 2147483641
204 2147483641
184 2147483641
405 2147483641
14 2147483641
971 2147483641
74 2147483641
721 2147483641
948 2147483641
110 2147483641
114 2147483641
852 2147483641
944 2147483641
61 2147483641
486 2147483641
99 2147483641
986 2147483641
798 2147483641
512 2147483641
285 2147483641
71 2147483641
975 2147483641
994 2147483641
597 2147483641
133 2147483641
783 2147483641
577 2147483641
747 2147483641
140 2147483641
613 2147483641
222 2147483641
377 2147483641
129 2147483641
235 2147483641
420 2147483641
503 2147483641
738 2147483641
131 2147483641
249 2147483641
710 2147483641
83 2147483641
365 2147483641
482 2147483641
935 2147483641
641 2147483641
330 2147483642
890 2147483642
29 2147483642
680 2147483642
603 2147483642
694 2147483642
128 2147483642
463 2147483642
276 2147483642
247 2147483642
724 2147483642
570 2147483642
514 2147483642
282 2147483642
168 2147483642
537 2147483642
598 2147483642
790 2147483642
690 2147483642
777 2147483642
282 2147483642
860 2147483642
170 2147483642
223 2147483642
208 2147483642
708 2147483642
841 2147483642
719 2147483642
124 2147483642
208 2147483642
888 2147483642
871 2147483642
999 2147483642
787 2147483642
897 2147483642
784 2147483642
477 2147483642
862 2147483642
780 2147483642
137 2147483642
123 2147483642
300 2147483642
582 2147483642
474 2147483642
750 2147483642
282 2147483642
268 2147483642
632 2147483642
833 2147483642
920 2147483642
267 2147483642
254 2147483642
632 2147483642
476 2147483642
852 2147483642
696 2147483642
414 2147483642
882 2147483642
85 2147483642
462 2147483642
992 2147483642
158 2147483642
850 2147483642
982 2147483642
94 2147483642
321 2147483642
53 2147483642
686 2147483642
140 2147483642
555 2147483642
368 2147483642
438 2147483642
567 2147483642
65 2147483642
262 2147483642
388 2147483642
997 2147483642
422 2147483642
342 2147483642
507 2147483642
406 2147483642
405 2147483642
412 2147483642
12 2147483642
573 2147483642
178 2147483642
411 2147483642
68 2147483643
168 2147483643
970 2147483643
925 2147483643
801 2147483643
807 2147483643
162 2147483643
993 2147483643
106 2147483643
647 2147483643
687 2147483643
650 2147483643
6 2147483643
60 2147483643
588 2147483643
801 2147483643
108 2147483643
864 2147483643
559 2147483643
231 2147483643
404 2147483643
914 2147483643
804 2147483643
228 2147483643
921 2147483643
792 2147483643
976 2147483643
4 2147483643
533 2147483643
550 2147483643
612 2147483643
655 2147483643
513 2147483643
432 2147483643
931 2147483643
820 2147483643
936 2147483643
138 2147483643
902 2147483643
660 2147483643
210 2147483643
425 2147483643
65 2147483643
249 2147483643
204 2147483643
991 2147483643
956 2147483643
494 2147483643
297 2147483643
438 2147483643
735 2147483643
207 2147483643
102 2147483643
818 2147483643
482 2147483643
254 2147483643
412 2147483643
751 2147483643
348 2147483643
541 2147483643
312 2147483643
309 2147483643
870 2147483643
912 2147483643
920 2147483643
225 2147483643
98 2147483643
76 2147483643
158 2147483643
525 2147483643
470 2147483643
936 2147483643
268 2147483643
384 2147483643
891 2147483643
976 2147483643
67 2147483643
27 2147483643
347 2147483643
16 2147483643
913 2147483643
392 2147483644
300 2147483644
269 2147483644
661 2147483644
693 2147483644
874 2147483644
78 2147483644
134 2147483644
172 2147483644
488 2147483644
480 2147483644
525 2147483644
934 2147483644
603 2147483644
283 2147483644
608 2147483644
751 2147483644
464 2147483644
825 2147483644
85 2147483644
484 2147483644
884 2147483644
523 2147483644
942 2147483644
649 2147483644
125 2147483644
456 2147483644
625 2147483644
767 2147483644
243 2147483644
38 2147483644
112 2147483644
166 2147483644
401 2147483644
875 2147483644
950 2147483644
949 2147483644
246 2147483644
825 2147483644
793 2147483644
306 2147483644
289 2147483644
946 2147483644
633 2147483644
833 2147483644
84 2147483644
596 2147483644
714 2147483644
145 2147483644
675 2147483644
916 2147483644
407 2147483644
819 2147483644
188 2147483644
953 2147483644
81 2147483644
242 2147483644
170 2147483644
635 2147483644
647 2147483644
71 2147483644
754 2147483644
747 2147483644
353 2147483644
97 2147483644
505 2147483644
91 2147483644
330 2147483644
987 2147483644
59 2147483644
479 2147483644
775 2147483644
398 2147483644
423 2147483644
631 2147483644
904 2147483644
706 2147483644
619 2147483644
743 2147483644
230 2147483644
291 2147483644
489 2147483644
809 2147483644
112 2147483644
61 2147483644
345 2147483644
452 2147483644
580 2147483644
510 2147483644
959 2147483644
625 2147483644
595 2147483644
271 2147483644
800 2147483644
948 2147483645
505 2147483645
894 2147483645
756 2147483645
341 2147483645
648 2147483645
431 2147483645
387 2147483645
466 2147483645
447 2147483645
316 2147483645
743 2147483645
315 2147483645
14 2147483645
115 2147483645
998 2147483645
156 2147483645
765 2147483645
775 2147483645
297 2147483645
519 2147483645
135 2147483645
848 2147483645
985 2147483645
871 2147483645
744 2147483645
160 2147483645
147 2147483645
850 2147483645
275 2147483645
300 2147483645
893 2147483645
587 2147483645
20 2147483645
71 2147483645
924 2147483645
185 2147483645
222 2147483645
944 2147483645
89 2147483645
975 2147483645
734 2147483645
450 2147483645
630 2147483645
172 2147483645
175 2147483645
505 2147483645
783 2147483645
270 2147483645
114 2147483645
863 2147483645
781 2147483645
643 2147483645
596 2147483645
914 2147483645
602 2147483645
217 2147483645
978 2147483645
961 2147483645
58 2147483645
456 2147483645
88 2147483645
58 2147483645
689 2147483645
806 2147483645
927 2147483645
380 2147483645
204 2147483645
656 2147483645
918 2147483645
222 2147483645
226 2147483645
985 2147483645
526 2147483645
672 2147483645
489 2147483645
44 2147483645
54 2147483645
345 2147483645
542 2147483645
206 2147483646
184 2147483646
303 2147483646
755 2147483646
106 2147483646
999 2147483646
728 2147483646
473 2147483646
892 2147483646
804 2147483646
267 2147483646
293 2147483646
407 2147483646
520 2147483646
372 2147483646
762 2147483646
715 2147483646
737 2147483646
331 2147483646
92 2147483646
995 2147483646
252 2147483646
201 2147483646
716 2147483646
568 2147483646
407 2147483646
401 2147483646
442 2147483646
751 2147483646
674 2147483646
923 2147483646
925 2147483646
527 2147483646
802 2147483646
33 2147483646
753 2147483646
791 2147483646
721 2147483646
885 2147483646
739 2147483646
885 2147483646
858 2147483646
332 2147483646
679 2147483646
766 2147483646
288 2147483646
872 2147483646
423 2147483646
823 2147483646
138 2147483646
907 2147483646
37 2147483646
827 2147483646
937 2147483646
384 2147483646
542 2147483646
591 2147483646
878 2147483646
30 2147483646
756 2147483646
704 2147483646
605 2147483646
957 2147483646
543 2147483646
217 2147483646
663 2147483646
8 2147483646
458 2147483646
372 2147483646
484 2147483646
2 2147483646
820 2147483646
79 2147483646
345 2147483646
470 2147483646
521 2147483646
940 2147483646
847 2147483646
934 2147483646
55 2147483646
764 2147483646
85 2147483646
825 2147483646
156 2147483646
116 2147483646
420 2147483646
567 2147483646
328 2147483646
560 2147483646
22 2147483647
155 2147483647
638 2147483647
736 2147483647
942 2147483647
997 2147483647
895 2147483647
902 2147483647
392 2147483647
811 2147483647
238 2147483647
88 2147483647
406 2147483647
896 2147483647
831 2147483647
116 2147483647
355 2147483647
105 2147483647
252 2147483647
398 2147483647
778 2147483647
677 2147483647
630 2147483647
450 2147483647
166 2147483647
201 2147483647
231 2147483647
349 2147483647
466 2147483647
312 2147483647
588 2147483647
688 2147483647
863 2147483647
894 2147483647
34 2147483647
576 2147483647
384 2147483647
818 2147483647
220 2147483647
104 2147483647
567 2147483647
467 2147483647
929 2147483647
16 2147483647
227 2147483647
655 2147483647
372 2147483647
152 2147483647
911 2147483647
16 2147483647
850 2147483647
313 2147483647
145 2147483647
957 2147483647
830 2147483647
577 2147483647
175 2147483647
619 2147483647
469 2147483647
78 2147483647
201 2147483647
588 2147483647
878 2147483647
818 2147483647
395 2147483647
143 2147483647
314 2147483647
720 2147483647
721 2147483647
357 2147483647
745 2147483647
407 2147483647
479 2147483647
634 2147483647
286 2147483647
256 2147483647
188 2147483647
585 2147483647
260 2147483647
968 2147483647
301 2147483647
271 2147483647
282 2147483647
147 2147483647
959 2147483647
783 2147483647
145 2147483647
277 2147483647
776 2147483647
6 2147483647
19 2147483647
