323
101 1
216 3
89 6
18 6
231 6
130 6
139 9
69 10
277 12
202 12
102 16
6 22
221 22
157 24
31 28
100 29
3 30
230 30
104 33
103 33
46 36
172 39
139 41
138 42
125 42
169 43
45 44
120 45
36 46
321 48
3 51
85 51
203 52
210 54
201 55
180 58
305 59
216 63
267 66
78 69
308 72
298 74
292 74
46 75
216 77
197 81
313 83
14 88
69 89
323 89
274 94
31 95
150 96
241 96
91 97
143 100
76 101
279 101
144 102
51 103
78 103
171 105
52 106
225 107
291 108
170 113
306 113
311 113
110 114
125 115
42 119
170 122
108 127
53 128
123 141
76 144
124 146
208 146
20 146
113 147
205 149
240 149
14 152
46 153
316 155
115 155
167 156
41 160
300 162
264 167
163 167
289 167
293 168
101 171
56 171
79 171
112 175
39 175
213 176
289 177
246 177
49 179
110 182
64 182
8 190
286 198
297 198
86 198
46 200
272 203
141 204
50 204
290 205
271 205
102 209
320 209
60 209
252 212
5 212
240 212
135 214
107 214
215 217
76 223
132 225
68 225
60 227
303 227
306 227
275 228
281 229
6 231
248 236
119 236
193 239
314 243
288 247
228 250
51 251
18 255
43 255
27 255
45 256
166 258
230 262
276 265
266 265
250 270
137 274
281 286
38 291
240 291
233 296
149 300
162 304
105 306
250 306
108 306
145 309
107 310
84 310
202 314
298 317
316 317
125 321
228 324
269 324
110 325
20 326
176 326
299 328
122 330
210 331
116 331
307 334
201 341
72 345
52 345
213 346
274 347
132 348
168 348
323 348
193 349
316 352
63 354
269 356
317 359
148 360
233 364
28 365
290 367
140 376
25 376
8 378
150 380
183 382
153 382
226 384
131 385
222 386
301 387
281 388
270 389
50 392
271 393
188 397
181 399
163 403
13 404
222 406
90 406
47 408
197 414
61 415
221 419
177 421
254 426
109 430
226 430
263 433
308 436
200 436
110 438
149 438
140 439
207 444
172 444
64 445
293 446
287 450
311 452
167 455
202 458
21 458
216 461
301 464
245 465
200 465
134 468
27 471
76 473
82 474
250 475
20 482
216 483
149 487
16 491
88 492
177 498
296 498
147 499
171 499
227 502
5 502
91 502
293 506
67 508
250 508
160 510
323 511
235 511
277 516
311 520
20 521
13 524
231 527
67 532
137 535
200 535
121 538
116 538
119 541
4 542
239 542
40 543
278 546
315 548
230 548
94 552
78 552
215 553
243 554
46 556
113 556
122 557
297 560
147 563
8 564
141 566
48 572
122 581
38 581
92 581
145 582
315 583
27 585
149 585
236 587
262 591
231 592
184 593
72 596
120 598
285 598
195 599
230 600
299 605
228 607
305 609
313 610
280 610
22 610
151 620
197 621
111 625
234 625
111 626
102 626
1 628
99 629
320 630
296 632
