1000
588 0
562 1
614 2
819 3
892 4
713 5
695 6
341 6
982 7
230 7
257 8
738 9
275 10
812 11
689 12
784 12
935 14
621 15
112 16
382 19
255 21
659 21
172 23
699 28
406 30
233 31
572 31
239 32
936 32
963 34
907 34
186 35
947 36
36 38
224 38
72 38
186 38
491 39
871 39
254 40
403 41
138 41
701 41
635 42
319 42
161 42
124 45
833 45
263 45
746 46
431 48
549 49
831 49
790 49
112 50
843 51
62 52
655 53
225 53
787 53
386 54
253 58
23 59
949 62
35 64
849 65
511 65
971 68
779 71
93 71
907 72
347 72
397 73
760 73
915 77
827 78
595 79
514 80
69 81
995 81
789 81
974 84
432 86
364 87
508 87
354 89
504 90
605 91
651 91
459 92
771 92
586 93
101 93
437 94
402 94
342 95
847 96
189 97
860 98
854 99
784 99
78 101
709 102
442 103
481 106
358 106
969 107
546 107
614 109
496 109
262 111
494 111
762 111
575 111
276 113
589 113
221 114
13 119
788 120
525 120
771 120
163 124
26 128
891 128
180 130
392 131
145 133
860 135
310 137
112 137
719 138
657 138
63 139
158 141
155 141
48 143
773 144
126 144
561 145
838 145
922 146
913 147
272 149
442 149
272 149
190 150
369 150
841 151
494 151
297 151
479 151
42 151
339 152
350 152
401 153
90 153
83 153
866 153
203 154
894 156
499 159
679 159
931 160
70 160
484 161
195 162
458 163
561 167
962 168
541 169
587 169
539 169
316 169
686 170
857 170
803 170
536 170
26 172
379 172
596 174
571 175
48 176
353 176
700 176
557 177
473 179
618 179
118 182
170 182
169 183
187 184
59 186
539 186
682 186
47 187
398 188
463 188
495 189
402 190
497 193
135 193
273 194
817 196
349 200
901 201
825 202
356 203
323 207
260 208
818 209
154 209
254 210
18 211
924 212
320 213
774 216
353 218
651 218
149 218
392 222
702 223
196 224
919 225
648 226
663 226
838 226
678 227
677 228
329 229
60 230
852 230
367 231
949 231
737 231
998 232
641 233
999 233
46 233
741 233
194 235
129 236
166 236
623 238
229 239
50 242
742 243
135 243
248 244
813 244
950 245
582 245
274 246
621 247
707 247
295 248
658 249
367 252
46 252
681 252
266 254
918 256
523 256
553 256
687 258
635 259
941 259
109 260
950 261
96 262
938 262
139 262
214 266
786 268
904 270
588 270
348 271
68 272
861 272
83 273
37 274
389 277
641 277
120 277
167 277
124 278
165 278
249 278
254 278
198 279
990 279
569 283
64 284
47 286
701 287
210 287
681 288
384 290
39 290
936 290
979 293
28 293
919 294
971 295
53 295
583 295
924 296
883 297
929 298
876 299
138 299
831 300
846 302
967 303
584 304
458 305
803 308
175 308
94 308
258 309
544 309
95 311
49 312
35 312
387 312
893 313
153 313
165 314
842 314
510 315
878 316
633 318
102 319
332 320
852 320
672 320
528 320
226 321
430 321
258 321
420 322
415 322
94 325
819 325
171 325
18 326
601 328
377 329
601 330
12 330
656 332
328 334
716 336
200 336
463 339
392 341
736 343
759 343
670 343
967 344
689 345
366 345
629 345
406 346
543 347
299 347
32 347
723 348
640 349
577 350
29 351
864 352
433 352
429 352
286 352
744 353
958 353
503 353
263 354
975 355
395 355
695 359
350 359
437 359
548 359
31 360
271 361
875 361
963 362
580 363
913 363
601 363
950 365
560 365
340 367
777 367
382 371
774 372
11 372
332 372
628 374
845 374
769 374
144 374
67 375
326 375
973 376
464 376
357 376
86 377
719 377
387 378
414 379
764 379
730 380
303 386
274 388
228 388
904 388
30 389
199 390
90 391
167 392
14 394
993 394
890 395
752 396
840 396
116 397
341 397
387 399
153 404
285 407
475 409
595 409
459 411
35 411
63 414
617 414
372 415
632 416
77 417
57 417
467 419
510 420
889 420
358 421
866 422
554 422
913 422
349 423
942 424
686 424
838 424
845 425
538 425
266 426
858 426
810 427
104 427
246 428
150 429
177 429
32 429
606 429
741 429
490 429
693 431
670 431
338 431
412 431
359 433
731 436
705 436
670 436
254 436
320 438
636 439
562 441
369 441
375 442
127 442
131 442
511 443
215 443
226 443
509 447
666 452
338 452
946 452
856 453
8 455
674 456
984 458
813 458
678 460
514 461
561 461
975 462
594 463
376 465
971 469
789 469
984 469
716 471
688 471
511 471
636 472
204 473
729 474
924 474
398 475
613 476
586 476
663 477
340 478
421 482
681 482
98 484
786 485
991 486
228 486
538 490
790 490
573 491
773 492
292 493
207 494
779 495
327 495
25 498
225 499
346 500
865 501
7 503
426 506
619 508
126 508
885 508
348 509
367 510
702 511
201 511
104 513
168 513
570 514
258 515
82 516
860 516
257 517
398 518
741 521
306 522
135 524
915 525
902 529
851 530
223 530
616 533
834 533
352 534
92 537
150 538
937 544
189 545
834 545
978 546
875 548
746 550
828 550
615 551
467 552
800 555
654 556
978 556
250 557
627 559
309 559
739 559
718 560
32 560
80 563
967 564
887 564
490 567
289 568
209 569
615 570
865 572
289 572
858 573
125 573
893 574
762 574
619 575
80 575
622 576
366 577
479 578
307 580
875 580
471 580
223 581
144 581
456 582
592 583
663 583
736 586
675 587
518 588
621 590
619 590
177 591
525 592
78 592
736 593
813 593
400 593
794 593
99 593
78 594
931 594
569 595
759 595
874 599
458 599
665 601
533 602
424 604
904 604
786 605
272 606
764 607
794 607
519 607
114 610
139 611
306 611
416 611
363 612
521 613
628 613
867 614
123 615
999 616
715 620
712 621
804 624
440 625
442 625
588 626
169 626
916 627
951 628
389 629
291 629
655 629
100 630
619 632
318 634
424 634
437 635
807 638
597 638
83 638
941 640
182 643
812 644
212 645
224 646
923 649
388 650
30 650
966 650
981 651
602 652
28 653
833 653
950 654
920 655
759 655
342 657
973 660
702 661
414 662
231 662
363 662
167 662
359 664
52 664
218 668
484 669
158 669
458 670
561 672
804 674
759 674
23 679
163 680
39 681
532 681
31 681
376 682
143 682
751 683
155 683
312 684
42 684
786 685
81 686
352 687
154 688
845 688
125 691
908 692
33 693
249 694
486 695
254 695
146 695
486 696
368 699
361 700
288 700
830 702
145 702
672 703
269 705
118 706
507 707
99 708
463 708
432 708
445 709
701 710
570 711
843 712
949 712
497 713
406 714
990 716
748 717
959 717
244 718
933 718
671 718
391 719
101 720
105 721
876 722
229 723
660 723
640 723
835 724
396 725
140 726
41 729
997 729
295 730
258 732
249 732
715 735
504 737
104 740
871 741
230 742
862 742
618 743
300 744
9 744
703 746
252 748
926 750
416 751
477 752
453 754
245 756
544 756
888 757
814 758
578 759
157 759
647 761
576 763
129 764
188 765
628 766
193 769
899 769
346 770
668 772
616 773
166 774
808 777
789 777
232 779
93 781
600 783
796 783
497 783
345 786
951 787
225 788
173 789
878 789
887 790
629 792
677 793
275 797
181 798
25 798
179 800
626 800
185 802
141 804
418 804
826 805
567 805
321 808
420 808
633 809
181 809
827 810
195 811
606 813
517 813
395 813
214 814
718 815
798 817
664 817
263 818
497 820
836 821
353 825
410 825
850 826
916 826
241 827
528 827
981 828
410 829
674 829
53 830
587 831
740 831
137 832
788 833
93 833
551 835
150 836
572 837
948 838
299 841
136 841
182 842
234 842
894 843
206 843
755 843
973 845
798 846
52 848
937 849
694 851
461 852
87 853
161 853
545 854
31 855
28 856
555 857
665 860
283 860
49 863
599 864
465 865
955 867
15 868
637 871
849 872
748 873
84 873
203 874
224 874
647 879
858 879
411 879
540 880
616 883
579 885
780 892
140 893
581 894
699 894
257 895
819 895
770 896
960 900
137 900
621 901
780 903
516 904
731 905
429 906
250 908
398 909
168 909
598 912
224 913
970 914
334 914
286 916
589 916
189 917
887 917
724 918
296 918
77 921
42 921
861 922
454 923
887 924
53 927
564 927
139 928
691 928
496 931
111 931
395 933
118 936
958 937
108 938
667 939
685 939
62 940
25 941
475 942
315 943
331 943
563 943
233 945
239 946
187 946
333 948
301 949
828 949
475 949
239 949
370 951
300 951
202 951
45 952
536 954
847 954
364 955
112 957
458 958
470 959
503 959
564 960
157 960
6 961
859 963
867 963
173 964
541 964
43 964
546 964
118 966
77 966
693 966
422 966
237 966
155 968
352 969
145 970
223 971
772 972
435 972
560 974
223 975
737 975
227 977
180 978
834 984
407 984
943 984
408 984
382 990
808 991
807 992
192 992
252 994
870 994
672 995
91 996
360 996
87 996
543 997
172 998
