1000
973 1
861 1
372 2
970 3
476 6
543 7
870 8
79 9
346 9
625 10
339 11
167 14
319 14
989 15
566 16
67 16
702 19
437 21
14 23
312 27
2 27
858 28
209 31
306 34
556 35
365 35
485 35
684 35
16 36
633 36
579 37
945 37
937 38
564 39
375 39
713 39
573 40
957 40
84 40
621 41
183 41
798 42
33 42
869 43
961 44
264 44
493 52
776 53
902 54
162 54
213 55
25 55
566 55
551 56
676 56
179 57
703 57
580 60
419 61
343 62
39 63
619 64
276 65
563 67
263 67
133 68
854 69
914 69
546 69
81 70
492 70
667 72
227 73
932 74
699 75
789 75
938 76
600 76
818 77
578 77
696 79
632 79
698 79
1000 79
520 81
472 83
658 83
243 84
18 84
97 89
144 91
581 91
375 91
104 92
636 95
381 96
718 96
394 97
845 98
186 99
290 99
149 100
233 103
90 103
176 104
510 105
318 106
755 106
202 106
314 106
602 107
889 107
459 109
841 111
702 112
679 112
945 114
774 118
831 120
849 121
604 121
487 121
65 122
251 123
868 129
499 130
333 130
582 132
388 136
660 136
88 137
886 137
851 137
376 139
780 139
155 139
876 140
15 140
380 142
957 144
700 144
922 146
580 147
642 149
673 149
636 149
208 153
908 153
715 154
589 154
540 155
64 155
901 155
5 156
832 159
32 159
853 160
755 162
279 162
913 163
763 163
259 164
820 164
557 165
697 166
462 167
38 167
441 168
855 168
444 169
162 169
990 173
177 174
160 177
644 177
510 178
345 179
713 181
661 183
708 185
818 186
288 187
885 188
513 188
422 189
968 189
604 190
736 192
445 192
834 193
881 194
99 194
262 195
304 195
600 196
594 197
616 198
343 199
592 199
942 200
652 200
113 200
521 201
182 202
652 203
243 205
299 206
399 206
278 206
792 207
771 207
493 209
469 210
429 210
287 211
881 211
552 211
537 213
328 214
915 215
258 218
45 220
107 221
346 221
824 223
701 223
196 224
273 224
645 225
101 227
481 230
479 230
265 232
741 232
502 233
511 233
186 236
535 237
257 238
359 240
139 242
429 242
687 242
238 242
636 242
753 243
582 244
960 245
658 246
308 247
487 247
365 247
649 248
92 249
193 250
918 253
165 253
215 254
135 254
460 254
819 256
183 257
126 259
777 261
146 261
972 261
702 263
698 263
453 265
460 266
882 268
885 269
570 270
509 270
638 270
165 271
743 273
106 277
22 280
793 281
617 281
987 282
732 282
290 284
638 285
90 286
636 288
634 288
930 290
296 292
293 292
87 293
56 293
834 294
270 296
61 297
382 297
889 302
452 303
731 303
713 304
597 305
115 306
138 309
140 310
989 311
998 312
388 312
781 315
245 316
385 317
995 317
194 317
303 319
861 319
18 320
602 320
148 321
583 321
797 322
559 324
895 327
566 328
776 328
498 330
55 330
52 331
638 333
17 334
583 335
106 336
420 337
654 337
873 338
126 342
451 343
370 343
795 343
991 344
704 346
866 346
927 347
368 349
110 350
328 352
69 352
686 352
378 353
58 355
553 355
437 358
579 359
153 359
370 360
423 361
391 361
847 362
157 362
623 362
117 363
298 364
987 365
534 366
967 366
52 367
765 367
334 367
673 368
30 368
532 369
286 369
563 372
349 372
345 373
564 375
522 375
944 376
55 378
401 379
275 380
515 380
411 381
389 381
199 382
729 383
51 385
913 386
174 386
915 387
125 388
836 389
304 389
297 390
508 390
423 391
807 392
702 393
743 393
603 393
475 396
507 396
941 398
894 398
148 400
817 400
772 402
964 404
421 404
770 404
437 404
116 405
399 408
134 410
63 411
734 411
13 413
669 413
493 414
490 415
457 416
210 417
51 417
866 418
138 419
4 421
98 421
388 421
662 421
793 424
219 424
659 425
56 426
144 427
579 429
952 430
702 431
298 432
381 433
682 434
568 435
672 437
614 437
362 438
408 440
84 442
566 442
770 443
375 450
244 450
686 451
47 452
353 452
50 455
779 456
620 456
741 457
651 458
25 460
492 465
420 465
854 466
79 467
489 467
223 467
426 467
47 467
101 467
841 468
950 470
127 471
991 472
531 474
815 476
57 478
320 478
800 478
113 479
371 479
790 479
492 479
706 482
260 484
476 487
498 489
624 490
685 491
17 492
290 495
580 495
660 496
812 496
564 497
2 499
305 500
310 502
916 502
695 502
478 502
506 506
851 508
54 510
155 511
496 511
550 512
884 515
293 517
258 520
563 521
60 522
206 523
200 524
691 525
379 525
794 527
441 528
228 530
309 530
583 530
264 532
8 532
785 533
94 533
366 534
869 534
758 537
26 537
173 537
764 540
938 540
106 542
715 542
251 544
297 544
801 547
408 548
938 548
329 548
750 548
943 549
319 550
679 553
777 553
815 555
315 555
808 557
792 559
222 560
999 560
350 560
349 561
556 561
331 561
717 563
976 565
914 566
965 567
476 568
604 568
273 570
510 571
308 572
385 573
822 573
764 574
193 576
326 576
430 577
513 578
991 580
796 581
578 582
203 583
406 584
138 584
430 585
676 586
98 587
282 588
467 588
329 590
577 591
915 595
895 597
88 598
173 599
828 600
555 600
640 601
943 602
158 603
772 605
197 605
463 605
722 606
605 606
224 608
275 608
774 610
744 611
43 613
929 613
200 614
498 616
264 618
899 618
448 619
157 620
487 620
392 621
976 622
665 622
169 623
426 623
737 624
517 624
403 624
608 626
860 626
731 626
937 629
135 629
178 633
958 634
42 634
162 635
407 636
17 637
675 638
24 638
891 640
335 641
889 641
7 642
999 644
582 645
645 645
766 646
137 646
560 648
733 649
55 650
118 652
586 652
315 652
994 653
861 654
50 656
882 656
41 658
648 658
32 659
92 659
880 660
746 661
495 662
229 663
327 664
76 664
949 666
121 666
345 666
502 668
892 668
734 670
518 670
656 672
713 674
244 674
78 674
844 676
57 678
603 679
376 683
597 685
706 688
209 688
180 691
276 695
705 695
23 695
567 696
955 698
784 698
529 698
342 700
580 701
473 702
623 703
580 703
906 703
302 704
202 705
66 707
911 708
857 708
887 708
505 712
532 713
78 714
483 715
870 715
608 716
776 717
257 717
777 721
69 721
408 724
833 724
221 725
941 725
496 725
529 725
228 726
668 727
761 728
90 728
229 730
822 731
894 732
662 732
29 733
142 733
778 735
507 736
216 736
251 737
104 739
521 741
196 742
775 743
383 744
521 744
632 745
574 745
104 748
651 750
830 751
17 752
349 752
614 753
876 754
75 754
195 755
842 755
350 755
452 756
1000 759
986 761
389 764
609 764
612 766
332 768
760 772
550 772
851 773
192 774
753 776
822 776
361 778
354 779
903 779
715 781
330 781
294 781
502 781
563 783
705 784
822 784
664 785
86 785
985 786
121 787
161 788
138 788
805 791
138 791
976 791
39 791
476 793
445 795
629 795
26 797
135 798
647 798
127 798
301 798
635 799
217 799
988 799
504 800
423 800
234 800
992 800
135 801
250 801
231 804
458 806
67 806
412 809
978 809
112 809
545 809
716 810
693 810
748 810
494 811
945 811
784 811
499 811
567 813
621 815
81 815
461 816
542 819
967 820
537 820
767 824
177 824
930 825
921 826
182 827
252 829
624 831
608 832
143 833
200 834
552 835
639 837
116 837
207 839
842 840
126 840
179 842
647 842
203 843
769 843
386 844
915 844
163 844
706 845
216 848
393 848
230 850
714 851
143 852
195 853
590 854
591 854
656 855
614 856
972 857
461 858
458 859
314 860
934 860
46 860
180 861
679 861
178 861
655 863
112 863
414 864
603 864
208 864
496 866
19 867
611 868
462 869
877 869
801 869
31 872
168 874
556 875
478 876
587 878
102 878
107 879
850 881
646 881
375 881
148 881
335 882
253 885
550 886
285 886
236 887
475 888
754 888
391 888
880 889
369 890
584 891
434 891
357 891
657 893
396 894
811 894
354 895
958 897
664 897
90 900
77 900
222 902
524 905
901 906
807 906
561 906
844 908
915 908
996 909
540 910
872 912
229 913
712 913
694 914
362 915
831 918
4 918
570 919
321 919
545 920
409 922
612 924
538 925
432 926
367 927
291 927
271 927
249 928
661 928
594 930
444 931
855 931
846 932
669 936
63 936
173 936
95 937
124 938
95 939
2 941
50 941
242 942
263 943
312 943
282 947
692 949
945 950
987 951
372 952
169 952
86 953
710 953
100 954
478 955
513 955
809 957
568 958
940 960
596 960
632 962
678 964
176 965
753 966
376 966
643 966
344 967
497 969
131 969
582 970
139 971
769 971
113 973
242 973
946 974
977 974
804 977
395 977
329 978
704 978
986 978
503 978
594 979
864 981
29 982
97 982
251 983
458 984
139 985
784 987
287 989
201 989
157 992
183 992
361 995
621 997
294 998
82 999
260 999
435 1000
