589
794 0
18 1
396 3
347 4
262 5
233 7
420 7
782 8
334 9
235 11
762 11
235 11
797 12
784 12
117 13
733 15
557 15
299 16
802 17
668 17
356 18
724 18
331 18
536 18
50 20
138 20
155 21
547 23
411 23
187 24
456 24
154 26
417 26
662 27
633 28
170 29
602 29
299 32
91 37
505 38
489 38
447 43
391 43
492 44
530 48
140 49
82 49
427 50
308 52
95 58
454 58
432 59
85 60
535 61
380 61
110 61
218 61
773 63
610 64
378 67
474 67
659 67
602 68
325 70
603 70
747 71
360 79
503 80
178 82
248 84
65 86
377 87
350 87
247 91
595 91
779 91
348 92
486 92
611 94
366 94
103 95
622 95
290 96
117 96
71 99
534 100
543 103
290 103
78 106
152 107
129 108
675 112
678 115
52 115
570 115
221 119
475 119
597 120
422 124
492 124
546 125
167 127
793 128
463 128
304 129
410 131
772 131
34 133
154 136
641 137
1 137
40 138
363 139
662 140
479 141
502 141
518 141
379 143
447 143
487 145
788 145
305 149
676 151
449 152
710 152
243 153
264 156
211 157
466 159
524 162
341 163
512 166
156 167
529 168
33 169
657 170
661 173
748 175
273 175
137 176
728 178
60 182
38 183
489 183
4 183
173 183
412 184
660 185
798 185
446 188
683 188
560 189
670 190
301 195
668 197
664 197
196 198
471 201
536 201
336 204
261 204
661 207
784 207
358 210
522 211
787 212
440 213
307 216
509 218
512 219
356 220
56 221
193 223
381 223
692 224
132 224
455 228
48 228
542 229
507 230
314 230
305 230
62 230
612 231
808 232
475 233
776 233
212 234
148 236
663 238
589 238
37 238
372 241
371 242
714 242
275 242
665 242
593 245
513 246
509 247
44 247
338 250
224 250
762 251
24 251
131 252
85 255
804 255
778 258
615 260
672 265
421 267
532 270
656 271
664 271
170 272
346 274
409 275
551 276
31 276
590 276
541 278
214 280
731 282
435 282
117 285
709 287
335 289
438 290
478 290
724 292
162 296
329 296
502 296
219 298
441 298
78 299
62 300
541 301
707 304
201 304
423 310
263 312
425 315
203 315
582 317
402 317
599 320
193 322
506 324
215 324
145 324
346 325
511 325
723 325
18 326
43 328
274 329
367 330
239 332
627 333
392 334
562 334
97 335
574 341
73 345
285 346
364 348
61 349
93 353
798 354
142 355
129 357
664 357
95 360
414 360
135 361
595 363
274 363
68 364
673 364
463 365
100 366
735 367
103 368
662 368
369 371
1 371
602 372
367 374
620 376
600 377
2 382
111 382
528 383
404 385
193 385
642 386
563 388
188 389
681 391
652 391
224 392
785 394
789 395
390 395
388 397
782 397
680 397
788 399
443 400
454 401
760 402
728 404
674 404
565 404
468 404
464 405
380 405
783 408
614 408
44 409
88 410
10 410
77 410
143 412
521 412
409 412
557 414
106 414
133 415
477 416
172 417
250 418
601 421
256 422
614 427
98 427
450 428
666 428
448 431
649 432
95 432
565 433
424 435
215 437
499 437
778 438
183 440
79 441
709 441
205 442
539 443
210 443
474 444
321 446
185 449
404 449
172 449
107 450
319 450
360 450
115 450
294 451
552 454
229 455
550 457
409 457
240 457
712 461
731 464
559 465
256 466
5 466
24 475
395 475
497 475
572 476
73 476
529 476
210 478
455 484
183 484
25 485
340 485
618 486
544 489
609 489
449 490
459 491
228 492
33 494
360 497
549 498
233 498
726 498
276 498
596 500
390 500
536 502
594 503
447 506
235 507
319 509
694 510
752 510
277 512
40 515
597 517
157 518
287 519
643 519
584 521
639 522
418 523
675 524
138 526
611 526
249 527
12 529
397 530
315 531
493 531
370 532
759 533
714 535
345 536
127 537
199 539
264 543
719 544
171 546
445 548
227 548
315 550
557 550
288 551
808 555
329 557
125 558
311 564
799 565
408 567
664 567
197 567
562 568
739 570
585 570
238 571
112 571
343 572
447 573
559 574
36 575
281 578
564 580
381 580
427 581
546 583
188 584
497 584
63 585
222 586
103 588
76 589
67 589
547 590
2 591
618 592
422 593
106 596
168 596
472 597
159 598
699 599
553 601
756 603
75 603
159 603
467 604
479 604
331 607
85 608
71 613
641 616
314 616
662 618
437 620
245 624
271 625
584 625
561 626
274 627
25 628
25 629
735 629
527 630
384 631
800 634
501 635
126 636
251 636
720 637
28 638
184 640
462 640
685 643
237 643
572 646
623 647
26 647
334 647
638 648
372 648
229 648
354 651
227 652
725 653
522 654
717 654
739 657
681 657
179 658
46 658
622 658
373 659
456 660
754 660
395 660
514 661
594 662
297 662
397 663
230 667
238 671
593 671
142 673
215 677
71 682
152 684
714 685
457 685
522 685
594 687
309 687
261 687
80 693
392 694
54 696
391 699
371 700
104 700
724 701
557 704
696 706
645 706
753 707
83 708
123 709
505 710
13 712
196 712
684 714
294 715
619 716
503 716
516 717
507 717
640 719
76 720
485 721
60 723
446 725
72 725
547 726
485 729
314 730
628 731
75 732
566 734
634 735
498 735
533 736
312 736
428 739
700 740
37 741
344 742
610 742
