468
384 0
107 0
202 1
329 4
78 6
186 6
5 8
357 8
417 10
205 10
39 10
149 10
187 10
18 11
372 11
4 13
111 13
425 13
59 14
246 15
9 16
249 16
209 19
413 23
440 23
32 25
16 25
261 25
88 27
125 27
300 28
283 29
5 29
263 34
179 35
324 36
182 38
172 40
172 42
431 42
225 44
157 45
71 47
156 47
248 48
235 48
89 51
402 52
21 52
139 55
365 55
281 56
49 57
437 61
402 61
150 64
455 67
123 68
402 69
317 71
209 72
221 72
136 74
456 77
387 81
96 82
129 83
64 83
113 84
193 84
65 85
98 85
212 86
159 88
387 88
344 92
108 97
462 99
21 103
215 104
178 105
6 110
338 112
218 112
173 112
36 117
16 118
204 119
219 120
100 122
251 122
89 123
188 124
341 124
458 125
12 129
181 130
113 130
253 131
91 133
356 134
302 136
174 138
364 139
236 140
29 141
294 142
49 142
233 143
278 143
464 146
259 151
353 152
126 153
89 154
209 156
453 156
184 158
93 158
278 159
464 160
69 161
17 163
103 165
43 166
166 172
184 172
330 175
148 177
32 182
244 183
357 184
117 185
392 186
21 187
162 188
432 190
113 191
289 191
455 192
94 196
134 197
12 199
419 199
241 206
344 207
467 208
153 211
427 211
16 213
242 214
215 217
67 218
319 220
387 222
266 224
13 227
137 229
91 236
101 238
350 242
430 242
424 243
341 246
373 246
419 250
47 251
401 251
396 253
397 254
260 254
243 254
187 258
59 258
205 259
89 261
147 261
277 263
158 263
65 264
258 265
18 267
79 268
15 273
300 281
362 285
167 287
40 287
373 288
274 290
264 292
28 293
63 294
60 296
315 297
416 298
344 298
17 299
182 301
160 302
5 302
399 303
350 306
458 308
154 310
124 311
393 313
12 314
358 316
262 318
108 319
211 319
18 320
404 321
461 321
158 322
162 323
46 323
83 324
92 328
432 328
455 331
375 333
313 333
276 333
365 334
117 334
126 336
423 336
192 337
461 338
174 338
135 338
160 340
295 340
448 342
351 342
387 344
192 345
6 347
261 348
76 356
379 357
261 358
265 359
351 361
181 365
449 365
162 366
385 368
277 370
418 371
76 371
19 371
84 372
160 372
254 373
127 375
273 375
416 376
153 383
7 386
12 386
349 387
1 390
181 390
285 391
234 392
309 392
3 392
285 395
147 396
241 397
216 400
379 408
112 411
448 411
98 412
66 412
28 413
60 414
323 415
376 421
397 421
360 423
449 424
1 424
249 425
259 428
277 429
79 429
187 431
447 431
172 436
434 438
231 441
137 442
253 443
213 444
426 445
73 445
87 446
47 448
237 449
249 450
417 451
291 451
244 452
253 452
4 454
151 456
298 457
303 457
83 458
42 459
128 460
358 460
198 464
351 464
418 467
260 467
434 468
250 469
41 470
322 471
57 471
460 472
372 472
294 473
422 473
150 474
11 475
301 476
26 479
26 480
23 482
166 486
441 487
78 487
23 489
274 489
196 492
324 493
306 498
383 498
324 499
134 506
65 507
66 510
201 512
147 514
26 514
262 515
439 515
88 518
300 519
54 521
332 522
441 522
160 524
467 525
141 525
229 526
332 529
1 529
433 530
162 532
10 532
164 533
201 535
377 537
171 537
347 538
63 538
456 538
412 544
205 544
339 544
384 545
456 546
308 546
13 547
167 548
163 549
188 550
20 551
300 553
455 553
86 554
428 556
235 557
415 557
461 558
332 559
203 560
294 561
408 562
307 562
22 562
288 563
218 563
267 567
31 568
216 568
273 569
352 569
157 572
247 573
351 574
314 575
35 577
456 577
116 578
92 582
101 582
50 585
84 586
86 587
59 590
120 593
405 594
154 599
2 602
132 602
131 604
189 604
124 606
50 607
328 607
51 608
351 612
307 614
460 616
60 617
24 618
77 621
274 621
224 627
445 629
373 632
94 637
52 638
327 643
179 643
408 644
216 644
67 645
322 647
53 647
81 648
145 649
387 651
258 653
362 653
159 655
124 655
198 656
399 657
28 660
154 660
339 662
31 665
78 669
14 670
427 672
432 673
85 674
99 675
