315
304 2
354 9
820 9
374 13
608 13
724 18
468 21
871 23
919 27
540 33
750 35
232 44
897 44
122 53
273 60
862 61
290 67
247 70
94 73
642 79
345 87
208 89
949 93
596 95
207 99
670 102
58 104
497 104
837 113
671 117
104 118
865 119
567 121
601 137
81 139
496 143
407 153
842 154
448 155
844 156
290 160
920 162
469 176
700 176
18 176
977 181
691 186
463 187
623 188
168 192
458 193
48 193
543 195
347 196
658 197
159 199
569 202
843 202
637 207
230 209
918 213
646 214
386 214
640 217
722 218
460 224
207 225
107 225
962 229
593 230
960 231
760 232
823 235
749 235
533 236
487 237
99 240
236 245
165 245
948 246
570 254
301 260
302 261
238 272
81 278
343 281
893 288
310 292
23 292
274 293
215 302
762 304
990 305
120 306
823 314
745 317
542 318
843 323
838 324
266 324
910 333
33 343
948 344
67 345
594 348
126 351
95 360
661 362
191 381
199 392
703 393
503 408
454 408
549 409
75 416
208 422
976 423
432 424
940 448
148 448
629 450
818 459
761 460
663 460
298 461
198 466
357 466
591 472
533 475
921 476
49 476
359 479
994 483
437 488
225 490
458 493
270 496
41 499
41 500
631 501
199 502
319 504
416 505
900 506
274 507
904 508
975 509
919 509
267 514
623 519
768 521
666 524
555 534
198 535
980 535
385 537
289 537
261 542
988 543
818 547
918 550
965 554
716 560
503 565
907 566
845 571
560 574
619 576
879 583
661 585
71 587
745 588
576 590
269 591
665 593
566 600
271 605
623 614
460 615
494 615
640 617
686 617
32 620
638 623
820 626
129 634
585 635
839 643
677 658
944 665
337 666
658 674
45 677
405 678
294 679
483 680
921 681
681 685
543 685
929 691
478 692
446 697
815 698
906 701
10 706
67 708
282 717
177 720
303 721
58 722
869 726
365 730
638 733
379 734
373 739
278 739
929 740
286 742
568 742
758 743
948 744
417 753
96 754
800 757
276 763
87 765
817 765
93 766
392 769
682 770
539 772
256 773
264 775
360 775
67 785
910 786
279 788
419 790
130 790
682 791
327 794
398 795
732 797
584 798
725 799
781 804
452 807
877 809
274 811
162 813
168 819
153 824
18 824
615 825
371 825
272 826
401 827
631 832
782 838
222 842
570 846
869 848
305 854
897 854
46 856
452 859
465 860
661 867
169 867
580 869
79 874
911 875
799 879
382 880
777 882
397 883
439 883
53 884
621 896
40 902
287 910
284 911
872 912
673 913
265 915
275 917
840 919
421 920
858 931
150 931
877 932
853 933
718 937
281 941
211 942
829 944
104 946
157 947
358 950
914 951
156 955
980 957
915 959
4 965
939 965
971 967
473 970
730 973
858 976
387 984
309 990
820 990
930 995
690 997
4 997
