1000
449 0
689 2
106 2
583 3
346 4
723 5
126 6
572 7
772 7
751 8
326 8
20 11
84 11
335 13
261 13
202 13
362 14
614 14
879 14
884 15
942 18
175 20
590 21
195 21
420 22
219 22
486 22
246 24
953 24
831 28
471 28
356 29
689 30
714 30
993 30
154 31
169 32
2 32
483 33
872 38
688 38
654 39
681 39
101 40
202 42
918 42
278 43
765 43
434 45
854 46
820 46
2 46
259 47
92 47
997 48
36 49
388 50
246 50
375 51
724 52
393 52
621 52
760 52
897 54
235 56
615 57
618 58
110 58
893 59
913 59
712 60
478 60
432 62
409 63
881 64
235 64
440 65
799 65
19 66
75 67
56 68
488 71
300 71
457 74
74 74
412 75
614 75
36 78
923 79
443 80
954 81
928 81
898 83
992 83
317 84
205 85
122 87
191 89
742 89
210 90
761 93
27 94
758 97
923 100
27 100
366 101
596 101
685 102
499 103
226 109
40 109
744 111
655 111
912 112
978 113
80 115
314 116
233 116
793 117
39 117
164 120
76 121
965 122
551 123
195 123
139 123
458 128
358 129
936 130
526 130
49 130
91 131
676 132
427 133
999 133
86 135
304 135
830 138
866 138
857 139
885 139
562 140
74 141
272 143
689 143
651 143
544 143
595 144
147 144
685 145
690 146
104 147
444 148
272 149
151 149
45 150
217 151
217 151
431 156
500 156
186 156
942 157
690 157
383 157
414 160
641 161
28 162
618 162
285 163
565 164
89 164
442 165
256 165
259 165
904 168
103 169
827 170
15 172
771 174
829 174
308 175
878 178
354 178
980 178
997 179
542 181
518 182
467 182
57 183
177 184
735 184
897 189
323 191
840 192
916 192
694 194
963 195
824 196
224 196
160 197
503 198
75 198
699 200
652 201
582 201
616 202
563 202
790 205
164 205
835 206
250 207
237 208
102 209
489 210
295 213
852 216
340 217
415 221
229 221
839 221
58 222
805 223
964 223
946 224
488 225
584 226
524 227
127 227
669 227
376 228
47 229
966 229
856 230
410 231
79 233
300 233
530 234
393 237
473 238
919 238
653 240
983 241
41 241
700 241
699 241
636 242
603 243
136 245
860 248
86 249
531 249
682 249
554 251
21 254
655 254
31 254
149 255
56 255
791 255
932 255
772 256
236 260
874 261
51 261
281 261
555 263
324 263
426 265
305 266
904 266
173 267
84 268
612 268
682 270
56 271
84 272
688 276
684 277
584 278
370 278
859 279
525 282
890 283
600 285
609 286
805 286
373 287
595 287
282 287
728 289
846 290
844 291
884 291
364 291
195 291
399 292
323 292
229 296
862 296
403 296
238 297
323 297
431 299
763 299
513 300
908 302
384 302
738 302
773 305
241 305
598 307
230 308
337 310
154 311
512 312
984 313
37 313
521 314
309 315
939 316
567 317
922 318
520 319
178 320
456 320
330 320
830 321
599 322
818 324
255 324
295 325
545 325
713 326
998 326
954 327
182 327
308 328
751 329
278 330
455 331
513 332
308 333
296 334
374 336
261 337
375 339
78 340
951 341
53 342
510 342
327 345
107 346
718 349
33 350
772 353
50 355
405 358
627 359
891 359
596 360
585 361
273 361
242 361
40 362
421 363
765 363
716 364
93 367
897 367
587 368
598 369
510 370
316 370
479 371
989 375
436 375
719 376
299 376
766 377
306 379
80 380
757 383
334 386
277 387
969 387
555 388
878 389
432 390
818 391
474 391
588 391
873 392
390 393
155 393
54 394
982 395
730 396
751 396
648 398
74 398
978 399
565 400
177 402
116 402
262 406
76 407
489 408
701 409
890 410
632 410
820 410
508 414
465 416
826 418
914 419
960 419
913 419
894 421
43 421
772 421
573 422
143 423
403 423
546 424
638 425
159 426
61 426
570 426
861 427
779 427
837 430
713 433
24 437
34 439
921 439
643 439
190 440
450 440
656 443
90 443
589 443
146 443
903 444
347 445
909 445
838 447
660 448
194 448
476 449
911 452
912 452
597 454
167 454
4 456
886 457
327 459
472 459
553 460
272 461
326 461
226 463
652 463
370 466
754 467
854 468
872 468
328 468
518 468
269 469
702 470
587 471
41 471
406 472
591 472
564 472
970 474
325 477
832 478
787 478
620 479
17 479
771 480
498 481
580 481
355 482
597 482
605 483
38 483
203 483
4 486
359 491
696 492
66 494
264 495
260 497
417 497
449 497
510 499
204 500
321 500
793 501
372 503
491 504
87 506
502 506
58 508
969 508
273 509
552 509
8 510
984 512
914 512
781 512
708 512
311 513
256 513
741 514
551 516
364 516
791 517
802 517
622 518
8 520
637 522
600 522
243 522
570 522
34 523
463 523
959 527
131 529
129 529
956 532
553 534
505 535
852 535
495 535
868 536
257 537
964 537
558 537
597 538
208 539
733 539
190 539
944 540
952 540
696 545
130 546
120 546
964 547
606 548
821 548
857 549
688 551
333 552
106 553
500 556
356 556
777 556
779 558
794 558
163 558
474 559
636 561
520 561
131 565
19 565
471 566
786 569
551 569
9 572
395 573
677 575
5 577
103 577
272 578
492 578
210 579
176 581
349 581
524 584
125 584
950 587
204 587
18 587
426 589
759 590
962 591
189 592
349 592
58 593
575 593
8 593
275 595
848 597
633 598
756 598
412 599
38 600
935 603
169 606
613 607
763 607
207 608
661 610
624 610
1 611
147 612
538 612
126 617
245 620
244 621
442 622
170 622
208 625
183 625
91 626
376 627
420 627
542 627
630 631
844 632
926 632
525 635
430 635
119 638
357 639
434 640
298 640
608 641
882 642
274 643
287 647
593 647
977 648
216 648
703 651
286 651
887 653
450 654
252 654
360 655
914 656
632 659
846 659
639 659
673 660
106 660
954 662
400 664
159 665
614 670
215 671
198 673
666 675
652 676
93 676
237 677
260 677
497 677
523 679
196 680
482 680
945 681
544 681
101 682
141 684
390 684
591 684
656 685
596 687
862 687
502 687
406 688
856 689
422 693
901 695
504 696
416 697
212 698
121 699
72 699
507 699
721 701
845 701
761 702
660 703
706 703
823 703
543 703
708 704
717 704
133 704
213 704
260 704
189 704
785 704
35 704
674 706
929 706
390 714
497 714
266 715
528 716
834 717
635 717
570 718
47 720
441 721
151 722
241 722
134 723
631 723
208 724
799 725
55 727
407 727
192 727
975 728
990 730
369 731
781 732
453 735
548 735
248 736
976 737
178 738
354 738
556 738
788 739
555 741
547 741
658 741
36 744
610 744
979 745
612 746
891 748
203 748
892 749
599 749
829 750
313 750
315 751
923 752
970 753
305 753
151 754
702 754
54 754
125 754
81 757
504 757
676 759
815 761
868 762
630 764
504 767
993 768
295 769
966 769
557 770
916 773
335 773
330 773
264 773
212 775
903 775
349 776
156 778
250 779
550 780
466 780
243 780
438 780
431 781
570 781
50 782
499 782
349 786
927 786
288 787
744 788
922 788
598 791
976 793
939 794
558 794
762 796
858 798
651 798
140 801
299 801
411 801
6 802
687 802
197 803
53 803
894 805
74 807
603 808
308 808
760 808
295 809
251 811
998 811
968 812
119 816
674 818
35 820
432 821
314 821
986 822
49 822
762 822
413 823
601 823
918 825
520 825
925 828
403 829
595 831
197 832
501 832
246 832
849 832
655 833
22 833
971 834
944 834
889 835
636 835
721 837
372 840
975 843
856 844
403 846
165 847
587 848
50 849
31 849
435 849
857 851
399 852
364 853
528 855
568 857
462 859
229 860
429 860
899 861
609 862
664 862
935 862
835 863
360 863
816 863
239 864
14 865
933 865
121 866
842 867
20 867
861 867
477 873
932 874
242 875
466 875
122 876
229 876
132 880
9 880
611 881
777 882
691 882
790 882
124 883
642 883
64 885
44 886
370 888
269 888
985 888
376 888
73 889
941 891
891 892
446 893
635 894
283 894
996 894
554 896
312 897
596 898
127 898
682 900
627 901
144 901
173 902
440 903
684 904
952 906
570 910
364 910
625 912
80 912
472 913
835 914
893 915
454 915
466 916
47 916
353 917
474 921
964 921
767 922
498 922
92 922
754 923
551 924
52 927
608 928
872 929
145 930
576 930
280 931
281 933
239 933
371 934
876 935
449 935
767 936
304 941
434 941
496 943
23 943
332 944
361 944
545 944
880 944
850 946
682 947
607 948
518 948
621 949
440 949
641 950
921 950
626 951
869 952
516 953
260 954
912 955
900 955
832 957
322 958
197 958
185 959
382 960
150 964
941 965
448 971
271 971
983 971
70 972
325 972
526 973
207 974
597 975
459 975
99 976
693 976
717 978
747 979
579 980
847 980
697 981
548 982
689 982
977 983
804 983
72 983
972 985
471 988
930 988
660 990
151 990
373 992
378 994
107 994
908 995
84 996
87 996
911 996
987 997
75 998
789 998
298 1000
765 1000
