387
199 0
364 2
146 8
723 10
917 13
235 14
889 18
712 24
1 25
889 29
645 31
814 34
591 40
106 41
911 47
15 47
94 47
605 47
369 49
707 49
784 54
520 54
641 60
572 63
164 63
708 69
495 69
565 69
159 71
529 75
94 77
429 78
274 80
963 81
448 83
879 87
465 88
350 92
455 92
932 102
320 112
914 112
438 112
304 115
604 116
66 134
672 136
424 138
547 140
287 141
890 143
558 147
132 148
895 152
226 153
193 154
151 158
16 158
565 164
729 165
9 166
898 168
223 170
533 171
281 173
654 174
672 180
45 182
367 188
295 188
748 188
196 191
999 195
919 201
788 203
768 206
395 208
714 208
878 209
518 211
863 216
510 217
5 219
311 220
602 225
911 231
781 232
183 232
304 235
858 243
796 246
568 247
127 253
40 254
319 256
806 256
644 258
66 260
790 260
996 263
96 266
488 268
545 271
605 271
108 275
810 278
123 280
533 283
258 284
737 288
863 288
792 291
917 298
461 299
258 300
495 301
242 303
300 305
347 311
345 311
193 319
882 321
202 323
442 325
369 325
876 325
172 328
531 331
407 335
565 341
62 345
320 347
170 349
66 349
503 350
915 354
398 354
518 355
513 364
51 367
341 367
133 376
677 384
204 387
207 388
256 389
940 390
745 390
139 391
709 395
520 395
904 396
653 398
353 402
486 405
395 407
605 408
847 409
928 410
548 415
127 416
660 418
537 429
893 435
774 439
528 439
25 440
124 442
850 444
351 444
864 445
73 447
984 452
69 454
132 461
323 463
325 471
97 478
734 481
14 484
82 487
50 489
220 489
681 490
969 493
225 494
797 495
352 496
593 499
873 499
627 502
459 502
657 502
724 504
657 509
543 509
418 511
477 511
294 513
353 517
466 523
865 523
179 528
716 529
397 530
106 531
19 534
393 542
269 545
680 548
59 552
937 555
409 556
543 557
822 557
397 558
107 559
39 562
448 565
356 565
964 567
736 568
84 570
371 577
240 582
675 596
910 598
979 600
182 600
80 601
224 603
923 608
904 617
109 617
474 617
662 622
362 629
940 630
740 634
374 634
822 635
268 636
231 641
858 641
110 642
392 645
587 648
901 650
175 660
852 660
676 660
184 661
340 667
660 669
992 670
912 670
377 671
884 672
592 675
110 677
757 678
14 678
390 680
773 682
477 683
908 683
188 684
723 687
907 688
460 688
35 689
104 690
200 692
783 692
126 693
79 694
229 702
987 703
591 704
880 708
478 710
277 711
667 711
396 715
214 721
585 724
907 728
459 734
914 734
243 737
97 738
896 744
174 745
44 747
926 752
822 753
672 754
855 757
957 757
694 759
221 762
865 763
962 768
209 768
245 770
204 771
416 771
452 772
133 778
411 779
52 781
256 786
517 789
767 791
810 793
602 796
167 806
914 810
199 810
376 821
508 829
179 834
86 835
425 838
210 839
958 842
402 844
326 846
479 848
959 850
712 852
134 853
405 853
908 854
997 859
863 861
49 861
181 871
161 872
419 876
103 877
129 878
154 879
722 880
901 881
314 881
242 884
894 886
203 889
99 890
56 890
999 900
534 902
706 905
532 906
517 907
896 911
128 913
256 913
63 921
82 922
481 924
277 927
188 927
134 928
649 931
934 931
185 932
121 933
426 933
854 938
389 941
297 944
536 944
841 948
122 950
466 952
990 952
432 955
165 957
906 965
590 975
128 982
731 990
488 990
187 992
581 1000
