344
96 4
305 5
174 5
44 8
764 12
518 14
909 15
115 15
486 16
841 23
195 26
410 33
794 36
815 49
696 50
223 52
811 52
793 53
146 53
823 56
202 56
877 63
96 65
835 66
234 67
171 71
179 74
909 75
417 79
88 79
219 81
438 82
729 82
85 85
557 86
768 96
573 104
797 108
718 110
354 118
567 122
619 124
411 126
331 129
560 129
213 132
676 134
756 137
93 139
306 141
576 143
773 144
833 144
982 145
477 148
735 150
995 150
51 156
996 160
246 167
572 170
544 173
525 174
720 176
535 178
791 180
907 184
849 186
530 189
635 194
518 194
631 195
674 195
639 200
29 201
252 201
688 203
898 205
380 206
934 209
543 212
890 212
476 229
743 229
211 237
519 238
349 240
385 242
457 243
527 251
25 253
819 255
494 258
234 260
59 261
452 262
133 272
104 276
602 276
59 278
529 284
601 285
678 291
956 294
371 296
281 301
28 302
272 302
770 303
534 306
190 308
177 311
817 319
607 320
842 324
661 326
423 329
342 346
415 346
809 346
526 349
749 350
366 351
276 360
405 362
33 363
613 365
101 365
197 369
934 373
977 373
361 373
685 373
362 376
283 380
602 382
84 387
770 388
847 389
650 392
359 397
25 398
95 399
295 407
907 408
932 410
835 411
386 411
444 414
349 417
262 418
595 419
134 419
56 425
888 427
109 430
470 431
851 434
49 440
883 442
303 445
193 450
112 451
688 452
260 458
605 461
856 462
601 467
599 469
38 476
402 477
243 477
357 481
762 487
663 489
456 491
160 495
831 497
634 497
379 498
105 499
584 508
380 509
490 509
763 515
514 518
593 520
475 527
350 532
37 534
858 536
506 539
544 539
936 542
538 543
697 549
536 552
372 552
235 555
187 557
987 559
3 566
935 572
423 573
880 574
452 575
793 576
994 577
313 577
560 578
108 578
388 580
132 584
377 590
636 591
485 600
507 600
389 601
299 603
318 608
355 611
278 615
112 619
936 619
284 633
82 639
35 642
234 646
822 646
332 650
937 650
578 651
798 655
517 655
706 662
395 663
893 665
859 668
94 668
333 673
13 681
113 684
390 685
400 687
806 688
507 697
405 699
722 701
109 702
341 702
915 706
715 711
24 712
51 714
941 728
639 729
23 736
362 738
478 738
645 748
704 750
151 750
802 752
566 752
920 753
321 755
600 758
246 759
275 759
225 760
286 762
517 764
828 765
816 766
266 769
280 771
253 781
517 784
728 785
163 786
898 787
179 789
808 789
434 792
42 795
970 795
256 807
806 807
958 809
784 814
990 814
475 815
218 815
594 820
828 822
772 828
719 843
951 844
69 848
819 850
565 854
381 856
658 860
774 862
916 866
505 870
52 875
656 877
561 877
5 886
910 890
561 894
551 897
274 900
65 903
34 906
171 909
200 911
128 914
198 916
192 921
22 923
557 927
541 928
378 929
219 930
503 932
956 937
706 944
232 945
686 951
346 956
896 961
194 962
480 976
156 978
476 979
139 979
891 984
885 985
378 988
994 989
959 994
260 996
