1000
664 0
781 5
631 8
91 8
577 10
427 10
669 10
365 13
390 13
508 16
31 18
300 18
55 18
761 19
184 19
898 23
720 26
165 26
358 27
115 27
607 28
219 28
497 29
20 30
502 30
223 34
539 34
890 36
458 37
652 39
613 39
110 41
606 41
510 41
766 42
112 42
160 43
902 43
73 44
447 44
527 46
97 47
867 47
980 48
203 48
627 51
554 52
234 52
960 54
314 54
353 55
32 56
279 56
429 56
871 57
425 57
149 57
624 58
760 58
447 61
61 61
961 62
773 62
903 64
824 64
218 66
446 67
21 71
896 73
270 73
81 75
340 75
795 77
57 78
92 80
467 82
449 83
922 84
545 86
888 87
288 88
111 89
1000 90
845 91
3 92
478 92
371 93
184 95
799 95
548 97
378 98
235 99
340 100
593 100
26 101
6 101
934 103
335 104
47 106
321 107
544 107
352 107
79 109
548 109
481 112
381 113
551 115
323 117
173 117
927 118
75 118
213 120
519 120
42 122
352 122
579 124
42 126
495 126
509 130
362 131
420 131
537 132
63 134
5 136
943 137
892 142
113 144
357 145
869 147
267 147
897 148
91 148
753 150
349 150
98 152
343 153
503 154
561 156
345 157
449 158
553 158
134 160
931 161
81 163
211 164
866 164
738 164
596 166
581 167
192 168
326 168
431 169
60 169
851 170
564 170
777 171
864 171
572 172
700 172
860 176
41 177
853 177
655 178
445 182
895 184
332 185
594 185
101 185
317 190
102 190
67 191
271 192
671 192
871 193
922 194
681 195
66 199
37 199
537 200
485 202
985 203
90 207
218 207
283 208
407 208
65 209
471 211
42 211
896 213
205 214
178 214
375 215
102 215
35 216
662 216
830 217
619 218
314 219
742 220
547 220
209 221
892 221
156 223
595 224
340 225
355 226
600 227
149 227
448 229
307 229
571 230
346 230
206 231
108 232
662 232
457 234
753 235
127 235
417 237
253 241
863 242
507 244
541 245
886 246
882 247
872 248
89 248
60 250
990 250
300 250
933 252
784 252
774 252
267 254
380 255
679 255
37 258
756 258
121 258
934 259
170 259
934 260
253 263
365 263
143 263
9 265
529 265
861 265
504 266
877 267
412 267
816 267
445 270
319 271
864 271
863 272
123 272
193 275
723 275
997 276
196 278
8 279
537 280
918 281
883 283
83 286
606 286
930 286
669 287
775 288
769 289
834 289
24 289
130 290
113 290
907 290
880 291
8 291
12 291
894 292
274 293
204 293
791 294
340 295
992 297
997 299
898 300
558 300
298 300
588 300
220 303
164 306
845 306
485 306
380 307
341 308
197 309
339 309
608 314
246 314
411 316
986 316
84 316
711 317
200 317
509 318
347 319
748 319
317 322
312 323
559 323
80 323
982 323
167 326
729 326
369 327
521 328
600 329
114 330
534 330
816 332
680 333
525 338
451 339
199 341
701 343
279 343
611 347
198 349
679 350
174 350
590 350
195 351
365 352
940 353
760 354
748 354
861 355
339 356
104 358
453 359
804 360
587 361
794 363
557 365
840 366
49 366
895 367
233 367
568 368
276 369
791 369
252 369
410 370
346 371
871 372
822 376
534 380
997 381
778 382
673 383
20 386
726 387
362 387
120 388
161 388
592 388
891 391
131 392
748 396
95 396
639 403
766 404
381 404
885 404
586 405
851 405
813 407
196 408
390 411
699 413
378 413
702 414
85 416
88 416
469 417
409 418
293 419
425 419
622 419
252 420
190 420
872 420
999 421
245 421
775 422
566 423
974 425
916 428
239 429
244 429
276 430
657 432
646 432
845 433
584 434
652 437
832 437
938 438
689 442
921 442
871 443
133 444
548 445
872 445
795 446
602 446
667 448
459 449
678 450
696 451
377 451
166 451
528 452
36 452
66 454
747 454
730 454
643 455
64 455
80 457
545 458
24 459
682 460
915 460
242 462
784 464
617 465
632 465
833 466
49 472
817 474
588 474
175 474
740 476
936 476
884 476
96 477
317 477
475 478
957 479
148 479
675 480
257 480
971 481
29 482
916 483
996 487
269 487
875 489
552 490
962 491
890 491
421 492
266 494
458 497
942 498
478 499
240 500
673 501
504 501
681 501
107 503
949 504
415 504
727 505
349 507
783 508
65 508
497 508
525 510
834 511
830 512
798 512
389 517
56 523
909 523
719 523
370 528
387 528
698 529
435 531
363 532
346 532
401 532
277 533
359 535
572 536
778 536
592 536
406 536
71 537
468 539
587 541
169 543
674 543
703 543
644 545
579 547
109 547
498 548
81 548
323 552
804 552
803 552
576 552
91 553
327 553
383 553
368 554
974 555
568 557
629 557
531 559
287 560
61 561
77 562
907 564
406 564
50 564
153 565
551 566
343 566
354 566
242 567
921 567
264 570
182 575
294 576
586 576
884 578
647 578
689 579
432 579
121 579
939 582
205 582
927 584
905 585
353 587
92 587
381 587
31 589
433 591
427 591
188 593
483 593
890 593
486 594
876 595
506 595
525 597
594 597
817 597
36 598
369 599
688 599
725 602
215 602
196 603
448 603
348 604
491 604
859 605
984 606
834 608
229 608
215 609
702 609
537 610
995 610
814 611
105 612
771 613
607 614
886 615
25 620
86 621
109 621
186 623
88 623
505 624
280 624
495 624
249 626
70 627
323 627
928 629
774 630
697 631
737 633
803 633
880 634
951 634
603 635
877 635
66 638
984 640
355 640
308 640
730 640
988 641
275 641
708 643
876 644
518 645
245 645
86 652
528 652
661 652
363 652
799 654
880 654
393 656
41 656
865 656
561 657
293 658
476 659
495 662
831 663
587 664
747 667
536 670
330 672
423 673
30 673
412 675
962 675
560 675
552 676
278 676
35 679
579 680
43 680
328 682
467 682
828 682
949 683
351 683
722 684
286 684
358 685
47 687
149 689
140 690
79 692
640 693
316 695
267 696
614 696
158 696
437 697
365 698
582 698
202 699
808 701
730 701
619 702
651 702
474 702
793 702
562 704
604 707
679 708
607 708
624 710
723 710
434 711
788 716
573 716
425 716
522 717
27 717
314 718
709 718
103 718
757 719
971 721
451 722
816 723
511 724
363 724
914 727
487 728
472 728
837 728
503 729
24 730
860 730
578 730
153 731
220 732
1 732
116 733
17 733
277 734
496 735
695 737
495 737
286 737
813 739
996 740
107 741
761 742
454 742
892 743
142 743
380 744
310 744
632 746
250 747
795 747
618 748
863 748
689 749
388 750
471 750
137 751
569 751
645 752
777 755
229 757
513 757
909 758
266 759
320 761
827 763
116 765
441 766
104 766
488 766
978 766
959 766
891 769
592 769
227 769
413 769
674 771
762 772
408 774
644 774
8 775
681 777
109 778
427 782
909 782
779 784
777 784
500 784
443 786
57 787
198 791
809 791
27 792
697 792
354 793
85 796
169 797
739 798
959 798
514 800
100 800
453 801
974 802
73 804
279 804
693 805
979 806
380 806
504 807
869 807
823 808
110 808
189 808
851 809
631 810
931 810
531 812
437 812
390 813
464 813
607 813
777 814
716 817
595 817
498 818
633 819
971 823
137 824
801 825
480 827
717 827
969 828
466 828
797 830
678 830
188 831
293 831
297 834
978 835
11 835
538 835
608 836
699 836
600 836
586 837
214 839
689 841
508 842
772 843
476 844
364 845
470 848
549 848
842 848
214 850
909 852
69 852
239 853
237 853
196 854
595 854
694 854
913 854
889 854
500 855
362 856
755 857
366 859
159 862
403 862
960 863
279 863
54 865
578 865
771 866
583 866
711 867
367 869
56 870
840 870
807 871
291 875
851 875
940 878
505 878
313 880
718 880
983 881
638 882
243 883
262 885
975 888
866 889
135 891
291 892
158 894
409 895
611 895
755 898
933 899
183 899
582 901
1000 901
941 901
272 902
24 902
832 903
985 904
273 904
536 905
548 906
728 907
731 907
309 908
62 911
925 912
103 913
131 913
199 914
105 914
969 914
10 915
493 916
184 918
512 918
381 920
33 921
459 921
894 921
266 922
653 922
663 924
785 925
365 925
694 925
573 927
363 927
623 928
241 928
213 929
165 930
978 931
229 931
368 931
872 931
803 935
279 935
899 935
165 936
658 936
239 937
219 937
304 938
525 939
383 940
624 941
730 942
112 942
431 942
638 944
325 945
814 945
251 947
220 947
479 948
420 948
231 949
523 950
964 950
165 950
714 951
777 952
873 953
56 954
401 954
421 954
872 955
222 955
586 955
127 957
880 957
373 958
93 959
389 960
469 960
914 964
654 964
879 965
389 966
63 966
17 966
771 968
66 972
110 973
89 973
403 974
913 974
350 976
589 976
245 976
651 977
191 979
995 980
641 980
573 981
827 982
88 982
352 983
998 984
687 985
506 986
4 986
592 986
83 987
852 989
396 990
867 990
784 990
15 990
461 990
812 995
988 995
22 996
412 997
14 998
950 999
410 1000
229 1000
