1000
307 0
269 1
885 3
311 4
720 5
237 6
244 6
34 9
470 10
749 10
881 11
426 13
738 14
14 14
532 15
596 15
783 16
984 17
386 18
89 18
509 19
214 23
259 25
720 26
361 26
196 27
786 27
8 28
160 28
702 29
331 30
951 30
56 30
557 30
96 31
440 32
859 34
71 36
62 36
237 40
196 41
259 41
470 41
840 42
917 42
409 42
49 43
458 45
46 47
878 48
751 48
617 52
840 53
697 53
603 53
875 56
656 57
869 58
44 58
415 60
150 61
143 61
648 61
977 63
276 63
77 64
142 65
339 65
536 66
753 66
734 68
702 68
73 69
681 70
927 70
230 71
990 72
390 74
800 74
211 74
600 75
617 77
569 78
228 79
74 80
25 80
860 81
985 82
278 83
861 84
850 85
171 85
339 86
244 88
15 90
802 91
265 91
27 93
591 93
433 94
47 94
787 95
253 96
229 97
751 99
161 99
889 102
2 102
810 103
47 104
36 104
252 105
710 106
425 107
825 107
343 107
638 107
662 110
301 111
536 112
51 112
227 114
157 114
912 115
475 116
790 117
454 117
139 118
514 119
88 121
315 121
622 123
464 123
649 125
540 125
237 128
131 128
925 131
878 132
526 132
297 132
409 136
494 137
2 138
460 139
169 142
989 144
664 144
642 144
863 146
601 147
75 148
594 148
573 148
599 149
188 151
33 151
2 152
246 152
636 152
39 153
176 155
185 155
192 156
70 157
971 157
947 158
652 158
412 158
247 159
478 159
682 159
242 159
507 160
135 160
241 161
634 162
63 164
752 165
52 166
760 166
496 168
808 170
482 170
934 172
505 179
58 179
528 180
627 180
73 182
80 184
671 184
493 185
592 186
470 186
213 189
336 190
318 190
811 190
547 191
876 192
128 192
747 192
423 192
31 195
13 196
518 196
501 199
347 200
163 201
113 201
937 204
203 204
384 205
469 206
435 208
131 209
383 209
782 210
43 212
517 212
698 212
586 213
500 213
407 213
84 214
717 214
942 215
868 215
262 216
995 217
24 217
948 218
181 218
827 220
67 225
815 226
234 227
958 227
943 229
74 230
416 230
597 230
465 231
170 232
313 234
128 235
958 235
557 236
625 237
555 238
289 238
909 239
985 241
811 241
830 241
566 242
438 243
403 245
812 248
720 248
130 249
877 249
197 251
807 252
53 252
497 253
824 256
950 258
445 260
918 264
529 265
97 267
995 267
609 271
946 272
983 272
370 272
654 273
333 273
259 273
506 275
3 275
369 277
194 278
319 278
504 279
30 283
989 284
345 284
796 285
364 285
71 285
150 288
982 289
424 290
516 290
211 293
510 294
463 295
698 295
662 295
964 295
37 296
385 297
517 298
174 299
288 300
403 301
443 301
172 304
731 305
951 306
200 307
929 307
951 308
822 309
696 310
224 317
990 318
396 318
600 320
43 321
596 322
174 322
541 322
622 322
543 322
243 323
225 323
574 324
889 324
138 328
139 329
3 333
194 333
458 335
210 337
464 337
610 338
336 341
681 342
568 342
864 343
2 344
351 345
170 346
793 346
15 351
589 352
687 353
438 354
652 354
958 355
91 356
659 358
980 358
955 359
349 360
456 361
585 361
287 363
361 363
781 364
552 364
581 364
8 366
475 366
345 371
562 371
182 374
114 375
609 376
268 376
766 376
835 376
589 376
159 377
107 378
377 378
683 379
748 380
482 380
101 381
639 382
656 382
733 384
35 384
356 386
476 386
555 388
909 389
241 391
219 391
580 392
453 392
811 394
910 396
863 397
199 397
833 397
542 398
559 399
503 400
569 400
277 402
497 402
147 404
679 404
387 404
421 404
227 406
941 410
999 412
915 412
369 416
544 416
798 418
939 418
904 419
674 419
150 420
949 420
91 421
109 421
977 422
883 423
289 424
845 424
258 424
411 425
315 425
647 425
713 425
292 426
219 428
789 428
107 428
82 428
70 431
402 431
417 432
881 433
420 433
315 434
663 434
277 438
91 438
132 438
97 438
444 439
471 439
931 440
278 443
433 444
524 446
631 447
980 448
159 449
243 449
502 452
217 453
86 454
206 456
887 456
13 457
712 457
62 458
888 459
962 459
269 460
325 460
430 460
654 463
338 464
11 470
913 470
29 470
77 471
913 472
405 474
649 475
361 475
621 477
789 479
464 480
390 482
223 484
145 484
618 485
860 488
187 489
395 489
741 491
112 491
609 491
156 492
614 493
76 493
171 494
412 495
652 497
792 497
780 497
134 499
424 505
745 506
518 506
658 508
206 508
862 508
815 509
439 511
223 511
571 511
575 512
572 513
282 513
941 513
722 514
887 514
396 516
698 517
794 518
900 518
760 518
321 518
828 522
20 522
191 522
596 524
253 525
363 525
847 525
110 527
406 528
384 532
480 534
83 536
697 537
660 539
366 540
852 540
874 540
273 540
709 540
595 541
914 541
940 542
777 544
52 547
321 548
355 549
164 551
507 551
407 554
787 554
766 554
824 555
369 555
174 556
106 556
270 557
222 558
39 559
762 559
809 561
807 562
568 563
104 563
232 564
904 566
807 566
509 566
598 566
507 568
846 569
19 570
386 573
428 574
506 574
545 574
472 575
525 579
635 580
508 580
408 580
681 582
334 582
298 583
428 583
190 584
823 586
30 586
766 587
883 589
552 589
504 590
341 591
814 591
693 592
56 592
279 592
212 594
611 595
739 596
292 596
870 596
532 599
435 599
149 599
28 600
423 601
870 602
216 606
360 609
829 609
845 610
452 611
281 612
366 612
178 612
846 614
850 615
681 615
370 615
214 615
743 616
284 617
531 617
359 618
445 622
100 623
328 623
494 623
105 626
374 627
787 627
855 629
142 629
309 630
675 630
234 631
123 633
184 635
309 635
599 636
640 639
961 639
761 641
52 641
810 642
470 643
165 643
318 643
39 644
366 645
612 645
461 645
151 646
236 646
208 647
70 647
415 649
586 650
533 652
480 653
940 657
69 657
920 658
966 659
723 659
604 659
97 660
246 661
500 664
615 664
507 665
816 666
205 666
477 666
431 666
102 667
304 668
212 668
560 669
691 669
531 672
993 673
444 673
139 675
640 680
115 680
167 681
188 681
136 683
657 684
837 686
233 686
343 686
237 686
520 687
347 687
612 689
681 689
621 689
817 690
693 690
458 690
530 691
536 691
160 691
515 692
751 694
505 695
600 695
635 696
259 696
524 697
877 699
29 700
906 701
793 702
755 703
666 704
475 706
431 708
265 709
853 710
399 711
361 712
614 715
169 715
594 716
842 716
677 716
552 717
728 718
479 718
99 720
12 721
405 724
960 724
997 725
924 725
132 725
548 726
778 726
461 727
228 730
579 730
601 731
698 733
603 735
789 737
440 737
85 738
311 739
916 739
982 741
391 741
476 741
383 742
82 744
628 745
25 745
17 746
259 746
730 746
535 747
787 749
174 749
470 749
359 750
268 750
686 750
16 751
953 751
829 752
470 753
757 755
655 757
984 757
47 758
201 759
98 762
965 766
298 766
304 767
148 768
468 769
660 769
586 771
193 771
306 774
329 775
93 775
841 780
342 780
333 781
835 782
539 785
317 786
492 786
753 786
72 789
825 790
896 790
17 792
555 793
843 796
763 798
768 798
696 800
223 802
152 803
297 804
954 806
77 806
875 807
697 809
134 809
165 811
146 812
662 812
606 817
838 817
876 817
568 818
800 818
163 819
676 820
187 820
941 821
692 821
859 823
352 823
606 824
243 824
723 826
90 826
176 827
810 828
210 830
387 831
39 832
194 835
503 840
936 842
391 843
171 843
625 844
591 844
905 845
776 846
885 847
194 847
863 847
256 849
823 850
855 850
184 850
856 852
467 852
481 853
430 854
947 855
145 856
849 857
367 858
327 859
63 859
714 859
16 861
933 864
622 865
790 865
895 865
840 866
813 866
645 866
771 867
447 867
517 869
881 870
682 871
351 871
720 872
200 872
997 872
720 874
697 874
216 876
674 878
615 878
306 881
853 882
591 884
143 885
114 888
989 889
892 890
101 890
902 891
18 895
566 896
628 897
397 897
277 897
961 899
238 900
405 901
958 902
640 903
835 905
729 905
888 909
715 909
425 910
188 910
279 913
342 914
728 915
797 918
559 919
371 919
47 919
451 920
86 920
524 920
468 922
210 923
283 923
996 923
918 924
726 926
369 927
853 928
780 929
247 929
914 930
2 930
362 930
612 931
475 931
675 932
928 933
486 934
284 935
360 937
133 937
302 939
317 940
81 940
445 940
960 942
664 942
715 943
721 944
322 944
346 945
710 946
791 948
511 949
570 950
504 951
508 952
237 953
823 955
431 956
118 956
419 958
995 959
371 959
329 960
576 961
69 962
644 967
856 967
173 969
161 970
809 970
290 972
618 973
220 974
491 976
833 976
535 977
756 977
917 982
783 982
935 984
177 988
921 992
344 993
606 993
725 993
557 995
136 998
956 1000
