938
31 1
80 1
113 2
69 2
116 4
43 5
56 5
42 6
101 6
103 6
36 6
37 7
120 9
6 11
25 12
11 12
104 15
52 15
116 16
125 16
19 17
126 17
44 17
1 20
3 23
36 24
24 25
24 25
108 27
100 28
89 30
113 31
123 31
49 32
52 35
53 36
48 37
54 37
88 38
79 39
94 39
46 39
4 40
14 42
81 43
30 43
70 44
80 45
26 45
124 45
51 48
15 48
57 50
45 51
28 51
89 51
19 52
105 53
108 54
43 54
84 55
37 57
72 58
57 59
105 60
43 60
127 62
30 62
59 62
80 63
50 64
127 64
119 64
75 65
79 65
53 66
115 67
8 69
97 71
91 71
96 72
49 72
24 74
85 74
39 74
47 77
115 78
47 80
6 80
37 80
110 81
91 83
44 86
113 86
127 87
75 94
123 95
90 96
94 97
62 98
117 99
62 99
66 101
22 101
29 101
60 101
126 103
82 103
15 105
67 105
57 107
66 109
95 110
120 110
80 111
110 111
118 111
9 113
121 115
31 117
67 117
13 117
99 117
126 119
41 119
70 120
32 120
61 121
115 125
111 125
121 125
74 126
122 127
59 127
42 131
53 135
95 135
78 135
65 139
93 139
46 139
75 141
108 141
96 141
14 142
9 143
66 145
72 145
80 147
73 148
25 149
71 149
127 150
74 150
7 150
44 150
67 152
51 153
70 153
87 154
53 155
15 156
120 156
121 156
77 157
45 157
65 158
4 159
102 160
117 161
60 161
14 163
70 165
10 165
20 167
86 170
111 172
114 173
113 174
75 175
122 175
18 178
62 178
111 178
16 181
41 181
113 181
12 182
89 183
110 183
77 183
8 184
108 184
111 184
93 185
33 186
97 186
39 189
108 189
90 191
13 193
87 194
25 194
109 196
77 196
23 196
119 198
21 201
111 202
59 203
10 204
95 205
88 206
67 206
85 206
4 207
85 212
107 212
94 213
10 213
78 214
66 214
27 215
96 217
121 218
31 219
69 219
117 220
58 221
15 221
20 224
53 225
111 225
54 225
35 226
94 227
109 227
101 227
86 228
67 229
17 229
23 229
82 231
65 231
68 232
25 233
81 233
116 235
50 236
81 237
102 237
116 241
104 245
67 245
109 245
5 247
10 248
18 248
5 249
108 249
86 249
112 250
40 252
40 253
120 253
31 254
9 255
63 255
24 255
89 256
95 258
52 259
76 260
79 261
95 264
94 268
22 269
24 269
108 269
96 271
55 271
46 272
55 272
80 273
32 275
89 275
24 277
11 277
66 280
40 284
2 284
32 285
12 287
26 287
6 288
101 290
98 290
70 292
105 293
43 294
114 295
59 298
126 298
113 300
86 303
91 303
82 304
88 306
4 307
123 307
90 309
109 310
98 313
55 314
32 315
28 315
100 317
85 317
17 317
47 321
110 322
96 322
89 322
112 324
87 324
35 327
3 328
7 328
90 328
34 330
12 331
69 338
115 340
37 340
85 341
30 341
67 343
119 343
106 346
43 346
40 347
63 348
122 348
98 350
113 350
114 352
103 352
16 353
116 353
30 354
34 354
98 355
34 358
88 358
39 360
128 361
62 361
60 361
25 362
28 362
24 364
29 365
59 365
64 366
77 366
61 367
114 368
31 371
56 372
60 372
21 374
106 374
120 376
48 378
23 378
71 379
44 381
76 382
110 382
90 386
63 389
55 389
41 390
52 390
21 390
60 392
2 392
78 395
102 395
4 396
103 397
108 398
115 401
14 401
60 402
68 404
57 404
6 405
55 405
120 406
6 407
66 408
51 409
7 411
90 413
14 413
127 414
123 415
106 416
68 418
33 419
51 419
21 420
107 421
92 425
118 425
9 429
63 432
83 435
78 435
93 435
99 435
21 438
95 441
33 441
14 442
32 442
16 443
47 444
25 445
73 446
82 447
44 447
102 448
55 449
54 449
18 450
82 451
103 452
59 454
35 455
128 457
122 457
114 458
43 466
46 466
12 467
126 468
33 469
109 469
114 470
17 470
117 470
19 471
67 474
24 474
124 476
124 476
127 477
50 478
92 478
118 479
42 480
128 481
49 489
21 489
30 489
20 489
97 491
85 494
97 496
48 496
68 496
79 498
95 498
81 498
43 499
74 499
96 499
79 500
25 501
98 502
44 502
120 504
95 504
115 506
27 506
10 508
78 508
28 510
15 512
27 512
21 512
48 512
121 513
15 514
75 515
14 515
74 516
111 516
55 517
60 518
102 518
67 521
99 522
57 524
39 524
122 526
23 526
123 527
112 527
102 528
18 529
78 529
29 529
8 533
106 533
2 533
69 537
8 538
64 539
93 540
85 540
63 541
52 543
55 543
108 545
3 545
127 546
90 548
66 548
8 548
58 550
11 552
53 554
106 554
67 554
6 555
63 556
41 556
114 556
84 557
24 559
41 560
63 561
93 561
45 562
70 562
29 562
67 562
82 565
6 567
127 569
51 570
81 570
17 570
85 571
104 574
118 577
73 577
52 579
3 580
114 581
99 583
53 583
37 584
13 588
16 589
92 589
50 590
107 591
30 592
121 592
76 593
12 593
100 594
34 596
96 596
38 597
104 597
83 597
54 598
125 599
98 599
9 600
21 600
66 600
51 603
113 605
100 606
10 608
91 609
63 609
34 612
20 612
127 613
88 615
40 619
97 620
27 620
37 621
87 622
108 625
5 626
25 626
122 626
113 628
100 631
60 632
25 632
102 632
123 633
83 634
52 635
10 635
120 639
82 639
74 641
44 643
56 644
11 646
98 647
88 647
91 648
16 649
57 649
95 649
124 650
26 650
14 650
46 651
56 652
66 652
68 652
60 653
96 653
2 654
38 654
86 654
119 655
53 655
9 656
38 657
13 657
85 658
4 658
15 659
19 659
128 660
116 660
61 660
108 661
76 662
128 662
58 662
84 663
105 663
118 666
92 668
4 669
118 670
39 671
49 671
77 674
116 676
78 676
98 677
111 677
62 678
127 679
2 680
105 682
109 682
100 682
18 684
78 688
76 688
10 689
66 689
57 690
1 690
62 691
24 695
57 697
73 697
9 698
69 698
127 699
118 699
21 699
83 701
69 702
91 703
67 703
74 704
105 706
26 707
18 707
122 710
14 712
20 712
25 714
61 714
3 716
49 716
108 717
28 717
24 717
121 719
30 719
67 722
103 723
81 723
31 724
94 724
26 725
18 726
54 726
68 727
44 727
54 728
10 729
117 732
91 733
49 733
11 735
30 737
43 737
123 738
35 738
85 738
36 740
126 742
111 744
125 744
37 745
69 746
4 747
119 748
19 750
3 752
74 752
42 753
117 753
103 753
90 753
98 754
71 755
79 757
59 759
119 761
66 764
9 764
12 765
19 765
34 765
86 765
114 765
103 767
3 768
122 769
62 770
49 770
54 770
63 774
84 775
50 775
101 776
59 776
115 780
64 782
99 784
110 786
61 788
66 788
111 788
57 788
47 789
118 790
80 790
57 794
84 795
23 795
96 796
91 797
109 797
60 799
87 800
50 800
87 800
48 803
46 803
45 804
113 804
66 804
67 805
42 805
39 807
58 808
80 809
69 809
73 810
95 812
47 812
30 814
100 815
62 816
111 817
25 819
2 822
47 824
71 824
57 825
109 825
127 826
105 828
114 829
43 833
24 833
124 833
93 834
91 834
82 835
36 836
53 837
12 838
112 838
80 838
31 838
19 840
109 843
113 846
53 847
4 847
63 847
85 848
120 849
40 849
127 849
112 851
42 854
3 855
23 856
72 857
1 857
34 858
17 862
30 862
44 863
16 863
57 864
118 864
87 865
24 866
15 869
112 869
23 871
66 873
110 873
81 874
4 875
103 875
64 876
12 877
23 878
76 879
102 879
30 881
118 881
11 883
89 884
22 885
121 886
51 887
51 888
82 888
50 891
8 891
47 892
126 892
59 892
50 893
2 893
38 899
66 901
4 902
62 903
99 903
114 904
92 904
94 906
57 908
87 908
83 910
122 911
19 912
85 914
51 915
76 916
87 918
69 919
70 922
87 923
105 926
55 926
83 927
69 930
35 931
82 934
62 936
55 936
107 937
115 938
5 938
8 939
56 939
114 939
38 941
100 942
22 944
104 944
74 945
27 945
78 946
38 946
95 948
36 949
76 951
85 951
58 951
55 953
24 953
73 953
11 954
6 954
19 955
121 957
39 957
