271
84 0
108 0
147 0
202 0
236 0
51 0
194 0
307 0
22 0
58 1
308 1
108 1
117 1
167 1
43 1
50 1
49 1
275 1
123 1
147 1
215 2
45 2
292 2
45 2
309 2
96 2
180 2
227 3
266 3
291 3
42 3
61 3
236 3
288 3
220 4
182 4
15 4
313 4
111 5
133 5
163 5
22 5
306 5
236 5
295 5
289 6
274 6
75 6
310 6
110 6
49 6
104 6
175 6
254 7
39 7
148 7
157 7
219 7
28 7
295 7
213 8
145 8
127 8
131 8
197 8
50 8
172 8
156 9
90 9
7 9
123 9
243 9
124 9
132 9
189 9
112 9
95 9
148 9
34 10
178 10
231 10
49 10
100 10
280 10
97 10
205 10
17 10
191 11
44 11
129 11
266 11
183 11
219 11
313 11
211 12
269 12
190 12
242 12
283 12
196 13
116 13
155 13
136 13
148 13
68 13
204 13
75 13
298 13
229 13
153 13
82 13
92 13
51 14
311 14
130 14
243 14
226 14
101 14
72 14
236 14
77 14
209 14
133 15
50 15
277 15
111 15
77 15
56 15
218 15
82 15
219 16
220 16
179 16
242 16
271 16
139 17
98 17
273 17
253 17
310 17
93 17
233 17
293 17
232 17
147 18
100 18
139 18
72 18
303 18
164 18
8 18
302 19
225 19
169 19
253 19
172 19
120 19
307 19
138 19
109 19
63 19
188 20
69 20
108 20
267 21
185 21
96 21
39 21
75 21
308 21
147 21
34 21
100 21
90 21
179 21
307 21
37 21
258 21
99 21
59 21
288 21
147 22
155 22
34 22
209 22
301 22
237 23
242 23
243 23
119 23
175 23
48 23
131 23
107 23
182 23
154 23
202 24
151 24
26 24
42 25
311 25
297 25
269 25
37 26
96 26
298 26
117 26
61 26
88 26
165 26
11 27
64 27
200 27
306 27
63 27
81 27
282 28
55 28
20 28
309 28
104 28
78 28
193 28
132 29
33 29
12 29
249 29
2 29
194 29
175 29
301 29
279 29
57 29
168 30
110 30
57 30
208 30
229 30
106 30
231 31
235 31
250 31
299 31
117 31
305 31
305 31
159 31
246 31
19 31
235 32
28 32
257 32
170 32
161 32
253 32
55 32
247 32
268 33
73 33
250 33
7 33
196 33
192 34
233 34
137 34
135 34
114 34
285 34
106 34
242 34
100 34
