166
225 0
157 3
3 3
51 9
230 14
82 17
28 23
11 28
167 37
113 40
90 41
128 42
134 44
24 51
15 69
172 70
158 73
180 76
246 81
158 85
85 92
229 95
188 96
93 97
102 111
143 111
269 111
220 114
29 121
42 125
96 129
122 133
126 137
109 149
83 150
218 158
14 163
2 172
256 185
152 185
17 201
92 220
195 221
35 227
137 235
46 241
15 242
52 254
162 254
148 259
240 259
229 264
180 264
131 266
69 271
97 278
66 278
238 282
62 284
11 291
96 292
2 294
224 297
240 297
192 305
117 306
129 314
109 320
6 324
179 328
100 331
24 336
57 337
166 340
85 340
164 348
68 354
61 354
153 355
223 359
205 365
145 375
147 379
270 384
174 388
219 404
267 414
248 421
111 432
72 432
95 432
199 434
17 444
256 453
176 458
250 460
193 462
177 464
108 465
74 466
3 474
243 476
38 490
108 492
84 494
164 494
263 495
25 498
166 503
144 506
235 513
190 513
183 516
110 517
87 521
165 524
200 526
218 543
4 545
99 546
140 550
214 550
91 557
182 563
187 573
43 574
94 579
184 584
143 601
25 602
181 602
86 603
204 608
154 608
135 611
231 614
243 615
69 623
10 628
159 637
173 645
177 645
50 651
124 652
215 658
174 664
120 667
134 677
222 683
262 688
138 693
272 699
90 703
257 712
87 713
229 716
203 726
83 729
31 731
17 740
144 741
40 742
84 745
250 746
186 751
120 751
