529
59 1
52 1
32 4
125 4
64 4
20 6
23 7
108 9
122 10
119 11
9 11
92 11
76 12
113 12
5 15
34 15
9 15
34 16
107 17
51 18
58 19
48 19
6 19
87 20
62 21
32 22
104 24
129 25
129 26
19 26
9 28
31 29
86 30
19 30
90 30
94 30
125 30
118 31
21 32
69 32
27 32
27 33
19 33
16 34
15 34
2 34
18 34
17 35
25 37
6 37
3 38
16 41
86 41
54 42
46 42
123 45
122 46
35 46
102 47
46 48
98 48
79 50
10 50
28 51
97 55
74 55
29 58
97 60
32 61
113 61
22 61
109 62
22 65
78 66
108 66
26 66
18 66
98 67
81 67
74 69
1 72
33 76
90 78
128 79
51 80
80 80
123 84
41 84
49 84
120 84
46 86
50 87
93 87
13 88
121 88
34 91
33 91
40 91
108 92
20 92
9 93
103 94
16 94
68 96
23 97
45 98
75 100
95 102
35 104
25 105
22 105
69 105
52 105
115 106
19 106
62 106
127 107
76 107
16 107
94 109
112 109
20 110
129 110
74 111
100 111
90 111
11 111
109 112
21 112
28 113
14 113
89 114
100 114
86 115
38 115
29 116
105 116
38 117
72 118
19 119
115 119
48 122
104 122
8 123
22 125
88 126
129 126
110 127
97 127
120 127
127 128
73 128
34 129
18 129
86 130
43 130
98 131
33 131
104 131
112 131
11 133
61 134
4 135
115 136
128 136
54 138
81 140
121 141
131 143
97 144
9 145
77 145
68 147
124 147
99 148
86 148
114 149
22 149
96 151
106 152
106 153
74 154
50 154
23 155
110 156
101 156
133 157
21 157
47 158
4 159
74 160
64 160
112 161
109 162
113 162
59 162
38 166
84 167
116 168
89 169
61 169
11 169
114 170
58 171
62 171
34 172
22 172
23 173
41 173
88 174
85 175
5 175
6 175
9 175
64 175
59 176
49 177
101 177
12 178
70 178
64 178
66 179
116 181
11 182
120 182
15 182
14 183
42 184
45 184
31 186
22 188
7 193
85 193
5 195
86 195
94 195
23 197
97 199
89 199
119 200
102 200
9 200
75 202
32 202
29 203
21 203
79 205
69 207
1 211
17 212
32 212
98 212
126 213
132 213
85 216
81 218
118 218
130 220
32 220
10 220
131 221
72 222
16 222
54 223
44 224
98 225
23 226
109 227
9 227
101 227
32 228
84 229
28 229
127 229
49 229
117 230
82 232
30 233
40 233
21 235
100 236
14 238
73 238
104 238
21 239
52 240
39 240
34 241
65 241
7 242
78 242
132 244
127 245
122 247
91 247
20 247
33 247
79 248
129 249
63 250
116 251
82 252
67 254
45 254
24 254
21 257
6 258
61 260
105 261
33 261
10 261
27 261
81 263
54 264
117 265
24 268
78 268
32 269
35 269
61 270
3 270
29 271
65 271
41 271
106 273
89 274
128 275
5 276
29 277
98 278
68 279
130 279
34 280
121 280
74 281
12 283
12 284
15 285
125 286
55 286
28 286
3 287
67 287
117 290
125 290
63 290
5 292
51 292
83 294
23 294
44 294
42 295
68 295
42 295
84 297
93 298
74 298
31 299
85 299
32 301
11 303
84 304
85 307
48 307
49 311
2 311
102 311
116 311
88 312
118 312
48 313
35 314
35 314
46 314
98 316
91 316
3 317
61 318
45 319
52 320
54 320
96 321
31 321
2 322
47 322
123 322
29 323
119 327
44 327
133 328
97 330
103 333
43 334
120 334
50 335
69 336
38 337
104 337
40 337
30 337
108 338
29 341
100 341
34 342
29 342
69 343
58 343
60 344
67 346
49 346
89 347
119 348
79 348
80 349
24 349
89 350
111 350
81 352
106 352
18 354
60 354
133 354
60 354
119 356
77 358
42 359
105 361
125 363
59 363
107 363
51 364
17 364
70 364
75 364
31 367
129 367
85 368
60 368
118 370
111 370
5 371
62 373
3 374
79 374
128 376
17 376
68 376
75 377
62 377
122 377
109 378
5 379
89 380
15 380
64 381
129 383
3 383
108 383
16 383
89 384
133 384
124 384
103 385
6 386
31 386
99 387
105 387
37 387
21 388
12 389
33 389
9 389
127 395
77 395
107 396
34 396
126 397
20 397
48 397
43 399
23 400
41 403
8 403
78 403
114 404
14 404
73 404
133 404
13 407
76 408
115 408
75 409
60 409
52 409
118 409
3 410
56 412
67 412
16 412
78 413
86 413
119 414
95 414
45 414
14 414
55 415
123 415
27 416
87 417
132 418
85 419
87 419
109 421
65 422
121 422
93 422
113 422
53 423
27 424
115 424
11 425
131 425
96 427
13 428
62 429
121 430
13 431
51 431
81 434
