970
84 0
167 0
833 1
965 2
474 3
180 3
306 4
449 5
48 6
914 6
617 6
441 7
903 7
823 8
708 9
755 9
290 11
779 12
953 13
138 13
251 14
399 15
377 15
93 17
74 17
747 18
934 18
174 19
836 20
612 21
322 22
155 23
750 23
886 24
901 25
931 25
647 26
803 27
748 28
194 30
510 31
70 31
602 32
449 32
584 33
986 36
387 36
677 37
953 37
241 38
806 39
897 45
908 46
71 47
573 47
663 47
868 48
443 52
942 52
525 56
165 58
546 58
726 59
616 60
706 61
822 63
985 63
977 64
236 66
381 69
708 69
40 69
831 70
563 71
279 72
864 72
926 73
599 73
1000 74
604 75
895 75
581 79
834 80
936 81
195 82
148 84
875 85
804 85
176 86
252 87
172 88
530 88
381 88
282 89
604 89
840 91
735 92
58 92
21 94
273 97
63 98
814 98
157 99
569 101
835 101
193 102
324 103
241 105
644 105
182 106
735 107
420 107
176 109
37 110
113 111
302 114
400 115
134 117
832 118
746 119
434 119
402 120
357 121
709 121
404 122
719 122
990 122
473 123
905 125
933 126
212 131
394 132
748 132
121 135
777 136
990 137
663 137
612 138
588 138
36 140
697 140
811 141
129 142
632 143
279 143
917 143
401 146
715 147
114 147
627 147
175 148
265 148
458 150
995 150
739 150
620 153
996 153
15 155
858 156
182 157
777 159
771 162
847 162
412 164
442 164
662 165
125 166
668 166
403 168
305 168
800 172
582 173
954 175
131 176
427 177
22 177
32 177
434 177
515 178
355 178
78 178
859 179
928 179
61 180
820 181
776 181
837 183
618 183
480 185
65 185
537 186
635 187
418 189
323 191
803 192
589 194
210 195
79 196
713 199
943 203
906 207
541 207
273 208
933 208
895 208
745 211
943 211
232 212
405 214
882 215
790 216
863 216
357 217
27 217
822 217
511 220
607 221
47 225
175 226
167 226
274 226
250 227
352 227
459 228
449 229
644 229
600 229
427 230
377 230
408 230
36 233
922 233
12 234
499 235
245 235
49 235
521 236
924 237
105 237
266 237
704 239
571 243
799 243
263 243
673 245
756 248
912 249
522 250
638 250
696 252
987 253
655 254
109 255
48 259
262 259
697 260
792 262
584 263
248 264
23 264
413 265
658 266
287 267
917 268
142 268
198 269
1000 270
177 270
297 273
637 275
512 279
955 279
44 282
42 282
643 283
61 284
69 285
656 286
678 290
351 292
616 293
95 299
392 300
723 300
636 302
85 303
553 307
209 308
192 308
112 311
979 313
154 314
390 316
254 317
327 317
276 321
64 322
121 326
571 326
465 328
493 328
773 329
193 330
366 330
959 331
276 332
924 333
568 334
817 336
218 336
814 337
113 340
317 342
864 342
220 343
502 343
638 344
349 345
421 346
686 347
320 348
623 348
303 348
839 349
351 349
363 353
537 354
906 354
287 354
490 356
654 357
932 358
19 359
102 360
927 361
782 367
599 367
639 367
422 368
824 372
509 373
796 373
525 374
275 374
220 375
414 376
807 377
21 378
20 378
891 380
845 381
613 384
298 384
841 385
611 386
317 389
103 389
382 390
75 390
170 391
10 391
576 392
968 392
650 392
800 392
645 394
397 394
644 395
225 396
390 397
708 397
469 399
790 399
894 399
531 400
447 403
659 403
374 403
372 403
715 404
201 404
393 404
835 405
4 408
565 409
821 409
286 412
279 413
378 414
766 415
632 415
796 416
959 417
18 417
736 418
338 419
637 419
888 419
923 420
588 420
596 420
945 422
306 426
951 426
256 427
230 427
639 429
538 429
957 429
528 430
643 430
439 434
143 436
775 437
75 438
313 439
96 439
639 440
89 440
212 442
458 443
283 444
521 446
114 446
932 447
945 449
328 450
474 452
125 455
457 456
83 456
328 457
705 459
126 461
711 462
183 465
930 466
977 467
763 469
315 471
969 472
140 473
296 473
662 474
436 474
173 474
430 477
488 480
268 482
619 482
689 484
245 484
352 484
186 485
654 488
875 489
432 490
439 491
275 491
150 492
9 492
755 492
447 493
266 495
257 495
835 497
400 497
658 498
830 498
993 499
380 499
154 501
16 501
65 502
947 502
856 502
717 503
69 506
769 506
275 506
951 510
144 512
95 513
235 515
334 516
888 518
340 518
213 518
222 520
324 520
977 521
892 524
522 525
755 526
19 526
397 528
785 529
268 530
936 532
777 534
955 535
458 535
915 537
939 537
708 537
196 538
891 538
814 538
912 538
815 539
856 540
41 541
997 541
247 542
635 542
953 542
147 547
59 548
519 548
203 549
652 550
378 551
412 551
870 552
954 552
219 554
375 557
639 558
594 559
80 560
505 561
205 562
638 563
694 563
344 564
416 564
12 564
745 564
721 564
695 565
448 566
890 566
289 567
882 567
704 567
737 568
926 568
307 568
231 572
944 573
475 574
725 578
156 578
36 580
648 581
137 583
32 585
234 586
689 586
798 587
110 587
781 588
888 592
563 592
727 594
381 595
117 599
221 599
114 600
270 600
183 604
213 606
166 612
471 612
672 614
219 615
819 618
277 620
526 624
871 624
214 625
166 625
152 627
449 627
516 629
493 632
443 632
93 634
9 635
37 635
995 636
97 636
533 636
363 638
727 639
787 640
395 640
367 642
480 642
240 643
759 643
150 644
226 644
108 646
948 648
653 649
730 651
603 651
750 653
17 653
227 655
613 656
668 656
887 656
228 660
62 660
186 661
941 661
818 663
289 663
525 663
398 664
643 666
593 666
992 668
584 669
693 670
13 670
97 674
751 674
896 674
111 676
199 677
500 677
907 678
622 678
607 680
202 681
218 681
126 682
787 682
968 685
125 685
854 686
364 686
452 687
606 690
353 691
984 691
489 692
333 692
666 693
90 694
407 695
308 695
287 695
76 696
867 696
153 696
20 697
703 697
247 698
970 699
216 699
571 699
779 700
986 700
260 701
800 703
268 703
535 704
559 704
557 704
16 705
879 705
157 706
699 706
869 707
500 708
180 711
748 712
606 713
832 713
275 714
999 715
285 716
718 716
463 718
49 718
243 719
790 723
57 724
302 726
695 727
630 728
799 729
388 732
738 732
171 733
33 735
800 736
185 737
88 738
245 739
196 739
857 740
840 740
50 741
959 742
975 743
496 744
713 744
204 750
769 751
946 751
330 753
148 753
48 755
490 755
800 756
346 756
679 756
534 756
714 758
781 759
712 759
505 759
57 760
868 760
725 760
246 760
490 760
858 761
426 763
100 765
275 766
440 768
217 769
272 769
201 769
936 771
197 772
331 772
67 772
754 775
833 775
369 776
252 776
825 777
35 777
783 778
348 779
2 779
617 780
525 781
591 782
700 783
165 786
172 786
848 788
20 790
480 790
948 792
475 792
302 793
795 793
480 793
191 794
673 795
453 796
536 797
218 797
682 798
495 798
259 799
991 799
677 800
502 800
612 801
492 801
12 802
434 803
440 803
65 803
623 803
641 804
417 805
854 805
781 807
839 807
482 808
683 811
895 813
244 813
829 814
910 814
634 814
814 815
591 816
5 819
92 819
731 821
583 822
739 823
736 825
297 825
652 826
884 826
185 827
724 829
476 830
832 830
259 831
442 831
452 831
797 831
921 832
86 833
534 834
253 836
781 844
490 845
501 847
794 848
503 848
513 849
599 850
185 851
865 853
151 853
800 854
252 854
66 854
782 854
368 854
153 854
476 855
18 855
324 857
405 858
250 861
821 862
479 865
195 866
928 871
933 871
355 871
304 872
750 872
723 873
499 873
744 873
886 875
184 876
943 878
247 878
417 881
306 881
179 882
586 882
526 883
222 883
567 884
93 885
980 885
231 887
137 889
445 889
528 890
310 895
190 896
381 897
32 897
896 899
22 901
27 903
946 903
589 904
465 904
991 906
882 907
442 907
192 907
557 908
637 910
448 911
107 912
223 914
873 915
208 916
92 917
509 923
788 923
622 925
205 926
862 928
529 930
472 931
372 931
746 931
117 932
323 932
778 933
11 933
68 934
82 934
262 935
474 935
339 936
772 936
898 939
344 942
557 944
262 944
497 945
898 946
189 947
838 947
770 950
931 950
134 950
384 951
550 953
482 955
171 955
469 956
118 959
296 959
47 959
628 959
311 959
465 959
55 960
554 961
350 961
50 962
333 963
574 963
237 964
340 965
73 966
882 967
838 973
286 975
809 975
533 977
115 979
165 979
745 979
529 980
346 981
805 982
637 982
170 984
212 984
578 985
927 986
2 987
974 987
130 988
478 988
875 989
533 990
892 991
292 991
513 992
700 992
950 995
229 997
963 1000
