664
52 0
97 0
136 0
86 0
318 1
137 1
335 2
147 2
378 2
294 2
308 2
172 2
155 2
328 3
390 3
190 3
74 3
78 3
368 3
74 4
33 4
247 4
233 4
232 4
233 5
115 5
342 5
90 5
149 5
68 5
280 5
193 6
9 6
193 6
60 6
11 6
223 6
57 8
35 8
124 8
111 8
142 8
308 8
142 8
209 8
43 8
50 10
390 10
121 10
33 11
123 11
203 11
47 11
364 11
24 11
120 12
212 12
117 12
74 12
178 12
115 12
249 12
24 12
187 13
235 13
91 13
379 13
349 13
312 14
38 14
343 14
107 14
211 15
145 15
217 15
89 16
168 17
230 17
348 17
286 17
300 17
240 17
294 18
323 18
100 20
120 20
284 20
372 20
360 20
72 21
197 21
210 21
260 21
380 21
286 22
111 23
33 23
355 23
144 24
237 24
98 24
363 25
97 25
157 25
33 26
130 26
273 26
106 26
297 26
208 26
278 26
143 28
93 28
75 29
22 29
299 29
8 29
257 29
79 29
259 29
124 30
41 30
156 30
363 32
229 32
231 32
357 32
140 33
172 33
360 33
9 33
22 33
338 33
7 33
282 34
166 34
174 34
310 34
250 34
128 34
78 36
34 36
100 37
222 37
133 37
365 37
109 37
365 37
72 37
145 37
276 37
143 37
318 37
147 38
196 38
286 39
295 39
167 39
82 39
323 40
398 40
129 40
252 40
34 40
304 41
72 41
161 41
126 42
380 42
244 42
15 42
341 42
156 42
72 43
303 43
176 43
274 44
49 44
296 44
339 44
385 44
303 45
309 45
387 45
285 45
333 45
128 46
296 46
24 46
122 46
10 46
93 46
48 47
251 47
345 47
216 47
271 47
18 48
377 48
43 48
177 48
23 48
395 49
235 49
323 49
290 49
221 49
57 49
243 49
333 49
125 50
343 50
68 50
309 50
47 50
58 51
162 51
169 51
28 51
174 51
37 51
233 52
181 52
123 52
64 53
170 53
180 53
161 53
185 54
135 54
193 54
394 54
58 54
390 55
87 55
207 55
226 56
287 56
182 57
268 57
160 57
262 57
244 57
306 57
398 57
33 58
108 58
204 58
275 59
232 59
45 60
86 60
3 60
261 60
151 60
164 60
356 61
321 61
83 62
346 62
59 62
107 62
285 62
206 62
333 63
193 63
232 63
179 63
248 64
232 64
46 64
349 65
377 65
48 65
137 66
98 66
247 67
338 67
53 67
11 67
171 67
244 68
307 69
1 69
392 69
12 69
28 69
27 70
397 70
385 70
199 70
358 70
65 70
334 71
139 71
194 72
315 72
94 72
191 72
31 73
11 73
322 73
92 73
209 74
195 74
2 74
189 74
107 74
53 75
78 75
170 75
162 75
81 76
147 77
348 77
110 77
240 77
248 77
319 78
42 78
256 78
264 78
336 78
59 79
119 79
79 79
84 79
196 79
201 80
256 80
366 81
391 81
131 81
43 81
349 81
18 82
113 82
186 82
9 82
313 83
342 83
190 84
199 84
42 84
36 85
93 85
352 85
384 86
310 86
220 86
379 87
84 87
60 87
71 87
256 87
227 88
304 88
259 88
300 90
353 90
379 90
62 90
43 91
31 91
346 91
383 91
301 91
182 91
208 91
175 92
246 92
197 92
363 92
80 93
258 93
59 93
42 94
243 94
85 94
249 94
376 95
118 95
194 95
62 95
119 96
4 96
295 96
150 96
304 96
223 96
134 96
319 96
336 97
83 97
88 97
160 98
170 98
71 98
251 98
41 98
333 98
114 99
78 99
261 99
312 100
235 100
389 101
181 101
209 101
368 102
202 102
41 102
286 102
268 103
271 104
157 104
110 104
379 104
319 105
42 105
242 105
34 105
313 105
176 106
39 106
135 106
17 106
190 106
33 107
13 107
230 108
153 108
396 108
91 108
379 109
373 109
351 109
39 110
332 110
289 110
217 110
57 110
118 111
239 111
89 111
102 112
190 112
336 112
333 112
244 112
55 112
2 112
298 113
54 113
265 114
234 114
219 114
335 114
61 116
23 117
289 117
192 117
272 117
341 118
296 119
82 119
198 120
7 120
147 120
76 121
270 121
313 121
103 121
132 121
76 122
200 122
337 122
259 123
388 123
162 123
76 123
261 123
278 124
112 124
352 124
332 124
146 124
140 125
234 125
369 125
307 125
253 126
97 126
259 127
8 127
378 127
129 128
97 128
68 128
241 128
33 128
206 128
262 129
115 129
326 129
169 129
124 129
324 130
237 130
258 130
166 130
295 131
87 131
99 131
376 131
177 131
127 131
288 132
296 132
330 133
224 134
20 134
353 134
65 134
156 135
194 135
145 136
135 136
62 136
39 136
62 136
192 136
166 136
223 137
68 137
15 137
318 137
378 138
305 138
91 138
116 138
386 138
298 138
186 138
84 138
255 138
336 138
303 138
389 139
52 139
17 139
48 140
124 140
146 140
252 140
218 140
310 141
148 141
262 141
255 141
279 142
388 142
251 142
237 142
303 142
383 142
201 142
32 143
147 143
240 143
47 143
11 144
154 144
158 144
64 145
288 145
53 146
253 146
15 146
138 147
350 147
389 147
341 147
42 148
34 148
385 148
219 148
25 149
378 149
361 149
181 149
90 149
270 149
146 149
127 149
289 149
355 150
216 150
160 150
269 150
347 150
297 151
204 151
61 151
101 151
366 152
265 152
71 152
143 152
268 152
54 153
391 153
106 153
189 153
385 153
354 153
207 154
374 154
252 155
388 156
173 157
264 157
109 157
36 157
154 157
157 158
136 158
149 158
347 158
153 158
280 159
23 159
43 159
219 159
219 159
80 161
175 161
263 161
332 161
294 162
376 162
124 162
44 162
304 162
169 163
4 163
211 163
140 163
77 163
196 163
397 163
29 164
294 164
231 164
53 165
279 165
181 165
129 165
89 166
346 166
323 166
201 166
169 166
186 166
