1000
59 0
821 1
448 2
825 5
763 5
71 5
501 8
927 9
939 9
354 10
447 10
223 10
906 10
781 11
525 13
63 13
135 13
484 14
115 16
682 17
631 17
496 19
704 19
779 21
584 22
597 23
50 25
938 25
218 25
502 26
78 27
900 27
927 30
940 31
441 32
554 33
551 34
814 34
949 35
275 36
464 37
85 37
134 37
976 38
946 41
347 44
1000 45
847 45
12 46
407 47
517 48
518 49
476 52
660 53
683 55
133 55
125 56
545 57
478 57
486 57
418 57
802 57
63 58
885 58
592 58
936 61
106 64
435 64
176 65
653 66
645 66
547 67
170 67
153 70
934 73
142 74
414 76
247 76
984 81
158 81
332 81
818 81
19 81
795 81
36 84
313 85
507 86
896 86
71 87
594 87
42 88
178 88
482 89
247 90
849 90
539 91
334 91
783 92
747 93
810 95
508 95
98 96
633 98
157 99
588 99
880 100
833 102
345 103
662 105
317 106
428 108
953 108
514 109
103 109
651 110
588 110
93 110
137 112
932 112
290 113
847 115
991 115
939 115
4 115
10 116
762 116
738 116
423 118
288 120
197 124
294 124
157 125
344 126
216 127
195 127
804 129
371 132
906 132
594 132
386 134
165 135
887 135
373 138
116 139
266 139
653 140
17 141
561 142
11 142
709 145
128 147
561 149
575 151
229 152
780 152
837 153
761 156
398 156
738 157
300 158
381 159
242 159
380 159
697 160
205 162
784 163
109 164
774 164
73 165
103 166
109 166
417 167
214 169
954 171
328 172
402 174
118 175
463 175
854 176
10 178
940 179
711 180
547 182
62 182
843 182
197 183
403 184
731 185
982 186
398 186
604 188
494 188
928 188
989 188
594 188
494 188
551 190
9 190
216 190
366 191
625 191
479 191
100 193
591 194
447 196
318 196
792 197
205 197
747 197
533 199
7 201
461 202
899 202
471 203
573 203
621 204
544 206
291 211
581 211
683 211
7 211
777 212
80 212
784 213
80 214
826 215
740 216
723 216
54 218
982 219
475 219
569 222
952 223
996 226
523 226
842 228
269 229
314 230
904 231
552 231
108 233
828 233
560 234
861 235
319 236
822 236
30 237
8 239
884 239
433 240
31 241
387 242
229 242
703 242
403 244
407 244
540 245
215 245
402 248
905 248
154 249
592 249
264 251
105 253
14 253
867 254
854 254
846 254
646 256
533 257
904 257
123 258
341 260
957 265
419 266
544 266
477 268
188 268
394 269
620 272
800 272
172 272
825 277
159 277
412 277
405 277
641 278
911 280
173 281
595 281
899 282
258 282
403 286
32 287
791 287
584 287
898 289
212 292
651 292
204 293
290 294
686 295
720 296
827 296
441 297
403 300
111 303
780 304
422 306
899 306
252 310
814 311
619 311
445 312
446 313
837 313
430 313
1000 314
804 316
580 318
811 320
869 320
652 322
927 324
453 324
862 324
9 325
472 325
696 325
387 325
128 325
10 327
668 328
75 328
117 328
866 328
122 333
988 335
597 336
132 340
291 341
55 343
28 343
452 344
516 345
259 348
9 348
164 348
225 351
594 351
83 351
114 353
528 353
576 357
465 357
841 358
445 358
690 360
527 360
893 362
88 363
691 364
730 366
371 370
938 371
892 373
554 373
54 375
151 376
128 376
503 376
412 377
905 377
426 377
192 378
436 379
781 379
378 380
950 380
179 382
837 383
947 384
481 386
818 388
761 388
16 388
705 389
899 389
607 390
441 390
614 390
656 392
199 392
950 393
202 394
159 396
570 397
832 399
710 400
664 400
51 400
208 400
23 402
876 403
404 404
226 404
392 406
772 408
310 408
611 409
724 409
430 410
254 411
505 411
886 412
562 413
156 413
184 413
366 414
374 416
803 416
946 417
153 417
500 419
724 420
698 422
371 423
154 424
631 425
411 425
469 425
576 426
105 427
861 429
930 429
44 429
650 430
479 432
762 432
676 432
162 433
187 433
997 435
220 435
302 436
838 437
360 438
258 439
31 439
541 441
851 441
921 442
946 442
515 443
800 445
947 445
426 446
311 447
329 448
121 449
490 451
43 451
271 459
494 460
823 460
621 460
37 460
666 463
188 464
79 465
361 466
616 466
579 467
109 467
200 467
777 468
247 468
753 477
780 478
350 480
360 481
765 481
172 481
736 481
976 482
409 482
122 485
113 485
179 486
744 488
762 489
136 491
672 492
892 493
921 494
358 494
104 497
43 497
884 502
71 502
313 504
785 505
859 505
905 507
862 508
506 510
480 510
566 511
500 512
13 515
847 517
263 518
207 518
633 519
947 519
767 522
550 522
272 522
113 523
153 524
375 524
957 524
803 525
349 526
219 529
829 529
482 530
896 534
465 534
860 535
455 535
340 535
210 535
617 537
176 537
865 538
720 540
180 540
875 541
422 541
614 543
332 544
196 545
853 545
711 546
512 548
418 549
360 549
258 551
873 551
4 552
859 553
902 553
76 553
197 554
423 555
35 559
640 559
641 561
555 561
116 564
537 564
898 565
292 565
844 566
300 567
978 567
579 568
729 569
221 571
117 571
534 572
477 572
953 574
580 574
462 574
744 575
239 576
283 578
429 580
563 581
461 582
274 582
811 582
255 583
879 585
102 588
506 589
388 589
754 591
633 592
565 592
760 593
468 594
7 595
972 596
56 600
572 601
155 602
914 602
343 603
820 604
96 605
33 606
404 606
378 607
711 608
425 608
529 608
513 611
483 614
837 614
361 617
143 618
734 619
208 620
125 621
66 622
385 623
208 624
974 625
602 625
852 627
726 628
674 630
805 630
645 633
202 635
376 636
450 636
981 637
472 637
372 638
736 638
288 639
245 639
258 640
900 640
8 644
109 644
730 645
537 646
433 646
744 647
588 648
267 651
408 651
887 653
645 656
92 658
85 663
627 663
560 664
197 665
27 666
852 667
304 668
388 668
960 668
91 669
209 670
804 670
972 670
719 671
316 672
91 672
890 673
990 675
525 679
537 679
237 679
938 679
205 680
591 680
246 682
180 683
662 683
947 684
244 684
875 685
89 688
965 688
849 689
443 690
75 691
154 691
679 691
383 694
584 696
256 698
449 698
723 698
815 699
972 700
214 701
871 701
211 702
84 704
943 707
796 708
615 708
760 710
881 710
282 712
72 712
941 713
701 713
354 714
202 714
959 714
73 715
346 715
330 715
288 716
712 716
12 718
840 718
893 719
606 719
739 719
444 720
687 721
276 721
789 721
10 722
182 723
231 724
895 725
599 725
62 727
475 727
772 727
752 730
506 732
62 735
466 735
376 735
36 737
131 737
795 739
73 740
870 740
570 743
591 746
917 748
39 748
173 749
414 749
872 749
439 750
559 752
271 752
611 752
780 754
843 755
166 761
746 761
259 763
823 763
346 765
415 765
941 766
537 766
534 767
737 768
387 768
855 769
187 769
888 769
151 769
16 770
694 771
138 772
192 772
976 772
315 773
745 776
118 780
850 781
17 786
943 787
399 788
151 789
697 790
1000 791
738 791
361 794
509 795
891 797
498 798
27 799
34 800
718 800
316 800
649 801
514 801
166 802
148 805
660 806
391 807
203 808
432 809
44 809
777 809
818 810
493 811
546 812
374 815
716 816
853 816
507 817
262 817
667 820
315 821
575 821
588 821
977 821
930 824
996 824
465 828
473 828
545 829
689 830
338 831
882 831
995 833
802 833
955 833
885 834
635 836
643 836
780 836
498 839
470 839
856 840
353 840
23 841
282 843
911 843
66 843
739 844
841 845
483 846
580 846
536 846
413 846
480 847
342 847
305 848
422 849
734 852
835 852
532 853
556 854
914 855
445 855
237 856
186 856
444 861
119 862
344 864
902 864
128 865
966 866
864 868
790 868
96 868
156 869
845 869
277 870
857 871
701 871
230 872
400 873
550 877
998 877
797 878
789 878
103 879
405 879
959 880
967 880
865 881
8 883
535 886
438 888
60 888
345 888
826 890
492 890
877 890
843 892
866 895
447 896
489 899
212 900
649 902
956 903
3 903
977 903
139 903
785 904
88 905
475 907
65 907
758 907
787 908
477 908
454 908
757 910
800 912
405 915
72 915
68 915
886 915
520 917
331 917
30 918
68 918
507 920
149 927
947 927
541 928
798 929
521 930
7 930
103 930
798 930
326 930
160 931
344 931
863 931
145 932
529 932
817 933
867 933
258 933
323 933
443 934
522 934
258 935
744 937
65 937
958 938
897 939
365 941
796 944
109 945
511 945
695 945
989 946
68 946
804 946
918 946
415 948
849 949
469 950
757 951
874 952
593 952
423 952
526 952
971 953
681 954
77 955
293 957
747 958
227 960
990 961
409 961
909 961
35 965
1000 965
600 967
225 967
560 968
275 970
68 972
119 974
631 976
973 976
584 976
911 981
772 981
683 983
790 986
71 987
590 988
104 988
740 989
745 992
851 995
278 996
273 997
839 997
697 1000
152 1000
584 1000
379 1000
622 1000
