1000
919 0
840 1
347 2
469 2
7 2
872 2
689 3
449 7
240 9
632 10
441 10
171 12
222 15
157 16
296 17
339 20
115 21
160 21
685 21
991 23
608 24
998 24
338 24
680 24
155 26
182 27
627 28
103 29
548 32
670 32
705 33
585 34
973 36
677 36
835 37
298 37
168 38
457 39
160 40
749 42
94 42
250 43
18 44
697 44
758 47
70 49
335 50
849 51
863 52
713 52
502 54
836 54
984 55
364 56
280 58
401 58
340 59
959 59
71 60
778 60
121 61
286 61
199 62
305 62
415 65
56 65
24 66
352 67
920 68
157 70
310 70
172 70
235 70
336 71
920 73
263 73
894 74
690 74
985 76
492 76
119 80
922 80
21 80
966 80
881 81
8 82
647 83
348 84
284 85
889 85
556 88
315 88
80 88
604 88
281 89
6 90
899 91
591 91
346 92
182 92
561 92
335 96
702 98
687 98
108 98
454 100
967 102
774 104
791 105
480 107
423 109
475 110
380 110
251 111
965 112
847 112
283 113
859 115
130 117
119 117
435 118
649 118
999 119
56 120
2 120
498 120
350 123
259 123
946 125
604 125
231 126
76 126
372 127
871 128
84 128
278 128
168 128
927 130
714 133
957 133
638 135
369 135
607 135
672 136
694 136
615 137
58 138
447 138
573 139
535 140
927 141
334 141
760 142
195 143
447 145
832 145
237 146
918 149
886 150
166 151
154 152
825 153
586 153
60 154
418 155
732 157
231 157
531 157
497 158
440 158
365 160
955 163
694 163
527 164
927 165
257 165
493 168
180 170
216 170
984 171
981 172
96 174
228 175
405 185
310 185
915 188
848 189
266 189
887 191
18 192
801 192
496 195
727 197
303 197
786 198
810 200
944 201
963 203
243 203
22 205
657 206
624 206
876 208
600 210
916 211
731 212
974 212
257 213
865 214
383 216
391 217
849 218
94 219
513 220
606 222
911 223
603 224
155 224
263 224
262 225
287 227
923 228
908 228
37 228
948 229
330 229
191 230
981 230
397 232
602 232
352 232
655 234
696 237
114 238
604 238
888 239
694 239
298 240
747 240
386 242
482 246
223 246
413 248
561 249
156 250
55 250
712 251
978 253
899 253
359 254
281 255
76 255
760 257
78 257
389 257
629 257
768 259
706 259
358 260
163 260
203 262
811 263
707 263
681 264
874 266
513 267
823 267
640 268
193 270
895 271
182 272
902 273
457 274
40 277
477 278
836 279
916 279
3 280
658 282
524 282
778 287
602 288
167 289
940 289
462 290
334 292
296 293
809 295
675 297
806 298
641 298
386 300
942 300
489 300
300 301
986 301
632 302
964 303
220 304
933 305
221 306
963 308
344 309
110 312
981 315
496 315
68 316
862 316
115 316
319 316
622 317
651 317
157 318
105 318
767 319
988 319
708 319
441 319
422 320
454 324
688 325
134 326
811 326
752 329
239 330
100 330
315 332
924 333
333 335
983 336
199 337
28 339
210 339
152 341
296 342
737 342
610 344
995 345
295 346
345 346
687 346
513 346
745 346
153 348
42 349
908 350
862 350
670 350
600 352
886 353
51 354
170 355
390 356
324 358
265 358
492 358
413 359
693 360
208 360
481 360
295 361
593 361
446 361
812 361
745 362
393 363
626 363
517 366
900 367
665 368
768 369
199 370
77 371
873 371
184 376
385 376
630 377
137 377
69 378
754 379
912 383
339 384
573 385
894 385
166 386
862 387
288 388
484 389
465 390
484 391
979 391
773 392
512 392
697 392
694 394
157 396
260 396
149 397
731 399
537 399
104 401
446 401
91 402
727 402
974 404
567 404
430 407
323 407
968 407
758 409
955 410
746 411
437 412
851 413
735 413
526 414
960 418
115 418
755 420
370 420
492 421
271 422
180 424
607 425
645 425
630 427
754 428
392 428
841 428
948 429
903 430
566 433
755 433
594 436
742 436
50 436
541 439
573 439
995 441
685 442
290 442
380 442
872 442
900 443
988 443
213 443
636 445
472 445
293 445
709 446
790 446
248 446
869 446
301 447
424 447
484 448
6 449
135 451
575 451
629 453
796 455
96 457
902 457
48 458
54 461
74 463
781 463
612 464
151 464
91 465
578 465
944 465
986 466
958 467
379 468
963 470
742 470
627 471
47 472
142 472
221 474
937 476
668 477
601 477
377 477
908 479
624 479
658 479
812 480
614 481
530 481
882 481
795 481
201 481
372 482
434 482
398 482
983 483
256 483
666 484
247 485
726 485
330 486
342 487
338 490
544 490
580 491
911 492
700 493
939 494
497 494
4 495
977 495
604 495
929 496
810 497
803 499
803 500
623 501
67 501
820 501
230 502
474 503
825 504
990 504
125 504
575 505
241 505
729 505
838 505
114 506
872 506
665 509
782 510
552 510
205 511
520 512
640 514
144 514
672 516
201 516
277 517
331 521
508 523
63 523
656 525
4 525
635 526
554 527
848 527
383 530
963 533
572 534
856 534
414 536
971 537
267 539
758 540
250 542
786 544
1000 545
399 546
836 548
114 552
883 557
131 560
145 560
906 561
515 561
316 562
617 563
283 563
784 564
548 564
554 566
664 566
724 570
943 570
855 570
327 571
296 571
74 571
759 574
53 574
716 577
390 577
993 578
223 578
168 579
696 581
446 582
652 582
843 583
401 584
290 585
334 585
424 585
561 586
192 586
803 589
81 591
256 591
207 594
563 594
180 595
275 596
825 599
921 599
585 600
850 602
50 603
84 604
458 605
789 606
335 607
947 608
955 609
890 609
651 614
394 615
173 616
743 616
691 617
557 617
396 619
238 619
582 620
651 621
928 622
962 622
523 623
491 626
995 626
536 627
630 630
477 631
866 632
640 633
828 635
695 635
797 637
488 638
845 639
486 640
46 640
717 641
676 641
281 642
112 645
803 645
374 648
670 649
255 649
139 650
398 650
407 655
79 658
360 660
510 661
365 662
551 668
739 670
604 673
576 674
23 674
311 675
698 677
339 678
378 680
948 680
818 681
933 681
114 683
286 683
483 685
851 687
296 692
77 693
149 693
172 693
890 694
783 695
937 696
840 696
824 696
882 696
583 698
866 700
698 700
764 700
171 701
515 701
223 701
867 701
126 701
874 702
301 702
912 703
169 706
400 706
229 708
898 708
289 709
986 710
410 710
302 710
652 710
461 712
504 713
503 714
37 714
908 715
458 716
712 716
281 717
452 717
321 718
977 719
470 719
657 720
730 722
6 723
405 726
613 726
859 728
739 728
15 730
23 730
274 731
94 731
393 732
70 732
964 733
769 733
70 733
492 734
194 738
346 739
713 739
926 739
826 741
311 742
775 743
835 743
939 744
300 745
436 745
671 745
258 745
375 747
447 750
445 751
911 752
371 756
683 757
304 758
454 758
324 759
342 759
663 762
123 764
310 765
497 765
147 767
387 767
179 768
292 769
579 771
892 772
708 776
594 777
755 778
378 778
786 778
995 779
859 779
801 779
192 780
570 780
108 781
759 783
395 784
839 784
751 784
534 786
34 787
1000 788
471 789
838 790
242 791
962 792
176 794
891 795
137 796
748 797
623 797
231 797
990 799
339 799
79 799
260 799
858 800
64 802
74 802
752 804
291 806
134 807
729 809
378 810
761 812
429 813
98 813
404 813
659 813
501 814
491 815
854 815
441 816
319 816
214 819
278 819
736 820
994 824
4 827
876 828
975 829
536 831
567 832
874 833
420 833
759 834
368 834
446 838
133 838
657 839
221 840
861 841
872 842
442 842
183 847
65 848
688 849
63 851
100 853
993 853
502 854
77 857
712 858
775 859
728 859
136 860
319 860
175 861
190 861
765 862
56 862
595 863
14 864
470 867
442 868
561 868
469 868
297 869
910 869
518 870
611 871
354 872
802 873
772 875
530 876
234 877
203 877
966 877
311 878
640 878
804 878
835 879
811 880
210 880
762 881
959 881
705 882
462 882
793 884
430 885
13 885
584 886
340 887
121 887
927 887
142 892
663 893
75 894
930 895
901 897
33 898
722 900
27 900
40 901
381 901
718 902
737 904
311 904
448 904
250 904
718 905
260 905
500 906
644 907
840 911
267 911
208 912
599 912
837 914
588 915
801 915
526 916
25 916
864 916
318 918
285 919
636 920
498 921
541 922
421 923
33 924
300 928
911 928
227 929
726 929
767 929
105 936
823 937
144 937
708 938
245 940
602 940
416 941
271 944
97 945
706 948
879 949
115 949
348 950
209 950
189 952
638 952
796 953
987 955
616 959
228 959
472 959
753 959
79 959
158 960
203 964
916 965
80 965
431 965
974 965
768 967
472 968
38 968
175 968
832 969
581 970
592 971
897 971
607 971
717 972
972 973
185 974
846 974
203 974
558 975
655 980
412 982
174 983
851 983
305 984
157 985
90 986
352 988
732 988
803 991
120 992
92 993
808 993
680 993
597 994
254 994
418 995
504 995
617 995
900 996
194 997
503 998
604 998
854 998
313 998
