394
755 2
121 3
21 5
707 7
720 10
321 10
283 11
78 12
330 15
743 15
242 26
174 27
503 27
15 29
292 31
174 36
657 38
177 39
299 40
456 43
620 45
763 47
327 48
150 53
814 55
506 55
273 57
466 59
490 59
478 59
695 59
38 59
456 60
666 64
278 67
376 67
579 67
44 68
547 68
182 69
687 69
362 71
527 72
46 73
761 73
294 73
407 74
101 74
164 74
170 77
476 79
357 81
359 84
178 85
325 85
55 86
190 90
655 90
120 93
627 94
682 95
541 96
705 98
152 98
415 99
160 99
175 99
65 100
392 100
689 100
90 100
650 101
399 102
401 106
478 107
256 107
387 107
100 108
596 109
661 110
184 114
10 116
490 120
709 122
616 123
49 123
640 124
376 124
642 124
442 128
31 129
80 130
795 134
816 134
604 134
291 135
744 138
67 138
562 138
77 140
438 140
613 140
705 142
711 143
28 147
673 151
41 152
685 154
575 155
591 155
539 158
349 158
326 159
814 160
368 160
233 160
544 166
79 167
724 168
2 172
717 173
418 174
182 175
451 175
616 175
672 176
634 177
420 184
312 184
421 186
605 186
338 189
450 190
455 194
769 195
731 195
364 196
401 200
17 202
200 205
326 206
722 208
692 209
700 210
27 215
441 216
62 219
290 220
556 222
289 223
515 224
54 228
188 231
230 232
341 233
204 236
720 237
448 238
768 240
532 241
119 242
585 245
615 246
411 247
338 248
306 249
253 250
596 250
325 250
702 252
735 254
86 257
488 258
172 258
582 258
395 260
361 260
567 261
709 265
410 266
597 266
25 271
718 273
15 274
263 275
556 279
348 279
226 282
684 284
381 287
88 288
566 289
553 292
418 294
417 295
262 296
694 297
307 299
145 301
258 307
808 307
562 311
234 312
610 312
207 312
199 315
533 316
431 318
400 320
44 321
555 322
642 327
275 328
802 328
83 328
582 329
625 329
391 332
738 333
126 334
56 334
291 334
621 336
717 338
205 339
379 341
500 342
343 342
190 343
432 344
604 347
502 347
199 348
310 351
723 352
483 353
312 354
149 358
758 358
36 359
91 361
720 361
314 361
350 364
7 364
316 365
525 366
751 367
618 367
256 368
222 370
627 370
11 375
531 377
65 378
251 384
79 384
816 385
545 388
276 389
303 391
488 392
295 399
206 402
487 403
420 404
80 410
72 410
560 412
813 414
685 414
38 416
206 416
179 419
497 420
175 421
131 424
275 425
700 425
3 430
182 431
537 434
650 435
273 435
656 438
52 439
637 440
704 440
131 441
110 442
605 442
434 443
191 444
70 446
681 447
493 447
267 450
475 451
83 455
431 456
371 458
160 460
806 461
783 462
722 463
375 464
358 468
493 469
634 471
506 474
692 474
143 474
247 475
765 476
448 479
524 480
252 482
198 483
554 483
559 484
408 484
158 486
742 486
475 488
673 488
152 489
813 490
416 496
141 498
310 498
23 498
620 504
34 505
280 509
125 511
634 511
582 513
327 515
472 515
356 520
307 521
635 521
13 522
210 522
678 525
679 526
629 528
573 532
373 535
102 535
473 535
803 536
30 536
62 536
454 538
529 538
3 540
183 541
79 541
560 542
366 543
387 544
338 547
577 550
469 552
584 555
676 556
257 557
222 560
346 564
219 566
65 568
319 568
215 569
383 570
261 571
260 573
294 573
474 578
647 584
79 586
324 588
638 589
378 591
794 593
511 593
226 593
599 596
396 601
41 604
544 604
9 607
219 610
346 610
