540
112 0
975 3
442 10
40 10
457 11
451 11
870 12
296 16
503 18
524 20
541 21
275 21
81 21
331 28
795 29
954 31
352 33
252 34
268 36
451 37
412 38
180 39
965 41
240 41
312 45
333 47
472 48
7 51
136 52
31 52
360 56
72 57
327 60
77 61
321 63
567 63
55 64
175 70
82 71
977 71
295 73
762 75
956 80
445 80
216 81
852 86
619 88
374 88
387 91
826 92
483 94
554 99
149 100
957 100
509 102
26 106
163 106
84 108
371 109
497 110
667 111
188 113
724 115
196 116
140 117
753 120
692 121
354 122
5 128
188 133
991 135
708 135
933 137
967 138
161 139
467 140
162 144
141 144
370 147
625 148
376 151
503 159
696 159
341 159
595 161
604 162
445 163
263 163
488 166
154 173
388 174
794 175
33 178
208 180
759 181
722 182
441 184
81 191
9 194
86 195
894 197
788 198
935 202
162 205
979 205
828 216
269 217
552 220
96 221
905 222
127 223
689 223
186 224
692 228
791 229
404 232
169 233
474 237
464 238
679 239
514 240
954 241
595 242
465 245
540 247
97 250
794 250
74 252
174 253
436 260
352 261
107 262
501 267
897 267
627 268
626 270
904 271
3 271
28 271
503 272
744 272
711 272
170 276
867 278
283 281
219 281
41 283
123 285
552 285
545 288
223 288
113 288
235 289
306 290
448 293
980 294
482 297
238 297
659 300
893 303
527 304
511 304
205 305
323 308
336 308
438 309
226 310
605 312
779 313
930 314
440 317
805 319
872 325
423 327
115 332
83 335
470 337
245 338
848 342
37 345
87 345
660 347
19 347
739 351
312 353
641 353
794 354
6 357
102 358
980 360
22 360
546 361
451 362
384 362
931 364
473 366
709 368
120 369
577 370
666 370
391 374
25 374
909 376
528 376
662 377
387 378
272 379
232 384
597 384
52 386
384 387
785 389
304 390
890 391
983 393
613 395
62 396
899 396
774 397
991 399
535 400
742 404
175 405
768 406
22 406
19 408
366 408
168 410
577 414
390 415
367 416
863 421
966 421
912 423
46 426
921 430
718 431
347 432
281 432
979 435
262 436
278 438
9 440
14 441
546 442
328 443
236 446
333 446
354 451
962 453
376 453
185 456
774 456
856 457
480 457
455 462
267 463
544 465
643 468
76 470
628 471
749 473
68 473
856 477
580 478
268 478
145 480
349 486
851 487
4 487
266 488
609 495
814 497
320 501
827 505
389 506
575 509
919 509
535 511
446 511
135 513
211 514
43 517
745 518
357 518
40 521
145 523
382 530
847 535
968 536
87 536
295 538
762 541
876 544
588 547
436 548
843 548
529 553
103 562
186 563
81 564
379 566
992 568
766 569
471 569
271 569
285 575
470 576
338 578
721 579
693 582
215 582
141 586
453 591
344 593
215 595
714 596
213 600
26 603
68 604
333 604
162 604
643 606
393 607
796 609
61 611
596 612
105 613
984 614
549 615
512 618
66 619
451 619
284 620
664 624
53 624
717 630
334 631
909 631
36 635
662 636
786 637
960 642
992 643
683 645
541 645
322 648
514 652
31 654
490 654
472 655
820 657
830 657
232 665
913 667
288 670
475 670
676 674
318 674
825 674
496 675
892 676
634 680
49 681
765 682
982 683
798 684
615 686
631 686
736 688
226 690
565 690
319 690
509 695
516 699
490 700
373 702
684 702
124 703
561 705
361 706
807 713
550 717
991 722
540 722
114 724
704 725
975 725
538 727
970 731
285 733
768 737
218 737
920 737
906 737
209 739
537 742
810 743
641 745
97 746
252 747
712 748
936 748
69 754
644 755
881 757
403 758
354 762
833 763
730 764
695 765
854 768
413 769
182 772
299 777
955 780
518 783
366 783
884 783
286 785
484 786
169 789
565 791
541 793
173 794
954 798
248 798
525 799
522 799
876 800
214 800
891 800
957 802
793 803
231 807
647 807
138 808
453 812
790 815
18 815
291 818
565 818
45 818
145 819
510 821
927 823
270 826
364 826
439 836
346 837
407 837
491 838
82 838
335 840
877 842
173 846
220 846
521 847
747 849
394 852
905 853
476 853
880 854
289 856
262 859
616 860
53 861
445 865
571 867
663 867
868 869
789 870
771 871
328 874
214 874
353 878
282 880
979 884
398 885
489 886
301 891
881 892
683 895
599 896
509 896
926 897
65 899
269 903
62 904
931 904
238 906
778 907
741 908
982 909
419 913
431 916
846 920
245 921
448 930
398 931
592 933
278 936
698 938
383 944
61 945
461 946
851 947
676 949
125 949
556 953
740 953
772 954
376 957
812 958
402 959
809 960
683 963
439 964
469 965
199 966
785 967
961 970
194 974
284 976
289 977
984 978
393 980
500 981
249 984
998 986
461 986
429 988
262 992
793 993
751 993
886 995
104 996
903 997
367 997
713 999
