321
513 1
580 2
78 2
790 4
572 5
876 6
715 7
299 8
915 12
698 17
660 18
551 29
952 31
290 35
77 35
30 36
322 36
90 37
503 41
985 45
402 46
862 50
357 51
360 56
219 57
996 59
103 60
774 60
257 61
512 64
79 66
639 69
529 69
113 72
338 77
634 77
915 80
50 86
936 87
924 92
555 92
354 93
146 96
939 97
191 98
35 99
10 106
184 109
956 110
181 111
356 117
476 118
757 119
862 122
155 128
256 128
166 129
443 131
319 134
448 134
803 135
335 136
533 136
812 137
121 137
764 142
160 143
733 144
699 145
624 149
306 153
82 153
160 156
306 158
435 163
175 168
299 169
415 170
210 180
805 181
114 184
832 184
606 187
128 188
200 189
825 201
211 201
485 215
720 230
971 268
848 279
783 279
765 280
919 288
14 290
545 291
885 292
787 295
799 297
415 297
84 300
959 300
285 301
283 306
349 306
289 306
953 312
343 323
742 324
358 330
850 331
284 332
956 337
540 352
636 354
71 354
305 355
886 357
873 362
609 363
919 364
82 373
254 378
220 378
559 382
322 386
594 387
615 388
219 392
677 393
860 397
441 401
625 402
459 402
65 406
612 416
520 420
519 424
636 428
770 436
434 438
130 441
815 444
940 446
294 447
587 450
682 454
681 459
399 461
652 463
327 464
433 467
666 472
761 475
10 476
535 477
568 477
20 478
299 478
114 478
417 485
801 491
940 495
113 503
846 503
994 503
537 512
388 524
555 528
280 528
564 528
310 532
852 534
216 538
586 540
925 541
251 542
80 546
963 548
789 552
884 553
893 553
369 554
69 556
541 562
294 562
155 563
396 563
390 565
149 568
999 568
45 571
634 572
628 572
930 584
681 585
183 590
301 593
126 598
852 599
617 605
303 605
410 607
621 608
812 609
393 609
881 611
799 612
738 613
44 615
347 615
806 641
238 646
206 648
798 649
128 651
427 652
380 666
643 668
424 670
455 671
467 671
666 676
315 677
469 682
103 688
703 689
612 689
443 690
162 691
804 691
43 694
781 699
991 700
530 703
853 708
217 717
785 718
88 723
113 725
273 727
598 727
729 728
986 731
463 735
353 740
151 748
860 757
957 759
928 764
582 765
966 766
287 774
912 781
682 796
4 797
526 797
124 797
524 803
394 804
859 805
19 808
316 817
734 818
924 819
782 820
823 823
48 832
717 835
616 837
546 837
183 837
982 843
476 853
784 864
596 865
241 865
714 871
100 874
842 874
462 875
930 880
169 880
788 881
85 885
941 889
188 891
143 891
181 894
547 896
480 896
556 898
791 902
718 907
99 913
62 916
683 916
796 916
928 918
342 930
108 935
696 944
90 946
149 949
528 950
308 952
896 953
185 956
492 961
807 964
479 967
358 967
472 967
186 975
544 980
563 980
174 983
54 984
465 991
409 992
123 993
