602
12 0
53 2
152 3
170 6
92 8
91 10
85 14
253 14
136 18
56 20
245 22
6 22
55 27
263 28
115 30
18 31
6 31
278 35
124 38
99 40
178 41
251 41
221 43
176 45
233 47
229 48
241 48
130 49
176 49
221 49
260 50
114 50
140 53
37 54
44 54
146 56
253 56
204 57
249 57
187 57
233 59
65 59
5 60
224 60
133 60
55 62
278 63
63 63
147 68
171 68
21 69
162 71
65 72
124 72
193 74
269 75
222 76
137 79
6 84
59 86
9 88
14 88
141 90
119 90
91 93
116 95
182 96
236 97
2 99
261 100
11 100
85 102
25 102
251 104
214 105
167 108
28 114
268 115
43 115
166 116
128 116
136 117
116 117
232 118
267 120
217 121
237 121
251 122
202 124
91 124
213 124
11 125
61 127
72 127
157 128
171 130
180 132
100 134
220 140
260 147
262 154
23 157
233 159
73 162
231 163
186 165
262 166
42 168
202 168
103 169
120 172
250 172
81 173
237 174
194 174
138 180
36 182
153 183
264 187
255 187
207 188
278 188
210 190
2 191
29 193
165 200
43 201
42 205
3 207
81 208
51 208
10 209
202 211
211 212
112 213
259 216
30 217
197 218
103 219
51 220
90 223
111 224
269 224
129 224
175 225
206 226
85 226
208 227
152 229
224 230
73 231
119 232
148 233
152 235
258 239
108 241
227 241
223 243
184 244
278 250
123 252
219 252
35 253
3 254
56 254
175 255
221 255
187 258
257 259
68 259
161 260
125 262
43 269
205 270
236 270
231 271
187 272
155 273
87 274
56 274
202 274
118 274
70 278
218 278
25 278
69 280
260 280
98 281
55 283
269 285
60 285
199 286
87 288
159 290
108 291
165 293
60 293
17 296
247 296
73 297
262 298
126 300
48 301
90 304
126 305
242 311
239 316
189 317
3 317
11 320
252 320
96 324
178 326
151 326
37 327
13 328
68 331
129 333
211 333
196 335
87 336
216 337
218 340
177 342
7 342
108 342
38 342
258 345
183 345
225 346
275 347
30 350
124 352
4 352
115 357
15 363
101 364
165 366
118 367
128 367
129 371
275 371
206 372
82 373
80 374
113 378
3 379
89 380
153 381
61 382
110 383
102 384
65 391
44 393
53 397
264 400
221 400
75 401
258 402
92 406
63 407
16 408
36 408
48 410
70 410
206 410
13 411
57 411
158 417
191 418
77 419
242 421
243 422
234 423
214 423
200 427
122 429
91 431
155 432
225 434
152 435
206 436
21 438
206 439
87 440
269 444
178 444
247 446
20 449
278 449
245 455
227 462
4 465
260 467
7 467
23 468
18 469
221 469
5 470
124 470
225 473
24 473
146 475
204 476
28 476
147 476
251 477
233 477
85 479
188 480
81 481
192 484
228 485
37 486
144 491
266 492
250 493
190 495
141 496
200 499
46 499
259 501
44 502
276 502
137 504
53 505
83 507
113 508
264 510
64 511
77 512
100 514
125 515
204 515
195 518
17 518
154 518
271 519
18 522
229 523
194 523
257 523
99 527
26 527
192 531
60 536
175 538
199 539
191 539
269 549
19 551
65 551
122 553
130 554
104 554
130 555
215 557
169 562
82 564
66 565
57 567
248 567
86 571
215 572
275 574
185 575
191 576
204 577
92 577
37 578
199 584
113 586
230 586
109 588
190 589
138 591
191 592
273 592
9 593
223 594
135 595
143 595
96 596
196 602
190 603
196 605
231 605
65 605
233 610
78 611
21 611
272 617
250 618
4 621
104 625
265 626
66 627
225 628
66 630
15 631
161 633
81 634
121 634
90 635
179 636
242 638
38 638
259 640
251 640
234 643
94 643
217 645
203 646
202 647
208 652
126 652
206 655
108 657
197 661
89 666
242 667
6 670
218 670
144 670
143 671
249 673
104 676
264 677
125 679
29 681
161 683
70 683
155 686
89 688
30 694
123 695
108 696
169 697
254 697
134 699
206 700
234 700
262 703
42 703
270 705
202 707
56 708
238 709
11 709
63 711
97 714
101 715
236 717
58 717
37 718
65 719
278 719
128 721
47 722
241 725
116 725
270 726
62 730
267 735
257 740
249 743
168 748
103 750
108 750
252 750
110 752
119 752
24 758
115 760
209 761
92 761
161 763
18 764
11 767
274 769
20 770
187 772
213 774
151 778
17 779
178 784
17 787
165 788
125 791
74 796
212 796
45 798
137 799
190 801
266 801
274 802
14 803
105 803
211 804
244 806
117 806
42 808
58 811
121 813
60 817
126 820
43 821
234 823
38 826
99 829
128 831
157 833
268 833
206 840
277 840
146 846
143 847
193 847
154 847
220 850
258 852
232 853
67 854
65 856
26 856
233 857
121 860
113 860
155 861
126 861
102 861
196 861
135 861
274 862
141 862
275 864
120 866
197 868
74 868
60 869
181 873
253 874
262 874
8 875
41 878
242 878
37 880
260 882
4 885
110 886
1 886
37 887
147 887
120 890
125 891
135 892
73 894
256 896
226 898
94 900
63 901
152 905
163 905
165 906
174 907
22 908
272 909
18 911
137 912
233 914
120 914
215 914
163 915
159 916
33 917
15 920
270 925
116 926
56 928
184 930
218 930
162 931
142 932
178 933
247 933
124 934
150 935
76 936
270 939
183 941
203 942
219 943
201 945
278 946
230 946
188 951
24 952
255 953
135 955
242 956
1 958
27 962
