1000
26 0
782 2
203 2
395 4
235 5
746 6
344 7
81 7
156 8
722 10
166 12
296 13
953 13
133 14
249 15
616 16
723 16
225 17
319 17
740 18
469 19
678 20
695 21
692 21
524 22
500 22
248 23
323 24
866 28
197 30
54 30
638 31
799 31
79 33
800 33
973 35
799 36
104 37
259 39
234 39
556 39
307 40
176 40
551 40
918 41
273 45
225 45
937 45
332 46
554 46
998 47
242 48
8 48
401 50
350 53
438 54
450 56
425 58
311 58
321 61
804 61
778 61
881 62
243 65
832 66
695 67
793 69
875 70
937 71
389 72
650 75
806 76
782 79
474 82
205 83
227 83
656 84
563 84
3 88
373 88
752 88
189 90
321 90
524 90
65 91
141 92
766 92
999 94
286 97
920 97
241 98
279 98
914 100
834 102
526 103
740 103
840 104
123 105
798 105
420 107
150 108
801 110
108 113
928 113
665 113
773 113
539 114
479 114
34 115
213 116
213 119
679 120
835 121
914 122
799 122
772 123
352 123
390 125
551 127
144 133
287 134
28 134
868 134
550 135
230 137
551 137
416 138
395 138
232 139
903 140
818 141
799 142
138 144
139 146
896 147
643 147
967 147
826 148
195 148
251 149
92 149
408 151
562 154
370 155
278 156
978 156
520 157
53 158
954 158
360 159
224 159
47 160
150 161
200 161
872 163
509 168
861 169
754 169
426 170
505 170
572 172
374 173
406 175
577 175
889 175
777 175
874 176
128 178
615 180
606 181
683 181
134 181
411 182
760 182
311 182
497 183
191 185
981 185
420 189
224 189
375 191
585 193
208 195
427 198
418 199
687 200
859 203
239 204
756 204
300 206
992 206
875 206
736 210
599 212
750 212
748 213
367 215
212 215
752 215
239 215
508 216
168 219
277 221
516 221
154 222
934 222
838 224
833 224
24 225
203 226
464 227
374 227
65 228
238 229
337 229
319 230
703 230
534 231
977 232
700 234
331 234
799 234
756 235
551 238
579 239
53 239
255 239
637 242
307 243
51 244
532 245
510 245
803 246
819 247
656 248
284 248
725 248
568 249
230 250
250 250
24 250
292 251
90 255
239 257
668 257
761 257
425 259
130 259
943 260
395 261
675 261
441 261
987 262
410 264
543 269
551 270
439 270
771 270
517 271
172 271
22 273
333 273
765 274
251 274
83 274
563 274
18 277
330 277
768 278
690 279
102 279
404 280
457 281
763 281
404 281
383 282
61 282
888 282
876 283
882 283
238 283
914 283
827 284
172 284
510 285
207 285
71 286
351 287
169 288
367 288
940 288
270 290
206 290
673 292
656 292
743 293
895 293
756 294
433 295
137 296
374 296
653 298
180 299
886 300
377 301
335 303
740 303
825 306
112 306
34 307
464 307
672 309
912 309
200 310
669 312
71 313
63 313
218 314
135 315
930 317
194 318
972 318
159 322
632 323
568 324
425 324
602 325
40 327
657 328
218 328
435 330
592 330
425 331
838 333
524 334
270 335
237 335
989 338
646 338
381 340
46 341
755 342
352 344
754 345
622 347
885 349
130 349
599 349
272 351
773 353
652 353
654 355
137 356
281 357
926 357
537 358
904 359
427 359
904 359
477 359
158 359
947 361
159 362
284 362
487 362
652 365
847 366
321 366
627 366
244 366
940 367
692 367
535 367
224 371
181 372
944 373
295 376
719 377
300 377
910 378
1000 381
350 382
746 383
527 384
129 385
455 385
440 385
542 385
646 388
466 389
769 390
315 392
72 393
241 394
300 394
669 395
66 397
295 398
606 398
704 401
699 401
693 402
486 403
973 405
294 405
766 406
994 409
587 409
727 413
298 414
725 414
118 415
787 415
151 416
53 416
920 418
648 418
584 420
402 421
788 421
23 422
137 422
68 423
268 423
376 423
969 423
96 426
408 427
411 428
918 430
897 432
448 433
861 434
818 434
478 434
876 438
435 438
261 438
362 439
169 441
216 442
32 447
411 447
133 448
887 448
744 450
373 451
146 451
470 451
292 451
485 453
375 454
237 455
285 456
146 457
727 458
873 460
130 461
778 461
237 461
21 461
745 461
351 462
145 462
998 464
733 465
923 466
89 467
824 467
671 467
812 468
442 468
1 469
992 472
903 473
543 474
489 475
575 476
360 477
993 479
138 479
380 479
592 480
107 480
973 481
834 483
668 483
334 486
3 490
180 490
520 490
57 490
46 491
375 493
79 494
710 496
202 496
22 496
692 497
608 498
480 499
789 499
747 501
689 501
868 501
393 502
332 502
958 502
821 504
931 504
672 505
281 506
355 506
445 506
706 507
679 507
911 510
149 511
631 512
636 513
132 517
496 517
622 517
322 517
654 518
50 519
459 519
248 522
329 523
705 524
682 524
718 527
460 530
22 533
840 533
536 534
948 535
533 536
60 537
350 538
948 541
314 542
501 542
415 542
630 543
534 544
950 546
765 548
215 548
581 550
701 551
824 551
350 552
571 555
577 556
208 556
615 557
610 558
596 558
139 559
24 560
70 563
982 564
876 564
720 566
540 566
52 567
722 567
293 567
802 568
927 576
326 576
176 576
638 577
812 577
901 579
980 580
671 580
825 582
269 583
201 584
725 584
998 584
378 584
211 585
553 587
361 590
780 590
633 591
235 593
34 594
893 596
26 597
186 602
889 602
301 604
996 604
512 604
389 605
918 607
314 609
400 609
376 610
582 610
644 613
473 613
190 615
979 615
318 617
779 617
743 618
754 618
571 620
565 622
162 622
193 622
964 623
515 623
342 625
40 626
329 628
56 630
179 631
369 634
434 634
875 634
922 635
240 636
150 638
631 639
993 642
349 643
15 645
299 648
310 652
27 653
631 654
720 655
650 655
661 655
537 657
656 657
379 658
426 662
260 662
269 664
345 666
971 666
984 667
687 667
374 668
286 671
918 672
748 672
498 672
138 673
895 675
964 676
75 676
73 677
27 677
11 678
631 680
819 680
765 681
102 681
932 681
345 682
93 683
732 689
202 689
574 691
264 693
945 695
410 696
609 697
415 697
934 698
270 700
845 701
891 702
201 703
665 706
973 706
855 707
359 707
453 708
791 709
678 709
648 709
599 711
339 711
719 711
929 712
337 713
745 713
835 715
911 715
630 715
257 716
480 716
908 717
779 718
32 719
401 722
478 722
705 722
195 723
483 724
985 725
536 726
265 728
770 729
474 730
743 731
991 732
492 733
681 733
981 736
780 740
554 741
428 741
54 744
819 747
812 747
223 747
303 749
749 749
593 750
969 752
236 753
584 754
281 756
199 756
731 756
52 757
903 758
432 760
314 760
963 762
128 762
633 762
130 764
627 765
38 766
599 767
201 767
902 768
802 769
185 769
412 771
249 771
325 772
398 774
493 774
984 774
417 775
573 776
278 777
710 777
691 777
755 778
446 779
367 780
813 780
144 783
5 784
17 784
144 786
609 786
200 787
488 787
989 788
394 789
638 789
152 791
242 791
383 792
666 792
486 794
943 795
712 797
948 797
404 798
294 798
220 804
67 804
398 805
899 805
62 806
701 809
526 809
522 809
545 810
44 810
655 812
539 812
145 815
871 817
95 819
375 821
944 822
232 823
557 823
830 824
738 824
872 827
623 827
278 827
23 828
99 830
373 831
997 833
360 833
421 833
620 833
29 834
815 834
378 834
428 835
687 835
893 836
32 837
144 837
45 837
973 837
576 838
413 838
370 839
821 841
141 842
263 843
643 844
884 844
186 844
46 845
636 845
51 846
345 847
399 848
394 849
719 849
129 849
247 850
215 851
233 853
502 853
558 854
713 856
585 860
58 860
449 861
522 861
240 861
844 862
673 863
14 863
998 865
640 868
918 869
201 870
317 871
724 871
683 872
576 873
838 874
441 876
107 877
352 879
575 880
255 881
835 882
955 882
485 884
917 884
282 888
844 890
823 890
874 890
992 890
115 890
884 891
965 891
259 891
172 892
427 892
536 895
739 896
523 896
214 896
121 897
335 898
93 899
19 899
55 900
970 901
728 903
106 903
329 904
907 904
147 905
797 905
25 907
380 907
27 908
6 908
449 909
670 909
759 910
981 911
102 911
637 912
128 913
961 913
917 913
911 915
364 916
102 916
978 918
416 919
803 922
678 922
421 922
480 922
362 925
267 927
325 928
211 932
474 934
399 935
540 936
817 937
684 937
383 937
144 938
496 939
739 939
649 940
607 944
100 945
164 946
598 946
574 947
326 947
996 949
40 950
206 950
399 951
40 951
566 951
956 952
37 952
49 953
608 955
761 955
83 955
875 956
62 957
161 958
573 958
999 958
939 960
482 962
565 963
558 963
170 964
469 969
372 971
495 971
914 973
12 974
589 974
868 974
883 975
541 975
712 976
723 976
159 977
966 978
383 979
782 981
741 982
821 982
744 983
659 985
301 985
770 986
450 989
946 990
966 991
452 992
699 992
792 992
625 994
726 995
63 996
361 996
402 997
175 997
233 997
