1000
977 2147483637
642 2147483637
975 2147483637
532 2147483637
278 2147483637
986 2147483637
737 2147483637
679 2147483637
510 2147483637
877 2147483637
257 2147483637
679 2147483637
512 2147483637
933 2147483637
678 2147483637
982 2147483637
136 2147483637
900 2147483637
637 2147483637
604 2147483637
669 2147483637
234 2147483637
210 2147483637
570 2147483637
802 2147483637
28 2147483637
123 2147483637
696 2147483637
240 2147483637
561 2147483637
966 2147483637
726 2147483637
505 2147483637
284 2147483637
84 2147483637
975 2147483637
592 2147483637
610 2147483637
242 2147483637
822 2147483637
931 2147483637
900 2147483637
145 2147483637
849 2147483637
855 2147483637
675 2147483637
894 2147483637
518 2147483637
541 2147483637
388 2147483637
368 2147483637
132 2147483637
715 2147483637
980 2147483637
321 2147483637
848 2147483637
421 2147483637
330 2147483637
932 2147483637
748 2147483637
283 2147483637
342 2147483637
248 2147483637
139 2147483637
170 2147483637
745 2147483637
807 2147483637
929 2147483637
502 2147483637
902 2147483637
8 2147483637
352 2147483637
726 2147483637
764 2147483637
663 2147483637
788 2147483637
868 2147483637
648 2147483637
843 2147483637
867 2147483637
987 2147483637
487 2147483637
149 2147483637
833 2147483637
960 2147483638
154 2147483638
558 2147483638
336 2147483638
72 2147483638
769 2147483638
280 2147483638
2 2147483638
70 2147483638
486 2147483638
291 2147483638
9 2147483638
992 2147483638
259 2147483638
967 2147483638
30 2147483638
520 2147483638
763 2147483638
602 2147483638
23 2147483638
886 2147483638
739 2147483638
538 2147483638
158 2147483638
448 2147483638
209 2147483638
864 2147483638
305 2147483638
541 2147483638
128 2147483638
62 2147483638
246 2147483638
16 2147483638
820 2147483638
544 2147483638
181 2147483638
966 2147483638
380 2147483638
3 2147483638
897 2147483638
859 2147483638
776 2147483638
963 2147483638
781 2147483638
616 2147483638
971 2147483638
517 2147483638
610 2147483638
766 2147483638
7 2147483638
161 2147483638
362 2147483638
10 2147483638
389 2147483638
96 2147483638
65 2147483638
206 2147483638
938 2147483638
61 2147483638
348 2147483638
632 2147483638
416 2147483638
721 2147483638
355 2147483638
661 2147483638
359 2147483638
200 2147483638
173 2147483638
617 2147483638
306 2147483638
187 2147483638
393 2147483638
722 2147483638
22 2147483638
373 2147483638
654 2147483638
42 2147483638
353 2147483638
926 2147483638
666 2147483638
652 2147483639
397 2147483639
929 2147483639
205 2147483639
758 2147483639
804 2147483639
620 2147483639
864 2147483639
723 2147483639
507 2147483639
136 2147483639
206 2147483639
965 2147483639
147 2147483639
389 2147483639
540 2147483639
17 2147483639
313 2147483639
891 2147483639
866 2147483639
506 2147483639
682 2147483639
797 2147483639
99 2147483639
34 2147483639
737 2147483639
743 2147483639
973 2147483639
319 2147483639
533 2147483639
334 2147483639
958 2147483639
680 2147483639
233 2147483639
833 2147483639
698 2147483639
320 2147483639
108 2147483639
764 2147483639
561 2147483639
570 2147483639
661 2147483639
228 2147483639
90 2147483639
702 2147483639
257 2147483639
143 2147483639
799 2147483639
154 2147483639
796 2147483639
320 2147483639
789 2147483639
572 2147483639
736 2147483639
310 2147483639
895 2147483639
784 2147483639
559 2147483639
538 2147483639
45 2147483639
50 2147483639
166 2147483639
257 2147483639
388 2147483639
834 2147483639
198 2147483639
104 2147483639
949 2147483639
607 2147483639
762 2147483639
877 2147483639
126 2147483639
317 2147483639
410 2147483639
798 2147483639
164 2147483639
41 2147483639
200 2147483639
284 2147483639
982 2147483639
614 2147483639
562 2147483639
300 2147483639
42 2147483639
150 2147483639
402 2147483639
979 2147483639
137 2147483639
621 2147483639
595 2147483639
511 2147483639
40 2147483639
794 2147483639
526 2147483639
35 2147483639
14 2147483639
486 2147483639
780 2147483639
563 2147483639
207 2147483639
603 2147483639
692 2147483639
614 2147483640
735 2147483640
885 2147483640
311 2147483640
139 2147483640
564 2147483640
449 2147483640
541 2147483640
255 2147483640
181 2147483640
187 2147483640
355 2147483640
574 2147483640
811 2147483640
752 2147483640
887 2147483640
701 2147483640
649 2147483640
227 2147483640
249 2147483640
631 2147483640
633 2147483640
215 2147483640
976 2147483640
846 2147483640
506 2147483640
986 2147483640
611 2147483640
986 2147483640
940 2147483640
339 2147483640
686 2147483640
665 2147483640
935 2147483640
662 2147483640
704 2147483640
688 2147483640
519 2147483640
441 2147483640
887 2147483640
695 2147483640
385 2147483640
542 2147483640
331 2147483640
114 2147483640
991 2147483640
485 2147483640
121 2147483640
828 2147483640
600 2147483640
400 2147483640
633 2147483640
937 2147483640
930 2147483640
475 2147483640
992 2147483640
375 2147483640
319 2147483640
242 2147483640
630 2147483640
452 2147483640
602 2147483640
103 2147483640
440 2147483640
6 2147483640
945 2147483640
327 2147483640
515 2147483640
349 2147483640
424 2147483640
88 2147483640
250 2147483640
712 2147483640
694 2147483640
534 2147483640
368 2147483640
159 2147483640
569 2147483640
613 2147483640
677 2147483640
791 2147483640
543 2147483640
648 2147483640
89 2147483640
865 2147483640
488 2147483640
119 2147483640
11 2147483640
75 2147483640
670 2147483640
546 2147483640
444 2147483640
574 2147483640
297 2147483640
671 2147483640
436 2147483640
943 2147483640
828 2147483640
912 2147483641
934 2147483641
621 2147483641
23 2147483641
454 2147483641
10 2147483641
401 2147483641
380 2147483641
120 2147483641
307 2147483641
299 2147483641
648 2147483641
17 2147483641
245 2147483641
906 2147483641
618 2147483641
656 2147483641
558 2147483641
688 2147483641
675 2147483641
104 2147483641
242 2147483641
571 2147483641
630 2147483641
714 2147483641
820 2147483641
591 2147483641
521 2147483641
370 2147483641
18 2147483641
769 2147483641
119 2147483641
393 2147483641
389 2147483641
881 2147483641
195 2147483641
629 2147483641
522 2147483641
903 2147483641
18 2147483641
292 2147483641
236 2147483641
223 2147483641
977 2147483641
330 2147483641
449 2147483641
317 2147483641
935 2147483641
570 2147483641
458 2147483641
909 2147483641
57 2147483641
756 2147483641
411 2147483641
762 2147483641
1 2147483641
201 2147483641
227 2147483641
134 2147483641
897 2147483641
357 2147483641
301 2147483641
293 2147483641
573 2147483641
600 2147483641
530 2147483641
688 2147483641
168 2147483641
258 2147483641
882 2147483641
41 2147483641
255 2147483641
467 2147483641
951 2147483641
933 2147483641
399 2147483641
314 2147483641
178 2147483641
424 2147483641
882 2147483641
469 2147483641
754 2147483641
618 2147483641
639 2147483641
554 2147483641
634 2147483641
36 2147483641
805 2147483641
590 2147483641
658 2147483641
456 2147483641
114 2147483641
198 2147483641
599 2147483641
523 2147483641
242 2147483641
359 2147483641
515 2147483641
643 2147483642
131 2147483642
903 2147483642
42 2147483642
743 2147483642
477 2147483642
708 2147483642
572 2147483642
306 2147483642
114 2147483642
242 2147483642
111 2147483642
946 2147483642
115 2147483642
262 2147483642
590 2147483642
56 2147483642
732 2147483642
45 2147483642
693 2147483642
393 2147483642
570 2147483642
308 2147483642
393 2147483642
421 2147483642
956 2147483642
381 2147483642
605 2147483642
204 2147483642
350 2147483642
349 2147483642
979 2147483642
198 2147483642
30 2147483642
153 2147483642
988 2147483642
723 2147483642
682 2147483642
916 2147483642
850 2147483642
264 2147483642
887 2147483642
314 2147483642
908 2147483642
205 2147483642
581 2147483642
712 2147483642
971 2147483642
762 2147483642
944 2147483642
366 2147483642
455 2147483642
263 2147483642
116 2147483642
395 2147483642
337 2147483642
681 2147483642
614 2147483642
620 2147483642
615 2147483642
290 2147483642
740 2147483642
359 2147483642
706 2147483642
188 2147483642
693 2147483642
111 2147483642
617 2147483642
628 2147483642
812 2147483642
519 2147483642
913 2147483642
702 2147483642
307 2147483642
276 2147483642
778 2147483642
970 2147483642
134 2147483642
142 2147483642
233 2147483642
671 2147483642
537 2147483642
176 2147483642
994 2147483642
287 2147483642
56 2147483642
394 2147483642
851 2147483642
374 2147483642
458 2147483642
547 2147483642
760 2147483642
194 2147483642
721 2147483643
208 2147483643
867 2147483643
475 2147483643
922 2147483643
690 2147483643
766 2147483643
635 2147483643
244 2147483643
410 2147483643
302 2147483643
480 2147483643
557 2147483643
376 2147483643
550 2147483643
100 2147483643
877 2147483643
882 2147483643
699 2147483643
783 2147483643
601 2147483643
227 2147483643
99 2147483643
919 2147483643
708 2147483643
526 2147483643
120 2147483643
85 2147483643
414 2147483643
253 2147483643
839 2147483643
931 2147483643
24 2147483643
969 2147483643
731 2147483643
47 2147483643
821 2147483643
905 2147483643
725 2147483643
835 2147483643
729 2147483643
559 2147483643
69 2147483643
395 2147483643
280 2147483643
429 2147483643
578 2147483643
155 2147483643
748 2147483643
106 2147483643
176 2147483643
491 2147483643
309 2147483643
27 2147483643
28 2147483643
74 2147483643
128 2147483643
868 2147483643
509 2147483643
284 2147483643
733 2147483643
53 2147483643
718 2147483643
721 2147483643
72 2147483643
507 2147483643
256 2147483643
972 2147483643
407 2147483643
130 2147483643
27 2147483643
766 2147483643
217 2147483643
135 2147483643
779 2147483643
852 2147483643
603 2147483643
501 2147483643
898 2147483643
646 2147483643
321 2147483644
204 2147483644
640 2147483644
786 2147483644
846 2147483644
585 2147483644
86 2147483644
158 2147483644
633 2147483644
548 2147483644
969 2147483644
728 2147483644
80 2147483644
637 2147483644
870 2147483644
11 2147483644
449 2147483644
459 2147483644
265 2147483644
452 2147483644
662 2147483644
47 2147483644
207 2147483644
413 2147483644
807 2147483644
897 2147483644
233 2147483644
25 2147483644
283 2147483644
536 2147483644
687 2147483644
522 2147483644
579 2147483644
117 2147483644
434 2147483644
801 2147483644
239 2147483644
220 2147483644
674 2147483644
965 2147483644
269 2147483644
375 2147483644
660 2147483644
568 2147483644
143 2147483644
352 2147483644
466 2147483644
794 2147483644
597 2147483644
419 2147483644
339 2147483644
973 2147483644
943 2147483644
517 2147483644
324 2147483644
46 2147483644
182 2147483644
919 2147483644
847 2147483644
823 2147483644
223 2147483644
463 2147483644
331 2147483644
400 2147483644
423 2147483644
80 2147483644
6 2147483644
128 2147483644
498 2147483644
432 2147483644
816 2147483644
985 2147483644
939 2147483644
632 2147483644
568 2147483644
84 2147483644
299 2147483644
171 2147483644
656 2147483644
390 2147483644
457 2147483644
31 2147483644
6 2147483644
10 2147483644
182 2147483644
895 2147483644
124 2147483644
687 2147483644
927 2147483644
661 2147483644
434 2147483644
850 2147483645
6 2147483645
449 2147483645
692 2147483645
88 2147483645
235 2147483645
262 2147483645
313 2147483645
68 2147483645
118 2147483645
142 2147483645
458 2147483645
475 2147483645
986 2147483645
441 2147483645
850 2147483645
865 2147483645
337 2147483645
121 2147483645
643 2147483645
154 2147483645
808 2147483645
30 2147483645
6 2147483645
893 2147483645
500 2147483645
379 2147483645
359 2147483645
163 2147483645
251 2147483645
650 2147483645
355 2147483645
313 2147483645
591 2147483645
892 2147483645
582 2147483645
671 2147483645
61 2147483645
646 2147483645
177 2147483645
514 2147483645
218 2147483645
437 2147483645
726 2147483645
255 2147483645
479 2147483645
721 2147483645
537 2147483645
495 2147483645
482 2147483645
290 2147483645
964 2147483645
882 2147483645
551 2147483645
92 2147483645
819 2147483645
431 2147483645
933 2147483645
867 2147483645
936 2147483645
17 2147483645
392 2147483645
184 2147483645
229 2147483645
532 2147483645
753 2147483645
42 2147483645
763 2147483645
284 2147483645
272 2147483645
899 2147483645
394 2147483645
611 2147483645
404 2147483645
287 2147483645
441 2147483645
762 2147483645
765 2147483645
638 2147483645
552 2147483645
408 2147483645
724 2147483645
839 2147483645
131 2147483645
374 2147483645
310 2147483645
50 2147483645
579 2147483645
36 2147483645
892 2147483645
318 2147483645
953 2147483645
794 2147483645
815 2147483646
589 2147483646
767 2147483646
305 2147483646
185 2147483646
385 2147483646
92 2147483646
454 2147483646
50 2147483646
21 2147483646
739 2147483646
692 2147483646
794 2147483646
302 2147483646
846 2147483646
43 2147483646
219 2147483646
886 2147483646
571 2147483646
890 2147483646
848 2147483646
926 2147483646
476 2147483646
473 2147483646
472 2147483646
502 2147483646
251 2147483646
195 2147483646
566 2147483646
62 2147483646
417 2147483646
195 2147483646
93 2147483646
487 2147483646
530 2147483646
388 2147483646
165 2147483646
939 2147483646
14 2147483646
230 2147483646
319 2147483646
513 2147483646
762 2147483646
952 2147483646
147 2147483646
876 2147483646
38 2147483646
605 2147483646
545 2147483646
566 2147483646
46 2147483646
658 2147483646
344 2147483646
508 2147483646
112 2147483646
180 2147483646
101 2147483646
236 2147483646
725 2147483646
555 2147483646
554 2147483646
693 2147483646
134 2147483646
185 2147483646
105 2147483646
442 2147483646
288 2147483646
943 2147483646
698 2147483646
911 2147483646
8 2147483646
700 2147483646
624 2147483646
159 2147483646
12 2147483646
226 2147483646
852 2147483646
71 2147483646
393 2147483646
756 2147483646
789 2147483646
129 2147483646
702 2147483646
749 2147483646
408 2147483646
384 2147483646
515 2147483646
427 2147483646
975 2147483646
56 2147483646
675 2147483646
278 2147483646
657 2147483646
879 2147483646
594 2147483646
959 2147483646
189 2147483646
940 2147483646
258 2147483647
216 2147483647
253 2147483647
709 2147483647
734 2147483647
260 2147483647
20 2147483647
303 2147483647
747 2147483647
612 2147483647
475 2147483647
373 2147483647
760 2147483647
556 2147483647
250 2147483647
910 2147483647
808 2147483647
973 2147483647
405 2147483647
155 2147483647
494 2147483647
296 2147483647
64 2147483647
341 2147483647
421 2147483647
92 2147483647
646 2147483647
892 2147483647
364 2147483647
427 2147483647
277 2147483647
505 2147483647
235 2147483647
793 2147483647
421 2147483647
732 2147483647
57 2147483647
878 2147483647
498 2147483647
568 2147483647
111 2147483647
357 2147483647
778 2147483647
340 2147483647
226 2147483647
668 2147483647
796 2147483647
519 2147483647
893 2147483647
489 2147483647
208 2147483647
501 2147483647
375 2147483647
59 2147483647
161 2147483647
296 2147483647
906 2147483647
229 2147483647
552 2147483647
881 2147483647
343 2147483647
907 2147483647
347 2147483647
333 2147483647
372 2147483647
4 2147483647
552 2147483647
37 2147483647
530 2147483647
255 2147483647
428 2147483647
110 2147483647
109 2147483647
906 2147483647
955 2147483647
991 2147483647
213 2147483647
558 2147483647
404 2147483647
737 2147483647
132 2147483647
737 2147483647
550 2147483647
