602
111 1
74 2
62 4
50 5
73 5
7 6
15 8
27 9
58 9
109 11
7 12
43 12
64 13
78 14
108 15
44 16
76 16
68 17
80 17
35 18
103 19
79 21
54 24
100 25
98 25
86 26
46 26
64 27
22 29
23 31
37 32
7 33
112 34
20 35
113 35
35 37
3 40
58 40
99 42
41 43
108 43
85 44
101 46
88 49
51 51
9 54
48 55
90 57
48 58
6 59
27 62
81 64
112 69
91 71
71 72
57 73
15 74
53 76
36 76
7 78
74 78
38 83
67 83
29 83
66 83
11 84
32 84
84 88
1 89
31 89
81 91
19 91
55 91
74 92
94 92
4 92
110 92
110 94
54 94
111 97
109 97
108 98
48 98
36 99
5 99
22 100
115 100
105 103
26 105
18 108
83 110
26 118
68 119
32 120
87 121
115 121
46 122
76 122
50 124
98 127
18 128
84 129
37 130
101 135
104 135
6 137
29 137
58 137
23 140
49 142
92 142
84 144
22 145
82 149
9 151
7 151
7 151
33 151
78 155
44 156
97 156
14 156
14 157
97 158
38 159
55 162
2 165
66 166
49 167
9 168
92 171
89 171
62 173
8 177
86 178
93 181
78 183
98 185
60 185
105 186
77 188
28 190
45 191
39 192
100 192
112 192
101 193
112 195
102 195
16 197
24 197
42 197
114 200
80 201
54 201
37 201
101 202
3 203
114 203
1 204
93 205
24 208
108 208
80 209
68 210
10 212
19 214
42 215
15 215
36 215
64 216
72 219
106 219
98 221
40 222
75 222
34 222
81 225
24 225
37 225
30 226
88 227
69 228
32 229
41 229
89 231
39 231
12 233
67 233
115 235
110 235
1 235
50 237
11 237
75 238
104 239
82 240
88 240
107 243
27 243
87 245
22 245
110 245
19 247
66 248
6 249
97 249
28 249
73 250
74 254
15 255
101 256
32 256
63 258
20 258
17 259
27 259
108 260
64 262
37 262
68 263
30 263
74 263
114 264
72 268
68 269
96 271
26 272
44 274
40 275
66 276
8 276
104 282
112 283
32 285
34 286
108 288
74 289
37 289
3 291
113 291
61 293
41 294
80 299
31 302
31 305
3 305
49 307
91 307
7 307
29 307
14 307
50 309
66 313
99 313
37 313
112 315
9 315
109 316
87 317
86 320
90 320
25 321
94 322
32 323
38 324
74 324
44 327
14 327
89 329
44 329
48 330
97 330
101 331
28 331
84 332
111 332
58 333
40 334
80 336
52 337
78 340
55 340
16 342
32 346
65 346
48 347
67 351
71 351
53 352
90 353
49 353
57 354
17 355
13 356
42 356
33 358
70 361
5 362
100 363
51 365
113 366
112 369
6 369
3 369
70 369
49 370
72 370
23 372
32 374
89 374
11 376
29 377
42 377
81 377
85 378
45 379
39 380
114 382
66 384
114 386
23 387
77 388
50 389
106 389
66 393
93 394
86 394
90 394
18 394
48 395
1 396
14 396
25 396
52 397
66 400
77 402
33 403
63 403
80 404
72 405
44 405
9 409
39 409
76 410
18 410
28 412
22 412
90 414
25 414
81 415
66 417
40 419
99 419
7 419
24 420
82 420
78 421
88 422
64 422
8 425
109 425
51 425
30 427
31 428
110 429
114 430
12 431
16 432
16 432
88 434
110 435
66 437
32 438
13 439
105 441
9 441
27 445
111 446
52 446
21 449
52 450
94 453
16 453
20 455
24 455
86 458
83 464
19 464
60 465
2 467
65 467
40 468
82 469
90 469
27 470
19 471
28 473
89 473
99 473
77 474
94 476
71 476
76 477
110 478
37 481
5 482
107 483
66 484
85 484
68 487
25 487
37 488
92 489
110 491
102 493
9 494
21 494
63 495
28 499
35 499
53 500
55 500
42 500
64 501
72 504
75 505
14 509
65 510
77 510
40 514
26 516
61 517
47 518
8 518
4 519
63 519
77 520
33 522
80 523
93 523
108 525
34 525
13 525
82 526
2 526
42 526
67 527
68 527
55 531
15 533
79 534
76 535
106 537
67 538
87 543
54 544
76 544
87 545
72 545
18 545
31 546
101 547
112 547
85 548
39 549
35 553
73 554
76 554
1 554
101 554
70 555
97 558
108 559
43 560
70 562
77 562
109 563
98 563
14 563
80 565
50 565
66 566
82 568
40 569
86 569
61 569
48 570
47 570
40 571
111 573
104 574
106 574
15 575
49 575
36 575
56 576
65 579
6 579
7 580
39 581
34 583
45 585
22 586
54 587
73 590
18 590
72 590
15 593
2 594
56 596
56 596
76 599
112 600
58 601
48 602
77 606
51 606
15 606
66 607
30 608
65 609
60 612
114 613
110 614
42 614
12 615
107 615
13 618
64 618
72 620
53 621
47 621
9 624
106 627
18 627
30 628
62 628
15 629
85 630
57 630
20 631
10 633
58 636
4 637
113 640
33 645
97 645
92 645
72 647
108 647
18 651
93 652
1 653
78 655
108 658
16 658
28 661
56 662
46 662
22 664
87 664
3 665
13 665
102 666
44 668
56 669
13 669
15 670
71 670
85 673
93 674
37 674
77 676
40 677
57 679
112 680
64 683
36 684
28 684
25 685
44 686
20 687
21 690
39 690
37 690
34 691
1 691
25 692
33 695
93 696
95 697
20 697
35 698
14 700
30 702
58 703
57 704
4 706
75 707
72 707
94 708
