397
207 0
188 0
38 0
254 0
397 0
48 1
351 1
322 1
255 2
313 2
307 3
379 3
369 3
85 3
338 5
18 5
389 6
178 7
239 7
219 8
262 8
155 8
154 9
101 9
138 9
13 10
280 11
341 11
106 11
367 11
190 11
324 11
328 12
335 12
156 13
290 13
291 14
336 14
290 15
90 15
209 16
219 16
369 16
187 16
358 16
107 17
385 17
196 18
324 18
130 18
327 19
264 19
360 20
186 20
191 20
138 21
91 21
119 22
68 22
197 22
309 23
125 24
73 24
6 24
162 24
352 24
349 24
94 24
322 24
195 25
87 25
289 26
394 26
120 27
180 27
159 27
29 27
135 27
104 27
299 28
389 28
285 28
90 29
6 29
374 29
199 29
288 30
178 30
50 30
332 30
281 30
324 31
162 31
296 31
136 31
246 32
160 32
369 32
1 32
279 32
215 32
305 33
27 33
293 34
10 34
107 34
286 34
169 35
324 35
344 35
251 36
314 36
185 36
202 36
58 37
369 37
77 37
302 38
257 38
74 39
214 39
7 40
9 40
157 40
120 40
198 41
345 42
374 43
42 43
171 44
21 44
392 45
365 45
258 45
55 45
159 45
302 46
15 46
184 46
286 46
382 47
108 47
308 48
292 48
10 48
97 48
372 49
174 49
31 49
283 49
150 49
280 50
320 50
274 50
39 50
387 51
224 51
338 52
126 53
280 53
27 53
131 53
158 54
32 54
289 54
311 54
363 55
183 56
299 56
49 57
291 57
127 57
158 57
172 57
307 58
239 58
82 58
344 59
252 59
135 59
247 60
215 60
152 60
253 60
371 60
58 61
346 61
214 61
169 62
318 62
116 63
318 64
268 64
71 65
254 65
157 65
68 65
291 65
182 65
103 66
258 67
295 67
313 67
340 67
90 67
169 68
12 68
19 68
322 68
201 69
257 69
287 69
230 69
61 69
272 69
305 70
32 70
68 70
78 70
104 70
146 71
279 71
165 71
364 72
395 73
308 73
122 73
332 73
303 74
229 74
256 75
8 75
232 76
188 77
331 78
256 78
175 78
70 79
68 79
30 80
161 80
89 80
39 81
333 81
228 81
79 82
96 83
148 83
345 83
257 83
23 84
255 85
62 85
234 86
285 86
357 86
311 86
250 86
198 86
2 87
106 87
48 87
1 88
345 88
365 88
100 88
217 89
214 89
311 89
212 89
286 89
195 89
136 89
135 89
8 90
215 90
95 90
382 90
250 91
3 92
21 92
124 92
279 93
262 93
148 93
379 93
339 93
26 94
119 95
291 95
62 95
27 95
45 96
293 96
125 96
323 96
337 98
201 98
26 98
185 98
372 98
211 99
176 99
109 100
104 100
384 100
377 100
334 100
2 100
31 100
274 101
71 101
261 101
268 101
119 102
164 102
39 102
183 102
160 102
381 103
37 103
242 103
392 103
362 104
103 104
246 105
360 105
56 106
85 106
195 106
128 106
305 107
312 107
145 108
9 108
239 108
215 108
42 108
91 109
50 109
68 109
287 110
94 110
389 112
255 112
271 113
148 113
255 113
277 114
165 114
306 115
67 115
89 117
230 117
262 117
31 118
384 118
182 119
261 119
128 119
137 119
226 119
199 119
305 120
301 120
186 120
240 121
244 122
180 122
55 123
204 123
321 123
78 124
326 125
188 125
392 125
384 126
318 126
201 127
308 127
243 127
388 128
310 128
13 128
387 128
139 128
2 129
133 129
28 129
178 129
347 130
230 130
53 131
216 131
249 131
65 131
15 131
