1000
568 0
61 0
631 2
757 3
500 4
158 4
411 5
557 5
881 5
445 5
383 6
478 6
384 6
496 8
885 8
565 10
305 10
88 11
505 12
384 12
846 13
627 13
368 14
418 15
838 15
750 17
814 22
142 22
926 22
781 26
537 26
652 27
385 27
829 28
776 28
482 29
897 30
587 33
663 35
414 36
196 36
468 36
62 37
975 39
949 40
354 40
915 41
603 43
440 43
328 43
747 46
592 48
457 48
296 48
399 51
985 52
195 53
227 53
354 54
762 55
485 55
244 55
996 56
102 56
526 57
905 57
221 57
503 59
734 60
774 60
264 60
638 61
523 61
49 61
619 62
367 62
62 65
836 66
911 69
156 69
893 72
356 73
15 74
348 76
938 76
585 76
658 77
59 77
773 80
642 80
600 80
903 81
653 83
656 83
227 83
949 85
295 86
256 87
642 87
541 87
134 89
633 90
775 91
945 91
631 93
40 93
395 94
117 94
343 94
541 95
839 97
154 97
89 98
283 98
101 100
515 102
840 103
492 105
6 105
871 106
995 113
673 114
872 115
496 117
868 118
374 118
440 119
963 119
36 120
779 120
696 120
81 123
6 125
990 126
413 128
46 129
316 131
210 133
805 133
464 134
629 134
261 135
23 135
223 135
858 138
707 139
929 139
372 140
346 141
887 141
747 141
616 142
511 142
651 142
938 142
526 143
568 143
614 143
923 143
430 143
476 143
141 144
573 144
255 144
557 146
697 146
243 148
526 148
27 150
689 151
397 151
573 153
434 153
825 154
331 154
16 154
536 156
222 158
71 161
953 161
212 163
198 163
572 164
443 166
484 167
155 167
485 167
91 169
408 173
666 173
82 174
568 177
509 179
413 181
745 182
737 182
684 182
161 182
429 183
527 183
147 184
629 185
30 185
23 188
198 191
642 192
793 193
765 193
692 193
818 194
237 195
264 197
217 197
18 198
103 198
536 198
494 198
973 199
500 200
195 203
509 203
953 204
695 204
199 207
242 207
29 208
917 209
441 210
494 211
312 211
934 212
230 213
921 216
491 216
976 216
411 218
217 218
127 218
719 219
609 220
417 220
705 220
746 221
707 221
838 223
956 224
578 224
191 225
907 226
696 227
209 234
670 234
598 234
346 234
772 234
542 235
677 237
453 237
544 239
798 241
471 242
183 242
259 245
291 245
606 247
233 247
481 248
325 248
580 249
785 252
172 255
994 257
809 257
87 257
956 258
264 258
924 259
662 260
571 262
348 262
433 263
786 264
466 265
992 267
799 268
604 268
199 268
665 269
741 270
396 271
759 271
348 273
965 273
358 273
447 274
190 274
977 277
171 277
753 277
972 277
545 277
843 279
474 279
474 281
242 282
277 283
951 283
782 284
699 285
864 285
291 286
87 287
989 290
313 290
854 291
408 292
517 292
911 294
399 294
160 294
896 296
586 297
357 298
178 299
688 303
154 305
540 305
553 306
704 307
252 308
77 309
595 310
303 310
589 311
639 314
662 314
481 314
524 315
975 316
527 317
835 318
280 319
842 319
587 320
334 321
451 321
130 322
685 322
626 322
739 323
824 325
531 327
19 328
135 329
412 331
432 332
621 333
47 333
498 333
819 334
332 336
912 337
516 341
557 342
37 344
41 344
633 344
639 344
396 346
845 346
463 347
920 347
513 348
788 352
49 352
550 352
549 354
562 354
48 355
550 355
511 355
105 356
998 356
407 356
681 357
937 357
537 358
287 359
282 359
209 361
742 361
632 361
804 362
814 362
27 364
346 364
82 365
439 366
957 367
889 367
657 370
146 371
296 372
869 374
467 374
417 376
408 376
850 378
534 379
912 379
188 380
354 384
307 385
138 386
391 387
220 387
44 389
821 389
437 389
946 390
467 391
545 391
35 392
789 392
836 392
760 392
384 393
495 394
538 395
905 396
814 396
569 396
565 397
16 398
155 399
999 399
100 401
769 403
120 404
31 406
851 406
902 407
456 407
529 410
868 412
412 413
907 413
549 415
957 416
685 416
634 417
42 417
809 420
699 420
782 426
949 428
475 429
454 429
68 429
919 430
671 430
680 430
147 430
694 431
119 431
996 433
153 436
47 436
370 436
575 440
447 440
264 440
110 441
91 442
629 443
379 445
693 447
16 449
352 449
294 450
955 450
938 450
592 450
388 450
586 450
195 452
589 453
992 454
989 457
162 457
117 458
228 460
680 461
195 461
432 464
805 464
25 464
141 465
437 467
455 467
30 469
993 469
678 469
126 471
19 471
81 471
411 472
949 472
678 472
580 475
572 477
197 477
402 477
512 477
315 479
497 480
919 482
770 482
965 482
289 482
148 482
21 482
978 482
772 483
655 484
668 485
693 485
858 486
552 486
227 486
365 487
78 489
614 489
125 490
101 490
213 491
579 493
798 496
823 496
849 497
434 497
1000 497
946 498
405 499
459 499
903 500
54 501
240 505
396 507
987 508
347 510
671 512
406 513
240 514
150 519
655 519
854 519
191 521
814 522
285 523
780 523
175 523
793 524
362 526
281 526
12 526
259 527
478 527
709 527
327 528
896 528
418 528
782 529
752 530
303 532
240 534
387 534
473 536
690 537
462 537
221 539
747 539
237 541
962 541
685 542
124 544
585 547
696 547
586 548
656 550
301 552
333 553
15 555
972 556
290 557
987 558
330 558
476 558
4 558
133 559
363 562
725 562
155 563
420 563
834 567
295 568
648 569
275 570
555 570
608 571
231 572
348 573
333 574
706 574
439 575
349 577
469 579
815 579
587 580
354 581
655 582
171 582
502 582
418 584
13 585
465 585
146 586
865 589
157 590
868 591
722 592
919 593
474 593
276 593
264 594
399 595
819 596
551 601
499 602
720 603
132 604
770 605
337 605
565 608
175 609
310 610
379 612
604 613
437 614
926 615
7 617
633 620
556 622
291 622
134 623
127 623
446 624
357 625
801 625
872 626
625 627
352 627
779 628
321 629
503 629
738 632
983 634
364 635
279 635
261 637
517 645
782 645
317 646
211 646
535 647
218 647
682 648
478 648
486 649
730 650
791 650
63 653
473 653
205 654
783 655
579 657
213 658
390 658
75 659
683 659
327 659
94 659
843 661
405 661
292 663
867 664
799 664
158 665
802 666
644 666
933 668
81 668
185 669
247 669
631 669
712 669
315 670
348 672
797 672
942 676
386 676
99 677
896 677
454 678
792 678
637 678
540 678
644 679
852 680
924 684
319 686
276 688
471 689
35 689
59 689
670 690
71 690
21 691
864 693
966 694
332 694
916 697
138 697
183 698
305 698
542 700
764 705
798 705
666 705
97 705
613 705
767 706
903 706
358 706
728 709
897 710
262 712
227 713
655 713
408 715
837 715
339 719
908 719
444 720
947 724
770 726
798 726
807 727
225 729
195 730
94 731
695 733
792 734
898 734
328 735
969 735
136 737
780 738
279 739
693 739
795 740
726 741
809 741
412 742
809 742
283 743
565 744
459 748
930 748
89 749
646 749
483 751
529 752
674 754
327 755
139 756
726 757
852 757
579 764
284 765
304 766
694 770
651 771
976 771
483 773
768 774
843 776
415 776
404 777
144 779
253 779
658 782
554 784
506 784
519 789
952 790
93 792
263 792
934 796
540 798
487 802
121 804
494 804
923 804
830 809
253 810
763 810
321 810
186 810
730 811
515 811
545 813
561 816
484 816
214 819
220 821
8 822
659 825
413 826
529 827
824 827
218 828
626 828
55 828
887 828
276 831
647 832
682 832
660 832
676 832
878 833
224 834
789 834
947 834
192 834
905 835
854 835
311 836
368 837
828 838
488 839
264 840
458 841
602 842
253 842
880 844
491 844
48 844
225 845
646 846
727 847
29 847
795 847
380 847
517 849
734 850
236 851
758 853
822 853
609 855
834 855
332 859
293 861
99 862
443 864
59 864
87 865
313 866
19 867
609 867
779 868
674 870
473 871
328 872
396 872
997 873
23 874
539 875
876 876
106 877
584 879
531 879
378 880
805 884
133 884
990 885
283 886
101 887
428 887
954 889
598 889
852 889
588 890
565 890
249 890
711 894
175 895
760 898
24 898
933 899
965 899
505 900
277 903
783 903
435 904
544 905
765 905
336 905
47 907
45 907
772 908
750 911
356 911
670 914
270 914
698 914
375 915
816 915
782 921
586 922
511 928
732 929
751 929
868 929
975 929
265 930
884 931
340 931
63 932
3 933
1 933
518 933
98 934
583 935
830 939
810 939
418 940
898 940
956 940
168 942
509 943
979 944
760 945
152 945
199 946
923 947
611 949
17 949
627 949
766 950
223 953
851 954
173 955
134 956
888 956
496 958
722 960
454 960
274 960
857 965
7 967
646 969
949 970
556 970
521 973
319 975
146 978
223 980
202 982
523 983
801 985
661 986
364 988
764 988
711 990
585 991
710 992
378 992
892 992
189 993
339 993
414 994
330 995
444 997
159 998
681 999
782 999
582 1000
944 1000
821 1000
