844
22 1
10 1
15 1
9 2
23 4
4 5
2 5
20 6
13 9
4 9
9 10
5 10
19 11
11 11
9 12
15 12
10 12
10 12
13 14
1 14
21 15
11 15
1 16
13 17
1 17
4 17
11 18
11 18
18 22
8 23
13 24
20 24
12 26
8 27
9 27
1 27
16 28
10 29
21 29
19 31
10 31
12 32
8 33
12 34
12 34
6 35
19 35
2 36
13 36
20 37
7 40
5 40
6 41
8 41
18 41
10 42
2 44
12 45
5 46
13 47
14 47
3 49
6 50
19 51
14 53
20 54
17 57
3 58
7 58
1 59
2 59
15 61
3 62
23 64
10 66
18 66
19 67
19 69
11 69
12 71
5 71
22 72
8 73
7 74
4 75
17 77
13 77
10 78
21 80
13 81
9 81
15 82
17 82
12 82
1 82
2 82
21 84
2 84
7 84
14 85
14 88
1 88
13 88
11 89
19 89
1 90
11 90
4 91
8 91
20 92
15 93
16 94
14 95
15 95
22 97
2 97
5 99
22 100
18 101
12 101
8 102
21 103
2 103
7 103
13 105
8 106
20 107
4 107
9 107
14 107
10 107
7 107
18 108
16 108
13 109
21 110
7 110
15 112
22 112
9 113
23 114
20 115
4 116
12 116
12 117
16 119
19 119
17 119
11 123
3 124
5 125
18 125
2 128
4 129
10 130
15 130
5 133
2 133
1 136
18 136
12 138
20 138
17 140
9 141
3 141
15 142
9 142
1 143
19 145
4 149
23 150
9 150
3 152
16 153
17 153
7 153
6 153
21 154
10 154
2 155
12 156
10 156
15 157
17 157
6 158
16 159
2 160
6 164
11 164
15 165
7 165
19 167
16 170
22 171
11 171
14 172
10 172
13 175
2 175
4 175
19 178
19 178
6 179
3 180
18 180
11 181
23 182
19 182
9 182
13 183
16 184
22 186
21 189
3 190
20 190
15 190
9 190
21 191
9 193
21 193
7 194
21 195
6 195
4 195
13 198
22 200
16 201
22 201
1 202
3 202
5 202
23 204
20 204
21 207
16 208
23 209
8 211
14 211
2 212
2 212
7 215
4 216
14 218
6 218
1 218
13 218
4 218
3 218
19 219
9 219
10 219
8 220
23 221
15 223
22 224
15 225
1 226
10 227
13 228
9 230
11 230
18 231
11 232
2 232
21 235
6 235
7 236
23 236
18 237
7 237
4 238
15 238
13 239
20 240
22 240
15 241
21 241
3 241
3 242
20 242
16 243
15 244
14 244
7 244
16 245
23 247
10 247
2 248
11 249
14 249
23 250
9 251
16 251
13 251
3 251
21 252
18 252
3 253
5 254
5 255
14 255
17 257
23 257
21 259
6 259
13 260
23 260
2 260
8 260
19 260
16 262
7 263
22 263
22 263
8 263
5 264
12 265
4 266
9 268
9 268
5 269
10 269
19 270
20 271
1 271
13 272
2 273
13 273
1 274
10 274
20 276
10 276
17 277
13 278
7 279
16 279
6 281
20 281
10 281
14 283
10 283
12 283
19 284
9 284
3 285
20 285
21 285
21 287
17 288
9 289
6 291
3 293
4 294
9 294
22 296
8 297
10 298
9 299
6 300
17 300
9 301
5 301
20 302
13 303
14 303
15 304
19 305
13 305
1 307
3 308
4 308
14 308
13 309
20 311
12 311
15 313
8 313
3 313
16 317
20 317
20 318
16 318
19 320
21 321
4 321
13 322
17 323
1 324
4 324
7 324
11 325
22 326
22 326
4 327
10 327
4 330
4 330
18 331
11 331
21 332
14 333
20 335
2 336
21 337
20 337
3 337
16 338
23 338
22 339
21 339
17 339
2 341
18 342
16 342
19 344
22 344
18 346
9 347
1 348
14 348
21 349
15 349
3 350
11 351
23 352
9 353
10 353
1 353
9 354
14 354
4 354
17 354
4 355
9 355
7 356
1 356
9 356
14 357
1 357
3 357
13 358
10 358
18 359
5 360
22 360
5 360
23 361
3 362
11 363
20 364
4 365
15 365
8 366
9 366
14 366
15 367
2 368
7 368
16 369
16 372
21 373
10 375
4 376
13 376
18 377
8 377
17 377
5 379
14 379
15 380
12 381
12 382
5 383
1 383
1 384
21 384
7 385
19 386
12 386
15 387
7 387
4 389
1 389
6 390
16 390
23 390
10 391
6 394
21 396
9 397
16 397
1 398
9 398
23 399
13 399
11 399
6 400
20 402
21 402
2 402
4 403
6 405
1 405
8 406
9 406
14 407
19 407
4 411
15 412
16 412
2 412
21 413
16 415
12 416
7 417
13 418
8 419
17 419
6 420
10 420
23 420
2 420
5 421
20 421
18 422
2 422
22 423
21 424
18 424
13 425
13 425
2 426
13 427
12 430
17 430
5 431
20 431
23 431
11 431
9 431
9 433
2 435
5 435
10 437
10 438
22 438
12 440
10 440
12 441
16 441
22 443
16 443
21 443
6 444
3 445
20 445
13 447
17 447
3 447
7 448
2 448
14 449
4 450
14 450
7 450
18 451
3 452
13 454
5 454
5 456
13 457
8 458
23 458
11 458
12 459
13 459
18 459
17 459
17 459
7 459
7 459
3 460
2 461
4 461
12 462
19 462
16 462
15 462
1 464
15 464
19 464
9 464
1 467
17 467
10 468
21 468
1 468
5 468
19 468
2 468
17 469
5 472
13 473
9 473
14 473
16 473
2 474
17 475
14 475
5 475
5 476
4 480
18 480
9 481
23 481
16 484
7 486
10 486
7 487
21 487
21 487
10 488
4 488
23 489
18 490
6 490
11 491
15 491
3 491
18 491
4 492
8 492
5 494
9 494
19 494
3 495
15 495
10 495
16 496
14 496
3 499
15 499
15 500
13 501
10 501
19 502
16 504
13 505
13 506
13 506
16 510
22 511
14 511
10 512
22 512
14 513
8 513
6 514
15 514
22 515
12 516
12 516
20 518
5 518
10 519
5 522
6 522
18 522
5 523
15 523
21 523
21 525
21 526
12 526
22 526
5 529
9 530
23 530
1 530
8 530
3 530
2 531
7 531
5 534
11 534
19 535
14 535
6 535
14 536
16 537
2 537
1 540
12 541
1 542
1 543
19 543
9 543
4 544
16 546
11 546
17 547
3 548
13 549
17 550
4 552
16 552
3 554
5 554
8 554
19 554
21 554
13 556
4 557
10 557
22 557
23 557
13 558
5 558
13 558
15 560
2 561
17 562
10 564
21 564
3 565
19 566
15 567
13 568
8 570
8 570
7 570
15 571
23 571
21 571
14 572
19 572
8 572
14 572
4 575
23 576
9 576
13 578
5 579
18 579
16 579
5 580
6 581
21 582
4 582
5 582
18 583
18 583
11 584
10 585
20 586
10 586
1 586
4 589
9 589
10 590
10 591
22 592
11 592
8 594
5 595
7 597
6 598
17 598
17 598
8 601
9 601
7 603
9 604
16 604
6 604
8 606
7 607
15 608
7 610
16 611
4 611
14 612
14 612
11 613
2 613
1 614
3 614
13 614
23 617
9 618
11 618
12 619
12 619
5 621
11 621
3 622
2 622
11 623
15 624
4 624
14 624
21 627
21 628
14 628
14 628
7 629
4 629
19 629
1 631
22 632
13 632
14 633
17 633
17 634
12 635
8 636
19 636
2 637
11 637
19 637
9 637
23 641
22 641
20 642
12 643
12 644
22 644
17 645
10 645
12 646
4 647
4 649
7 649
8 649
11 650
16 651
3 651
4 651
10 651
17 654
19 658
12 659
21 660
18 661
