1000
129 1
580 2
156 2
7 2
445 3
454 3
831 3
668 4
135 7
61 8
786 8
896 12
270 15
88 17
220 17
283 19
477 20
387 20
903 22
498 23
432 23
556 24
327 24
555 27
810 27
692 28
365 29
591 30
121 30
462 31
272 32
659 33
495 33
151 34
271 35
591 35
295 36
601 37
290 39
949 42
896 42
300 44
415 45
339 45
582 48
668 51
737 51
339 52
214 52
82 53
568 54
368 55
435 55
199 55
429 56
294 57
951 58
122 61
161 61
83 62
179 62
34 63
334 65
848 65
983 66
61 67
881 68
808 71
208 72
828 72
573 73
915 75
374 75
262 76
964 76
534 77
205 78
355 82
131 83
517 84
112 84
28 85
703 85
975 86
444 86
487 86
597 87
366 87
183 89
692 89
772 91
936 91
431 91
286 91
756 93
13 93
532 93
68 96
80 96
797 97
914 97
855 98
472 99
287 101
580 103
283 104
531 105
273 105
917 106
127 106
120 109
208 109
538 111
157 111
625 112
452 112
106 112
999 113
615 114
104 116
759 117
753 117
5 118
715 118
963 118
46 120
520 121
737 121
89 122
152 123
101 123
228 125
619 125
645 127
903 129
111 131
736 133
708 133
604 134
266 135
699 136
495 137
215 137
9 137
449 137
936 138
963 139
851 139
768 139
821 140
337 140
817 141
541 143
347 144
993 147
821 149
785 150
126 152
473 156
576 157
690 166
974 167
988 167
379 167
739 168
33 170
31 170
18 170
831 171
706 171
932 171
865 172
897 173
217 174
186 174
371 176
657 176
383 183
646 183
692 183
72 183
737 184
550 184
19 185
225 187
442 187
356 187
429 189
968 190
575 190
908 191
36 191
714 192
590 192
186 193
618 193
623 194
125 195
140 197
160 198
462 200
160 201
186 201
823 201
878 203
773 205
82 206
39 207
109 208
402 208
633 209
624 209
340 210
715 210
601 210
477 211
749 212
524 213
656 213
427 214
175 214
682 215
433 216
879 216
494 217
905 217
493 218
86 220
554 220
535 222
629 222
749 224
964 225
922 226
880 226
583 227
305 227
658 227
79 227
770 227
113 228
200 228
441 228
409 230
565 232
811 232
105 234
908 234
956 235
824 236
550 236
392 236
371 237
200 237
606 237
276 240
565 241
646 241
821 242
276 242
953 242
612 242
178 243
9 246
738 247
255 248
306 248
467 249
369 250
673 252
459 253
234 254
320 255
420 256
838 256
606 257
548 257
820 258
165 259
416 259
895 260
494 261
959 261
893 262
517 263
752 266
436 267
195 267
579 268
752 269
87 269
273 270
709 271
475 271
758 271
50 274
170 274
276 275
704 275
639 277
955 279
360 280
686 282
279 286
385 287
960 289
19 291
279 291
602 291
663 292
118 295
722 295
322 296
308 297
323 299
976 299
13 303
44 304
641 305
803 305
756 306
834 307
580 308
386 309
721 313
613 314
98 315
286 316
419 316
370 317
594 317
384 320
785 321
431 322
908 323
262 325
351 326
226 327
521 328
392 330
836 332
268 333
430 335
660 335
562 337
498 340
582 340
576 340
392 341
389 342
525 342
382 343
303 344
262 345
226 345
279 346
118 346
83 349
630 353
815 354
302 355
396 359
976 360
219 361
643 365
647 366
269 366
633 368
204 369
991 370
794 371
216 373
929 374
646 376
397 376
662 376
582 377
958 379
952 380
176 381
99 383
267 384
136 385
963 388
872 389
711 389
40 390
174 394
368 396
497 398
638 401
947 402
488 403
184 403
949 403
247 403
806 404
311 404
108 404
465 404
166 404
726 406
195 408
202 411
899 411
122 412
636 412
856 412
165 413
598 413
980 414
941 415
529 417
151 419
216 419
473 421
501 423
298 423
759 423
32 424
285 424
272 428
254 428
630 428
607 429
773 430
432 431
796 432
367 432
464 433
331 434
44 434
221 434
685 435
942 436
856 438
59 439
789 439
289 440
82 442
384 444
986 446
613 446
67 447
456 448
65 449
183 451
727 452
276 452
980 452
455 454
954 454
149 456
83 456
679 457
49 457
523 458
825 461
482 462
432 462
999 463
653 463
322 464
10 464
945 465
138 465
679 465
829 466
558 467
997 469
138 470
792 471
784 472
93 472
627 473
258 474
995 475
615 475
874 476
487 477
312 478
565 479
861 479
831 480
619 480
179 480
788 480
529 481
588 481
405 481
32 483
900 484
544 485
962 487
379 489
972 490
304 491
922 491
211 491
185 491
721 493
126 494
413 495
464 495
508 495
308 496
127 496
257 496
193 496
930 497
255 498
930 498
145 499
446 499
638 499
729 499
154 500
102 505
580 506
882 506
962 508
489 508
448 509
378 512
669 513
963 514
896 517
171 518
218 518
355 519
381 519
576 519
825 521
492 521
69 521
609 522
22 522
418 524
787 526
126 528
556 529
291 532
374 534
796 536
232 537
935 538
899 539
314 539
205 540
38 540
871 540
47 543
220 543
681 544
42 545
240 546
238 548
894 549
137 549
581 551
783 552
410 552
42 556
278 556
985 557
340 559
517 560
687 560
536 560
1000 561
816 562
714 564
566 567
924 568
152 569
352 570
14 570
286 570
723 570
601 571
760 571
702 571
22 572
890 573
199 574
943 576
346 578
339 580
755 580
279 581
156 581
430 581
78 582
883 582
334 583
36 584
98 585
48 585
88 588
546 588
807 589
134 591
866 592
747 593
596 594
368 596
352 596
527 597
874 597
678 597
808 600
348 603
75 605
718 607
62 607
571 607
218 608
146 609
855 611
821 611
329 611
297 612
692 613
468 613
384 613
622 616
383 616
954 617
783 619
262 622
888 623
261 623
119 624
69 625
867 625
207 626
344 627
283 628
983 629
665 629
966 630
150 630
287 631
577 633
877 633
179 635
469 635
163 636
383 636
932 637
505 637
92 638
466 638
857 639
537 640
772 641
218 643
624 643
391 644
364 644
700 645
271 647
49 649
930 649
927 650
768 652
125 652
319 655
40 656
975 658
245 660
899 660
324 661
254 663
225 664
991 664
655 669
173 670
111 670
559 672
588 675
84 677
690 677
829 678
37 678
48 679
291 679
319 680
143 681
298 684
136 687
785 690
79 690
221 691
293 691
33 691
852 693
993 694
750 695
816 696
33 696
884 696
105 697
339 699
474 700
347 700
997 704
606 705
334 705
527 705
847 706
925 706
632 707
341 708
508 711
204 711
987 711
184 714
962 714
686 715
493 716
428 716
588 719
229 719
604 719
107 721
316 722
895 722
149 725
414 725
686 725
57 728
384 732
246 733
623 734
287 734
408 736
93 736
741 737
113 738
542 738
161 738
214 739
421 739
761 739
36 741
212 741
174 748
308 750
862 750
54 750
578 751
601 751
686 751
108 752
280 755
720 755
589 755
656 756
716 757
60 757
156 759
806 761
453 762
423 762
13 763
934 766
339 767
640 767
819 767
145 768
855 768
445 768
420 769
248 770
542 770
560 771
49 772
91 773
865 775
393 775
685 776
331 777
668 777
844 778
224 781
250 782
395 782
277 782
758 784
162 785
298 786
850 788
465 790
537 790
445 790
269 791
43 793
349 793
100 793
11 796
250 796
538 796
952 796
976 797
527 798
78 799
211 801
301 801
162 802
908 804
592 804
984 808
927 809
792 810
715 811
330 811
833 815
895 815
927 815
963 817
270 818
749 818
294 819
745 820
72 820
294 820
489 822
359 825
305 825
198 825
549 827
286 828
248 828
711 830
656 834
739 835
289 836
8 837
319 838
445 839
526 841
613 842
95 842
943 844
67 844
757 846
131 847
784 849
617 850
628 851
254 851
109 853
772 854
636 854
435 856
240 860
406 862
714 862
779 864
146 866
254 868
155 869
722 869
931 870
18 871
109 873
446 874
97 875
138 876
287 876
16 876
349 877
948 879
218 879
827 880
849 881
439 884
264 884
844 884
513 885
698 887
298 888
96 889
373 890
326 891
218 891
584 891
644 892
720 892
855 893
993 896
229 896
426 897
539 897
772 897
640 899
294 900
579 900
908 902
953 902
997 904
352 904
957 906
378 907
897 909
560 909
49 909
216 909
810 910
180 910
675 911
562 911
390 912
579 912
517 914
298 915
813 916
685 916
75 916
165 916
180 917
559 922
304 923
156 925
566 926
746 927
963 927
961 927
278 929
179 930
831 930
776 931
591 931
716 931
821 932
715 932
508 934
51 937
264 939
595 939
481 940
38 940
322 942
435 942
676 943
232 944
546 945
91 945
820 946
598 946
878 946
98 948
289 949
852 952
788 952
630 952
808 952
127 954
248 955
270 955
789 955
425 956
483 956
989 962
398 963
669 964
1000 965
422 965
122 965
469 965
983 966
310 966
397 966
283 967
882 967
692 969
183 972
557 974
812 974
528 977
923 978
251 978
774 980
553 980
880 983
89 985
676 985
823 985
180 986
968 986
228 989
248 990
786 990
826 990
220 992
696 992
35 995
559 998
340 1000
