371
408 0
56 5
33 5
116 12
932 18
461 18
425 19
990 20
453 23
854 31
973 32
590 35
680 36
843 37
762 45
507 48
273 48
285 49
815 49
842 50
816 51
20 55
204 56
932 59
405 64
63 66
466 72
875 72
21 76
75 77
573 79
555 80
115 84
379 84
39 89
351 90
339 92
228 93
31 95
606 98
168 98
138 99
993 103
177 104
734 104
761 107
389 110
517 112
415 118
362 119
265 122
772 123
766 124
104 125
395 129
376 138
48 143
32 144
245 146
907 147
498 148
279 149
70 152
723 160
767 171
990 172
940 175
585 177
946 177
944 179
678 182
480 187
598 190
555 190
612 193
501 195
164 198
763 203
308 206
386 210
792 216
603 217
775 225
716 229
74 231
610 234
801 234
191 237
677 238
294 239
219 245
523 251
953 256
504 256
701 261
845 263
942 264
945 265
797 266
448 268
706 270
718 273
982 273
764 273
325 274
301 277
663 285
285 285
330 285
610 287
925 292
670 293
151 294
490 296
250 297
319 298
964 301
552 303
309 309
781 309
451 312
161 317
897 318
581 318
200 324
809 332
587 335
396 337
537 340
576 341
418 342
314 347
59 348
641 348
769 350
632 351
660 355
29 357
438 359
575 359
359 360
456 362
470 370
935 374
148 379
831 381
478 384
554 386
552 390
636 394
277 394
922 402
952 414
671 419
405 420
468 420
608 421
119 421
969 431
407 437
21 438
105 439
938 441
652 444
2 444
966 449
224 450
504 450
154 450
933 452
631 453
25 457
324 459
209 465
408 465
438 467
687 471
407 472
72 474
231 474
566 475
510 478
25 479
259 480
278 481
37 482
618 482
717 483
160 488
847 492
160 492
26 500
857 501
421 501
732 502
5 504
938 505
11 506
221 511
168 514
856 517
271 519
282 529
743 531
859 532
285 535
846 537
395 538
766 543
847 543
822 543
576 546
712 546
181 547
332 548
888 549
828 549
885 552
448 553
395 553
486 558
630 566
450 566
235 568
998 570
929 572
699 579
617 583
394 590
853 591
179 592
115 593
766 595
463 600
415 602
707 604
349 607
606 609
1000 610
299 610
121 610
99 615
78 619
742 619
48 621
506 623
105 625
268 629
311 631
878 632
813 634
773 635
944 649
809 653
75 659
1 662
105 664
389 664
969 665
461 676
16 679
597 679
420 688
204 688
866 689
477 691
52 692
382 696
885 698
500 699
968 702
450 717
225 723
3 727
663 730
520 732
73 732
12 732
844 735
685 741
634 743
253 744
268 745
125 753
951 755
474 760
883 760
141 761
378 764
853 766
155 768
183 769
375 769
919 772
830 772
338 773
116 774
468 781
428 786
95 801
260 803
688 806
342 808
395 808
985 814
48 819
946 822
937 822
382 822
416 825
519 827
166 827
920 828
602 837
530 838
238 838
923 849
195 851
487 855
716 855
876 863
166 868
629 868
117 872
298 874
905 876
239 877
443 885
298 886
74 889
874 890
283 893
839 896
823 901
180 903
224 907
708 910
450 913
544 914
732 914
838 915
724 917
354 921
85 926
442 928
857 929
549 929
492 930
683 930
827 945
106 947
313 949
890 952
706 956
635 962
270 967
539 970
726 972
492 972
676 973
543 975
605 976
394 979
59 979
617 980
833 980
940 980
924 982
907 985
332 994
847 999
