750
732 2
750 2
26 3
648 4
988 4
911 5
531 10
975 11
763 14
207 14
427 14
636 14
120 15
290 15
873 16
817 16
832 16
492 17
393 18
703 19
934 21
177 23
236 23
348 23
367 24
878 24
640 25
200 26
472 28
641 29
411 30
5 31
636 33
567 37
373 39
443 40
246 41
156 43
702 44
507 44
532 47
116 50
778 52
827 53
458 57
27 57
956 61
384 61
96 62
112 63
62 64
172 64
348 65
806 66
752 67
247 68
328 71
960 71
71 72
431 78
707 81
544 81
939 82
554 82
108 84
403 85
162 85
915 85
224 85
871 88
4 89
416 93
845 94
517 94
568 95
265 95
208 97
720 97
510 99
809 102
996 102
802 102
547 103
52 106
351 106
518 106
688 107
916 108
407 111
573 113
770 113
182 114
965 114
488 115
8 117
517 119
874 119
783 122
312 122
940 125
367 126
3 127
260 132
891 135
164 135
577 136
78 137
456 137
305 137
877 138
827 140
683 141
393 143
178 145
942 146
964 148
633 151
448 152
905 154
792 158
984 159
117 160
925 161
527 161
591 163
540 164
991 165
465 166
360 167
69 168
956 168
193 169
869 169
341 170
478 171
288 172
513 172
366 172
361 175
734 175
446 176
923 176
253 178
149 181
861 182
972 183
911 183
436 184
237 185
447 187
314 187
5 190
346 192
30 193
355 194
286 198
88 198
607 198
252 201
79 201
347 202
520 203
609 206
61 207
162 208
50 209
931 210
168 211
674 213
76 214
447 215
997 215
634 216
680 218
935 220
57 221
221 221
843 222
99 223
830 224
829 226
797 227
582 229
274 233
232 234
381 234
470 240
938 246
991 247
124 247
706 248
167 249
829 253
460 258
88 259
491 260
55 260
767 265
22 265
266 268
978 269
263 270
227 273
379 274
894 276
35 276
174 276
31 278
502 279
72 279
456 279
318 279
826 280
845 282
851 284
873 284
579 285
734 287
158 287
284 288
818 289
396 291
843 293
580 294
811 294
926 295
45 295
275 297
825 297
515 297
892 301
384 301
542 303
771 306
856 306
171 307
370 308
380 309
230 309
546 311
81 311
748 313
204 313
258 314
541 314
253 316
203 317
538 317
192 319
835 320
149 327
412 330
426 335
306 338
329 340
474 341
229 342
822 344
543 344
75 346
325 347
557 347
69 348
262 349
300 349
247 351
949 354
746 355
508 355
850 356
396 358
484 359
622 359
988 361
718 362
219 364
998 365
190 366
467 368
587 370
98 370
67 371
44 375
52 376
648 377
989 377
95 377
727 378
815 380
274 382
42 382
727 385
270 385
416 386
272 386
194 390
900 390
457 395
100 398
596 401
194 403
32 410
241 410
409 410
58 410
290 411
784 415
773 415
179 418
479 419
473 419
222 420
755 421
377 422
457 423
376 424
918 426
675 431
235 431
11 431
306 433
822 433
234 434
90 436
266 441
240 442
811 443
118 444
351 446
57 450
265 450
382 451
393 452
895 454
30 454
262 457
684 459
583 460
223 460
125 463
2 464
444 465
147 467
777 468
756 468
305 468
493 471
842 473
274 474
4 474
684 474
867 475
220 475
9 477
452 478
184 479
930 482
168 483
41 484
159 484
481 486
379 486
547 487
261 487
993 488
756 490
342 491
860 491
498 493
634 494
582 494
602 496
612 499
272 501
790 502
834 502
225 503
907 504
949 505
37 505
463 506
606 506
190 506
190 506
709 509
858 512
170 513
487 513
754 515
820 517
305 522
37 523
305 523
696 528
311 529
902 532
800 538
447 539
50 543
166 543
328 545
79 545
781 546
964 547
679 550
365 552
746 553
158 555
836 556
819 556
850 556
486 557
86 557
26 558
369 559
91 559
273 559
31 560
306 561
924 562
649 563
332 564
345 565
867 567
339 569
127 569
115 572
616 578
47 579
112 579
371 581
737 582
474 582
496 583
796 584
532 584
2 584
664 587
169 587
666 589
135 589
56 590
848 590
542 591
171 593
510 593
750 593
618 594
516 594
752 597
842 603
714 605
953 606
532 606
203 608
728 609
999 610
461 611
871 612
654 616
592 616
942 616
228 620
913 623
693 623
979 623
67 624
233 627
253 627
894 627
496 628
649 630
442 631
275 632
197 634
743 634
198 635
949 635
324 636
173 636
443 638
135 641
922 643
838 644
666 644
97 645
248 645
124 649
210 650
832 651
478 651
390 652
554 652
45 653
370 654
605 654
631 657
942 657
872 658
704 659
201 659
538 659
856 660
96 661
313 662
811 664
377 670
665 673
657 673
453 675
351 676
95 680
10 682
636 683
338 683
653 683
701 684
519 684
848 689
967 690
290 692
654 692
549 693
498 695
666 696
48 697
349 697
192 697
119 698
177 699
803 700
404 701
102 701
383 702
709 705
751 706
584 707
37 707
108 709
39 712
405 712
854 714
685 716
180 717
741 720
65 721
990 722
715 722
255 724
730 725
14 727
778 727
577 727
377 729
385 731
624 732
272 734
504 734
693 736
21 738
470 740
993 740
646 742
874 744
799 746
2 747
461 751
92 753
885 753
109 754
705 757
526 760
150 762
94 762
241 762
967 764
876 766
842 767
130 769
348 770
356 771
256 773
163 775
93 776
301 777
975 778
11 778
768 779
803 779
726 780
255 781
759 781
809 783
504 783
552 785
628 785
765 786
936 787
303 791
873 793
99 795
261 796
417 797
37 798
838 799
266 800
851 801
804 803
152 804
634 804
292 806
673 808
851 809
222 810
175 812
194 816
179 818
749 821
197 821
31 822
798 824
170 824
9 825
60 828
204 829
66 830
419 831
415 834
511 838
116 838
704 840
671 840
787 841
1000 844
468 844
895 846
826 848
870 848
324 849
328 849
800 849
2 850
752 854
871 857
718 858
980 858
81 859
480 860
434 863
407 864
778 866
691 869
888 870
710 871
149 874
38 874
667 875
921 875
907 875
418 876
383 877
30 880
981 883
108 883
257 884
88 884
312 886
152 886
827 889
700 890
479 892
502 894
244 894
618 896
145 899
131 902
664 902
299 903
629 903
750 903
885 904
604 905
622 906
781 908
582 912
691 915
355 916
206 916
335 917
189 919
618 921
816 924
379 926
264 927
260 928
698 929
548 930
446 931
296 931
716 933
450 934
683 934
422 934
771 941
988 942
663 943
687 945
956 946
946 947
525 948
344 950
913 954
806 961
197 961
157 963
27 965
503 965
369 966
341 967
517 967
925 967
687 968
154 969
434 969
125 970
310 971
249 971
168 973
592 974
930 977
131 978
712 980
460 981
278 983
612 983
18 985
617 985
538 986
800 986
209 986
822 988
899 991
493 991
897 993
875 994
24 994
190 996
745 997
307 998
530 998
