1000
32 1
432 5
721 6
108 9
71 9
214 11
460 15
981 16
854 16
906 16
699 17
147 17
33 17
222 20
827 20
222 20
351 20
192 21
818 23
982 24
486 25
380 25
862 26
626 28
391 29
345 29
24 29
271 29
957 30
669 31
209 31
952 31
459 35
90 37
607 43
9 44
849 44
54 46
247 46
964 46
938 46
256 47
366 51
547 52
492 53
325 53
996 55
516 56
413 57
964 58
779 58
379 59
339 59
791 59
311 60
711 61
715 62
939 62
725 63
559 63
457 65
868 65
720 66
200 66
99 67
304 69
543 69
171 69
624 76
462 76
517 76
933 76
339 77
220 78
620 78
835 79
569 79
680 79
122 83
729 83
321 83
983 87
846 88
722 88
130 90
770 91
403 92
494 92
119 94
176 94
565 96
196 96
192 97
836 100
364 103
966 103
900 103
63 104
309 106
856 106
787 106
333 108
8 108
989 108
992 109
454 110
978 110
825 111
646 112
533 112
555 112
455 112
523 113
525 115
280 117
139 117
708 118
404 120
154 120
930 121
619 122
437 122
783 122
3 124
262 124
955 127
542 127
410 128
121 128
293 129
968 130
603 131
333 131
239 132
226 132
108 133
891 133
565 135
376 136
748 137
307 139
258 140
871 141
782 142
118 142
929 142
204 142
390 143
326 146
348 148
721 148
426 149
333 149
870 150
496 150
999 151
708 153
677 154
331 155
559 157
408 157
403 157
702 158
819 159
268 160
107 161
645 163
842 163
945 165
974 165
15 165
585 166
290 170
827 171
467 173
616 174
787 175
990 176
380 176
192 178
484 178
945 179
302 179
975 179
108 181
663 181
297 184
486 186
717 187
356 188
83 188
264 189
577 190
743 191
312 193
474 194
819 195
882 195
251 196
186 197
430 199
765 200
724 201
700 203
7 203
101 203
39 205
418 207
885 207
732 208
359 208
661 211
783 211
873 212
373 212
906 212
749 213
648 213
276 214
138 215
235 217
121 218
620 219
518 221
396 223
398 224
374 225
552 226
596 226
745 228
342 228
380 229
815 230
287 232
20 239
460 242
400 242
468 243
458 243
679 245
493 246
28 247
100 248
212 248
849 250
535 251
57 251
314 251
526 251
4 251
747 253
334 253
869 254
605 257
934 258
908 259
773 259
412 260
624 260
787 261
271 262
706 262
673 263
208 263
989 265
33 265
900 267
763 269
745 269
317 270
920 270
728 270
41 271
30 272
771 272
806 274
245 275
63 276
691 279
940 279
631 279
926 282
714 283
823 283
417 284
910 288
857 289
581 290
445 291
74 292
640 292
215 292
268 292
631 293
631 293
471 296
330 296
923 299
931 300
657 301
388 301
154 303
619 304
372 304
523 305
694 308
517 308
708 309
778 309
73 309
336 309
439 310
758 311
500 311
239 312
159 312
462 312
136 313
184 314
978 315
172 315
400 316
765 318
319 318
518 320
190 320
224 320
24 322
847 324
53 324
89 325
514 325
949 326
263 326
436 328
646 328
723 329
677 329
394 331
875 331
677 332
358 332
70 333
987 333
984 335
404 336
946 337
40 337
438 338
976 338
809 341
359 345
265 345
634 346
312 347
773 348
924 349
883 350
125 352
272 352
84 353
132 354
237 355
239 355
76 355
198 356
531 356
794 360
802 361
581 361
73 361
962 362
38 363
151 363
343 363
244 363
924 364
86 364
716 364
6 365
671 366
112 367
794 367
116 368
40 369
691 369
363 369
889 371
644 373
418 375
929 378
679 381
925 382
450 382
873 384
682 385
121 385
638 387
689 388
712 388
169 388
582 391
564 391
804 391
522 392
559 392
555 394
520 394
450 394
589 397
480 398
232 399
368 400
574 400
942 402
702 402
99 403
116 403
947 404
861 405
256 405
431 408
130 408
469 408
391 409
487 410
853 412
314 412
875 413
161 413
843 414
198 418
133 418
901 418
175 418
468 420
449 420
382 422
296 422
131 423
310 423
927 424
716 424
470 425
75 425
443 426
729 428
448 428
85 429
506 430
386 430
272 433
495 434
804 434
747 434
675 434
288 434
88 435
729 437
450 438
253 438
731 439
807 440
303 440
462 441
130 441
783 442
684 443
55 450
749 451
172 452
443 453
561 453
437 453
845 454
467 455
382 458
722 459
121 459
890 463
845 464
835 464
876 465
382 466
544 466
742 466
184 469
254 469
479 469
174 471
661 472
876 477
211 477
189 478
306 478
508 479
290 479
913 479
877 479
662 480
858 486
563 486
656 487
729 489
615 489
144 489
573 489
125 490
608 490
898 491
195 493
907 494
451 494
754 496
717 496
414 497
54 500
48 500
805 500
517 500
457 501
984 503
794 503
553 503
938 503
658 503
293 504
710 505
728 506
309 509
46 515
390 518
303 520
148 520
643 521
725 521
956 521
998 522
621 524
232 524
446 524
91 525
866 532
463 533
877 535
862 535
630 537
899 537
129 538
224 538
818 539
698 540
195 540
293 542
451 542
543 543
236 544
522 544
327 545
784 545
427 545
511 546
575 547
867 547
99 547
761 550
211 551
918 552
568 552
413 553
37 553
479 554
756 554
224 556
742 559
203 559
402 561
502 561
758 561
766 563
814 564
288 565
470 565
75 566
11 571
570 576
294 577
454 579
749 581
810 582
606 584
855 584
517 584
346 589
659 590
963 590
206 591
695 594
111 595
696 595
386 596
395 598
780 598
49 598
131 598
883 598
399 598
458 600
354 601
596 601
497 603
680 605
220 605
684 606
441 608
334 608
205 608
110 608
381 608
549 609
931 612
342 613
586 614
365 616
80 616
860 617
904 618
831 619
723 619
892 619
788 620
840 621
252 621
294 622
617 624
810 627
396 628
611 628
427 629
280 629
140 629
942 630
82 630
977 631
447 631
126 633
333 633
910 633
602 634
859 634
746 635
448 635
1 636
458 636
532 636
288 638
408 638
295 638
963 638
72 639
201 642
229 647
337 647
131 647
506 649
558 650
886 650
118 650
352 652
730 652
433 653
110 653
594 654
743 655
168 656
249 659
25 660
344 660
748 660
206 665
944 666
806 669
689 670
996 675
510 677
935 677
973 678
139 680
806 682
199 683
330 683
10 686
536 686
458 687
706 688
134 689
364 689
184 691
963 692
946 694
934 695
883 697
96 698
910 700
23 700
894 700
747 701
487 701
907 701
15 703
580 706
31 708
386 709
373 709
293 711
618 713
172 714
28 715
372 716
473 717
772 717
380 717
142 718
405 719
491 719
193 721
902 722
551 722
240 723
863 725
508 726
824 727
945 727
121 728
270 729
232 730
331 730
69 731
817 733
603 733
194 735
447 736
301 738
245 738
508 740
823 743
641 744
415 744
564 745
666 746
55 747
679 749
493 751
236 751
812 752
178 752
275 753
84 757
236 759
613 759
452 759
279 759
536 762
300 762
868 763
884 764
788 764
93 765
830 767
413 767
30 768
284 769
93 772
880 773
515 774
357 775
23 777
709 777
233 779
470 780
922 781
325 781
710 781
55 783
420 784
449 787
137 787
622 788
976 789
876 791
820 792
790 793
339 793
515 795
455 796
100 796
649 797
206 798
357 798
625 799
539 800
80 800
596 804
554 805
131 805
857 806
1 806
9 808
876 808
536 809
670 811
467 811
451 813
381 814
823 815
384 815
950 816
653 817
451 818
909 819
139 820
71 821
448 823
771 823
8 823
605 823
489 823
171 826
186 829
964 829
910 831
520 831
155 832
259 832
745 835
784 835
678 836
935 837
505 839
966 841
105 841
73 841
988 844
893 844
660 845
462 847
656 849
411 850
54 853
315 854
286 858
995 858
204 860
726 861
774 861
904 862
971 863
752 863
759 865
287 866
998 867
228 867
524 870
855 870
312 870
717 872
491 873
540 874
516 874
36 875
496 875
138 875
271 877
40 879
51 879
288 879
77 880
45 881
568 881
109 882
62 882
588 886
814 887
529 888
289 890
300 891
231 892
746 893
976 893
591 894
905 897
220 898
770 898
967 901
181 902
415 902
917 903
413 905
119 907
370 908
438 909
910 909
479 909
960 910
681 912
240 913
710 913
15 913
183 913
759 914
184 914
36 915
590 916
167 918
611 920
255 920
917 921
312 922
132 923
696 924
760 924
421 924
370 925
627 927
850 927
929 927
204 928
334 929
389 929
317 930
548 932
590 932
961 932
770 933
995 934
740 935
743 937
62 937
62 939
538 940
790 941
297 941
169 942
576 943
853 943
759 943
527 946
646 949
364 951
927 951
543 951
715 951
650 954
947 955
191 955
734 955
451 956
881 956
392 957
767 961
548 961
97 961
327 963
990 963
270 964
488 967
766 968
219 969
455 971
176 971
582 972
509 972
397 974
321 975
805 976
939 976
318 976
357 977
584 978
867 981
20 981
536 982
265 983
480 984
730 985
524 985
153 986
664 986
999 987
51 987
883 987
628 988
411 990
289 991
737 994
920 995
161 996
112 998
194 999
591 1000
