1000
820 0
563 0
479 4
448 4
928 7
207 7
598 8
514 10
28 11
706 11
313 11
714 12
228 12
891 14
992 16
471 16
310 17
782 17
101 20
949 21
153 22
102 23
629 25
958 26
454 28
493 28
97 30
156 30
640 32
385 33
979 34
382 35
632 35
618 35
247 36
413 37
640 37
390 37
174 39
822 39
930 39
640 40
128 40
34 40
57 40
404 41
310 42
926 42
446 43
900 43
166 43
969 44
283 44
230 46
903 48
619 49
164 50
371 50
388 50
564 52
969 52
135 54
824 55
862 55
210 57
632 57
359 58
918 58
524 64
163 66
108 67
101 68
147 70
786 71
118 71
375 73
938 74
412 76
936 77
932 77
334 77
307 78
880 78
867 79
278 80
469 80
821 81
404 81
648 84
873 85
278 86
16 87
766 87
958 89
980 90
29 90
454 91
290 92
926 92
724 92
736 93
247 93
545 94
913 94
826 94
879 96
151 97
589 97
39 97
761 98
479 99
900 101
86 101
386 102
711 103
613 103
561 104
595 105
260 105
787 105
973 105
623 109
784 109
891 111
465 111
978 114
472 115
747 115
673 116
538 118
596 119
777 119
974 120
652 122
347 123
124 123
361 123
239 124
816 124
152 125
367 126
317 131
510 132
449 134
490 135
133 136
831 137
646 138
523 140
471 140
350 141
437 141
243 142
23 145
387 146
179 147
415 147
921 148
703 148
831 149
120 149
8 150
372 150
316 150
625 151
245 151
550 153
71 153
594 154
718 156
819 157
793 157
69 158
286 161
426 161
508 162
875 164
625 166
34 166
514 166
34 166
771 168
213 168
488 168
994 169
123 171
283 174
887 175
126 175
29 176
873 176
72 176
18 176
59 177
423 178
252 178
121 179
952 179
842 179
236 181
840 181
90 181
875 182
721 182
413 183
684 183
929 185
644 188
427 188
117 188
907 189
734 189
571 190
731 190
103 191
312 192
436 194
119 195
41 196
744 197
80 198
77 202
131 202
878 204
612 204
649 205
491 205
629 206
506 207
177 207
881 208
262 208
543 208
705 211
78 211
33 214
774 216
271 216
99 217
175 217
499 218
524 218
132 219
766 220
467 220
474 221
186 222
227 222
896 223
749 224
651 224
302 225
210 225
130 225
700 225
312 225
586 225
843 226
953 227
422 228
146 229
74 229
563 230
958 233
771 233
1 234
873 234
618 235
884 237
364 237
620 238
679 238
998 238
473 239
127 239
998 241
672 242
505 244
71 246
658 247
694 248
831 249
350 249
929 249
139 252
372 252
198 256
322 258
817 258
410 259
527 260
324 261
496 262
978 265
982 265
384 265
223 266
473 268
605 269
282 269
787 270
287 271
155 272
268 275
197 276
571 277
123 277
318 280
903 280
319 281
257 281
756 281
405 282
169 283
350 283
765 286
111 287
816 287
290 288
749 288
356 288
917 288
586 289
297 291
483 291
989 292
635 293
842 293
292 293
273 294
576 296
591 297
669 299
644 302
691 302
558 304
868 304
140 307
966 308
7 309
493 311
55 316
686 318
716 319
773 321
877 322
966 322
214 323
729 323
235 324
505 325
889 326
111 326
560 326
12 328
492 329
617 330
349 331
43 332
892 336
364 336
544 336
548 337
475 340
579 340
262 340
776 340
554 342
219 343
65 343
508 343
800 344
270 344
446 344
831 346
951 347
346 349
391 349
912 350
423 350
968 350
303 351
433 352
455 353
710 353
862 353
54 354
272 354
235 355
534 355
904 356
165 356
801 357
481 357
287 359
746 361
167 362
732 366
728 366
761 367
136 370
205 370
338 372
305 375
563 375
593 377
128 377
66 379
668 380
782 381
468 381
737 382
24 384
651 385
974 385
910 387
528 387
77 387
307 387
682 388
850 388
248 390
834 391
383 391
911 392
140 392
277 392
670 393
482 393
123 393
106 396
833 397
6 398
414 400
421 401
92 401
414 401
523 401
701 406
942 407
139 407
162 408
629 410
796 415
849 417
360 417
903 417
634 417
885 417
239 418
916 418
134 420
619 420
850 421
443 424
626 425
368 426
829 427
103 427
911 429
527 429
180 429
595 430
28 430
31 433
239 433
140 434
712 435
416 435
213 436
975 437
908 437
657 437
456 439
697 439
607 439
484 443
704 443
732 444
266 445
348 447
242 447
278 448
803 450
825 450
832 451
326 452
304 452
903 452
392 452
499 454
22 455
957 456
636 456
539 459
542 463
480 464
595 466
871 466
421 467
790 467
161 467
270 468
177 470
161 472
190 472
531 472
94 473
70 474
320 476
668 477
968 478
296 478
77 479
594 482
952 485
447 488
613 488
910 489
638 489
386 489
959 491
384 492
845 493
690 493
108 495
154 495
461 500
862 502
563 505
63 505
277 505
838 509
638 513
1 517
47 518
570 519
642 521
921 522
355 522
800 526
527 529
950 530
576 531
184 531
739 532
883 532
271 533
330 534
355 535
181 535
399 535
24 537
887 538
90 540
967 542
909 542
330 543
742 544
199 544
775 545
918 546
556 546
636 547
17 548
152 548
612 549
178 549
239 549
826 550
980 551
292 551
667 553
319 555
467 557
382 558
554 559
462 560
177 561
399 562
98 566
365 566
647 566
65 567
716 568
90 570
855 573
553 574
639 574
122 575
281 577
620 577
639 578
8 578
636 580
578 581
296 582
742 583
240 584
850 584
357 585
647 587
893 588
262 593
461 594
740 595
976 597
583 597
698 597
941 597
817 598
196 598
993 599
319 599
782 599
793 602
787 602
349 602
814 603
548 604
318 604
554 604
680 605
252 606
137 606
540 608
951 609
558 610
492 610
901 611
137 616
432 617
220 617
675 619
511 619
534 620
606 620
378 623
924 624
100 625
94 629
283 631
159 632
15 633
665 634
223 636
741 636
751 638
991 642
315 642
477 644
47 645
758 649
976 649
767 650
33 652
764 653
604 655
970 656
63 656
485 656
220 657
305 657
883 659
378 664
765 666
811 668
23 668
153 668
722 669
123 670
444 672
273 673
655 675
168 677
284 677
941 678
227 679
855 680
799 680
813 682
737 682
326 683
818 683
263 684
690 685
284 685
902 687
425 688
719 688
945 689
324 690
230 690
868 692
346 693
672 694
476 695
234 698
779 699
769 699
760 701
984 702
860 705
987 707
331 707
558 708
156 710
201 711
694 712
828 712
131 713
119 713
142 715
893 715
146 716
391 717
175 719
180 720
914 720
105 721
356 723
767 727
568 727
64 728
358 729
368 729
747 729
764 729
683 730
905 731
960 731
844 732
426 733
832 737
822 737
569 738
402 742
826 745
115 746
804 750
16 750
265 751
909 751
322 751
390 752
403 753
710 753
771 753
541 754
693 754
310 754
758 754
133 755
464 755
892 756
143 757
282 758
506 759
595 759
106 761
447 762
370 762
481 763
331 764
684 764
631 764
268 765
476 765
41 766
263 766
236 767
754 768
947 771
751 771
873 772
171 772
90 772
613 773
881 774
548 775
570 776
214 777
477 779
748 780
367 780
8 780
354 780
203 781
736 781
182 782
338 783
960 784
116 785
667 786
456 786
862 786
61 786
504 787
942 788
758 790
839 790
393 793
710 794
569 795
455 795
633 795
885 796
28 796
998 796
548 797
813 797
992 799
276 800
465 801
868 803
103 804
824 806
291 806
570 808
939 808
363 809
749 810
452 811
822 812
401 812
238 813
442 813
434 813
173 814
320 814
621 815
324 815
867 815
691 817
334 823
796 823
738 824
972 825
193 825
281 826
652 827
441 828
700 828
361 829
519 831
285 832
154 832
511 835
108 835
912 835
554 837
697 837
574 838
407 838
308 839
470 841
736 842
911 842
148 843
477 843
329 843
258 843
622 843
594 845
788 845
171 845
905 848
921 853
274 853
502 854
623 855
791 855
27 855
936 855
591 856
912 856
695 856
904 856
478 857
326 858
37 859
484 861
513 861
705 863
88 867
144 868
961 870
437 872
661 873
519 875
176 875
914 876
324 878
394 879
475 879
535 880
267 883
218 884
443 885
920 887
989 888
109 890
27 892
927 895
118 895
803 897
996 897
192 898
295 898
969 898
125 900
984 900
372 900
93 903
977 904
246 905
825 907
839 908
246 908
942 908
958 910
507 910
97 910
68 911
1 911
721 912
820 912
743 913
999 914
259 914
405 915
394 916
195 917
649 917
526 921
729 923
307 925
962 928
745 929
518 930
284 930
911 931
826 933
282 938
532 938
896 939
829 940
964 940
825 941
470 943
408 944
129 944
831 947
238 951
762 952
640 955
535 955
177 958
22 960
42 960
805 963
742 964
274 964
899 965
707 967
901 968
337 969
498 969
561 969
257 970
560 972
117 974
669 974
472 974
379 974
768 974
641 978
730 980
864 980
107 983
704 983
111 985
887 985
101 985
286 986
275 987
331 988
30 988
455 988
951 991
4 991
965 991
425 992
126 993
972 993
965 993
513 993
478 994
860 996
86 998
