1000
182 0
444 1
601 1
808 5
671 5
39 5
148 6
824 7
832 8
962 8
110 11
316 12
669 14
332 14
929 17
496 17
628 18
163 18
591 19
719 19
240 19
388 20
20 22
977 23
225 25
60 25
919 27
862 28
372 28
251 29
310 31
65 31
734 31
578 32
778 32
276 33
705 38
668 40
238 40
748 41
134 41
619 42
469 43
351 47
246 47
212 47
505 48
720 49
735 49
25 51
132 52
592 52
221 54
578 54
216 54
989 55
902 57
963 58
413 58
393 58
583 60
77 61
948 63
547 65
323 65
863 67
825 68
316 69
184 73
337 76
900 78
687 78
931 80
489 80
428 80
20 81
478 82
63 83
373 85
162 85
6 88
76 88
767 89
411 90
96 91
880 92
364 93
976 94
890 94
299 101
908 101
736 101
903 104
581 108
870 108
737 109
238 110
280 111
338 115
646 116
934 117
363 118
612 122
428 124
889 124
259 127
802 128
672 129
589 130
207 132
616 133
686 135
786 135
56 136
426 139
330 139
825 139
103 139
26 140
230 141
853 142
674 144
715 145
641 146
602 149
816 150
804 150
24 151
510 152
793 152
661 152
54 153
753 153
825 153
223 154
286 154
573 154
763 154
627 154
75 155
722 155
991 156
167 156
235 156
263 157
364 157
695 157
294 161
363 162
625 164
603 165
783 165
890 166
394 166
10 168
735 168
30 169
681 171
551 171
399 171
497 172
229 172
518 174
605 174
564 176
5 176
65 177
610 178
621 178
779 178
534 179
789 179
172 180
897 180
807 181
189 182
36 184
189 184
101 184
186 184
658 185
168 185
16 185
46 186
252 186
496 188
989 189
605 189
236 190
751 190
29 191
732 193
308 194
388 196
402 196
326 197
312 198
898 199
921 200
386 202
501 203
268 205
577 205
238 208
167 210
903 211
227 215
615 216
553 217
776 218
102 219
191 220
776 221
660 221
841 222
455 223
394 225
516 226
832 226
922 227
636 229
985 229
247 233
274 234
84 236
936 237
689 238
31 239
993 240
737 242
675 242
669 242
36 243
143 244
329 245
84 245
523 245
647 246
107 248
497 249
557 250
130 251
772 252
745 253
293 257
335 257
284 259
503 259
291 259
883 262
372 263
633 264
741 266
657 268
849 268
998 271
588 271
11 272
93 273
34 276
161 277
419 277
296 277
782 279
934 280
269 280
279 281
609 281
566 282
761 284
565 285
739 287
858 288
942 288
161 289
216 291
52 291
614 291
901 292
878 294
798 294
524 295
258 296
121 296
132 297
248 298
39 299
386 301
697 302
710 302
345 303
451 303
405 304
293 304
641 306
160 309
216 311
801 312
628 314
62 318
143 319
854 319
466 319
483 324
821 325
701 328
447 329
517 331
375 331
223 332
545 333
48 333
84 334
718 334
88 335
162 335
785 337
87 338
3 338
185 339
634 340
144 341
596 342
171 343
833 343
791 346
170 347
456 347
820 348
935 349
745 351
437 352
382 353
378 355
554 356
784 356
179 357
429 358
513 358
159 359
188 359
806 360
99 360
207 361
787 364
173 365
917 367
552 368
382 371
970 371
391 373
762 374
807 374
627 375
823 375
745 375
59 375
267 375
858 375
201 375
311 377
147 378
397 378
118 378
168 379
146 379
523 379
247 380
155 381
881 381
91 381
122 382
217 382
937 382
96 383
946 384
646 384
674 384
116 385
643 385
697 385
399 387
38 388
733 390
62 391
910 391
206 392
175 395
296 395
379 396
900 397
531 397
439 397
760 400
854 405
974 405
600 406
291 406
399 408
507 412
51 418
79 419
690 421
338 421
392 424
804 427
395 428
577 428
615 428
941 429
301 429
333 429
442 429
701 429
166 430
623 431
676 435
658 438
828 439
137 439
892 442
706 443
92 443
576 443
377 444
340 446
969 446
499 447
108 448
32 448
490 450
134 450
985 452
642 453
773 453
26 453
21 454
152 454
948 456
79 456
259 456
775 458
723 460
409 460
958 460
376 461
943 461
4 463
992 464
926 466
618 468
924 469
141 470
932 470
840 472
805 472
925 475
723 476
407 479
201 479
308 481
706 481
297 481
784 481
272 482
185 483
246 484
160 485
26 486
398 486
650 486
276 487
565 487
547 490
548 491
779 491
475 492
311 494
454 494
766 495
26 495
701 496
441 496
178 497
703 497
681 499
737 501
574 504
926 505
219 506
430 508
342 509
31 510
99 510
644 512
247 513
944 514
320 514
729 515
873 515
228 516
268 519
783 519
122 520
403 522
258 524
235 527
163 527
310 527
849 528
722 528
520 529
61 529
135 529
746 530
522 531
656 532
740 533
890 533
300 533
64 534
641 535
706 538
880 539
678 541
479 542
7 542
101 542
816 542
270 543
396 544
462 544
181 545
148 545
766 546
714 547
687 547
16 548
632 548
612 549
208 550
631 550
557 550
909 551
760 553
390 553
61 554
135 554
962 556
879 557
931 559
827 561
261 563
502 564
92 565
222 567
473 568
63 568
841 568
252 569
318 570
641 574
494 574
160 574
829 575
604 576
490 576
446 577
178 579
381 579
173 579
601 581
979 582
558 583
120 583
328 584
390 585
12 585
759 585
782 587
665 587
351 587
875 588
473 589
727 593
851 593
521 594
60 596
176 597
89 599
958 600
51 601
428 604
771 605
509 605
62 606
812 606
174 606
964 606
434 607
191 608
405 611
438 612
559 613
7 614
770 614
207 615
223 616
730 616
91 617
871 617
124 618
986 619
486 619
719 620
199 621
381 624
665 626
162 628
883 629
64 631
972 634
958 634
328 635
969 635
100 636
243 636
798 637
978 637
624 637
93 640
629 641
319 642
69 644
211 644
824 645
551 645
321 646
611 650
544 651
894 651
299 652
774 652
888 655
423 657
569 657
578 657
696 659
226 662
737 663
146 665
348 665
134 666
610 667
242 667
747 667
568 668
793 668
787 668
752 672
35 674
754 675
156 675
310 676
193 677
134 678
150 678
628 681
539 682
736 684
450 684
682 684
88 684
297 684
325 685
196 687
529 689
227 689
829 692
333 693
20 694
151 694
401 695
452 695
970 696
23 698
776 698
796 699
85 700
953 700
823 702
143 702
642 705
367 706
527 707
311 707
77 709
306 710
34 711
42 714
166 715
95 716
331 717
483 719
861 719
803 719
533 720
449 721
534 721
574 722
352 722
703 723
122 724
544 724
222 727
419 727
248 728
432 728
82 729
105 729
894 730
131 730
752 730
351 730
825 731
642 732
412 733
138 733
738 734
705 734
869 735
266 735
246 736
779 739
682 740
371 741
533 741
842 741
904 743
565 743
642 744
701 747
576 748
645 749
277 751
414 751
235 751
268 751
60 752
126 756
881 756
901 757
968 759
721 759
442 760
917 761
108 762
949 763
932 764
134 765
296 766
306 768
389 768
204 768
118 768
782 769
930 769
794 770
1 771
780 773
575 776
225 777
449 778
942 779
552 780
907 780
560 781
63 781
441 783
559 784
611 787
404 787
924 787
18 787
175 788
369 790
918 790
214 790
401 791
157 792
736 793
743 794
908 795
649 795
757 797
932 797
50 798
934 798
117 798
416 799
381 800
125 800
91 800
134 804
637 804
91 806
971 806
263 810
510 810
678 810
192 811
304 811
342 812
72 813
864 814
349 815
493 816
863 816
590 818
432 819
966 820
874 822
63 823
918 826
740 829
386 830
649 831
218 832
425 835
888 836
649 837
180 839
883 839
342 840
942 840
178 840
18 842
279 842
730 843
210 843
791 844
613 845
575 846
818 847
907 847
201 850
190 850
594 852
768 854
893 854
278 856
251 858
638 858
763 859
284 860
908 861
253 862
954 863
793 864
761 866
572 866
673 866
203 867
160 868
429 869
199 870
594 870
345 874
353 877
619 878
657 878
112 879
522 880
88 880
624 882
907 882
938 883
403 884
462 884
819 885
915 889
850 890
77 890
788 890
819 890
847 891
720 893
783 894
563 894
207 895
952 896
57 897
297 897
586 897
8 898
462 899
389 900
242 901
578 901
895 902
362 903
611 903
239 907
120 907
71 908
53 909
208 911
279 911
505 912
404 912
858 915
341 915
929 917
596 918
922 921
53 921
755 921
168 921
939 921
529 923
945 923
698 923
564 924
387 925
890 926
187 927
882 928
909 928
24 929
971 929
602 931
147 933
823 934
501 935
420 936
584 938
859 939
683 940
422 940
621 940
765 942
628 942
422 943
834 944
689 945
909 946
425 951
546 952
328 953
246 956
610 957
602 960
873 960
720 962
391 962
218 962
644 962
820 963
472 963
377 965
112 966
182 966
420 969
855 969
630 969
373 971
493 971
975 971
536 972
9 972
18 973
471 974
219 976
597 978
330 978
254 979
95 980
457 981
845 982
844 982
744 983
597 985
391 985
357 987
627 987
593 990
137 990
948 990
163 990
600 990
875 991
631 992
951 992
973 992
504 995
500 996
556 997
7 998
5 999
479 1000
