283
875 1
626 2
206 20
968 22
834 34
489 35
884 35
967 42
38 43
66 49
859 51
251 54
262 60
211 60
156 64
518 72
377 76
731 77
825 81
151 82
585 92
617 103
289 112
289 116
421 119
217 122
688 128
740 128
673 129
688 129
681 132
206 133
223 133
891 139
526 142
540 142
825 147
231 147
337 153
188 155
631 155
636 159
874 160
13 161
257 176
411 176
842 178
104 180
790 186
363 193
446 194
343 197
470 201
26 205
979 208
568 210
291 215
778 217
276 219
503 226
981 229
288 231
594 235
528 238
245 247
291 249
613 249
747 262
233 262
41 268
100 275
326 276
29 277
482 286
902 289
448 291
479 294
288 299
388 309
730 310
281 311
591 311
766 315
464 319
418 320
690 324
210 325
427 329
100 331
727 332
334 335
927 337
328 339
864 340
128 343
485 345
49 351
355 351
570 353
126 368
397 373
769 375
953 376
525 383
795 383
929 384
771 384
538 387
57 390
483 390
243 391
944 394
126 398
555 403
592 405
343 406
817 407
43 408
790 409
68 413
344 415
930 419
648 421
623 422
56 424
650 424
691 428
964 435
781 439
753 443
61 446
936 450
461 455
535 457
577 458
558 459
326 459
192 460
692 461
27 464
315 470
810 471
868 481
945 492
935 494
93 495
795 503
647 506
112 508
196 510
577 515
46 524
241 525
884 531
335 534
848 537
465 537
256 538
761 538
135 542
854 555
742 555
917 560
963 561
273 562
813 569
765 574
550 577
361 579
461 579
344 586
206 588
37 593
826 593
752 598
1 600
899 602
374 605
484 606
507 612
197 614
102 618
643 621
851 621
632 625
456 626
784 628
287 633
834 637
184 638
521 639
699 639
67 639
907 642
219 643
562 651
704 656
347 660
190 661
315 661
970 662
511 666
806 667
44 674
35 678
295 683
701 687
52 691
144 697
74 697
702 703
256 715
699 716
905 719
863 721
701 722
790 723
555 735
262 739
687 741
558 754
370 762
835 765
729 772
599 790
278 798
277 799
491 808
369 810
372 811
102 815
163 817
526 823
937 834
469 835
852 836
96 840
588 844
402 854
41 856
860 857
62 858
549 860
776 862
949 866
700 866
135 867
739 867
773 868
228 871
864 875
442 878
41 882
732 885
761 889
490 891
200 897
73 898
211 901
199 907
874 911
435 912
681 912
286 917
813 930
975 940
933 940
594 942
4 947
311 949
3 951
715 951
539 957
948 961
508 963
996 966
703 970
704 973
819 993
41 995
529 996
895 997
983 997
