693
912 0
710 1
762 2
411 5
74 10
564 10
192 11
697 12
510 12
325 14
901 14
93 15
866 15
455 15
790 16
773 16
679 17
707 18
23 18
561 18
99 19
132 21
542 22
957 22
950 23
90 24
965 28
263 28
301 28
602 28
534 29
842 31
97 31
404 32
454 33
341 34
807 35
693 36
651 36
871 38
859 39
423 40
516 41
890 42
642 43
405 43
170 44
106 45
150 48
150 48
853 49
700 51
706 52
825 53
192 57
500 58
786 59
756 63
682 64
245 66
502 68
122 69
259 70
198 71
388 73
226 74
494 74
291 76
283 77
556 80
967 81
546 83
690 83
217 84
834 85
387 86
101 86
651 87
881 87
483 90
663 94
797 97
764 99
407 101
808 103
833 103
700 104
768 108
692 109
244 109
561 110
3 114
643 114
2 114
462 115
120 115
427 116
989 118
807 119
598 122
863 123
386 124
203 124
109 125
486 125
610 126
637 127
186 127
688 128
540 128
876 130
909 131
52 134
286 135
614 136
674 137
906 137
353 138
894 138
710 140
876 141
118 144
253 146
746 149
963 149
369 149
14 153
183 153
210 154
605 157
622 159
386 159
90 159
332 159
317 160
36 163
378 163
99 164
426 164
916 167
209 169
545 172
509 175
580 177
925 179
843 179
655 180
72 180
600 180
870 181
81 185
449 186
347 188
463 188
640 189
427 190
176 192
840 192
262 195
652 196
6 197
642 198
419 200
411 207
239 209
501 211
321 213
640 213
30 216
634 220
203 222
109 222
257 222
39 225
128 228
162 230
991 230
401 231
265 235
586 235
423 237
582 238
118 239
869 241
886 247
165 248
540 248
977 249
686 250
517 250
188 253
13 253
36 253
7 255
388 257
679 261
15 262
993 267
354 268
939 268
643 269
113 274
257 275
538 277
201 279
883 280
201 282
129 282
595 283
219 287
306 288
979 288
873 289
549 294
77 295
708 295
840 296
570 297
343 301
871 304
703 306
254 306
488 306
763 306
465 309
694 309
579 310
336 312
986 313
12 315
533 317
424 317
102 319
322 322
187 323
403 323
30 324
687 325
817 326
348 328
45 328
319 330
271 332
194 334
705 334
579 336
592 336
926 336
208 338
276 338
959 341
251 345
699 345
118 345
889 346
663 347
128 348
200 348
683 349
688 349
576 350
270 352
825 357
631 358
832 360
565 360
154 361
468 362
568 363
727 364
156 364
312 365
48 367
833 367
221 368
94 368
220 368
51 369
427 371
55 371
592 381
786 382
701 384
673 385
488 386
202 386
621 389
458 391
912 395
813 399
882 400
968 403
97 405
825 406
681 412
920 412
319 413
428 418
169 419
111 420
82 421
968 421
253 425
513 427
8 431
616 431
254 433
722 434
592 434
689 434
534 434
369 435
536 438
842 438
945 439
36 439
596 439
157 440
509 441
155 445
68 445
305 446
346 448
235 448
577 449
596 451
458 452
13 454
272 455
817 457
809 459
518 460
159 461
867 463
668 464
810 464
295 466
843 469
388 470
328 470
508 470
590 472
591 472
144 474
240 474
954 475
169 476
868 476
373 477
549 482
660 483
332 484
53 485
426 486
417 490
125 495
979 497
141 501
773 503
185 503
195 503
809 508
918 508
809 511
515 512
496 513
38 515
530 516
947 516
708 517
821 519
273 520
419 521
420 522
643 525
120 526
879 527
245 527
835 529
939 529
666 531
981 533
565 533
997 534
504 535
513 539
331 540
729 540
737 543
966 546
373 547
535 547
870 550
914 552
109 553
696 553
900 554
678 555
273 555
5 556
505 556
786 557
596 560
778 562
539 564
997 564
174 565
928 566
35 567
343 568
653 568
939 569
370 570
315 570
668 571
483 573
959 576
381 577
292 579
315 581
567 584
934 586
815 586
914 589
2 589
251 590
861 595
553 597
88 599
560 600
176 601
712 603
164 604
778 608
424 612
941 615
193 615
659 616
865 616
687 617
907 618
886 619
49 619
352 621
100 622
453 622
958 622
906 624
369 629
751 633
541 634
710 634
20 635
581 638
418 640
39 640
668 641
584 641
298 642
891 644
163 644
254 648
897 648
792 652
386 657
613 657
216 658
144 661
231 666
574 669
881 671
19 677
662 678
481 680
492 681
206 682
635 682
904 683
17 687
865 689
378 689
544 692
264 693
1 693
763 695
869 696
861 696
936 698
22 699
169 701
198 704
527 707
880 708
894 710
754 715
58 716
428 718
799 722
527 724
783 725
353 725
399 726
93 727
100 733
836 735
190 736
139 738
658 738
273 740
742 741
980 743
706 744
603 753
475 753
39 754
752 754
730 755
269 755
497 755
357 760
617 760
430 761
885 765
783 765
236 765
279 767
275 768
377 768
640 769
926 773
883 773
43 773
317 774
471 774
755 774
991 778
172 782
183 783
633 784
797 784
947 784
818 786
114 787
535 788
534 788
833 789
177 792
925 792
103 792
633 795
848 796
12 798
592 801
763 801
750 805
799 805
152 806
844 808
903 808
46 809
91 809
121 810
731 812
858 814
205 820
814 821
464 824
558 824
220 826
668 829
977 829
379 832
982 835
390 836
836 836
720 841
870 841
691 843
898 843
650 843
675 844
784 844
81 844
987 846
887 848
260 849
628 849
305 851
934 852
620 853
776 855
550 860
478 860
427 860
774 861
49 862
540 863
688 867
298 870
347 870
519 871
212 872
685 873
86 874
393 875
961 875
54 876
971 877
392 878
134 878
130 879
125 883
260 884
297 887
97 896
326 898
228 899
729 900
668 900
912 900
52 901
154 901
801 902
468 902
496 906
182 906
271 907
430 907
297 908
77 908
414 908
980 912
808 913
814 913
493 914
386 914
416 917
303 918
323 921
517 922
144 926
642 926
543 929
331 929
703 929
299 929
553 932
362 936
257 937
373 937
443 938
914 939
659 940
232 942
938 943
195 943
492 944
637 947
568 947
740 948
319 951
517 952
392 952
46 953
189 954
89 956
357 959
291 960
36 961
498 966
382 967
57 968
719 971
773 971
110 972
237 973
823 974
209 975
455 975
353 976
405 978
683 982
661 983
514 987
136 988
484 992
504 994
311 996
557 996
323 997
421 997
501 998
298 1000
