573
351 0
213 1
678 9
211 11
847 11
310 11
500 12
818 13
435 17
211 19
130 27
29 28
484 32
83 34
951 36
34 37
606 37
959 38
559 41
951 42
548 42
161 43
366 46
926 52
895 52
607 55
686 56
554 58
600 58
616 60
690 60
693 62
668 63
836 63
664 65
824 66
308 68
660 68
924 69
928 70
27 71
815 71
790 77
805 77
544 77
866 79
46 83
171 83
654 88
52 88
684 89
617 91
95 93
970 94
211 94
443 94
31 96
328 96
329 99
682 102
896 102
845 107
679 107
364 110
782 112
167 114
727 114
415 114
171 116
436 117
256 117
530 117
864 118
906 118
291 119
874 120
301 126
395 131
952 131
471 131
279 132
651 134
202 136
404 138
463 139
531 140
403 140
360 143
461 143
163 146
293 146
786 152
271 152
628 155
154 155
234 157
797 158
269 161
367 164
766 164
1000 168
905 169
749 175
541 175
118 177
707 178
678 180
243 183
840 183
866 189
402 192
50 192
282 193
127 194
601 198
767 199
929 200
12 200
436 207
606 208
677 214
555 214
390 218
109 218
304 222
802 229
510 229
665 234
351 235
859 240
445 240
127 243
602 244
152 244
901 246
627 247
711 248
941 249
547 249
580 251
117 251
125 252
835 254
216 259
979 259
892 260
395 263
657 264
648 264
200 265
769 268
917 270
242 274
65 278
530 282
152 284
255 286
396 286
428 288
773 289
349 292
993 294
16 294
666 295
201 297
653 299
987 303
232 303
617 304
915 305
737 307
514 310
622 310
333 311
788 312
198 314
593 320
806 322
2 323
130 324
638 326
888 327
614 332
903 332
720 335
252 335
155 336
862 338
482 338
932 339
509 340
297 341
738 344
235 346
561 346
405 347
922 347
166 347
210 348
32 349
784 350
904 352
664 353
273 355
624 358
647 358
186 359
751 361
765 361
556 362
953 364
295 370
715 374
882 376
437 378
869 379
73 382
645 387
228 387
123 390
163 396
184 396
443 401
4 401
836 402
112 402
543 405
633 409
22 412
774 413
567 413
481 416
261 418
537 420
527 425
78 426
313 427
896 428
763 430
778 431
723 431
431 432
740 434
179 435
332 439
611 439
458 440
783 440
898 442
344 442
43 443
40 445
826 448
342 449
111 451
515 455
222 456
522 457
106 458
151 461
318 462
401 463
931 465
927 467
864 470
568 470
46 472
795 472
380 474
366 476
151 476
364 477
387 477
322 479
381 480
318 480
513 481
466 482
950 482
744 483
54 486
414 488
101 488
923 489
665 489
888 490
117 492
785 492
430 493
794 494
61 499
611 499
48 502
324 506
540 508
970 509
390 511
839 513
221 518
762 518
964 522
402 522
920 522
162 524
617 526
851 527
693 530
697 533
691 534
7 535
645 542
641 544
87 544
556 545
608 545
298 548
920 554
313 557
873 558
141 559
194 561
631 563
442 566
724 566
200 567
30 568
589 569
449 572
352 573
449 574
813 575
512 575
125 577
531 578
144 579
498 581
790 582
658 586
125 586
854 592
362 593
208 593
18 596
125 598
606 600
447 600
205 601
885 603
138 605
546 607
468 610
553 610
67 612
853 612
442 612
917 613
527 615
437 620
130 624
584 625
992 626
222 627
15 630
332 636
93 637
536 638
504 638
87 639
117 641
893 642
546 644
168 644
728 645
192 649
961 652
100 652
335 654
162 655
871 656
143 657
373 657
437 657
491 665
530 666
75 668
665 669
507 670
755 671
715 672
181 677
977 677
988 678
654 678
420 680
448 681
350 681
522 685
986 689
266 689
262 689
524 689
82 690
263 694
855 700
725 701
382 701
509 705
481 705
573 706
667 706
636 708
926 708
868 709
255 710
859 712
742 713
94 715
77 719
119 721
278 722
887 723
258 727
752 729
381 731
381 732
344 737
397 742
438 742
391 743
314 744
536 752
882 753
336 754
777 755
53 757
754 758
750 761
808 762
134 763
341 763
284 764
301 764
701 766
340 767
200 769
808 772
6 774
391 777
516 778
208 778
376 779
732 782
505 783
999 783
128 784
550 785
197 795
152 795
406 797
816 801
983 802
649 808
837 808
914 809
286 811
199 812
498 814
947 815
50 817
550 818
480 818
167 823
425 825
150 827
883 827
773 827
660 827
156 831
372 834
745 840
832 841
769 841
917 841
487 843
324 844
70 848
364 849
171 849
171 852
276 855
637 855
469 856
354 858
731 861
861 863
280 864
467 868
372 868
581 873
401 873
22 873
624 873
907 880
715 882
423 887
75 889
138 890
648 896
408 897
222 897
646 898
657 898
254 899
994 900
575 900
233 901
352 902
668 902
439 904
275 904
701 907
915 912
369 912
889 914
185 915
823 916
822 916
450 919
786 919
695 920
319 922
670 922
357 923
429 923
477 925
437 934
992 934
664 937
512 938
121 942
244 943
811 943
935 944
756 944
846 946
931 955
130 957
245 957
577 961
114 961
28 965
952 965
131 965
331 966
257 967
613 971
850 974
489 974
180 978
421 979
210 980
30 981
913 982
82 985
914 991
869 992
514 992
696 993
940 995
110 995
506 997
398 997
855 997
