1000
93 0
891 0
882 1
980 1
299 1
567 1
165 2
269 2
575 3
318 5
805 10
181 10
441 10
142 10
266 11
727 14
914 15
20 16
685 18
831 21
110 21
840 22
715 23
497 24
261 24
192 24
308 26
583 28
530 29
912 36
833 36
397 37
578 37
666 37
653 38
731 38
317 39
91 39
369 40
27 40
899 41
621 41
302 42
981 42
192 42
779 42
353 43
472 44
452 44
74 44
470 49
710 50
868 50
259 51
381 51
73 52
556 52
589 52
783 52
712 56
526 58
731 58
252 59
167 60
857 60
3 62
376 62
366 62
401 65
337 68
307 69
573 69
481 69
15 70
487 70
399 70
662 70
601 71
977 72
67 73
186 74
385 74
16 75
934 78
937 80
808 80
925 80
46 83
962 83
851 84
762 84
381 85
411 86
468 86
407 86
327 88
621 88
407 88
37 88
210 88
507 89
291 90
257 91
281 92
562 92
734 98
102 98
87 100
518 100
432 100
699 102
368 104
229 105
234 108
561 111
511 111
247 112
818 113
500 114
193 115
328 116
366 117
87 118
514 118
183 118
465 118
289 118
519 120
907 120
361 123
323 123
18 124
208 125
441 126
318 128
247 128
760 128
797 130
992 133
234 134
986 135
392 135
919 135
738 136
650 138
652 139
591 141
456 141
739 141
626 142
287 146
91 147
399 148
497 148
346 149
677 150
318 151
684 152
351 153
746 153
577 154
862 154
896 155
82 156
89 157
345 157
358 157
758 158
601 163
82 163
519 165
830 165
459 166
718 166
916 166
946 167
577 167
766 169
449 170
905 170
927 171
734 174
649 174
348 184
203 185
426 187
740 187
789 189
471 189
698 191
461 192
501 192
45 197
711 197
939 197
236 198
743 198
396 201
28 203
258 204
479 205
421 206
702 206
462 207
160 208
715 208
803 210
721 210
427 210
318 212
976 214
77 216
515 217
784 219
877 221
236 222
476 224
911 224
766 225
113 227
383 228
782 229
736 230
790 230
52 231
332 232
667 232
945 234
348 235
290 237
22 237
376 238
603 238
337 238
418 238
197 238
838 239
62 239
37 240
821 240
457 240
85 241
874 242
276 246
200 246
259 247
332 247
738 249
333 250
944 250
830 251
663 253
506 254
159 254
851 255
279 255
767 257
316 257
672 259
733 260
977 260
431 263
991 264
834 266
474 267
227 267
413 267
527 269
537 270
554 271
375 273
448 276
171 276
328 276
452 279
779 279
220 280
690 280
143 281
929 282
144 283
204 283
738 283
73 284
389 284
112 290
304 290
675 292
9 292
382 293
480 294
362 295
971 297
78 297
687 297
592 298
218 298
131 299
524 299
617 300
930 300
509 301
272 302
907 302
469 303
522 304
688 305
33 305
380 305
228 307
326 309
75 312
140 316
525 316
660 316
228 316
604 317
711 317
961 318
475 319
951 319
604 319
268 320
42 323
403 323
965 324
772 325
567 326
500 328
446 329
301 329
290 329
363 330
391 330
328 330
531 332
216 332
416 335
476 337
595 337
394 338
944 339
300 341
728 345
836 345
859 346
944 346
968 346
198 346
841 350
312 350
150 350
706 351
799 352
215 353
151 354
255 355
673 358
712 358
979 359
125 360
101 360
348 361
633 362
127 362
798 364
508 365
145 366
98 366
198 367
632 368
951 369
377 370
254 371
453 371
252 372
480 372
491 374
480 376
513 377
511 377
736 379
274 382
178 385
672 386
194 386
8 387
616 389
949 389
255 390
553 391
869 391
355 392
759 392
175 392
449 393
627 394
557 396
198 396
334 397
886 399
885 401
319 401
573 402
80 404
2 404
765 405
971 405
610 406
617 406
343 409
54 409
593 409
264 410
263 411
50 411
620 411
265 412
192 413
738 413
350 415
980 418
804 420
583 421
693 423
177 425
677 427
439 428
955 428
41 429
201 429
475 430
719 430
686 433
896 433
353 433
138 434
627 436
965 436
528 437
66 438
268 439
942 439
728 439
743 441
567 442
546 446
127 446
868 446
477 447
3 447
687 448
825 449
895 449
314 452
621 453
794 453
807 455
770 457
714 457
939 457
230 461
360 461
866 463
242 463
523 465
316 465
425 465
53 467
245 468
53 470
226 470
875 471
636 471
362 472
327 474
437 474
178 476
31 476
825 477
127 477
508 477
865 478
199 479
553 479
312 480
824 480
774 481
191 481
899 481
25 481
857 482
768 483
706 483
835 484
291 484
623 484
482 484
685 485
698 485
438 489
276 490
886 490
16 491
468 491
539 492
919 492
840 493
347 493
469 494
7 495
872 496
689 499
449 501
240 501
632 501
441 502
171 502
222 503
157 505
296 505
339 506
115 506
160 506
685 506
991 510
608 510
998 511
338 512
680 512
155 514
182 514
627 514
103 516
548 516
670 517
705 519
585 519
973 523
677 525
835 527
298 528
168 532
457 533
160 533
749 534
94 536
250 537
18 537
697 538
758 539
70 540
335 540
849 541
863 542
713 544
502 545
836 545
984 545
364 546
280 548
401 550
340 551
959 552
71 553
778 557
121 558
286 559
199 561
305 561
415 563
56 563
24 564
352 566
920 567
157 568
310 570
172 570
235 570
336 570
920 571
263 571
894 574
690 574
985 575
492 577
119 577
922 578
21 578
966 579
881 580
8 581
647 581
348 582
284 582
889 584
556 585
315 588
80 588
604 589
281 589
6 591
899 593
591 594
346 594
182 595
561 596
335 596
702 598
687 599
108 599
454 600
967 601
774 604
791 604
480 606
423 607
475 609
380 613
251 614
965 615
847 616
283 616
859 616
130 619
119 620
435 620
649 621
999 623
56 623
2 624
498 625
350 627
259 627
946 630
604 630
231 632
76 633
372 635
871 636
84 637
278 638
168 641
927 641
714 645
957 647
638 648
369 649
607 649
672 649
694 649
615 649
58 650
447 650
573 653
535 654
927 656
334 656
760 656
195 659
447 660
832 662
237 663
918 666
886 667
166 668
154 668
825 668
586 669
60 670
418 673
732 674
231 675
531 676
497 677
440 678
365 680
955 680
694 681
527 681
927 683
257 685
493 686
180 689
216 691
984 692
981 692
96 693
228 693
405 693
310 695
915 696
848 696
266 696
887 696
18 696
801 698
496 698
727 699
303 700
786 700
810 701
944 702
963 703
243 706
22 707
657 708
624 709
876 709
600 710
916 711
731 713
974 713
257 713
865 714
383 716
391 717
849 717
94 719
513 719
606 721
911 722
603 723
155 726
263 726
262 727
287 728
923 728
908 728
37 730
948 731
330 731
191 732
981 733
397 733
602 733
352 734
655 737
696 737
114 738
604 738
888 739
694 743
298 743
747 745
386 745
482 747
223 749
413 750
561 752
156 752
55 752
712 753
978 753
899 756
359 756
281 756
76 757
760 758
78 758
389 758
629 762
768 763
706 763
358 765
163 766
203 767
811 768
707 768
681 769
874 771
513 771
823 771
640 772
193 773
895 773
182 774
902 776
457 776
40 777
477 778
836 779
916 779
3 779
658 780
524 782
778 783
602 784
167 784
940 784
462 785
334 785
296 786
809 787
675 788
806 788
641 790
386 790
942 792
489 793
300 794
986 794
632 795
964 795
220 797
933 797
221 797
963 799
344 799
110 799
981 799
496 802
68 802
862 802
115 802
319 803
622 804
651 805
157 806
105 806
767 807
988 809
708 809
441 813
422 813
454 813
688 814
134 815
811 815
752 816
239 818
100 819
315 819
924 819
333 821
983 822
199 827
28 828
210 829
152 831
296 832
737 833
610 833
995 833
295 834
345 834
687 834
513 835
745 836
153 836
42 836
908 838
862 839
670 840
600 841
886 842
51 846
170 848
390 849
324 849
265 853
492 853
413 853
693 854
208 858
481 858
295 860
593 861
446 862
812 862
745 864
393 864
626 866
517 867
900 867
665 868
768 868
199 868
77 869
873 869
184 870
385 870
630 873
137 874
69 874
754 875
912 875
339 876
573 876
894 878
166 879
862 879
288 880
484 880
465 881
484 882
979 884
773 885
512 885
697 885
694 886
157 886
260 887
149 888
731 888
537 888
104 892
446 894
91 895
727 897
974 899
567 899
430 900
323 901
968 901
758 902
955 904
746 905
437 905
851 905
735 906
526 906
960 908
115 911
755 914
370 916
492 918
271 918
180 919
607 921
645 922
630 923
754 924
392 926
841 927
948 927
903 929
566 929
755 932
594 936
742 937
50 940
541 941
573 941
995 943
685 944
290 945
380 946
872 946
900 947
988 949
213 949
636 950
472 951
293 952
709 952
790 953
248 953
869 955
301 959
424 959
484 959
6 960
135 962
575 963
629 963
796 964
96 965
902 965
48 965
54 967
74 967
781 972
612 973
151 979
91 980
578 982
944 982
986 983
958 984
379 985
963 986
742 986
627 989
47 990
142 990
221 991
937 992
668 992
601 993
377 993
908 994
624 995
658 995
812 995
614 998
530 998
882 998
795 1000
201 1000
