328
858 1
422 1
687 2
249 9
912 15
624 17
79 19
5 26
914 26
264 32
439 33
340 33
661 34
303 45
428 45
581 45
712 54
423 55
127 66
706 71
138 73
248 78
743 79
536 79
611 86
705 86
935 92
718 92
702 93
862 95
185 101
841 102
796 106
626 108
354 111
299 112
939 116
720 117
3 119
561 121
432 121
503 122
965 126
193 127
846 128
537 135
103 137
716 142
855 142
649 146
810 149
528 154
560 157
826 160
342 163
674 167
528 170
837 172
93 176
786 182
776 182
716 184
260 186
870 186
651 187
223 189
708 195
426 195
619 198
575 207
824 209
327 210
696 211
699 214
126 217
999 223
534 225
429 226
588 227
899 228
946 228
498 228
451 231
138 232
112 232
971 233
839 236
736 237
861 239
87 239
460 245
37 245
906 250
947 265
274 268
461 270
849 273
200 274
657 275
595 282
471 282
162 283
963 283
182 285
510 287
164 290
997 294
177 297
837 298
590 306
500 310
532 312
300 316
872 319
901 324
754 326
472 327
326 330
588 337
409 350
168 351
89 351
826 355
516 356
520 357
685 357
975 361
264 361
103 363
107 364
67 365
973 369
431 378
530 379
752 379
664 382
569 384
159 387
528 390
663 390
67 394
67 395
562 398
868 403
969 405
713 414
993 415
590 417
177 419
843 420
192 424
950 427
347 428
437 433
309 434
20 440
75 442
976 446
497 447
401 447
331 448
74 455
743 456
371 458
310 461
286 462
950 463
271 469
558 469
536 474
914 476
166 477
804 478
967 488
532 493
328 499
536 500
976 502
210 509
744 511
382 514
617 517
632 519
110 529
981 530
892 551
924 553
302 555
639 560
354 567
727 568
413 578
304 580
113 581
604 586
240 588
98 588
168 593
853 594
382 597
457 603
505 610
513 612
533 612
452 617
546 628
934 629
578 629
139 630
867 636
424 640
829 641
415 647
512 649
154 654
350 655
559 656
557 656
128 659
136 668
473 669
940 670
153 671
289 673
948 673
640 685
694 686
985 687
647 688
46 696
631 698
29 710
553 711
258 712
526 720
238 722
693 722
878 722
626 723
104 725
879 726
381 730
638 738
292 742
356 746
822 748
437 750
254 752
462 753
420 758
743 759
960 762
320 763
386 764
388 770
411 775
964 779
372 779
604 782
813 783
965 783
257 785
447 786
928 789
439 790
261 800
111 801
180 802
682 803
564 803
181 804
405 805
930 812
289 816
364 821
60 821
116 825
6 826
888 828
591 829
491 831
110 832
508 841
142 842
880 845
967 850
83 859
652 866
44 866
775 871
889 871
548 876
643 876
553 878
838 879
322 880
248 885
15 892
769 903
644 911
565 912
440 914
80 915
717 917
701 918
498 923
669 927
73 931
750 939
493 939
7 941
661 947
581 947
207 953
888 953
798 963
523 965
352 969
399 969
645 970
118 974
939 975
465 984
818 988
420 994
116 994
562 997
623 999
