1000
605 1
308 1
60 3
115 6
344 7
23 10
502 12
412 13
915 14
327 16
297 18
541 19
268 19
985 19
246 20
645 22
97 23
606 24
657 24
227 25
575 27
490 27
503 29
422 29
902 32
482 32
199 33
343 33
265 34
706 36
424 38
542 38
597 38
327 38
109 40
358 42
764 43
437 44
767 46
200 46
382 47
80 48
833 48
461 52
965 54
632 57
447 58
826 59
327 61
245 63
414 64
160 66
721 67
695 67
666 69
307 69
31 70
983 70
461 71
583 71
811 71
742 71
99 72
290 75
509 76
793 80
305 82
900 84
271 86
623 89
625 93
227 95
939 97
367 98
816 100
508 100
710 100
992 100
518 100
123 100
316 101
135 102
5 103
67 105
277 107
875 109
301 109
849 110
454 111
292 111
812 112
967 112
68 113
677 113
796 113
142 114
372 114
516 114
169 115
145 115
140 116
768 116
980 117
119 118
53 118
960 119
180 119
577 119
368 121
93 122
640 123
766 126
14 126
730 127
569 129
822 130
776 131
538 132
860 132
928 133
194 134
245 136
880 138
395 142
122 142
922 144
422 145
447 145
399 146
236 150
642 150
396 151
831 151
524 153
129 153
625 154
519 155
968 155
303 155
806 155
270 156
111 159
369 161
99 162
369 163
502 163
592 164
137 166
790 168
579 168
491 168
490 170
376 170
335 173
740 173
542 178
768 178
908 178
143 179
915 180
800 183
678 184
891 184
269 185
125 186
572 187
364 187
391 188
600 188
740 188
256 190
462 190
864 191
253 192
877 194
278 194
342 194
218 195
523 195
727 197
529 200
5 201
116 202
330 206
937 211
326 214
191 216
790 216
142 219
899 222
552 222
890 224
737 225
910 226
581 226
648 228
440 228
587 229
400 231
608 232
888 233
326 234
413 234
538 238
896 239
900 240
876 240
690 240
364 241
844 242
904 242
949 243
441 243
646 244
225 244
69 245
563 246
646 248
256 248
453 249
412 250
190 250
424 250
428 251
428 252
896 254
780 255
122 257
14 257
934 258
297 259
429 260
376 260
906 261
365 263
269 263
894 263
830 264
316 264
120 265
338 265
476 266
766 266
601 266
622 266
3 267
586 268
543 268
427 269
170 270
250 270
83 270
180 271
130 273
741 274
785 274
319 275
132 275
455 275
527 277
150 277
471 280
502 280
217 281
817 281
503 281
978 282
741 283
426 285
602 285
801 286
505 289
629 289
245 289
279 290
205 291
102 292
654 294
262 295
725 295
916 297
581 297
638 298
265 300
233 301
497 301
229 302
687 303
159 303
461 304
445 304
561 305
501 306
872 306
597 307
61 309
976 309
699 310
496 310
978 311
759 311
736 311
308 312
174 313
400 313
703 313
694 316
352 318
89 318
372 319
888 319
507 320
996 320
270 321
228 322
521 324
37 325
262 326
43 327
972 328
300 328
528 328
157 330
234 331
456 332
787 333
627 335
916 336
123 336
400 338
307 340
951 341
443 342
730 342
922 343
694 343
248 345
968 347
243 348
163 349
901 349
289 349
649 350
570 351
564 355
609 359
662 360
338 363
503 365
542 367
869 367
191 368
571 371
933 372
257 373
930 374
190 376
239 376
211 379
296 380
125 383
821 383
154 385
341 386
768 387
453 389
885 389
443 389
234 391
930 393
311 394
970 395
607 395
742 395
841 398
692 398
41 399
655 403
901 403
942 403
382 403
778 404
117 405
986 405
484 406
762 408
110 408
72 411
833 412
113 412
622 413
713 413
129 413
68 414
797 415
909 416
111 417
153 417
479 418
631 418
972 418
869 420
787 421
307 422
581 423
455 423
18 423
678 424
866 426
233 427
447 427
665 428
637 428
109 430
32 431
250 431
833 432
865 435
646 436
236 436
716 436
765 436
447 437
493 438
52 440
89 440
739 442
494 442
457 443
340 446
50 447
223 449
820 450
463 451
955 451
901 451
472 453
581 453
195 454
16 455
778 455
329 458
902 461
205 462
690 463
919 463
861 464
167 466
935 469
910 472
723 473
234 473
321 474
336 476
433 476
124 477
586 478
628 478
915 480
297 480
478 481
618 481
608 482
642 482
868 483
14 483
349 483
163 484
788 488
133 489
78 489
431 489
190 491
117 492
506 494
835 495
862 495
555 497
990 501
51 502
189 502
897 503
855 504
202 506
903 507
880 508
256 509
369 509
942 510
813 511
759 514
535 514
934 516
195 516
410 516
373 516
445 517
3 517
396 518
375 519
340 521
558 522
569 522
58 523
927 525
573 526
26 527
597 530
217 531
675 532
641 533
229 534
715 534
135 534
132 535
423 535
125 535
839 536
963 536
777 537
810 539
703 539
708 540
870 540
844 540
269 542
903 542
992 542
397 543
614 544
906 547
505 547
1000 548
713 549
753 551
336 553
84 553
835 554
576 554
161 554
296 555
462 557
337 558
546 559
623 559
450 562
885 563
935 564
34 565
518 565
339 567
492 568
619 569
717 570
319 571
982 576
464 576
539 577
473 577
392 577
731 578
612 580
702 582
67 583
526 585
565 586
287 586
123 587
837 588
824 590
666 591
167 592
931 592
90 592
694 592
479 593
83 593
196 594
254 594
489 595
5 595
855 596
37 597
211 600
132 600
647 606
80 608
330 609
433 609
88 609
82 611
705 611
161 611
335 613
230 614
818 616
391 617
100 618
494 619
356 619
413 620
715 620
948 620
322 622
218 623
275 623
989 624
157 625
168 625
885 625
399 627
563 628
234 629
65 631
969 632
673 632
648 632
106 633
17 634
602 635
803 635
344 635
584 636
155 638
303 641
958 642
442 643
111 644
585 646
211 647
384 648
619 651
75 654
187 655
438 656
757 657
364 658
774 658
752 660
45 661
99 661
946 661
327 663
996 665
586 666
865 668
118 668
455 668
236 671
504 671
23 672
964 673
876 674
739 676
836 676
857 677
89 678
411 678
280 680
274 680
888 681
75 683
783 683
612 684
212 685
100 686
157 686
777 687
97 689
110 692
897 693
409 693
487 700
710 700
659 702
392 702
907 702
666 703
847 704
727 704
628 706
981 706
760 707
405 708
570 709
416 710
460 711
124 712
753 713
881 715
411 716
432 718
884 718
744 718
171 718
682 718
431 719
696 719
530 720
243 721
738 722
652 724
398 724
233 724
20 725
110 727
318 729
599 729
729 730
543 732
719 732
49 733
821 733
527 735
594 736
528 736
380 737
447 739
260 739
451 741
358 742
927 742
453 742
172 743
161 745
899 746
390 747
67 747
971 747
478 748
155 748
392 749
161 751
366 751
645 751
227 752
899 752
991 753
799 755
194 755
762 756
857 757
940 758
896 759
659 761
27 761
51 762
996 762
370 764
342 764
13 764
356 766
294 768
403 768
267 771
425 774
820 777
428 778
964 778
895 778
306 779
725 780
349 781
542 783
480 783
474 784
19 784
747 785
880 786
573 787
108 790
958 792
971 792
503 793
920 793
78 795
976 796
368 798
527 798
658 799
666 799
383 801
839 802
970 804
965 804
820 804
866 804
833 805
327 807
198 807
627 808
122 808
416 809
914 811
712 812
975 812
621 813
504 813
974 814
278 816
141 818
33 819
926 820
975 821
951 821
120 821
228 821
390 821
168 822
614 824
666 825
692 826
729 827
998 828
480 828
233 829
437 829
966 829
759 832
213 834
155 835
578 836
879 836
726 836
353 837
62 837
988 838
632 839
57 841
532 843
889 844
34 845
288 846
51 846
564 846
134 847
805 848
569 850
565 850
88 850
39 851
39 851
771 852
104 853
220 853
858 854
10 855
469 855
561 856
216 857
913 857
257 857
322 859
96 859
391 860
190 861
706 862
566 863
55 867
720 867
469 869
574 869
896 870
940 871
197 877
783 880
378 880
10 881
877 882
692 882
919 882
785 883
80 883
740 886
952 886
320 887
367 888
276 888
383 889
868 890
781 891
671 891
198 892
716 892
545 892
287 894
389 894
482 895
497 896
293 897
645 898
19 899
746 901
749 901
263 902
709 903
47 905
646 905
318 905
96 906
254 906
25 906
624 908
551 908
348 908
945 910
778 911
541 913
641 913
205 914
757 914
393 915
699 916
823 916
304 917
317 917
529 918
877 918
80 918
526 920
403 920
97 922
375 923
720 924
649 924
760 925
959 927
721 927
730 929
659 931
497 932
772 933
464 933
631 933
389 935
223 935
992 935
258 936
814 937
964 937
568 938
407 939
385 939
422 940
190 940
592 941
382 942
281 944
883 945
517 945
513 945
502 945
280 947
570 948
524 950
426 952
513 953
961 953
306 953
49 955
181 957
363 958
545 960
312 961
968 963
239 963
449 964
343 964
476 964
439 966
412 969
129 969
839 969
357 971
105 973
527 973
273 973
918 974
679 975
150 977
574 978
120 979
97 979
473 980
400 981
522 982
460 982
44 982
214 985
835 986
428 986
175 989
932 990
6 996
944 997
60 998
915 998
760 999
194 999
551 1000
