405
335 4
894 6
921 7
70 10
418 10
494 11
39 12
972 15
166 17
318 17
505 29
772 32
941 35
818 37
890 38
839 45
90 49
141 50
486 51
199 51
769 53
337 53
176 54
367 56
136 64
839 68
386 72
34 74
975 75
450 75
966 75
314 79
853 80
917 87
499 89
296 89
491 93
33 100
649 101
274 102
492 104
396 109
156 116
626 119
184 120
779 122
830 124
68 126
186 129
464 130
441 132
622 135
111 135
462 136
162 137
509 137
315 143
618 148
707 149
502 150
782 152
577 157
576 159
814 159
533 159
912 161
19 167
407 167
706 171
42 171
218 172
249 172
494 177
589 180
264 184
956 184
600 184
819 185
822 191
559 194
100 196
128 203
793 203
527 204
355 204
103 210
99 210
565 213
435 213
917 213
242 214
486 217
855 221
612 227
737 228
69 230
335 233
519 237
428 242
101 242
724 245
475 246
814 248
139 250
274 250
463 250
569 250
852 251
136 252
866 257
65 260
886 263
207 263
822 263
885 267
683 269
926 271
167 273
414 277
997 281
705 283
933 286
893 286
820 295
859 295
785 297
128 300
363 300
41 301
731 307
585 312
571 313
121 313
230 314
755 316
601 321
478 327
576 337
38 337
136 338
222 344
784 346
376 347
537 348
350 350
686 350
7 352
534 353
920 354
529 359
866 363
78 368
729 378
131 381
13 382
658 384
381 386
275 387
103 387
102 387
250 392
511 397
96 401
296 404
530 406
327 407
942 407
683 407
896 412
496 412
939 413
955 415
647 416
559 417
999 419
565 421
47 425
653 430
433 433
436 434
177 436
19 442
495 442
835 443
392 449
844 450
812 453
822 456
429 457
240 458
360 460
936 461
599 462
796 466
50 468
412 470
159 474
101 476
300 481
637 481
34 482
777 482
305 484
831 485
596 485
789 486
22 486
616 490
325 491
758 491
14 495
189 495
803 497
320 501
890 502
680 503
592 503
977 507
680 508
986 509
392 509
868 513
605 520
644 523
638 535
418 537
684 538
327 542
951 542
161 546
325 547
906 556
944 560
105 561
555 564
434 567
157 569
106 569
77 569
702 573
983 577
83 578
371 579
349 583
172 584
556 584
921 586
564 592
553 593
66 600
967 601
288 604
302 605
184 605
605 606
541 606
839 608
140 610
759 611
402 613
176 620
939 620
46 621
621 625
871 630
932 631
700 631
218 635
227 637
469 639
365 640
649 650
956 652
91 653
135 655
722 656
692 658
231 660
665 660
835 662
664 664
810 664
172 665
860 667
621 671
135 672
576 681
714 681
18 685
131 686
565 688
400 689
364 689
566 690
842 691
368 701
651 702
291 705
569 705
706 710
846 711
195 713
335 716
669 717
947 718
489 718
328 720
835 722
535 729
221 732
755 745
196 750
691 751
78 756
528 758
170 758
854 765
1000 769
984 771
671 773
264 774
136 775
440 776
395 777
217 786
917 786
880 789
433 792
329 792
149 794
348 798
523 798
762 804
456 804
371 805
105 805
457 813
893 817
872 818
466 826
764 826
404 829
400 832
361 834
869 834
693 839
688 844
353 844
464 846
511 847
81 848
239 849
547 855
152 859
232 860
59 861
742 861
343 863
343 868
86 870
27 872
33 878
716 882
499 883
586 884
252 887
942 890
909 892
374 892
369 894
256 897
649 898
947 900
125 901
489 903
832 906
433 907
414 909
215 912
241 912
848 916
292 916
422 918
386 921
814 927
676 935
442 942
70 943
729 946
276 949
220 950
999 955
489 957
275 959
806 959
90 966
580 966
644 970
414 976
863 977
633 978
675 980
187 983
41 984
686 987
