1000
991 2
602 2
447 2
639 3
767 3
634 4
672 4
577 4
605 5
589 6
52 6
228 6
576 6
239 7
435 7
526 10
547 11
967 12
933 13
743 15
889 15
389 15
826 15
876 16
415 16
126 17
988 17
560 18
292 19
14 19
748 20
752 21
389 22
676 23
399 26
980 28
772 30
247 32
815 34
291 35
793 36
513 37
730 38
882 38
530 42
11 42
627 44
312 44
354 45
314 46
201 46
514 46
281 46
260 47
191 47
126 49
333 49
19 50
839 51
732 55
181 56
830 56
741 57
523 58
237 59
36 59
869 61
884 61
580 62
391 62
262 62
490 63
550 63
962 64
324 64
370 64
438 65
916 66
615 66
195 68
962 68
312 68
549 73
58 76
363 78
484 79
927 79
787 81
970 82
888 85
442 85
377 85
670 86
948 86
87 87
447 87
377 87
445 89
494 89
89 89
144 91
617 91
396 91
824 93
731 95
175 95
404 97
788 98
948 99
454 99
631 100
194 102
503 104
884 104
443 105
95 106
938 108
781 111
950 111
933 111
878 111
353 112
94 113
225 114
899 116
329 117
103 119
251 121
924 121
358 121
363 121
250 123
110 123
121 126
844 127
902 128
793 130
447 131
571 132
574 132
517 132
641 132
893 132
826 135
182 136
645 136
792 136
607 137
974 139
216 140
448 140
790 142
997 143
774 145
161 146
719 146
520 147
668 147
1000 149
832 150
484 151
216 151
309 151
807 152
635 152
48 153
663 153
245 153
575 156
968 157
786 157
979 157
854 162
587 163
261 164
407 164
225 164
140 165
765 166
922 168
785 169
346 170
728 172
347 173
327 175
226 175
202 175
67 175
160 176
41 177
374 177
437 178
32 179
31 180
398 181
482 183
249 183
620 183
565 183
418 185
490 187
82 187
837 188
751 188
720 188
217 189
730 193
482 194
609 196
486 197
986 202
387 203
260 204
303 207
613 208
803 208
629 211
815 212
831 213
757 214
870 217
732 217
322 219
673 219
537 220
657 222
970 223
805 224
506 225
316 225
299 225
341 225
435 226
173 226
819 230
520 230
117 234
741 235
718 235
520 235
516 235
797 236
741 237
68 237
984 237
807 239
801 240
407 240
612 241
739 241
396 242
518 243
650 246
567 248
688 248
511 249
120 250
863 251
855 251
347 252
34 253
510 253
909 255
304 255
212 255
698 258
48 259
897 261
41 262
592 262
53 263
207 263
702 264
577 264
299 264
71 265
15 265
558 266
2 267
777 268
575 271
613 271
568 272
358 272
406 275
520 276
499 277
68 278
366 281
408 282
69 282
162 283
355 283
677 283
623 284
83 286
643 287
562 289
258 291
471 292
582 294
430 295
826 296
849 297
354 297
337 297
553 301
454 301
615 302
152 302
36 303
217 305
60 305
465 306
523 307
127 310
291 312
830 313
334 313
944 314
175 314
975 314
995 314
767 315
845 315
847 315
389 316
33 317
610 317
496 319
159 319
596 320
988 320
617 324
156 324
287 325
143 325
849 325
844 325
858 326
438 326
119 327
140 328
248 329
278 333
304 333
366 333
56 334
942 335
979 335
727 338
167 338
572 340
878 341
380 341
144 341
95 342
467 344
532 345
876 345
383 345
389 346
739 346
46 346
294 347
807 349
513 350
518 350
715 352
499 355
482 355
890 357
483 360
791 362
745 362
119 362
152 363
886 363
645 364
882 364
50 365
923 365
707 366
521 367
168 368
666 369
555 369
798 370
479 370
677 371
515 371
357 371
437 373
796 373
792 374
110 374
516 375
297 375
186 377
58 379
233 379
50 380
241 381
494 382
390 383
561 383
226 384
662 384
485 385
537 385
968 387
901 387
43 388
983 388
354 390
835 390
935 390
426 390
766 390
20 395
32 395
610 395
813 395
556 395
914 396
225 396
192 398
434 398
899 400
344 402
461 403
194 406
888 407
461 407
917 407
298 407
184 408
303 408
97 408
765 409
879 409
650 410
463 411
315 411
260 413
940 415
705 416
439 417
83 421
846 422
646 423
717 424
915 425
500 425
509 429
768 429
947 432
860 432
551 433
341 433
161 435
453 435
704 437
525 442
770 444
999 445
551 446
665 446
844 448
836 448
570 450
821 451
386 452
671 452
952 453
526 453
639 454
658 454
742 454
546 455
648 457
635 457
788 458
214 458
195 458
660 458
25 460
670 460
984 461
467 462
487 463
565 463
818 463
154 463
227 465
362 466
205 468
272 469
686 471
324 471
723 471
843 472
865 472
828 473
40 473
742 474
463 476
777 477
234 477
829 478
904 479
136 480
919 481
271 481
65 482
683 482
221 485
528 485
165 486
376 486
693 487
738 487
674 489
557 490
143 491
644 494
595 495
144 496
424 496
792 497
905 498
88 498
531 499
52 500
986 501
75 501
257 501
243 502
368 503
415 504
728 505
1 505
827 508
805 511
47 511
5 517
467 517
623 518
968 518
796 519
583 520
777 520
200 522
91 524
774 525
141 528
898 529
117 533
197 534
415 535
404 537
511 539
716 540
382 544
421 544
415 545
591 545
834 545
520 547
214 548
166 550
545 551
3 553
569 553
4 554
43 555
484 557
153 557
958 561
187 561
467 562
309 563
446 564
667 565
868 565
202 565
986 566
858 566
593 566
154 567
582 568
913 568
942 569
506 570
468 572
312 573
981 574
265 577
92 578
230 578
833 578
793 578
160 578
483 579
403 579
998 580
502 581
318 581
899 581
426 582
777 583
358 583
259 583
793 585
298 586
548 588
967 591
771 592
504 593
304 593
764 595
625 595
37 595
714 596
703 599
235 602
497 604
78 604
683 607
110 607
266 608
895 610
210 614
148 615
690 616
63 616
563 621
518 621
752 622
714 623
946 624
442 626
716 626
222 627
990 627
330 629
64 629
539 631
414 632
216 632
405 632
888 633
725 635
790 636
256 636
451 637
640 637
256 639
280 640
905 641
387 642
818 643
845 643
34 646
776 646
813 649
64 650
378 651
396 651
741 651
35 651
621 655
342 656
963 657
595 657
476 658
747 658
200 658
597 659
166 659
619 659
592 664
165 664
991 666
251 667
940 667
21 667
229 668
609 669
193 670
618 671
989 672
893 675
984 676
795 676
636 676
750 678
182 681
863 683
496 686
301 687
879 687
139 688
244 689
210 690
976 693
348 693
880 698
588 699
282 699
287 700
570 700
122 700
678 701
347 704
554 704
489 705
491 709
34 709
662 711
806 712
823 712
431 717
210 719
249 719
833 722
512 722
938 722
641 724
103 726
337 728
975 728
64 729
994 729
821 732
49 733
169 738
502 738
542 739
793 740
226 740
452 744
415 745
228 745
666 750
609 751
638 751
564 752
857 753
297 755
85 759
511 760
648 760
741 762
119 762
977 764
672 764
800 766
799 767
76 767
177 768
242 768
541 768
990 768
541 768
426 769
46 769
38 770
781 770
830 770
759 770
96 771
947 772
227 773
54 776
201 777
296 779
599 779
588 779
897 779
135 780
340 780
900 781
635 781
473 782
384 783
3 783
993 784
127 784
147 784
958 785
624 786
346 786
983 787
546 788
262 789
343 789
865 789
461 789
958 790
779 792
362 792
23 793
819 793
663 794
951 796
455 796
517 799
408 799
335 800
206 800
50 803
367 806
247 806
137 808
773 809
723 810
522 810
749 815
325 816
842 817
457 817
795 819
562 820
133 820
741 824
568 824
379 824
481 829
730 829
968 830
728 830
853 831
403 832
880 834
211 834
728 835
383 835
204 836
931 837
892 837
749 839
501 839
931 840
915 841
291 843
762 843
742 843
294 844
505 845
457 845
157 846
405 846
358 847
968 847
837 848
376 849
857 849
365 850
77 852
130 854
641 855
15 856
462 856
502 856
381 857
428 857
413 858
183 862
797 863
455 864
45 865
866 866
361 868
376 869
635 871
66 871
946 872
604 873
637 873
706 874
789 875
554 876
181 878
954 878
198 880
632 883
551 883
855 884
658 886
381 886
943 887
421 887
747 887
572 888
278 889
843 889
226 890
437 890
68 891
667 891
943 891
216 891
9 893
962 893
914 893
951 895
555 896
48 902
418 903
81 905
657 906
306 907
342 908
537 910
42 911
266 913
126 914
367 916
628 916
795 916
233 919
602 920
352 922
928 922
250 924
699 925
655 925
723 925
269 925
524 926
504 927
577 929
747 931
504 932
316 932
841 933
748 933
881 934
591 938
754 944
394 945
290 947
41 947
744 947
641 949
838 949
340 950
130 950
550 951
638 951
881 953
390 954
434 954
514 955
796 957
144 957
976 958
581 959
59 962
678 964
771 965
324 967
54 968
297 968
363 969
244 970
729 970
53 970
321 971
633 971
899 972
697 972
614 973
575 973
74 974
852 975
802 977
373 978
388 978
907 979
147 980
568 981
739 981
761 983
337 983
190 983
536 983
674 984
168 987
469 987
801 987
880 991
930 991
877 993
379 995
280 995
985 995
587 997
917 1000
