1000
763 2
222 2
276 3
582 3
353 5
547 5
749 5
179 6
301 7
184 9
280 9
114 9
689 12
459 13
485 13
718 14
574 14
859 15
589 15
358 15
503 17
881 18
398 19
356 21
655 23
758 24
823 24
627 26
251 27
841 27
863 28
492 29
734 30
63 31
691 31
56 35
341 35
753 36
485 37
390 38
289 39
978 41
945 44
946 47
674 48
740 48
125 48
149 48
662 49
827 53
277 54
470 54
125 55
356 57
472 59
970 59
284 61
396 61
356 62
163 63
302 63
932 64
879 64
146 66
449 66
179 66
312 67
713 67
352 68
277 69
795 71
816 71
472 73
568 76
913 76
296 76
538 76
857 77
501 80
431 80
726 81
494 82
624 82
467 82
881 83
449 86
403 88
504 88
68 89
457 89
896 89
319 89
929 90
944 91
591 91
697 91
74 91
502 95
753 96
219 100
739 100
178 101
675 105
855 105
991 105
380 109
909 111
166 112
327 113
531 115
875 115
73 116
834 118
52 118
592 119
790 120
50 120
902 121
673 123
832 125
717 125
451 126
998 126
488 127
158 128
118 129
537 129
700 130
918 130
450 131
151 131
446 133
236 136
323 136
127 137
146 137
674 138
195 140
118 141
172 142
775 142
876 142
921 143
113 144
17 144
1000 145
109 147
367 149
34 149
568 150
596 151
126 152
906 152
453 153
500 153
61 154
563 155
744 156
923 156
222 157
736 157
252 159
174 160
476 161
654 161
352 163
241 164
348 165
603 167
247 167
591 171
244 172
625 172
481 173
725 175
395 175
67 176
533 176
27 177
250 178
324 179
533 180
557 183
842 186
995 187
758 188
673 191
336 192
303 195
413 196
470 196
71 197
994 197
743 197
176 197
16 198
47 199
304 199
278 200
657 202
368 202
262 203
799 204
479 206
147 206
285 208
466 208
875 208
219 209
427 209
941 209
679 210
648 210
601 211
978 213
333 214
782 214
14 215
43 216
503 216
34 217
81 217
665 220
559 220
658 221
916 221
485 221
193 221
743 223
335 223
194 224
283 224
705 227
747 228
736 228
604 229
21 230
380 230
896 231
731 231
379 231
217 233
47 233
378 233
693 234
239 236
185 236
895 237
922 237
389 238
478 238
784 239
375 239
991 239
480 241
490 242
745 242
410 243
538 243
39 244
733 247
458 248
65 252
470 253
474 257
278 257
479 257
26 257
471 259
620 259
521 259
875 265
472 265
181 266
961 267
74 267
824 269
994 271
578 272
500 274
343 276
173 277
463 277
86 278
755 279
830 279
854 282
278 282
364 283
474 283
687 283
957 285
105 287
3 288
176 292
291 292
396 293
965 293
931 294
812 295
480 296
922 297
980 299
4 301
883 301
426 302
575 305
164 305
441 306
612 307
583 309
16 309
732 310
810 310
251 311
798 313
339 314
636 315
142 317
784 319
650 321
119 321
617 322
106 322
726 322
91 323
907 324
480 325
766 327
641 327
528 330
2 332
458 333
630 333
530 334
323 335
124 339
22 341
1 343
822 343
682 344
746 346
734 346
371 346
432 347
112 349
652 351
303 351
608 352
403 352
807 353
132 355
988 360
53 361
274 361
999 362
964 362
816 363
497 363
388 365
922 366
974 367
247 370
432 371
978 371
444 373
88 374
628 375
593 375
358 376
784 377
601 377
695 377
811 378
876 379
624 379
34 379
295 379
372 380
451 382
923 384
226 384
894 390
256 392
873 393
340 393
513 394
788 397
625 397
613 398
956 398
622 400
931 402
897 405
286 405
674 406
554 407
983 407
378 408
425 409
533 409
156 410
653 411
430 411
623 411
944 411
835 411
43 412
790 413
832 413
539 413
106 414
496 414
960 417
867 419
729 421
47 422
834 422
267 424
363 425
181 425
168 426
390 426
46 426
935 426
97 427
253 428
636 428
327 428
28 429
376 431
946 432
904 436
653 436
791 441
554 441
925 442
159 444
553 444
629 444
938 444
432 446
919 446
327 449
927 449
572 451
967 451
611 451
240 453
288 454
695 454
571 454
737 454
659 454
171 455
655 455
670 456
286 456
965 457
240 457
943 457
827 457
772 459
687 460
571 460
426 463
292 463
244 464
873 465
810 467
489 467
824 468
735 468
107 468
201 469
336 470
53 470
296 470
410 471
76 473
945 474
613 476
157 476
295 477
663 478
106 478
819 479
250 479
397 479
146 480
78 480
483 481
677 481
281 482
671 483
457 483
183 484
134 486
287 486
884 488
601 490
308 490
811 491
256 491
681 492
835 496
947 496
269 497
414 498
924 498
726 500
645 501
999 501
192 501
368 503
263 504
109 509
36 509
671 509
964 511
539 511
405 511
569 512
502 512
483 517
614 518
604 519
53 519
155 519
951 521
243 523
869 524
66 525
591 525
635 527
277 529
757 530
149 530
184 530
858 532
207 535
231 537
837 539
822 539
906 539
710 540
790 540
448 541
189 543
684 544
722 544
300 545
770 546
542 546
947 547
949 553
799 554
932 554
912 555
888 555
136 555
314 556
115 556
9 558
974 558
177 560
361 561
728 561
649 562
144 563
97 563
277 564
579 564
434 564
408 566
238 566
241 567
464 568
603 568
931 570
815 571
329 571
700 571
689 574
20 574
317 574
462 575
263 575
863 575
731 576
767 576
912 577
3 579
421 579
835 580
177 580
833 580
499 580
817 581
600 582
685 585
661 585
623 586
266 587
39 587
749 587
538 587
899 587
122 589
553 589
452 591
322 591
876 592
764 593
306 594
153 596
467 596
121 596
678 597
306 598
491 599
209 599
208 600
228 600
332 600
333 600
860 603
31 603
93 604
625 604
882 605
830 605
342 605
579 605
239 607
533 607
961 608
375 610
648 611
312 612
262 612
400 612
17 613
862 616
187 618
931 619
634 622
74 624
106 626
445 626
136 626
42 628
343 629
4 631
974 634
78 634
685 635
911 636
22 637
901 637
421 639
54 641
339 644
639 644
749 645
191 645
124 646
795 647
685 647
694 647
297 649
229 649
645 650
357 651
270 651
296 653
345 656
756 660
198 661
168 662
77 663
306 664
151 664
394 665
645 666
314 667
552 668
76 669
568 670
701 671
402 671
753 671
567 672
340 672
22 673
933 673
762 675
85 676
922 677
470 678
800 679
942 679
308 683
527 683
951 684
446 685
289 686
678 690
880 690
653 693
384 695
681 698
15 700
868 705
165 707
716 707
862 707
242 707
117 708
12 711
396 711
21 712
15 713
831 713
388 714
387 714
705 716
68 718
765 719
915 719
595 720
789 721
469 722
908 723
2 723
887 724
536 725
524 727
670 729
473 729
598 730
239 733
292 733
630 734
405 735
947 735
524 736
403 736
456 738
552 738
145 740
257 740
949 741
973 745
577 747
243 747
391 749
795 751
700 755
33 756
467 756
867 759
420 762
331 762
770 763
467 763
702 766
545 767
238 767
626 770
901 772
471 773
47 774
827 775
369 775
589 776
770 777
278 778
513 778
150 778
261 778
374 779
796 780
332 780
334 781
280 781
380 782
761 782
123 782
226 783
829 785
255 787
670 788
891 789
540 789
423 791
834 792
640 793
908 796
646 798
438 799
47 799
728 800
288 800
126 800
458 802
214 803
529 803
672 803
781 803
332 806
385 806
559 806
685 807
741 808
234 809
853 810
373 813
695 814
852 815
272 816
123 817
534 818
215 819
456 819
497 824
765 824
566 824
26 827
70 829
40 829
734 830
81 831
731 832
41 832
853 836
727 837
628 837
321 838
377 839
835 839
51 839
816 840
696 840
503 841
305 842
150 843
115 843
119 843
541 843
13 843
68 844
764 845
84 846
787 850
456 850
470 851
395 851
167 852
935 852
743 854
824 854
835 855
267 855
553 856
180 856
176 856
214 857
550 857
259 858
322 858
276 858
675 858
35 860
618 862
872 863
551 864
558 867
492 867
491 869
966 869
363 869
208 870
480 872
794 873
691 876
460 876
625 879
83 880
680 880
437 882
697 884
991 884
645 885
679 886
694 889
150 892
819 892
924 894
172 895
786 896
101 897
59 898
530 898
610 899
683 899
505 900
63 900
85 901
112 901
49 906
888 906
665 906
646 908
962 910
853 912
125 913
481 914
536 914
238 915
867 915
684 916
655 916
875 917
996 917
682 917
299 918
115 919
877 919
302 919
831 920
823 920
31 921
192 923
821 925
207 926
340 927
177 928
947 931
239 933
229 934
733 934
598 935
215 937
547 938
940 938
351 940
360 943
551 943
126 944
771 946
590 949
775 951
374 951
10 951
103 952
159 953
976 953
918 954
622 954
805 957
560 958
623 962
393 963
632 964
214 965
441 967
517 967
961 967
896 968
229 970
353 971
196 972
349 974
331 975
278 976
609 978
537 979
223 980
28 980
680 983
732 983
214 983
395 984
129 990
37 991
932 991
480 992
819 992
779 993
460 993
718 996
88 996
293 997
694 997
225 998
74 998
625 999
189 1000
746 1000
