513
104 1
109 2
125 2
2 3
99 6
126 13
36 14
142 14
169 18
80 18
84 20
17 20
12 23
136 24
9 28
52 28
86 29
151 31
81 31
34 32
123 35
79 37
97 37
156 37
80 41
143 42
74 43
141 45
42 46
4 47
138 53
129 58
131 60
180 61
52 61
6 65
58 65
39 68
103 71
137 72
150 73
173 73
87 81
31 81
102 83
170 83
80 95
179 95
156 99
100 101
38 102
183 103
134 103
186 104
48 104
157 106
196 107
131 108
20 113
68 113
180 114
96 114
173 116
36 119
64 120
54 123
83 127
72 127
118 127
62 131
45 140
44 140
161 142
180 142
70 144
77 144
28 145
109 147
166 148
56 150
136 154
122 160
75 160
110 166
54 167
94 167
118 169
23 171
31 174
23 175
61 176
163 177
28 180
95 184
46 187
11 188
44 188
123 189
59 191
75 193
67 193
132 197
156 199
5 199
123 201
43 202
83 202
116 204
196 204
18 209
123 211
68 214
38 214
39 215
173 216
180 217
22 219
196 220
10 223
168 224
73 224
139 225
10 225
177 227
192 231
9 231
165 236
74 241
12 243
93 245
159 249
1 249
135 251
70 253
71 253
26 254
88 255
61 255
147 255
55 257
126 257
11 259
62 264
51 270
77 273
9 276
109 277
198 278
14 279
190 279
81 284
28 285
79 286
196 287
163 288
24 294
30 296
6 296
21 297
191 300
132 306
127 307
113 307
62 310
181 319
29 321
56 322
107 323
70 323
88 323
52 327
126 330
95 333
96 334
67 337
91 348
124 348
103 351
47 352
120 352
173 353
54 354
143 355
117 358
84 365
113 368
136 370
22 377
116 379
193 380
92 382
72 385
132 389
47 393
56 395
73 397
190 397
63 397
116 398
45 399
55 400
165 400
116 401
77 407
30 409
93 412
172 412
20 413
56 416
169 420
187 424
70 424
98 426
177 427
66 435
197 435
130 437
139 438
17 440
142 442
62 444
141 444
197 445
126 446
140 447
165 451
130 454
10 455
75 456
10 460
171 464
71 467
67 471
110 472
74 472
88 473
147 473
178 474
21 476
62 477
59 479
137 482
63 482
112 483
4 483
91 484
115 485
176 487
185 490
47 492
89 494
160 495
170 503
34 504
91 505
159 506
59 506
155 506
31 509
70 511
21 515
120 516
54 516
166 518
5 521
192 521
54 523
16 523
74 526
152 530
125 532
36 532
83 533
57 534
128 538
130 540
186 540
95 540
163 542
45 543
25 545
188 545
29 545
58 549
173 551
165 552
92 553
144 557
146 557
7 561
49 562
32 564
76 566
139 566
73 567
151 567
63 576
23 579
156 585
47 588
194 589
46 594
106 595
182 596
132 597
148 597
103 597
117 598
134 599
89 599
51 600
10 600
69 601
177 603
186 604
112 606
85 607
58 610
79 611
184 612
3 614
79 614
143 615
53 615
168 617
9 621
9 621
19 626
88 626
105 630
3 633
101 633
109 634
170 635
65 637
149 639
157 642
39 645
67 647
144 650
147 651
38 653
160 655
49 655
67 656
125 656
11 657
162 660
141 660
63 662
124 665
22 665
133 666
109 669
15 670
18 673
45 679
174 683
43 683
139 685
61 686
108 686
86 688
121 690
23 691
93 692
115 693
13 697
155 697
117 698
31 702
144 702
13 703
26 706
109 709
81 710
103 710
144 712
11 712
82 714
115 726
50 729
22 729
93 730
106 732
101 737
5 737
97 738
49 740
62 744
169 744
162 746
194 746
122 746
114 747
154 749
113 751
5 751
48 752
112 753
69 754
32 755
194 755
126 755
180 757
156 758
81 759
183 762
76 769
127 773
83 773
103 774
188 776
74 779
160 784
132 785
144 786
105 786
78 787
8 790
130 790
134 791
53 797
103 797
35 800
51 801
154 801
191 802
103 802
141 804
149 806
74 808
51 808
76 809
133 809
132 810
160 812
71 812
51 813
114 813
128 815
154 825
154 826
162 828
97 829
86 832
178 833
152 836
135 836
83 838
23 838
173 839
163 839
184 840
125 841
85 841
115 842
155 843
22 844
139 844
15 846
51 849
39 849
134 849
101 854
149 855
82 855
31 858
43 859
19 861
130 862
189 868
107 869
144 869
156 870
30 872
10 872
106 873
194 877
42 878
180 878
60 882
148 883
111 889
184 889
10 890
32 891
144 891
14 891
2 891
13 894
196 896
57 896
38 900
147 905
97 907
182 910
107 914
82 914
17 918
70 920
71 924
34 927
92 928
113 928
87 935
105 935
160 937
132 940
196 941
13 941
76 943
26 946
