709
584 0
450 3
560 5
858 5
394 6
648 8
204 9
139 14
653 15
211 15
265 15
387 15
798 16
643 17
716 18
703 19
696 20
661 23
710 23
286 23
499 25
221 26
525 26
580 26
720 29
207 31
50 32
649 34
655 38
116 39
965 42
923 42
973 45
104 46
83 47
649 47
197 49
253 49
673 53
262 53
800 53
298 56
31 56
270 57
226 59
759 60
923 61
932 62
291 63
957 64
21 67
81 70
271 72
689 80
412 80
972 82
686 83
277 84
892 86
869 86
190 88
925 89
21 94
138 97
219 97
760 97
640 97
686 99
489 99
249 99
874 102
496 104
230 105
838 108
459 108
685 109
157 112
648 113
137 115
621 116
290 129
405 129
928 130
257 131
466 133
754 134
13 135
59 136
281 138
372 143
667 144
31 146
66 147
662 148
832 152
546 154
681 161
254 170
484 171
240 173
519 173
700 177
203 184
168 186
867 188
462 188
585 188
176 189
9 189
658 190
355 190
338 190
843 192
533 194
533 195
549 195
904 196
960 197
833 200
440 201
578 202
761 202
988 203
178 205
137 209
422 209
380 212
114 213
428 213
69 217
268 217
839 218
385 218
910 219
183 229
160 230
294 230
653 230
673 231
135 231
242 232
644 233
454 233
647 233
465 234
678 234
88 235
496 236
513 236
254 240
399 241
375 242
795 242
222 243
876 243
528 245
387 246
153 246
469 249
329 249
578 250
667 251
498 252
526 254
246 255
835 256
131 259
131 260
142 260
450 262
898 262
712 263
503 263
261 263
828 264
542 266
304 267
80 269
492 271
189 274
942 275
902 275
116 276
702 276
698 280
971 280
604 281
809 282
654 283
673 284
259 287
695 289
772 291
992 293
975 293
212 294
204 295
772 296
55 296
374 297
809 297
527 298
805 299
49 301
492 302
570 303
456 305
177 306
417 310
875 311
227 314
636 316
185 316
52 319
751 320
367 321
686 323
11 323
49 324
873 324
554 325
921 325
59 329
494 330
379 333
942 335
275 336
945 336
714 337
719 338
235 340
144 343
300 343
19 344
865 345
804 345
26 345
205 346
177 348
226 351
501 352
671 353
152 356
43 359
693 360
545 363
934 366
60 366
339 369
186 371
263 374
506 376
314 377
74 379
195 382
582 382
880 383
262 387
694 388
331 389
579 389
262 390
738 391
976 391
377 391
566 391
767 393
531 396
372 398
539 400
125 401
758 401
68 402
215 402
809 403
138 405
991 405
229 406
91 410
527 411
465 411
557 411
652 412
594 413
457 415
252 419
454 420
304 420
639 421
131 422
745 423
883 425
696 425
844 427
380 428
776 428
710 430
328 431
390 432
884 432
80 432
772 436
554 437
392 440
559 440
747 442
737 443
264 445
312 446
764 446
756 446
856 450
500 453
189 454
410 455
938 458
114 458
697 459
349 459
968 460
804 460
600 463
290 463
906 463
995 466
414 470
662 470
282 470
456 472
75 473
238 473
713 474
997 474
603 475
404 477
359 477
410 479
126 481
440 487
982 487
557 487
899 492
698 494
742 494
296 495
882 495
339 497
92 497
409 498
3 501
610 506
520 507
765 508
971 510
733 512
600 513
968 514
831 516
433 517
179 517
691 517
854 521
989 521
515 521
933 523
797 524
80 525
628 528
700 529
302 532
259 533
446 533
114 536
927 537
200 539
727 544
63 546
237 548
872 549
121 549
467 551
324 551
565 551
795 552
270 555
213 556
676 556
383 557
359 557
213 558
574 560
272 562
53 565
689 566
235 566
629 567
830 567
513 568
846 568
829 569
437 571
244 572
971 576
985 576
322 578
100 580
511 583
31 584
437 585
87 585
169 586
400 586
469 591
473 596
957 596
895 598
66 599
724 602
399 604
814 604
266 605
609 612
687 612
7 613
561 613
528 613
107 614
946 614
362 615
777 615
333 615
636 617
352 621
393 622
382 622
231 622
413 624
825 624
336 625
945 625
394 626
169 626
896 627
991 629
685 630
221 632
341 633
42 633
997 638
734 641
686 641
862 642
719 644
745 645
448 646
788 646
550 646
266 646
833 647
363 648
690 650
93 650
128 653
811 653
869 656
541 658
907 665
480 667
176 668
435 669
919 670
671 672
33 673
538 674
555 676
725 677
101 678
108 679
454 681
287 682
954 684
394 685
848 686
17 687
896 687
302 689
944 690
699 692
641 696
153 699
955 701
249 705
110 705
183 706
274 707
743 707
910 708
337 710
70 710
419 711
172 712
909 713
936 715
670 717
424 717
198 717
473 718
306 725
308 725
921 728
778 730
843 731
286 736
772 738
618 739
304 740
879 741
34 742
165 743
50 744
620 745
295 745
858 746
478 747
707 748
357 753
793 755
545 757
558 760
107 761
270 762
375 762
983 764
113 768
534 769
157 769
83 770
451 771
870 773
264 776
437 777
794 778
28 778
893 780
697 783
556 784
118 786
164 788
175 788
430 790
131 792
944 792
105 792
397 792
915 796
163 797
55 799
269 799
156 801
668 802
844 804
731 805
660 805
724 806
936 807
682 811
871 811
142 813
562 813
257 813
478 814
822 814
184 815
828 816
983 817
284 817
866 822
574 823
797 824
699 826
964 827
759 828
124 833
141 834
381 835
304 835
572 837
632 838
396 842
341 842
285 842
789 842
238 843
702 844
14 846
306 847
874 852
402 855
504 855
474 856
241 857
593 859
350 861
924 861
609 862
382 863
894 865
891 870
134 873
42 875
776 877
730 879
239 879
718 880
683 881
179 883
937 883
861 884
79 889
490 890
803 891
657 891
104 893
917 894
20 895
415 895
763 897
60 899
958 902
508 903
113 904
468 904
74 905
719 906
179 906
598 906
382 907
959 908
900 910
9 910
978 912
462 914
9 914
449 916
466 916
771 916
844 917
744 920
478 920
533 920
360 920
742 923
419 924
628 926
114 926
512 927
858 928
952 929
418 929
912 930
167 935
241 936
425 936
766 939
746 939
534 943
249 944
329 944
334 946
514 947
8 948
164 949
232 951
893 951
796 951
706 954
189 955
52 957
964 959
866 960
364 962
600 962
55 963
690 965
559 973
688 974
342 974
993 975
346 976
806 976
723 979
316 980
733 980
870 981
991 982
225 983
940 984
734 985
419 986
826 990
554 990
64 991
299 993
18 994
24 995
642 996
683 998
383 998
718 1000
