482
150 0
194 0
658 0
651 0
626 0
735 0
414 0
493 0
65 0
266 0
510 0
42 1
185 1
585 1
767 1
146 1
704 1
113 1
214 1
313 1
258 1
299 1
337 1
784 1
579 1
457 2
86 2
188 2
514 2
516 2
494 2
533 2
144 2
115 2
588 2
108 2
269 2
318 2
729 3
582 3
495 3
612 3
59 3
747 4
398 4
415 4
379 4
21 4
778 4
398 4
697 4
782 4
746 5
607 5
597 5
345 5
298 5
705 5
531 5
678 5
126 5
393 5
692 5
691 5
783 5
525 5
558 5
367 6
44 6
686 6
179 6
701 6
113 6
269 6
220 6
263 6
120 6
751 6
155 6
426 6
15 6
131 6
462 7
251 7
78 7
62 7
700 7
524 7
742 7
664 7
432 7
59 7
445 7
151 7
356 7
261 7
727 8
696 8
192 8
568 8
484 8
593 8
742 8
509 8
431 8
24 8
764 8
681 8
544 8
614 8
758 8
650 8
780 9
69 9
207 9
94 9
174 9
191 9
43 9
322 9
138 9
33 9
90 9
154 10
153 10
665 10
782 10
310 10
111 10
218 10
254 10
498 10
322 11
725 11
632 11
3 11
287 11
254 11
617 11
749 12
738 12
584 12
188 12
218 12
531 12
157 12
341 13
581 13
170 13
645 13
722 13
254 13
534 13
384 13
549 14
628 14
30 14
504 14
682 14
324 14
69 14
624 15
556 15
500 15
685 15
428 15
556 15
686 15
241 15
483 15
408 15
692 15
780 16
709 16
226 16
474 16
640 16
569 16
186 16
42 16
186 16
712 17
457 17
418 17
3 17
661 17
773 17
381 17
94 18
529 18
416 18
145 18
697 18
357 18
275 18
492 19
346 19
588 19
240 19
634 19
358 19
109 19
235 19
592 19
684 20
419 20
333 20
790 20
6 20
296 20
644 20
226 20
445 20
214 20
64 20
527 20
78 20
572 20
556 20
678 21
268 21
305 21
382 21
634 21
136 21
309 21
670 21
430 21
627 21
425 21
169 22
767 22
102 22
676 22
751 22
220 22
383 22
670 22
403 22
26 22
175 22
416 22
657 22
4 22
421 22
7 23
546 23
433 23
153 23
585 23
509 23
599 23
634 23
406 23
573 24
567 24
62 24
165 24
621 24
753 24
161 24
713 25
690 25
64 25
502 25
141 25
348 25
599 25
560 26
369 26
665 26
52 26
182 26
425 26
101 26
581 26
242 26
524 26
722 26
237 26
29 27
329 27
34 27
346 27
534 27
227 27
616 27
177 27
743 27
761 27
48 27
263 28
411 28
106 28
587 28
489 28
23 28
127 28
144 29
483 29
589 29
288 29
542 29
325 29
276 30
396 30
254 30
664 30
541 30
177 30
568 30
682 30
548 30
476 30
557 31
761 31
130 31
536 31
552 31
733 31
1 31
159 31
57 31
21 31
746 32
349 32
318 32
432 32
588 32
33 32
102 32
581 32
36 33
365 33
482 33
495 33
575 33
162 33
159 33
589 33
691 33
205 33
510 33
559 33
108 33
407 33
675 33
685 33
672 33
302 33
120 34
707 34
243 34
190 34
46 34
98 34
417 34
204 34
32 35
264 35
658 35
784 35
517 35
762 35
249 35
296 35
504 35
289 35
325 35
224 35
100 35
525 35
319 35
708 35
511 36
601 36
703 36
460 36
631 36
780 36
149 36
713 36
686 36
209 36
138 36
614 36
69 36
610 37
488 37
329 37
656 37
723 37
323 37
114 37
30 37
395 37
683 37
358 37
578 37
395 37
367 38
195 38
220 38
642 38
508 38
301 38
190 38
90 38
758 38
44 38
228 38
732 38
755 39
625 39
764 39
101 39
115 39
60 40
654 40
440 40
271 40
447 40
70 40
622 40
592 40
590 40
136 41
302 41
741 41
15 41
676 41
394 41
24 41
439 41
685 41
434 41
769 41
474 42
70 42
695 42
538 42
791 42
214 42
591 42
321 42
300 42
582 42
712 42
188 42
385 42
253 42
31 42
757 42
637 42
50 43
83 43
611 43
296 43
535 43
209 43
110 43
550 43
274 43
62 43
407 43
87 44
351 44
375 44
245 44
694 44
699 44
561 44
117 44
192 44
516 44
649 44
533 44
173 44
29 44
45 44
77 44
270 44
