1000
402 2147483637
771 2147483637
79 2147483637
921 2147483637
999 2147483637
176 2147483637
196 2147483637
724 2147483637
628 2147483637
901 2147483637
575 2147483637
162 2147483637
803 2147483637
61 2147483637
74 2147483637
993 2147483637
821 2147483637
508 2147483637
825 2147483637
762 2147483637
738 2147483637
17 2147483637
980 2147483637
765 2147483637
356 2147483637
723 2147483637
802 2147483637
120 2147483637
772 2147483637
111 2147483637
370 2147483637
570 2147483637
528 2147483637
826 2147483637
436 2147483637
580 2147483637
404 2147483637
36 2147483637
219 2147483637
61 2147483637
813 2147483637
922 2147483637
680 2147483637
451 2147483637
976 2147483637
694 2147483637
372 2147483637
774 2147483637
478 2147483637
684 2147483637
501 2147483637
224 2147483637
568 2147483637
216 2147483637
827 2147483637
945 2147483637
205 2147483637
721 2147483637
713 2147483637
201 2147483637
613 2147483637
388 2147483637
149 2147483637
297 2147483637
697 2147483637
888 2147483637
989 2147483637
753 2147483637
197 2147483637
51 2147483637
808 2147483637
484 2147483637
583 2147483637
366 2147483637
296 2147483637
410 2147483637
30 2147483637
229 2147483637
493 2147483637
143 2147483637
103 2147483637
825 2147483637
54 2147483637
91 2147483637
544 2147483637
615 2147483637
988 2147483637
11 2147483637
53 2147483637
595 2147483637
392 2147483637
376 2147483637
286 2147483637
158 2147483637
419 2147483637
260 2147483637
328 2147483637
427 2147483637
562 2147483637
950 2147483637
908 2147483637
989 2147483637
901 2147483637
1000 2147483637
755 2147483637
153 2147483638
139 2147483638
511 2147483638
721 2147483638
961 2147483638
940 2147483638
507 2147483638
391 2147483638
973 2147483638
841 2147483638
415 2147483638
838 2147483638
67 2147483638
641 2147483638
994 2147483638
382 2147483638
368 2147483638
771 2147483638
322 2147483638
939 2147483638
29 2147483638
398 2147483638
798 2147483638
453 2147483638
608 2147483638
194 2147483638
704 2147483638
494 2147483638
935 2147483638
587 2147483638
430 2147483638
277 2147483638
283 2147483638
936 2147483638
884 2147483638
139 2147483638
69 2147483638
541 2147483638
103 2147483638
414 2147483638
333 2147483638
40 2147483638
381 2147483638
205 2147483638
155 2147483638
157 2147483638
826 2147483638
100 2147483638
507 2147483638
154 2147483638
680 2147483638
388 2147483638
209 2147483638
253 2147483638
94 2147483638
326 2147483638
938 2147483638
766 2147483638
814 2147483638
380 2147483638
862 2147483638
221 2147483638
799 2147483638
879 2147483638
420 2147483638
726 2147483638
133 2147483638
466 2147483638
851 2147483638
297 2147483638
433 2147483638
596 2147483638
203 2147483638
72 2147483638
941 2147483638
12 2147483638
840 2147483638
65 2147483638
68 2147483638
848 2147483638
969 2147483638
601 2147483638
462 2147483638
841 2147483638
318 2147483638
975 2147483638
801 2147483638
8 2147483638
433 2147483638
484 2147483638
897 2147483639
244 2147483639
985 2147483639
778 2147483639
177 2147483639
753 2147483639
280 2147483639
503 2147483639
385 2147483639
1 2147483639
142 2147483639
497 2147483639
66 2147483639
460 2147483639
575 2147483639
126 2147483639
523 2147483639
771 2147483639
154 2147483639
766 2147483639
195 2147483639
802 2147483639
56 2147483639
601 2147483639
909 2147483639
737 2147483639
543 2147483639
98 2147483639
282 2147483639
649 2147483639
590 2147483639
257 2147483639
255 2147483639
585 2147483639
866 2147483639
147 2147483639
781 2147483639
875 2147483639
557 2147483639
925 2147483639
542 2147483639
289 2147483639
423 2147483639
905 2147483639
201 2147483639
916 2147483639
10 2147483639
104 2147483639
9 2147483639
6 2147483639
635 2147483639
98 2147483639
997 2147483639
710 2147483639
776 2147483639
84 2147483639
335 2147483639
182 2147483639
799 2147483639
184 2147483639
257 2147483639
388 2147483639
695 2147483639
701 2147483639
910 2147483639
34 2147483639
679 2147483639
194 2147483639
152 2147483639
859 2147483639
704 2147483639
938 2147483639
598 2147483639
451 2147483639
347 2147483639
544 2147483639
638 2147483639
107 2147483639
224 2147483639
883 2147483639
419 2147483639
347 2147483639
554 2147483639
867 2147483639
414 2147483640
767 2147483640
839 2147483640
133 2147483640
737 2147483640
376 2147483640
792 2147483640
618 2147483640
118 2147483640
301 2147483640
634 2147483640
547 2147483640
880 2147483640
733 2147483640
884 2147483640
439 2147483640
18 2147483640
424 2147483640
828 2147483640
657 2147483640
632 2147483640
570 2147483640
175 2147483640
612 2147483640
579 2147483640
785 2147483640
512 2147483640
877 2147483640
864 2147483640
597 2147483640
516 2147483640
984 2147483640
297 2147483640
973 2147483640
81 2147483640
37 2147483640
256 2147483640
359 2147483640
167 2147483640
23 2147483640
822 2147483640
491 2147483640
812 2147483640
658 2147483640
529 2147483640
179 2147483640
133 2147483640
420 2147483640
928 2147483640
756 2147483640
837 2147483640
20 2147483640
298 2147483640
679 2147483640
84 2147483640
141 2147483640
437 2147483640
489 2147483640
850 2147483640
429 2147483640
545 2147483640
978 2147483640
921 2147483640
978 2147483640
81 2147483640
120 2147483640
786 2147483640
353 2147483640
448 2147483640
241 2147483640
452 2147483640
420 2147483640
101 2147483640
565 2147483640
788 2147483640
87 2147483640
429 2147483640
744 2147483640
957 2147483640
710 2147483640
794 2147483640
29 2147483641
444 2147483641
947 2147483641
638 2147483641
776 2147483641
257 2147483641
780 2147483641
940 2147483641
267 2147483641
1 2147483641
401 2147483641
845 2147483641
136 2147483641
28 2147483641
860 2147483641
642 2147483641
161 2147483641
644 2147483641
622 2147483641
41 2147483641
722 2147483641
985 2147483641
668 2147483641
297 2147483641
56 2147483641
939 2147483641
360 2147483641
613 2147483641
588 2147483641
447 2147483641
129 2147483641
336 2147483641
868 2147483641
794 2147483641
61 2147483641
670 2147483641
541 2147483641
9 2147483641
641 2147483641
426 2147483641
956 2147483641
905 2147483641
774 2147483641
862 2147483641
411 2147483641
284 2147483641
704 2147483641
888 2147483641
403 2147483641
497 2147483641
808 2147483641
660 2147483641
924 2147483641
22 2147483641
56 2147483641
135 2147483641
880 2147483641
361 2147483641
979 2147483641
18 2147483641
817 2147483641
161 2147483641
607 2147483641
370 2147483641
725 2147483641
451 2147483641
372 2147483641
398 2147483641
18 2147483641
757 2147483641
430 2147483641
995 2147483641
777 2147483641
896 2147483641
102 2147483641
215 2147483641
533 2147483641
83 2147483641
339 2147483641
99 2147483641
620 2147483641
965 2147483641
642 2147483641
920 2147483641
92 2147483641
152 2147483641
206 2147483642
720 2147483642
94 2147483642
854 2147483642
702 2147483642
832 2147483642
10 2147483642
127 2147483642
103 2147483642
124 2147483642
98 2147483642
913 2147483642
32 2147483642
837 2147483642
971 2147483642
171 2147483642
236 2147483642
435 2147483642
688 2147483642
66 2147483642
847 2147483642
196 2147483642
93 2147483642
19 2147483642
462 2147483642
603 2147483642
309 2147483642
235 2147483642
703 2147483642
333 2147483642
944 2147483642
432 2147483642
603 2147483642
282 2147483642
999 2147483642
193 2147483642
36 2147483642
757 2147483642
438 2147483642
480 2147483642
698 2147483642
893 2147483642
414 2147483642
770 2147483642
336 2147483642
331 2147483642
1000 2147483642
496 2147483642
9 2147483642
265 2147483642
858 2147483642
419 2147483642
155 2147483642
906 2147483642
661 2147483642
786 2147483642
438 2147483642
169 2147483642
131 2147483642
739 2147483642
604 2147483642
697 2147483642
982 2147483642
85 2147483642
113 2147483642
656 2147483642
602 2147483642
862 2147483642
163 2147483642
79 2147483642
377 2147483642
311 2147483642
798 2147483642
244 2147483642
509 2147483642
238 2147483642
125 2147483642
868 2147483642
252 2147483642
238 2147483642
587 2147483642
974 2147483642
718 2147483642
948 2147483642
471 2147483642
238 2147483642
115 2147483642
220 2147483642
994 2147483642
236 2147483642
910 2147483642
28 2147483642
284 2147483642
17 2147483642
907 2147483642
491 2147483642
888 2147483642
969 2147483642
726 2147483642
711 2147483642
591 2147483642
110 2147483643
465 2147483643
804 2147483643
206 2147483643
632 2147483643
407 2147483643
606 2147483643
886 2147483643
801 2147483643
36 2147483643
313 2147483643
479 2147483643
10 2147483643
526 2147483643
519 2147483643
780 2147483643
259 2147483643
198 2147483643
843 2147483643
664 2147483643
29 2147483643
783 2147483643
778 2147483643
121 2147483643
792 2147483643
382 2147483643
354 2147483643
137 2147483643
686 2147483643
136 2147483643
938 2147483643
545 2147483643
395 2147483643
124 2147483643
882 2147483643
686 2147483643
614 2147483643
327 2147483643
626 2147483643
989 2147483643
531 2147483643
516 2147483643
328 2147483643
37 2147483643
767 2147483643
951 2147483643
259 2147483643
377 2147483643
137 2147483643
410 2147483643
577 2147483643
79 2147483643
453 2147483643
803 2147483643
970 2147483643
464 2147483643
518 2147483643
9 2147483643
385 2147483643
680 2147483643
815 2147483643
662 2147483643
133 2147483643
278 2147483643
434 2147483643
917 2147483643
564 2147483643
449 2147483643
755 2147483643
888 2147483643
59 2147483643
836 2147483643
881 2147483643
366 2147483643
138 2147483643
986 2147483644
124 2147483644
87 2147483644
657 2147483644
80 2147483644
905 2147483644
349 2147483644
909 2147483644
852 2147483644
977 2147483644
750 2147483644
511 2147483644
256 2147483644
858 2147483644
784 2147483644
628 2147483644
67 2147483644
436 2147483644
532 2147483644
513 2147483644
307 2147483644
871 2147483644
179 2147483644
59 2147483644
693 2147483644
196 2147483644
558 2147483644
693 2147483644
68 2147483644
78 2147483644
567 2147483644
163 2147483644
633 2147483644
503 2147483644
791 2147483644
577 2147483644
92 2147483644
372 2147483644
808 2147483644
597 2147483644
364 2147483644
654 2147483644
944 2147483644
866 2147483644
749 2147483644
810 2147483644
497 2147483644
380 2147483644
283 2147483644
921 2147483644
72 2147483644
751 2147483644
61 2147483644
737 2147483644
238 2147483644
472 2147483644
176 2147483644
580 2147483644
754 2147483644
70 2147483644
759 2147483644
526 2147483644
617 2147483644
9 2147483644
719 2147483644
687 2147483644
721 2147483644
821 2147483644
130 2147483644
942 2147483644
456 2147483644
77 2147483644
948 2147483644
819 2147483644
677 2147483644
859 2147483644
853 2147483644
542 2147483644
628 2147483644
578 2147483644
664 2147483644
487 2147483644
485 2147483644
382 2147483644
488 2147483644
93 2147483644
587 2147483644
519 2147483644
773 2147483644
641 2147483644
81 2147483644
948 2147483644
881 2147483644
576 2147483644
453 2147483644
765 2147483644
718 2147483644
169 2147483644
506 2147483644
979 2147483645
514 2147483645
983 2147483645
910 2147483645
146 2147483645
685 2147483645
658 2147483645
754 2147483645
815 2147483645
851 2147483645
270 2147483645
292 2147483645
70 2147483645
789 2147483645
826 2147483645
361 2147483645
670 2147483645
9 2147483645
47 2147483645
997 2147483645
135 2147483645
907 2147483645
491 2147483645
93 2147483645
289 2147483645
702 2147483645
491 2147483645
758 2147483645
565 2147483645
152 2147483645
906 2147483645
593 2147483645
90 2147483645
609 2147483645
263 2147483645
513 2147483645
982 2147483645
133 2147483645
513 2147483645
73 2147483645
518 2147483645
434 2147483645
273 2147483645
946 2147483645
41 2147483645
324 2147483645
405 2147483645
383 2147483645
779 2147483645
29 2147483645
313 2147483645
213 2147483645
346 2147483645
831 2147483645
896 2147483645
131 2147483645
98 2147483645
100 2147483645
802 2147483645
681 2147483645
178 2147483645
786 2147483645
313 2147483645
335 2147483645
744 2147483645
933 2147483645
470 2147483645
862 2147483645
180 2147483645
289 2147483645
85 2147483645
813 2147483645
836 2147483645
578 2147483645
72 2147483645
676 2147483645
105 2147483645
554 2147483645
245 2147483645
587 2147483645
125 2147483645
159 2147483645
560 2147483645
506 2147483645
48 2147483645
239 2147483645
171 2147483645
238 2147483645
622 2147483645
790 2147483645
673 2147483645
170 2147483645
634 2147483645
968 2147483646
461 2147483646
193 2147483646
678 2147483646
240 2147483646
498 2147483646
612 2147483646
528 2147483646
675 2147483646
442 2147483646
440 2147483646
306 2147483646
757 2147483646
781 2147483646
567 2147483646
304 2147483646
433 2147483646
8 2147483646
896 2147483646
972 2147483646
231 2147483646
700 2147483646
490 2147483646
614 2147483646
334 2147483646
530 2147483646
68 2147483646
875 2147483646
54 2147483646
79 2147483646
480 2147483646
570 2147483646
756 2147483646
986 2147483646
728 2147483646
627 2147483646
75 2147483646
529 2147483646
175 2147483646
409 2147483646
812 2147483646
90 2147483646
192 2147483646
869 2147483646
201 2147483646
415 2147483646
632 2147483646
575 2147483646
916 2147483646
920 2147483646
636 2147483646
874 2147483646
573 2147483646
567 2147483646
967 2147483646
721 2147483646
527 2147483646
563 2147483646
313 2147483646
463 2147483646
582 2147483646
293 2147483646
255 2147483646
707 2147483646
540 2147483646
993 2147483646
515 2147483646
748 2147483646
624 2147483646
246 2147483646
317 2147483646
282 2147483646
909 2147483646
227 2147483646
649 2147483646
484 2147483646
760 2147483646
736 2147483646
289 2147483646
771 2147483646
291 2147483646
234 2147483646
898 2147483646
221 2147483646
280 2147483646
225 2147483646
763 2147483646
123 2147483646
886 2147483646
798 2147483646
793 2147483646
679 2147483646
5 2147483646
156 2147483646
33 2147483646
905 2147483646
56 2147483646
289 2147483646
954 2147483646
995 2147483646
286 2147483646
564 2147483646
172 2147483646
991 2147483646
551 2147483646
114 2147483646
386 2147483646
885 2147483646
374 2147483647
620 2147483647
722 2147483647
200 2147483647
186 2147483647
461 2147483647
121 2147483647
735 2147483647
70 2147483647
773 2147483647
241 2147483647
832 2147483647
713 2147483647
227 2147483647
628 2147483647
459 2147483647
531 2147483647
791 2147483647
701 2147483647
299 2147483647
161 2147483647
104 2147483647
701 2147483647
733 2147483647
10 2147483647
571 2147483647
199 2147483647
855 2147483647
51 2147483647
922 2147483647
353 2147483647
324 2147483647
425 2147483647
996 2147483647
446 2147483647
32 2147483647
436 2147483647
634 2147483647
304 2147483647
841 2147483647
575 2147483647
46 2147483647
669 2147483647
198 2147483647
707 2147483647
604 2147483647
469 2147483647
180 2147483647
268 2147483647
346 2147483647
577 2147483647
373 2147483647
728 2147483647
743 2147483647
274 2147483647
303 2147483647
957 2147483647
943 2147483647
604 2147483647
342 2147483647
918 2147483647
356 2147483647
851 2147483647
274 2147483647
290 2147483647
202 2147483647
182 2147483647
970 2147483647
582 2147483647
760 2147483647
566 2147483647
720 2147483647
40 2147483647
771 2147483647
906 2147483647
329 2147483647
953 2147483647
79 2147483647
