756
402 0
109 0
224 2
383 2
43 2
32 2
387 2
305 2
96 2
369 3
293 3
68 3
405 4
299 4
110 5
397 5
135 5
287 6
340 7
25 7
109 8
433 8
318 9
368 9
89 10
27 12
220 12
277 12
281 13
409 13
431 13
357 14
106 14
117 15
151 15
98 16
203 16
183 16
262 17
347 17
232 17
76 18
373 18
103 19
34 19
237 19
182 19
8 20
83 21
302 21
43 22
50 22
318 22
330 22
390 22
78 22
444 23
170 23
159 24
135 24
57 24
392 25
57 25
130 26
37 26
193 27
182 28
303 28
62 28
51 28
74 28
317 28
433 28
393 29
84 30
351 30
394 30
305 31
288 31
322 32
247 33
79 34
158 34
288 35
348 36
319 36
371 37
296 37
161 39
110 39
289 39
238 40
49 40
216 40
286 41
173 42
230 42
411 43
9 44
22 44
343 44
330 45
342 45
418 45
302 46
325 46
54 46
278 46
212 46
203 47
356 47
343 47
308 48
280 48
381 48
146 49
180 49
215 49
45 50
31 51
28 51
299 52
33 52
314 52
378 52
301 52
442 52
266 53
346 53
382 53
316 53
268 54
112 54
190 54
72 54
162 55
182 56
394 56
227 56
214 57
31 57
169 57
408 57
117 58
92 58
112 58
314 58
117 58
401 59
159 59
220 59
151 60
393 60
344 60
261 60
379 60
434 60
418 61
119 61
3 61
96 62
40 63
291 63
137 63
273 64
174 64
83 64
160 64
64 65
69 66
199 66
237 66
12 67
49 67
139 67
323 67
174 69
46 69
362 70
436 70
154 71
26 72
300 73
192 73
381 74
430 74
446 74
337 74
24 74
288 75
268 75
295 76
114 76
154 77
107 77
106 77
188 78
3 79
53 80
209 80
327 80
212 80
367 81
386 82
377 82
107 83
352 83
76 84
278 84
171 84
117 84
387 84
26 84
100 85
335 85
72 85
121 86
200 87
408 87
435 88
342 89
26 89
237 89
286 89
242 90
231 90
393 90
50 90
191 90
247 91
209 91
81 91
67 91
259 91
77 91
270 91
62 92
336 92
403 92
147 92
313 93
67 94
187 94
42 94
326 94
99 95
11 95
102 96
137 96
150 96
447 97
255 97
335 97
75 98
234 98
391 99
113 99
226 99
267 99
384 99
220 100
365 100
394 100
122 100
139 100
222 100
126 101
389 101
154 102
123 102
426 103
185 103
314 103
34 104
74 104
216 104
271 104
405 105
51 105
61 106
154 106
118 107
55 107
309 107
414 107
328 107
262 107
239 107
322 108
240 108
292 108
168 108
110 108
200 109
100 109
44 109
349 109
410 109
111 110
331 110
300 110
83 110
404 111
65 112
351 112
231 112
212 113
250 114
416 114
216 114
331 114
220 115
235 115
432 116
48 118
108 118
282 118
132 118
123 118
52 119
268 119
74 119
436 119
348 120
30 120
48 120
406 121
401 121
333 121
290 121
106 121
212 122
347 122
233 122
131 123
18 123
59 123
59 124
360 124
267 124
138 124
271 124
366 126
142 126
216 126
137 126
360 126
390 127
272 127
53 127
321 128
219 128
383 128
425 129
297 129
186 129
202 130
166 131
139 131
159 131
353 131
435 131
77 133
344 134
111 134
151 134
56 134
319 135
416 135
218 136
147 136
38 136
191 136
281 136
40 136
219 137
345 137
323 138
33 138
288 139
145 140
272 140
374 141
49 141
78 141
94 142
53 142
119 142
169 142
85 142
254 142
316 143
151 143
72 143
329 143
71 143
40 143
85 144
264 144
350 144
313 145
218 145
167 146
179 146
283 147
264 147
423 148
370 148
251 148
283 148
167 148
419 148
307 148
244 149
186 149
172 149
47 149
329 149
447 150
161 150
364 151
68 151
295 151
235 151
63 153
230 154
341 155
158 155
55 155
229 158
337 158
261 159
147 159
246 159
16 159
13 160
355 160
405 160
427 161
199 161
137 162
325 162
372 162
334 162
433 163
254 163
259 163
207 164
162 165
267 165
90 165
19 166
71 166
157 166
204 167
46 167
187 167
233 168
63 168
186 169
15 170
390 170
424 170
430 171
57 171
194 171
441 171
260 171
69 172
12 172
313 172
81 172
366 173
214 174
341 175
97 175
306 175
101 176
424 176
157 177
396 177
274 177
376 177
438 177
72 179
14 179
338 179
91 179
311 180
220 180
411 180
228 180
206 181
107 182
210 182
46 182
242 182
258 182
201 183
6 183
389 183
4 183
271 183
294 184
9 184
217 184
426 185
145 185
386 186
436 186
72 186
191 186
49 187
222 187
417 187
300 187
147 188
401 188
148 189
32 189
211 189
272 190
268 190
62 190
118 191
190 191
426 191
377 192
136 192
39 192
239 192
109 193
92 193
419 193
296 193
268 194
14 194
329 195
335 195
285 195
207 196
6 196
145 196
17 197
306 197
68 199
212 199
53 199
202 200
53 200
382 201
46 201
56 202
307 202
343 202
141 202
70 203
337 203
151 203
231 203
34 204
432 204
91 204
305 204
325 204
139 204
41 205
86 206
205 206
243 206
144 207
157 207
318 207
136 208
98 208
40 208
252 208
102 209
73 209
242 209
175 210
273 210
96 210
22 210
103 211
4 213
129 213
375 214
229 214
441 214
291 214
79 215
12 215
278 215
159 215
140 216
111 216
125 216
414 216
137 217
330 217
416 218
436 218
297 218
304 218
403 218
98 219
429 219
245 219
314 220
10 220
50 220
335 220
433 220
67 221
162 221
438 222
387 223
80 223
385 224
270 224
416 224
220 224
170 224
410 224
246 225
105 225
264 226
299 227
37 227
43 227
417 227
412 228
336 228
107 228
378 229
261 229
336 229
411 231
449 231
213 232
151 232
242 233
106 233
369 234
62 234
137 234
253 235
403 235
430 235
272 235
117 235
277 235
252 236
191 237
267 238
181 238
363 239
89 239
373 239
353 239
254 239
130 240
255 240
126 241
319 241
123 241
96 241
236 241
279 241
161 242
422 242
291 242
86 242
344 242
345 244
77 244
174 245
159 245
347 246
282 246
261 246
337 246
62 246
134 246
343 247
357 247
29 247
421 247
129 247
411 248
198 248
397 249
244 250
372 250
29 251
211 251
199 251
181 251
440 252
48 252
4 253
247 253
343 253
289 254
171 254
200 255
398 255
408 255
3 255
89 256
424 258
235 259
150 259
74 259
126 260
115 260
115 262
150 262
228 262
232 263
50 263
383 264
427 264
125 264
342 264
43 264
83 265
94 265
212 265
181 266
17 266
30 266
85 267
372 267
376 267
140 267
191 267
269 268
85 268
103 268
441 268
347 269
284 269
261 269
449 269
387 270
110 270
196 270
97 270
247 270
117 270
335 270
112 270
432 270
260 270
