369
538 6
96 7
175 13
802 15
7 15
664 16
291 16
76 17
877 23
363 23
790 35
940 39
158 40
57 48
693 49
883 49
605 53
631 55
25 56
662 58
245 61
597 61
335 63
440 65
83 65
205 66
681 68
957 68
930 76
870 79
326 83
543 83
229 86
563 92
746 93
30 94
951 99
706 102
859 106
636 117
781 120
144 122
672 124
511 127
730 129
335 131
859 134
453 135
989 136
689 137
92 139
199 147
788 154
870 154
890 155
247 155
583 158
691 158
160 170
382 179
437 183
751 183
682 187
666 188
452 190
945 191
10 191
632 197
647 200
761 200
890 202
469 202
298 204
699 208
269 210
485 215
948 215
286 215
60 218
408 218
9 220
712 220
376 222
334 223
70 224
199 226
158 230
935 231
662 232
470 234
577 234
179 235
854 236
17 246
224 248
88 250
672 251
737 252
188 253
238 255
521 265
162 266
530 267
68 273
430 273
29 276
32 280
790 281
971 282
681 283
980 283
304 285
253 285
811 285
198 287
967 289
128 300
776 301
465 306
900 306
930 309
184 310
395 315
566 316
485 317
60 319
230 319
530 322
336 323
674 326
742 335
467 336
211 339
59 340
709 340
135 342
987 343
946 346
508 348
830 355
224 361
591 362
162 362
815 362
449 363
174 363
206 369
756 370
678 372
506 373
609 374
41 380
74 385
464 387
433 388
808 393
903 395
270 396
803 396
865 397
548 398
502 399
456 401
638 405
639 405
544 409
140 411
836 416
525 420
569 420
969 420
585 421
583 425
909 443
580 443
327 444
672 445
536 452
508 456
369 458
43 461
637 465
682 467
925 468
334 468
22 468
602 475
391 478
638 478
250 480
743 482
969 482
144 484
272 486
885 487
154 487
809 488
283 490
298 491
497 493
58 493
779 495
40 498
665 498
387 499
657 499
939 506
855 507
253 514
580 515
660 515
686 517
508 520
901 524
355 525
16 527
612 527
51 528
597 543
159 550
30 555
489 556
80 562
443 563
193 567
400 568
948 569
85 570
576 571
887 574
374 576
793 577
175 577
766 579
986 581
688 584
812 591
579 598
358 603
158 605
406 606
973 608
672 610
322 610
243 614
737 621
224 624
241 630
304 634
231 641
797 644
328 649
79 655
108 662
88 663
942 665
372 667
46 668
652 675
928 677
169 677
249 681
76 683
728 683
792 684
176 691
732 693
665 697
677 697
98 700
384 708
467 711
137 712
476 712
379 713
841 719
759 721
85 732
680 737
527 737
685 749
107 751
798 754
168 755
899 756
239 757
765 761
397 763
414 768
908 771
202 772
114 774
469 774
185 774
623 776
695 776
343 777
452 780
400 781
555 783
902 789
22 794
309 794
906 795
184 798
635 805
117 807
449 807
522 810
401 816
91 819
19 822
130 825
765 834
633 834
979 837
427 842
513 847
371 847
319 853
242 855
368 863
654 864
905 867
768 872
284 873
368 879
551 881
108 883
531 885
166 886
712 887
469 887
79 900
861 903
783 910
705 913
682 916
442 918
33 921
252 921
433 928
151 928
149 931
609 932
907 935
468 942
267 942
945 948
996 950
426 952
563 957
469 957
972 961
652 962
983 963
810 963
32 967
130 969
446 970
229 970
931 975
24 976
157 984
483 985
254 989
137 995
941 996
491 1000
