217
317 2
35 4
776 6
494 13
522 20
108 22
237 23
645 39
635 46
229 47
388 55
111 61
836 67
549 69
292 70
903 71
386 81
745 83
886 84
20 88
140 90
458 94
356 105
86 105
667 112
401 114
140 120
981 123
759 130
844 135
852 138
655 138
885 146
520 154
613 157
549 158
131 159
458 167
399 183
919 184
67 188
185 192
663 193
170 206
869 209
989 217
641 225
492 244
522 245
969 247
703 247
584 261
498 263
514 269
479 270
966 275
493 278
759 281
687 285
881 293
61 293
948 298
938 309
706 314
558 315
515 320
280 330
460 334
201 334
3 336
974 340
71 346
538 357
203 362
933 375
640 390
634 392
478 392
97 394
535 397
451 401
566 410
494 413
199 414
50 414
583 415
529 415
720 415
914 423
97 432
188 442
695 446
464 452
840 457
563 463
178 470
412 472
873 473
743 473
879 479
637 481
221 481
194 483
665 484
143 485
303 491
826 492
323 494
206 496
960 509
534 526
388 528
858 534
615 549
751 561
419 562
237 563
772 566
307 567
195 573
784 576
867 578
882 583
262 586
481 601
490 603
283 610
310 614
991 615
282 618
981 622
120 631
111 632
890 650
231 652
685 657
904 658
553 665
145 667
698 667
243 667
341 668
688 669
471 671
977 672
755 673
419 674
294 677
12 680
91 690
4 692
692 695
372 708
316 708
517 710
11 711
267 718
57 719
976 723
982 734
57 735
930 736
101 737
802 738
793 743
470 745
106 746
631 748
469 751
632 763
627 771
770 776
591 778
659 785
339 786
100 788
877 790
229 795
740 797
339 811
752 815
98 816
797 817
797 831
604 831
219 833
586 843
110 850
367 856
537 872
119 873
372 873
905 876
791 893
388 899
621 902
95 906
890 906
56 906
107 907
266 909
335 917
906 920
17 921
375 922
853 923
384 929
745 930
857 934
850 939
560 947
110 956
961 962
303 962
780 983
208 990
112 995
