740
206 1
445 1
254 2
463 2
438 2
565 3
535 3
59 5
153 6
365 6
416 7
7 8
209 8
305 9
553 10
514 11
473 11
279 12
104 12
514 12
544 12
145 14
522 14
180 15
378 16
434 17
518 17
288 18
505 18
21 19
408 20
24 20
155 20
198 21
129 21
384 22
190 23
209 23
572 25
259 25
199 25
494 25
56 25
378 26
355 26
410 26
268 26
436 27
67 27
239 28
97 28
338 28
557 29
476 29
201 31
404 32
208 33
108 33
515 33
142 33
411 33
179 33
329 34
158 34
442 34
385 35
552 35
541 35
312 35
199 36
249 37
213 37
506 38
190 39
471 39
244 41
8 41
180 41
481 41
157 42
179 42
328 42
445 43
242 44
384 44
491 44
551 45
103 45
305 46
489 46
4 47
499 47
27 47
283 48
24 49
569 49
255 50
496 50
476 50
164 51
121 51
237 52
438 53
15 54
477 54
301 56
329 57
545 57
179 58
253 58
343 59
153 59
317 60
67 60
105 61
96 63
78 63
89 63
249 64
322 65
321 65
98 65
2 66
552 67
302 67
332 68
502 68
62 69
430 70
143 70
51 70
146 71
496 71
403 71
512 71
546 71
271 71
48 72
305 72
142 73
451 73
174 74
551 74
35 75
128 75
223 75
324 75
148 75
423 76
559 77
405 77
552 79
330 80
246 81
56 81
493 82
137 82
107 83
120 83
255 84
553 84
149 86
76 87
228 88
328 89
31 89
570 90
162 90
530 90
414 90
190 90
478 91
381 93
130 93
450 93
458 94
474 94
260 97
211 100
99 100
308 100
531 101
468 101
344 102
78 102
561 102
38 103
548 105
278 105
194 106
356 106
297 107
406 108
36 109
135 109
272 110
97 110
428 110
448 110
11 111
12 111
88 113
340 113
310 114
17 114
537 114
461 116
456 116
126 117
389 118
442 118
292 118
208 118
281 119
99 119
285 119
81 120
270 120
46 121
18 122
219 122
237 122
535 123
197 123
232 125
394 125
438 125
318 125
196 125
535 126
290 127
549 127
148 128
20 128
561 134
200 134
78 134
453 135
255 135
297 135
548 136
106 140
291 140
211 140
545 143
96 143
306 144
569 144
222 144
256 145
168 145
467 145
308 146
145 146
117 146
403 146
478 150
493 151
287 151
16 153
573 154
236 154
152 154
512 154
440 155
200 156
545 156
538 156
547 157
292 157
320 158
501 158
281 158
33 159
369 159
482 159
320 160
95 160
246 161
210 162
567 162
184 163
399 163
479 164
76 165
481 165
160 165
235 166
131 166
249 167
462 168
291 169
170 170
73 170
122 171
131 171
40 172
222 172
3 172
374 172
547 172
205 173
270 174
109 175
272 176
115 177
157 178
438 178
498 178
65 178
508 179
506 180
15 180
395 181
328 181
222 181
255 182
15 182
260 182
204 184
296 184
182 185
505 186
22 186
220 187
506 187
387 188
71 190
155 190
51 190
463 190
359 190
412 191
205 192
92 192
569 192
30 193
429 194
167 195
242 195
349 195
171 197
16 199
84 200
339 200
51 200
284 200
119 200
55 201
269 201
276 202
540 202
343 202
21 202
339 203
33 203
419 203
435 204
441 204
344 205
459 206
163 206
57 206
433 207
90 207
78 209
180 209
305 209
309 210
59 210
427 211
563 212
324 212
22 213
60 215
63 215
339 217
123 217
342 217
567 218
132 219
556 219
109 220
168 220
101 220
429 221
165 221
330 221
456 222
259 222
358 222
56 223
101 223
535 224
202 224
572 225
88 226
136 227
414 227
77 227
246 228
33 230
569 231
187 232
19 232
343 233
515 233
452 235
292 236
30 237
83 237
126 237
296 238
500 241
27 242
219 242
80 243
543 243
262 244
126 245
176 245
289 246
442 246
195 247
316 248
121 248
210 249
114 250
149 250
155 251
94 251
306 252
129 252
34 252
485 253
386 255
341 256
567 256
183 256
125 257
98 257
50 258
8 258
41 258
424 259
305 261
210 261
514 261
200 263
190 263
324 263
423 263
192 264
274 264
143 265
444 265
191 268
156 268
31 270
423 271
482 272
297 272
244 274
476 274
78 275
197 275
486 275
358 275
317 275
359 277
474 278
251 278
147 278
74 279
223 280
339 280
285 280
67 281
164 282
50 282
401 282
208 284
326 285
414 286
517 286
389 286
273 286
194 287
483 287
461 287
271 287
142 288
238 288
336 289
80 289
373 290
452 291
371 293
441 295
469 295
518 295
271 295
155 296
95 296
416 297
281 297
167 297
332 298
408 299
224 299
463 300
7 300
269 300
446 301
389 303
13 303
493 303
565 304
321 304
224 305
172 305
73 306
60 307
560 309
434 310
395 311
33 311
125 312
82 312
258 313
178 313
329 314
540 314
271 314
522 315
405 315
485 315
51 315
166 316
296 316
395 317
454 317
497 317
76 318
459 318
514 319
433 320
376 321
316 323
511 323
92 324
357 324
333 325
194 325
227 326
492 327
22 327
397 327
364 327
543 328
292 329
232 329
364 331
357 331
41 331
531 331
418 332
244 333
124 334
368 335
477 335
203 336
383 336
262 336
217 337
212 337
386 339
279 340
409 340
283 340
109 342
224 342
259 342
367 342
66 342
433 344
175 345
476 345
556 346
313 346
171 347
225 347
37 347
304 348
118 348
381 349
218 350
504 350
400 351
187 351
307 351
71 352
531 353
82 353
551 353
80 355
250 355
253 355
211 355
420 357
232 357
460 357
271 358
304 358
269 358
438 359
478 360
109 360
320 363
362 364
60 364
221 365
6 365
8 365
116 366
323 366
344 369
7 370
474 370
55 371
265 371
223 372
528 372
466 373
38 373
386 373
44 374
212 374
86 375
106 375
332 378
469 378
230 379
271 379
315 379
306 380
220 381
560 382
169 383
235 383
189 383
547 383
471 384
262 384
449 384
97 385
284 385
239 386
141 386
525 386
319 386
383 387
443 388
492 389
44 391
484 391
525 392
31 393
71 394
539 394
76 395
97 395
141 395
190 395
39 396
78 397
469 397
296 397
326 397
189 397
238 397
282 397
395 398
138 398
416 398
37 398
55 399
279 399
510 401
449 402
352 402
527 402
53 402
360 402
308 402
79 402
103 404
418 405
320 405
264 405
430 406
507 407
24 407
230 407
372 408
46 409
308 409
517 409
277 409
166 409
35 409
222 410
534 411
167 412
570 412
243 413
389 413
159 413
26 414
120 414
279 415
425 415
486 417
86 417
527 417
525 418
280 418
522 418
492 421
562 421
233 421
264 421
31 422
373 422
461 423
198 423
302 423
276 424
40 424
102 424
