425
660 3
123 5
281 6
833 6
114 8
677 9
707 12
465 18
437 20
232 21
644 21
588 22
636 23
677 23
986 24
176 24
3 26
191 29
581 35
853 36
116 38
807 43
402 45
682 46
2 47
651 49
799 50
144 52
358 55
594 57
849 61
140 64
414 65
981 68
558 73
887 75
567 77
805 83
482 84
40 85
502 85
932 86
785 93
362 102
732 104
620 106
791 114
674 115
663 125
534 129
30 131
275 136
921 136
132 137
765 140
329 143
239 145
535 146
637 147
591 148
171 148
607 149
193 152
488 153
254 154
753 161
659 165
800 167
136 167
384 167
579 168
999 170
875 185
409 186
783 186
874 189
160 192
804 197
738 199
659 199
736 201
18 202
617 205
161 206
253 207
691 207
10 207
615 210
766 211
102 212
910 212
483 213
655 219
4 221
88 224
310 228
749 230
619 233
777 233
17 234
903 236
445 239
573 239
418 243
766 243
583 245
265 249
293 250
223 252
128 253
900 253
312 257
972 258
683 262
227 263
458 267
846 271
445 273
260 275
281 277
107 278
629 284
950 288
628 292
66 292
803 292
987 293
700 299
90 302
512 304
78 305
300 306
70 307
869 308
643 309
775 310
535 312
372 312
920 312
982 315
596 316
840 321
126 325
577 326
24 326
3 331
224 335
118 336
112 343
371 344
85 344
81 348
26 353
471 353
887 363
14 365
964 367
544 368
714 369
335 369
555 372
197 373
825 373
639 375
907 376
190 377
460 379
127 379
156 385
488 386
406 386
857 391
247 396
276 399
465 399
658 401
377 402
545 404
345 407
687 407
612 408
560 412
451 413
742 413
934 415
935 417
754 418
721 418
668 422
728 424
894 427
386 431
392 433
942 433
991 435
907 438
44 438
422 440
933 443
522 449
667 449
457 451
432 451
841 452
673 453
326 458
718 465
751 465
299 467
3 468
624 468
328 468
991 477
757 478
548 485
647 486
238 487
802 492
108 494
430 495
977 496
329 500
38 502
754 506
691 506
534 509
889 513
342 516
620 522
395 522
952 527
525 528
733 529
885 529
183 533
808 542
983 543
179 543
834 546
216 549
827 551
260 552
704 565
506 565
456 565
40 566
648 566
366 567
146 568
253 571
564 571
12 572
965 579
122 579
517 582
125 583
222 583
274 585
220 587
797 589
848 589
612 589
130 590
519 594
822 601
838 602
329 603
344 603
839 604
961 604
523 608
267 608
279 608
281 610
122 614
697 615
836 616
143 617
333 623
21 628
492 631
917 636
67 639
807 641
273 642
496 643
180 644
699 645
470 646
231 652
816 653
156 653
284 657
212 660
1 660
412 665
560 669
384 678
720 679
464 680
314 687
685 691
193 692
565 695
691 695
335 696
500 699
567 701
976 703
967 709
643 710
113 711
809 712
851 713
260 715
154 718
785 719
92 721
817 722
646 724
159 731
397 733
139 734
182 734
450 738
157 741
221 742
160 742
668 747
778 747
120 747
733 748
485 752
799 757
410 766
264 766
340 773
441 774
574 774
591 779
308 781
23 787
683 788
773 792
315 794
208 797
831 798
645 801
998 804
364 806
735 808
607 812
45 820
156 825
77 827
414 829
826 831
398 836
56 836
594 838
818 844
684 844
503 851
729 851
992 852
298 854
369 854
507 857
866 860
424 865
724 865
673 866
953 866
273 868
954 870
192 871
126 871
517 872
984 876
614 876
490 879
448 882
437 884
744 888
669 893
797 898
269 900
859 901
258 901
390 905
579 906
480 907
684 908
311 912
844 914
787 917
594 917
721 919
711 926
326 930
347 936
163 939
951 940
116 941
679 947
101 950
639 955
502 961
683 961
918 966
419 967
407 973
376 975
188 980
356 982
178 982
643 983
104 983
97 984
159 985
436 988
555 988
639 996
48 998
908 998
