191
92 0
183 1
88 3
176 5
35 6
67 12
115 14
89 15
108 17
59 23
1 24
140 25
88 28
25 32
68 36
126 38
189 41
70 42
22 42
154 43
20 43
156 43
76 48
190 49
28 50
135 50
18 51
98 55
103 57
178 57
168 58
94 59
173 60
125 68
75 69
159 73
87 73
155 75
120 76
32 81
141 85
146 89
122 90
128 92
156 94
162 99
125 101
1 111
182 115
16 117
77 121
73 122
55 126
133 128
96 130
85 130
163 130
90 133
46 134
27 135
154 144
2 147
43 147
32 148
93 149
191 150
184 150
49 151
88 153
160 154
67 156
172 158
186 161
186 161
66 164
27 167
33 171
157 171
26 173
62 174
150 182
147 190
92 191
14 192
136 193
191 194
97 195
71 199
7 199
128 202
76 204
110 212
28 213
178 213
19 214
32 216
23 218
154 225
58 226
124 228
52 231
66 237
121 243
128 246
72 246
174 250
45 254
75 256
107 257
44 259
100 259
125 260
66 260
154 261
54 261
151 262
57 267
33 272
147 272
50 275
63 279
56 284
123 284
21 284
45 290
47 291
178 291
99 291
56 297
28 300
29 302
159 303
170 305
39 306
22 308
95 309
61 310
71 310
158 313
96 314
32 314
36 315
6 316
187 318
148 320
121 321
150 323
188 327
43 329
127 332
12 334
180 336
154 343
22 343
26 344
111 345
92 346
19 346
17 347
178 349
170 350
72 350
6 352
72 354
141 355
139 359
18 359
180 360
163 361
80 366
83 371
167 371
54 375
8 376
18 379
89 381
58 384
12 390
41 390
16 391
36 394
129 397
56 398
171 398
11 404
34 405
163 409
73 412
191 414
156 419
139 420
