1000
233 0
115 0
577 1
48 2
491 2
442 3
919 3
288 4
902 5
806 5
267 6
710 7
339 8
251 9
66 11
461 11
298 13
137 15
325 16
289 16
886 17
801 19
738 20
571 20
646 20
115 21
664 21
40 21
888 21
666 22
926 23
465 23
550 26
994 27
581 29
806 29
435 34
362 35
213 37
476 42
648 43
223 44
833 47
178 49
894 49
554 52
373 52
197 53
241 57
808 60
860 60
441 61
634 62
763 64
263 66
761 67
69 68
193 68
347 68
537 69
462 69
501 70
461 70
934 72
661 72
366 73
19 73
122 75
69 75
563 76
147 78
399 78
914 78
892 79
797 80
303 81
917 82
70 83
512 84
687 85
365 86
192 86
613 86
284 86
286 87
490 87
385 87
658 87
826 89
113 92
120 92
548 93
297 94
801 95
499 96
546 96
24 96
34 97
100 97
457 97
401 98
465 100
188 100
294 102
796 104
348 104
389 104
461 105
29 106
397 107
710 109
622 109
344 112
572 113
832 113
396 114
937 120
829 121
57 121
39 123
775 127
190 132
321 132
585 132
650 133
797 134
573 136
713 136
674 136
2 136
250 137
664 137
952 138
386 141
225 143
856 145
893 148
193 149
566 150
837 150
411 151
815 152
805 152
945 152
522 153
411 153
540 154
776 154
827 155
88 158
21 158
621 159
748 163
32 164
60 164
669 165
605 166
755 167
406 167
755 172
809 172
183 173
53 173
111 174
129 176
328 183
765 186
99 187
21 188
887 188
965 190
831 191
517 192
311 192
651 197
863 198
116 199
966 201
56 201
549 202
835 205
995 206
211 207
817 209
83 211
463 212
29 213
689 213
122 215
808 218
418 219
125 221
317 222
475 223
935 224
879 224
965 225
403 228
760 230
713 230
803 230
269 232
319 232
631 232
418 233
776 233
776 234
541 234
101 235
584 235
470 236
657 236
722 237
267 238
958 240
630 240
245 240
292 240
728 241
174 241
72 245
851 246
34 246
783 246
5 247
224 248
420 250
375 251
202 252
393 253
398 253
462 254
349 256
773 260
371 262
382 263
871 264
733 264
298 264
989 266
759 267
378 268
416 269
634 270
21 272
911 272
625 273
202 273
659 275
955 276
669 277
322 278
636 279
774 279
444 279
319 281
934 282
661 284
304 284
710 285
291 289
130 289
17 290
173 290
799 292
962 292
787 293
233 293
910 294
721 294
551 296
364 297
274 297
822 297
420 299
778 300
56 301
67 303
745 303
171 304
651 306
778 306
539 307
874 307
392 307
174 307
128 307
322 308
645 310
899 311
718 311
255 311
284 311
853 314
582 314
393 315
707 315
533 316
330 317
136 318
710 319
865 319
574 320
641 321
744 322
86 325
711 326
993 327
157 329
98 331
475 332
333 335
804 335
914 338
547 338
399 339
106 339
899 340
824 341
54 343
694 343
427 343
654 343
992 344
755 344
109 345
717 346
519 348
72 349
676 350
541 350
229 350
681 352
250 352
749 353
971 353
262 353
804 353
732 355
182 356
425 357
176 357
99 359
758 359
270 359
523 360
253 362
377 364
121 368
219 371
909 371
711 371
542 372
866 373
311 374
74 374
701 375
819 376
34 376
498 377
939 378
225 378
195 380
434 381
294 381
398 381
779 381
137 382
950 382
790 382
158 386
142 386
403 389
437 390
657 396
78 397
951 398
326 398
839 398
822 399
155 400
691 401
750 404
432 405
131 406
562 406
534 407
15 408
219 410
502 410
97 410
908 410
715 411
754 412
534 412
156 413
603 413
149 413
399 414
328 416
85 417
254 421
318 422
871 426
504 427
82 427
198 428
684 428
551 430
207 431
856 431
930 434
141 435
361 435
130 441
154 441
267 441
949 443
904 445
778 445
126 447
606 447
410 449
865 449
979 450
461 450
526 452
555 452
354 456
889 458
705 459
572 459
955 461
638 461
69 462
308 463
555 464
709 465
519 467
791 469
551 470
789 471
93 475
637 477
645 479
136 481
172 481
322 482
953 485
266 485
500 486
586 488
477 488
303 488
105 489
745 490
478 491
458 492
535 492
875 492
1000 497
630 497
542 498
74 499
510 499
830 504
207 505
32 508
934 509
861 511
5 511
13 513
512 513
708 514
486 515
814 516
619 516
23 518
561 518
32 519
957 520
694 521
798 521
52 523
605 524
884 525
410 526
378 526
173 526
443 527
809 528
927 528
358 529
653 532
13 534
216 537
673 538
482 539
502 540
994 541
451 542
144 543
349 543
608 544
924 544
955 549
387 549
163 550
839 550
417 550
265 551
335 551
77 551
557 552
679 552
676 554
12 555
406 557
556 558
804 558
117 560
408 562
896 562
564 562
972 564
476 564
175 566
34 566
275 566
547 566
473 568
719 568
85 568
143 570
992 570
147 570
268 570
653 571
845 572
41 572
916 573
727 574
93 575
586 575
230 575
207 576
476 576
849 577
610 577
654 577
43 578
25 578
927 578
980 578
193 579
675 580
384 581
91 581
478 581
921 584
937 584
151 585
50 585
223 586
180 587
520 588
867 590
804 591
650 594
721 595
778 595
500 595
640 596
41 596
167 599
25 599
506 600
712 600
852 601
987 601
572 602
324 602
756 603
871 603
969 603
582 604
985 606
295 608
377 611
967 612
695 613
124 614
579 615
115 615
681 615
394 616
492 617
847 617
63 617
680 617
35 617
240 618
292 619
591 619
31 620
314 622
694 622
74 623
966 625
197 626
837 626
628 627
618 628
949 631
531 634
823 635
777 635
587 635
608 636
37 636
909 637
609 639
415 640
138 640
806 640
49 640
746 640
465 641
731 641
194 642
471 644
270 644
447 646
852 650
598 651
803 651
895 651
101 653
994 654
186 655
624 655
401 655
578 656
723 657
528 666
738 667
963 669
404 670
523 670
15 671
33 672
641 672
254 672
202 672
653 673
872 674
782 675
956 676
264 677
876 677
708 678
899 679
740 680
925 681
314 681
317 682
761 682
927 684
272 685
863 685
182 686
448 687
634 687
940 687
223 689
272 692
705 692
753 692
424 692
909 696
438 696
933 696
486 697
508 697
140 698
745 698
542 699
723 700
865 701
134 702
376 703
108 703
394 705
573 705
738 706
465 707
112 707
949 708
652 709
824 710
865 710
745 713
828 713
820 714
709 716
281 716
665 717
785 718
206 718
599 718
319 719
919 719
600 720
622 722
384 722
780 727
649 728
138 728
422 731
386 731
940 732
953 732
404 732
626 734
521 734
397 735
723 735
392 735
773 737
52 739
367 740
370 740
33 741
878 742
249 742
46 743
836 744
570 747
876 747
854 749
233 750
722 750
370 751
34 753
272 753
206 753
737 754
731 755
178 756
581 757
236 759
584 764
144 764
131 765
108 766
288 766
689 767
369 768
61 769
824 769
409 770
745 770
202 771
375 771
344 772
811 772
995 772
219 773
163 773
218 774
825 777
403 777
992 777
91 778
208 779
560 780
959 780
401 781
476 781
332 782
429 783
708 786
189 788
426 788
980 789
73 789
483 792
200 793
926 796
580 796
44 797
273 797
157 798
317 798
685 802
782 802
76 804
710 806
881 807
903 809
116 811
454 812
642 812
523 813
404 813
90 814
335 814
408 815
22 816
518 817
248 818
966 819
394 819
616 819
321 819
613 821
769 823
35 826
57 828
49 828
644 829
862 829
771 830
570 830
848 830
95 831
18 832
936 833
869 833
772 835
116 837
847 837
975 838
30 839
356 841
80 841
922 842
133 842
332 844
816 845
631 846
80 847
94 848
709 848
697 849
761 850
374 851
693 851
436 852
854 854
982 857
366 860
163 862
385 864
401 865
235 866
645 869
462 869
152 869
405 869
862 870
573 870
867 871
152 871
989 871
411 873
847 877
121 877
367 878
487 881
968 882
946 884
848 885
308 888
292 891
870 891
258 891
318 891
824 893
931 896
85 897
249 897
710 898
629 898
604 899
305 900
533 901
851 901
224 901
1 905
942 905
403 905
32 906
529 908
522 908
717 908
542 909
258 911
32 912
827 912
651 913
128 916
381 918
153 919
913 920
178 922
36 922
322 922
812 923
977 923
98 924
594 924
522 927
7 928
152 929
422 931
860 933
243 935
592 935
186 935
508 936
991 936
791 937
331 937
439 940
54 941
591 941
694 942
369 943
77 943
647 943
410 944
857 945
148 950
626 953
646 954
782 955
152 956
346 956
466 956
687 956
315 961
575 962
620 964
354 964
927 965
127 967
264 968
339 969
221 969
60 969
276 969
204 970
641 971
719 971
29 973
195 973
317 973
787 975
282 975
768 975
851 976
620 977
612 978
47 978
82 979
126 980
865 980
524 981
466 981
67 981
974 982
275 983
256 984
92 985
676 986
583 986
767 986
307 987
222 988
561 988
691 988
609 989
468 990
626 991
715 991
869 992
303 992
838 993
282 995
835 996
652 997
480 997
29 997
92 998
155 998
757 1000
880 1000
164 1000
726 1000
