1000
901 0
539 0
33 0
698 5
183 5
750 6
840 6
251 6
911 6
234 7
927 9
471 11
888 11
484 12
730 12
84 12
73 12
770 13
648 15
681 15
977 16
647 16
452 17
771 17
474 18
627 20
827 21
243 23
86 24
398 25
760 27
341 27
592 27
942 28
51 29
961 30
739 31
815 32
442 32
440 36
20 37
168 37
753 40
33 41
804 41
518 41
124 43
924 45
981 45
441 46
528 46
613 46
305 47
555 48
730 50
588 50
456 50
405 52
100 53
721 53
698 54
600 56
552 59
548 60
988 61
392 63
627 63
517 64
752 67
441 68
578 68
526 71
971 72
865 72
947 72
19 75
988 77
118 77
967 78
365 79
922 79
931 80
665 81
468 82
971 83
594 84
328 84
166 85
100 85
794 88
180 90
991 91
310 92
61 93
85 95
977 95
438 98
638 100
309 102
176 103
956 106
646 108
105 108
345 109
896 110
988 114
541 117
908 118
826 121
815 121
657 122
303 123
980 123
719 126
432 127
117 129
867 129
15 130
748 131
171 132
913 133
516 133
15 133
431 134
820 135
372 136
90 138
422 139
221 139
568 143
443 143
96 144
633 144
269 144
300 144
760 149
725 149
868 151
94 152
687 152
538 155
307 155
341 156
663 157
550 158
244 158
899 160
394 160
285 160
828 161
584 163
53 163
514 164
684 165
657 166
630 166
565 167
593 168
323 169
833 169
454 170
302 170
54 171
536 171
413 172
138 173
747 174
865 175
70 175
515 176
636 176
642 177
498 177
783 177
331 179
904 179
962 182
460 183
426 183
19 184
573 185
484 185
90 186
184 187
374 187
23 188
218 189
658 189
318 192
292 194
719 195
319 196
740 196
882 197
409 198
461 198
690 199
126 200
296 201
994 204
640 205
410 205
221 205
189 206
840 206
546 208
6 209
915 210
34 211
652 215
976 215
353 216
330 216
964 217
439 217
446 218
26 219
411 220
708 223
466 224
3 225
501 227
347 229
480 231
768 231
90 232
569 233
622 233
121 234
124 234
964 234
786 236
57 236
166 239
26 239
169 239
197 240
78 241
506 243
425 249
211 251
603 251
840 253
621 254
953 255
928 255
239 257
658 257
993 258
840 258
848 260
121 263
67 263
10 265
434 266
32 268
927 268
417 268
225 270
449 270
961 272
793 274
541 276
397 277
242 278
557 278
664 279
431 280
260 282
405 282
609 284
130 284
315 284
199 291
69 291
739 293
113 293
72 294
716 294
135 295
861 295
445 298
34 298
748 298
809 300
807 301
424 302
182 302
557 304
479 305
286 305
127 306
785 307
346 307
123 308
678 309
965 309
727 310
584 310
593 312
587 312
721 315
899 316
493 317
681 317
858 320
128 320
811 321
70 323
680 324
904 324
321 326
788 326
61 328
64 329
585 330
67 331
183 332
566 332
688 332
271 333
758 333
583 336
297 336
741 337
810 337
211 339
155 340
232 341
556 341
388 344
544 348
71 351
128 351
437 352
527 352
551 352
720 352
260 352
937 354
786 354
476 354
579 355
609 355
427 355
366 356
303 356
683 356
531 358
816 359
759 359
489 361
623 361
921 362
138 362
994 362
988 363
620 363
702 363
274 363
47 364
46 365
91 366
369 366
182 367
475 368
650 370
870 370
173 370
220 371
707 371
13 371
656 372
748 376
857 377
980 378
173 378
598 381
211 382
154 383
74 384
686 385
421 385
462 385
10 386
555 387
488 388
792 390
177 390
624 390
674 390
455 391
85 392
788 392
823 393
165 394
950 395
745 396
440 396
92 396
711 399
213 399
326 403
671 403
54 403
825 403
451 404
756 404
74 405
966 409
551 411
962 412
278 413
71 413
319 414
668 415
787 417
104 417
770 419
397 420
189 421
730 423
563 423
621 423
429 423
915 425
541 426
975 427
297 427
397 427
606 429
386 429
555 429
39 429
483 431
668 432
740 433
129 433
518 435
177 436
974 438
614 440
174 444
260 446
431 447
390 448
682 449
375 450
530 453
585 456
688 456
307 456
948 456
860 457
671 457
753 459
63 461
196 462
749 462
682 462
773 464
916 464
902 464
972 470
790 472
162 472
351 474
337 476
272 476
126 476
978 479
9 480
350 480
938 481
530 481
677 481
775 482
771 482
305 482
631 483
228 485
539 485
422 485
132 485
16 487
81 487
426 487
717 488
593 492
429 493
765 495
481 496
618 497
920 499
92 500
323 500
493 501
874 502
959 504
93 504
635 505
430 506
254 506
638 506
861 507
375 507
342 507
459 507
236 507
696 511
43 513
314 513
620 515
467 516
770 516
411 517
192 517
734 518
177 520
86 520
364 522
361 524
96 524
596 524
594 525
460 525
82 528
407 528
324 529
30 529
71 530
854 531
723 532
521 533
285 534
572 535
457 535
394 536
398 536
85 536
82 538
210 538
983 538
419 540
26 541
322 542
710 542
746 543
417 544
615 547
396 548
695 548
856 549
137 550
276 551
362 551
613 551
233 552
22 555
627 555
577 557
793 557
280 559
245 560
777 560
168 560
833 562
357 563
604 563
831 564
833 569
542 572
319 573
394 574
442 575
271 578
722 578
321 579
51 582
648 585
688 585
111 587
39 588
320 588
135 589
753 593
883 593
583 593
160 593
122 598
739 600
646 601
817 602
658 603
703 604
511 604
222 609
480 609
336 609
725 610
633 610
512 611
844 613
613 613
763 613
666 615
870 615
790 616
669 617
89 619
916 620
433 621
118 621
383 622
330 624
852 624
659 625
245 627
165 627
754 627
393 629
76 630
940 630
114 632
382 632
683 633
124 633
332 634
289 634
325 634
37 635
34 636
649 636
438 636
934 637
45 637
64 638
311 639
934 639
446 639
680 639
857 640
472 640
98 641
795 642
219 647
35 649
546 649
957 650
975 651
394 651
31 653
273 653
923 655
538 656
424 657
277 658
84 663
526 663
159 663
865 664
945 666
712 666
721 666
255 666
410 667
582 668
602 668
36 669
570 669
952 670
457 671
103 676
877 680
1 681
932 683
947 683
756 684
765 684
151 687
40 687
531 689
580 689
662 690
460 690
292 691
972 694
881 694
689 695
946 695
919 697
155 697
614 700
893 700
886 701
959 702
986 702
904 703
846 704
510 705
589 709
627 709
481 711
476 713
685 714
170 715
75 715
183 716
65 717
393 718
151 718
734 719
414 720
259 721
202 721
271 722
457 722
831 724
229 725
759 728
638 728
370 728
970 731
111 732
523 733
494 733
162 736
60 739
822 741
206 741
740 743
775 744
36 745
300 745
732 746
764 746
617 746
918 748
149 748
494 749
677 749
710 751
45 752
689 752
610 752
890 753
551 753
39 754
332 754
565 755
314 757
894 758
720 759
870 761
734 761
794 763
374 763
690 766
215 766
545 767
803 767
705 768
874 773
203 773
665 773
830 774
183 774
675 775
318 776
47 776
229 778
203 778
66 780
39 782
967 782
643 782
398 782
835 785
881 786
19 787
288 788
54 788
434 788
614 789
7 789
566 789
600 790
362 791
967 791
953 792
130 792
621 793
786 794
193 796
306 800
831 800
471 801
776 802
252 808
173 809
145 809
823 809
836 810
436 812
329 812
49 813
946 815
651 816
797 817
685 817
106 817
95 818
559 818
290 819
62 819
164 820
209 822
418 822
633 822
156 824
604 826
857 827
332 827
441 828
346 828
386 828
219 829
37 829
275 830
166 833
778 837
467 837
273 837
791 838
283 839
698 841
938 841
986 842
267 842
732 842
306 843
686 844
862 845
666 845
202 845
130 846
733 847
529 847
341 848
423 848
917 850
355 851
205 851
237 853
185 853
551 856
942 857
987 858
313 863
783 864
654 865
89 867
757 867
61 869
795 869
559 870
739 870
378 871
52 875
664 876
658 876
587 877
988 878
295 878
760 879
932 879
233 882
684 882
804 882
120 882
428 883
267 884
840 886
435 887
979 888
324 888
63 889
516 889
901 891
51 891
67 891
292 892
662 893
414 893
832 894
631 895
423 896
52 896
360 897
784 897
244 897
341 897
453 898
620 900
825 902
279 903
503 904
269 905
668 905
958 906
586 908
568 908
494 908
712 908
300 908
417 910
478 912
621 913
132 917
342 917
972 917
972 918
72 919
398 919
279 920
407 920
49 920
778 921
766 923
948 923
789 924
627 925
476 925
447 926
726 928
463 930
65 930
478 931
747 933
59 935
302 938
973 939
2 939
750 939
76 939
813 939
450 940
695 940
181 942
375 945
462 945
965 947
785 947
720 948
422 949
595 950
408 952
270 954
987 954
432 957
440 958
221 958
548 958
612 958
723 959
116 960
125 960
140 963
701 964
622 964
153 966
972 966
444 967
281 968
528 969
19 969
204 975
429 977
25 980
974 981
999 981
793 984
423 986
103 987
453 988
777 988
800 989
302 989
367 990
237 990
345 991
507 991
203 993
806 995
181 995
787 995
237 997
549 997
770 997
424 999
