757
391 0
107 0
824 0
647 0
277 1
639 5
561 5
732 5
109 6
835 7
892 8
585 8
667 9
506 11
602 12
414 15
256 15
103 16
180 17
186 18
30 18
253 18
403 19
607 19
302 19
662 20
928 22
351 22
813 23
603 23
507 23
803 24
367 24
564 27
45 28
898 30
569 30
340 30
892 31
264 31
544 32
282 32
792 35
617 36
461 37
733 42
274 43
393 44
571 45
512 47
778 48
453 50
777 50
505 51
166 51
185 51
329 52
353 53
225 54
976 57
710 59
955 59
536 59
126 60
291 63
606 69
871 73
921 74
131 75
182 76
896 76
125 76
879 76
97 76
871 78
39 82
289 82
547 83
669 83
894 84
769 87
425 89
767 90
569 91
486 92
842 92
46 93
722 93
143 95
575 97
521 99
346 99
72 100
804 102
86 103
325 105
517 105
878 105
422 106
544 107
118 107
370 109
377 113
839 115
164 115
248 115
945 120
850 120
757 123
697 123
920 124
319 125
972 125
106 125
112 128
497 128
211 128
6 130
190 133
946 134
599 135
298 135
914 138
232 139
310 140
313 141
617 144
467 145
41 146
809 146
896 146
243 149
416 149
429 153
747 155
410 158
481 158
611 159
662 160
565 162
85 163
667 164
433 168
668 170
935 172
405 173
172 174
517 177
822 181
202 183
722 184
139 187
874 187
547 189
432 191
573 193
966 194
304 194
813 199
965 200
317 201
377 202
807 211
309 211
840 212
421 213
293 213
836 214
707 217
586 218
578 218
379 219
456 221
467 221
18 223
620 224
386 228
295 229
647 229
174 233
344 234
878 235
476 236
987 236
6 240
812 241
351 242
813 242
226 247
816 249
359 249
431 249
860 251
200 255
574 255
959 255
746 259
567 259
227 260
328 263
25 263
1 266
902 266
46 268
696 268
98 270
29 270
17 276
612 277
885 278
258 279
461 283
78 284
606 285
379 285
696 289
133 291
809 292
721 292
717 293
377 294
434 297
22 298
844 299
490 299
363 301
218 304
713 305
534 305
442 305
850 306
997 307
4 308
548 309
631 310
856 311
61 312
340 312
468 313
794 313
104 315
13 315
351 317
387 318
430 319
805 319
623 320
939 321
221 322
628 322
711 324
363 327
85 329
388 332
649 337
690 338
907 338
748 339
631 340
302 343
13 344
892 345
256 345
315 346
499 347
132 348
297 348
655 350
804 352
381 352
505 353
288 354
808 355
201 356
246 358
739 359
599 361
509 361
792 362
23 363
687 363
966 363
215 363
912 363
635 366
143 371
102 371
586 372
183 373
50 373
359 374
920 375
498 378
563 378
981 382
199 382
598 383
457 386
851 391
85 392
717 392
798 393
640 394
351 396
935 397
838 398
818 400
200 400
513 401
193 401
484 402
437 403
58 403
312 406
719 407
992 408
338 409
955 410
145 415
399 415
607 416
554 416
798 416
854 416
392 421
414 421
505 423
356 424
770 426
725 428
991 430
339 431
472 432
683 433
5 435
505 440
660 441
853 442
381 443
288 447
144 449
217 450
291 452
188 454
100 454
685 455
271 456
93 458
428 461
799 461
567 462
225 462
972 463
240 464
264 467
458 468
504 468
36 470
488 472
175 472
883 474
760 474
234 477
216 478
896 479
658 479
930 481
285 483
853 487
253 487
154 490
289 496
389 496
677 497
146 499
181 501
306 501
330 502
459 504
232 504
552 507
825 507
167 508
12 508
843 511
588 514
810 514
149 514
381 515
270 516
62 519
308 519
500 520
805 521
702 522
982 523
605 525
427 526
681 526
571 527
750 527
772 528
296 528
913 528
142 530
371 530
705 530
336 531
968 532
229 532
5 533
669 534
357 534
145 537
601 539
602 541
407 541
676 541
938 543
170 545
614 545
824 547
700 548
909 550
721 550
645 551
371 557
591 557
789 557
396 557
706 557
694 560
214 562
175 563
283 564
333 565
533 566
953 567
547 568
20 570
301 574
596 575
620 576
158 576
369 576
114 577
826 577
805 578
593 580
108 580
355 580
102 583
999 585
537 588
35 589
653 589
15 591
676 593
955 594
688 597
994 603
862 608
647 609
907 612
276 612
397 612
965 613
965 614
566 617
110 617
632 618
786 620
827 620
547 626
701 627
878 627
976 632
599 632
723 633
57 634
813 634
936 636
988 637
582 638
194 640
57 643
514 643
153 644
736 644
465 645
120 645
857 646
70 648
193 652
769 653
237 654
923 655
986 658
283 658
280 662
329 663
949 664
671 664
131 664
893 665
73 666
920 666
953 666
587 667
585 669
754 670
743 672
834 675
833 679
400 681
438 681
264 685
966 685
412 686
253 688
603 689
858 691
523 692
130 692
540 697
943 697
872 700
889 702
979 703
735 706
568 706
622 707
551 708
796 709
578 710
721 713
668 713
321 715
710 717
899 718
527 719
138 720
703 722
711 723
540 724
521 725
634 726
643 728
534 731
690 732
67 733
356 739
193 739
342 743
826 743
469 744
507 745
991 745
329 745
288 746
790 751
332 752
518 754
610 755
989 757
778 759
453 761
573 761
72 762
501 763
276 763
774 766
417 767
646 770
350 771
858 771
324 773
802 776
480 776
514 778
877 778
306 778
642 779
207 779
121 782
903 782
486 783
794 784
838 786
596 788
549 789
47 790
930 791
489 791
690 791
15 792
779 792
152 792
56 799
612 800
678 800
729 802
53 804
76 806
175 807
295 807
511 810
969 810
519 812
579 813
278 814
820 814
748 815
907 815
884 816
911 818
712 821
559 823
805 825
64 828
781 828
294 830
913 833
314 834
174 836
17 836
273 837
112 837
720 837
876 838
395 839
68 846
76 846
167 847
103 850
613 850
454 851
996 854
322 855
741 855
469 856
244 859
286 860
945 860
5 860
809 862
730 862
421 862
716 863
260 867
341 867
992 868
690 869
799 871
217 873
351 873
568 873
129 873
140 874
584 875
970 875
632 875
683 875
483 875
221 876
608 877
552 877
86 878
7 880
341 882
924 882
319 882
224 882
88 883
904 886
735 887
73 888
880 889
132 891
359 891
321 891
86 891
616 893
621 896
709 898
422 900
795 901
335 903
268 905
777 910
253 911
741 912
973 914
906 914
183 915
526 916
764 917
353 918
31 920
538 923
192 923
811 924
50 925
174 926
289 926
944 926
85 928
332 928
724 929
867 932
235 933
484 934
986 936
391 937
515 940
793 941
569 941
355 942
293 943
463 945
650 946
263 946
98 951
434 951
163 953
935 954
969 955
446 956
255 956
922 957
918 958
719 962
895 962
851 966
796 966
562 966
207 967
925 969
830 970
969 970
117 972
414 972
978 972
371 973
218 975
870 975
306 976
179 976
332 977
215 983
329 983
256 987
894 988
400 993
912 994
182 997
105 997
