1000
533 1
557 1
842 2
995 2
758 3
673 5
336 5
303 5
413 6
470 7
71 7
994 7
743 9
176 9
16 9
47 10
304 12
278 13
657 14
368 15
262 15
799 17
479 19
147 21
285 22
466 23
875 24
219 26
427 27
941 27
679 28
648 29
601 31
978 35
333 35
782 35
14 36
43 36
503 37
34 38
81 39
665 41
559 43
658 44
916 46
485 47
193 48
743 48
335 48
194 48
283 49
705 54
747 54
736 55
604 57
21 59
380 59
896 60
731 61
379 61
217 63
47 63
378 63
693 64
239 64
185 66
895 66
922 66
389 66
478 67
784 67
375 68
991 69
480 69
490 71
745 71
410 71
538 71
39 73
733 76
458 76
65 76
470 77
474 80
278 80
479 82
26 82
471 83
620 86
521 86
875 87
472 88
181 89
961 89
74 89
824 89
994 90
578 91
500 91
343 93
173 95
463 96
86 98
755 100
830 100
854 100
278 100
364 101
474 105
687 105
957 105
105 106
3 109
176 111
291 113
396 114
965 115
931 115
812 116
480 118
922 119
980 120
4 121
883 123
426 124
575 125
164 125
441 126
612 127
583 128
16 129
732 130
810 131
251 131
798 133
339 134
636 136
142 136
784 137
650 137
119 140
617 141
106 142
726 142
91 142
907 143
480 144
766 144
641 145
528 147
2 147
458 149
630 149
530 150
323 151
124 152
22 152
1 153
822 154
682 155
746 156
734 157
371 157
432 158
112 159
652 160
303 160
608 161
403 164
807 165
132 167
988 168
53 171
274 172
999 172
964 172
816 173
497 175
388 175
922 176
974 177
247 178
432 179
978 180
444 186
88 187
628 188
593 191
358 192
784 195
601 195
695 196
811 196
876 196
624 197
34 197
295 197
372 198
451 199
923 199
226 200
894 201
256 202
873 204
340 206
513 206
788 208
625 208
613 208
956 209
622 209
931 209
897 210
286 210
674 211
554 213
983 214
378 214
425 215
533 216
156 217
653 219
430 220
623 220
944 221
835 221
43 221
790 223
832 224
539 224
106 226
496 227
960 227
867 227
729 228
47 228
834 230
267 230
363 231
181 231
168 233
390 233
46 233
935 234
97 235
253 236
636 236
327 237
28 237
376 238
946 238
904 239
653 239
791 239
554 242
925 242
159 243
553 243
629 244
938 247
432 248
919 252
327 253
927 255
572 257
967 257
611 257
240 257
288 259
695 259
571 261
737 261
659 266
171 266
655 267
670 267
286 271
965 271
240 272
943 274
827 275
772 276
687 277
571 277
426 278
292 279
244 279
873 279
810 282
489 282
824 283
735 283
107 283
201 284
336 285
53 285
296 287
410 287
76 288
945 292
613 292
157 293
295 293
663 294
106 295
819 296
250 297
397 299
146 301
78 301
483 304
677 305
281 305
671 307
457 308
183 310
134 310
287 310
884 311
601 313
308 314
811 315
256 315
681 316
835 317
947 321
269 322
414 322
924 323
726 324
645 324
999 325
192 326
368 327
263 327
109 332
36 333
671 334
964 335
539 336
405 339
569 341
502 343
483 344
614 346
604 346
53 346
155 346
951 347
243 348
869 349
66 349
591 349
635 351
277 352
757 352
149 353
184 355
858 361
207 361
231 362
837 362
822 363
906 363
710 365
790 366
448 367
189 371
684 371
722 373
300 374
770 375
542 375
947 377
949 377
799 378
932 379
912 379
888 379
136 379
314 380
115 380
9 384
974 384
177 390
361 390
728 391
649 392
144 393
97 393
277 394
579 396
434 397
408 397
238 398
241 398
464 400
603 402
931 402
815 405
329 406
700 407
689 407
20 408
317 410
462 411
263 411
863 411
731 411
767 411
912 412
3 414
421 414
835 417
177 419
833 419
499 421
817 422
600 422
685 424
661 425
623 425
266 425
39 426
749 426
538 426
899 426
122 427
553 427
452 427
322 428
876 428
764 429
306 431
153 431
467 431
121 432
678 433
306 435
491 436
209 441
208 441
228 444
332 444
333 444
860 444
31 446
93 446
625 449
882 451
830 451
342 451
579 453
239 454
533 454
961 454
375 454
648 454
312 455
262 455
400 455
17 456
862 456
187 457
931 457
634 457
74 457
106 459
445 460
136 460
42 463
343 463
4 463
974 464
78 465
685 467
911 467
22 467
901 468
421 468
54 469
339 470
639 470
749 471
191 473
124 474
795 476
685 476
694 477
297 478
229 478
645 479
357 479
270 479
296 480
345 481
756 481
198 482
168 482
77 483
306 484
151 484
394 486
645 486
314 488
552 490
76 490
568 490
701 491
402 492
753 496
567 496
340 496
22 497
933 498
762 498
85 500
922 501
470 501
800 501
942 503
308 503
527 504
951 509
446 509
289 509
678 511
880 511
653 511
384 512
681 512
15 519
868 519
165 519
716 521
862 523
242 524
117 525
12 525
396 527
21 528
15 529
831 530
388 530
387 530
705 532
68 532
765 535
915 537
595 539
789 539
469 540
908 540
2 541
887 544
536 545
524 546
670 546
473 547
598 553
239 554
292 554
630 555
405 555
947 556
524 556
403 558
456 558
552 560
145 561
257 562
949 563
973 564
577 564
243 564
391 566
795 567
700 568
33 568
467 570
867 571
420 571
331 574
770 574
467 574
702 575
545 575
238 575
626 576
901 577
471 579
47 580
827 580
369 580
589 580
770 581
278 582
513 585
150 585
261 586
374 587
796 587
332 587
334 587
280 589
380 589
761 591
123 591
226 592
829 593
255 594
670 596
891 596
540 598
423 599
834 599
640 600
908 600
646 600
438 601
47 603
728 603
288 604
126 604
458 605
214 605
529 605
672 607
781 608
332 609
385 610
559 611
685 611
741 612
234 612
853 612
373 616
695 619
852 622
272 624
123 624
534 626
215 626
456 626
497 627
765 628
566 629
26 629
70 631
40 631
734 634
81 634
731 635
41 636
853 637
727 637
628 638
321 639
377 641
835 644
51 644
816 645
696 645
503 646
305 647
150 647
115 649
119 649
541 651
13 653
68 654
764 656
84 659
787 660
456 660
470 661
395 662
167 663
935 664
743 666
824 668
835 669
267 670
553 671
180 671
176 672
214 673
550 673
259 675
322 676
276 677
675 677
35 679
618 682
872 683
551 684
558 685
492 686
491 687
966 690
363 690
208 692
480 693
794 695
691 700
460 702
625 705
83 706
680 707
437 707
697 707
991 708
645 708
679 711
694 711
150 712
819 713
924 713
172 714
786 714
101 714
59 715
530 716
610 718
683 719
505 720
63 721
85 722
112 723
49 724
888 725
665 725
646 727
962 729
853 729
125 733
481 733
536 734
238 734
867 735
684 735
655 736
875 736
996 736
682 737
299 738
115 738
877 740
302 740
831 741
823 745
31 747
192 748
821 749
207 751
340 754
177 755
947 756
239 756
229 757
733 759
598 762
215 762
547 764
940 766
351 767
360 770
551 772
126 773
771 774
590 774
775 775
374 775
10 776
103 777
159 778
976 778
918 778
622 778
805 778
560 778
623 779
393 780
632 780
214 781
441 782
517 782
961 782
896 783
229 785
353 787
196 789
349 791
331 792
278 793
609 793
537 796
223 798
28 798
680 799
732 800
214 800
395 800
129 801
37 802
932 803
480 803
819 803
779 804
460 806
718 807
88 808
293 809
694 809
225 810
74 813
625 814
189 815
746 815
40 816
416 817
893 817
800 818
176 818
116 819
73 819
36 824
129 824
565 824
596 827
142 829
88 829
24 831
451 832
826 836
762 837
405 837
738 838
589 839
752 839
896 840
468 840
248 841
186 842
394 843
572 843
232 843
149 843
537 843
392 844
823 844
88 845
503 846
673 846
607 847
161 848
182 849
645 850
101 851
537 852
103 852
209 854
51 854
782 855
311 855
401 856
89 856
493 856
723 857
219 857
670 858
1 858
173 858
603 862
164 863
88 864
16 867
420 867
375 869
997 869
438 869
459 870
717 872
300 873
185 874
518 875
922 876
230 876
806 880
186 882
202 884
700 884
562 885
601 889
700 890
657 890
450 892
923 892
988 894
201 895
158 896
648 896
444 897
577 898
705 898
40 899
22 899
939 900
934 900
801 901
595 902
157 906
683 906
82 908
839 910
880 913
661 914
539 914
661 914
100 915
505 915
453 916
521 916
773 916
903 917
483 917
555 917
736 918
399 919
846 919
473 920
418 922
129 923
873 925
612 926
823 927
981 928
162 931
110 934
281 934
709 935
868 937
557 938
27 938
918 943
99 943
759 944
683 949
955 951
639 951
979 951
134 952
806 953
135 953
220 954
370 954
63 957
263 958
319 958
789 959
965 962
666 963
529 964
18 965
399 967
271 967
376 967
742 968
220 968
612 970
927 971
424 972
269 973
331 974
582 975
77 975
820 976
728 978
299 979
178 979
278 980
880 980
818 980
983 982
247 983
892 984
247 991
639 991
586 991
337 992
499 992
697 993
159 993
371 996
688 997
508 997
44 997
178 998
192 1000
304 1000
