1000
53 2147483637
803 2147483637
862 2147483637
974 2147483637
43 2147483637
21 2147483637
122 2147483637
713 2147483637
759 2147483637
177 2147483637
959 2147483637
742 2147483637
457 2147483637
641 2147483637
836 2147483637
297 2147483637
373 2147483637
87 2147483637
561 2147483637
118 2147483637
322 2147483637
923 2147483637
675 2147483637
898 2147483637
337 2147483637
619 2147483637
88 2147483637
618 2147483637
778 2147483637
637 2147483637
673 2147483637
987 2147483637
579 2147483637
26 2147483637
173 2147483637
404 2147483637
692 2147483637
755 2147483637
390 2147483637
792 2147483637
455 2147483637
48 2147483637
310 2147483637
500 2147483637
296 2147483637
190 2147483637
476 2147483637
417 2147483637
33 2147483637
8 2147483637
612 2147483637
948 2147483637
732 2147483637
885 2147483637
993 2147483637
487 2147483637
945 2147483637
509 2147483637
488 2147483637
383 2147483637
770 2147483637
351 2147483637
367 2147483637
137 2147483637
195 2147483637
617 2147483637
366 2147483637
918 2147483637
835 2147483637
189 2147483637
106 2147483637
292 2147483637
795 2147483637
432 2147483637
572 2147483637
134 2147483637
313 2147483637
947 2147483637
881 2147483637
192 2147483638
343 2147483638
771 2147483638
747 2147483638
662 2147483638
792 2147483638
53 2147483638
967 2147483638
223 2147483638
965 2147483638
695 2147483638
135 2147483638
385 2147483638
441 2147483638
956 2147483638
410 2147483638
960 2147483638
601 2147483638
974 2147483638
897 2147483638
753 2147483638
195 2147483638
947 2147483638
408 2147483638
606 2147483638
264 2147483638
235 2147483638
203 2147483638
717 2147483638
366 2147483638
852 2147483638
465 2147483638
979 2147483638
793 2147483638
833 2147483638
655 2147483638
971 2147483638
151 2147483638
818 2147483638
431 2147483638
500 2147483638
158 2147483638
184 2147483638
679 2147483638
311 2147483638
551 2147483638
827 2147483638
772 2147483638
972 2147483638
194 2147483638
431 2147483638
642 2147483638
7 2147483638
111 2147483638
655 2147483638
291 2147483638
881 2147483638
907 2147483638
871 2147483638
911 2147483638
24 2147483638
75 2147483638
223 2147483638
362 2147483638
648 2147483638
35 2147483638
319 2147483638
203 2147483638
50 2147483638
15 2147483638
218 2147483638
376 2147483638
415 2147483638
74 2147483638
231 2147483638
91 2147483638
5 2147483638
657 2147483638
553 2147483638
177 2147483638
467 2147483638
770 2147483638
260 2147483638
999 2147483638
18 2147483638
864 2147483638
8 2147483638
886 2147483638
795 2147483638
92 2147483638
55 2147483638
902 2147483638
405 2147483638
656 2147483638
469 2147483638
358 2147483638
371 2147483638
717 2147483638
602 2147483638
227 2147483639
446 2147483639
739 2147483639
781 2147483639
158 2147483639
666 2147483639
338 2147483639
210 2147483639
34 2147483639
856 2147483639
183 2147483639
126 2147483639
528 2147483639
871 2147483639
728 2147483639
960 2147483639
504 2147483639
976 2147483639
190 2147483639
956 2147483639
92 2147483639
243 2147483639
889 2147483639
734 2147483639
941 2147483639
639 2147483639
996 2147483639
573 2147483639
693 2147483639
186 2147483639
272 2147483639
923 2147483639
708 2147483639
979 2147483639
156 2147483639
787 2147483639
737 2147483639
612 2147483639
82 2147483639
125 2147483639
152 2147483639
615 2147483639
910 2147483639
628 2147483639
169 2147483639
746 2147483639
510 2147483639
597 2147483639
73 2147483639
397 2147483639
233 2147483639
581 2147483639
923 2147483639
756 2147483639
989 2147483639
358 2147483639
112 2147483639
280 2147483639
492 2147483639
278 2147483639
910 2147483639
40 2147483639
407 2147483639
828 2147483639
830 2147483639
930 2147483639
202 2147483639
617 2147483639
58 2147483639
83 2147483639
413 2147483639
285 2147483639
429 2147483639
558 2147483639
881 2147483639
506 2147483639
170 2147483639
792 2147483639
719 2147483639
443 2147483639
341 2147483639
368 2147483639
866 2147483639
612 2147483639
288 2147483639
568 2147483639
315 2147483640
709 2147483640
938 2147483640
410 2147483640
258 2147483640
54 2147483640
268 2147483640
283 2147483640
715 2147483640
608 2147483640
751 2147483640
424 2147483640
756 2147483640
930 2147483640
802 2147483640
536 2147483640
341 2147483640
753 2147483640
621 2147483640
128 2147483640
52 2147483640
554 2147483640
807 2147483640
565 2147483640
451 2147483640
748 2147483640
51 2147483640
75 2147483640
177 2147483640
996 2147483640
667 2147483640
735 2147483640
275 2147483640
278 2147483640
523 2147483640
258 2147483640
380 2147483640
900 2147483640
356 2147483640
197 2147483640
562 2147483640
81 2147483640
599 2147483640
617 2147483640
501 2147483640
935 2147483640
111 2147483640
638 2147483640
924 2147483640
968 2147483640
695 2147483640
570 2147483640
867 2147483640
918 2147483640
289 2147483640
886 2147483640
39 2147483640
605 2147483640
326 2147483640
842 2147483640
865 2147483640
570 2147483640
613 2147483640
442 2147483640
842 2147483640
843 2147483640
841 2147483640
620 2147483640
928 2147483640
25 2147483640
425 2147483640
605 2147483640
432 2147483640
206 2147483640
735 2147483640
611 2147483640
503 2147483640
636 2147483640
413 2147483640
664 2147483640
556 2147483640
41 2147483640
607 2147483640
609 2147483640
218 2147483640
722 2147483640
573 2147483640
492 2147483640
695 2147483640
152 2147483640
820 2147483640
81 2147483640
931 2147483640
939 2147483640
409 2147483640
230 2147483640
3 2147483640
472 2147483640
450 2147483640
980 2147483640
833 2147483641
646 2147483641
145 2147483641
995 2147483641
188 2147483641
968 2147483641
620 2147483641
283 2147483641
608 2147483641
764 2147483641
79 2147483641
269 2147483641
283 2147483641
185 2147483641
649 2147483641
908 2147483641
129 2147483641
457 2147483641
347 2147483641
425 2147483641
430 2147483641
868 2147483641
850 2147483641
394 2147483641
852 2147483641
699 2147483641
106 2147483641
131 2147483641
985 2147483641
91 2147483641
967 2147483641
653 2147483641
126 2147483641
453 2147483641
197 2147483641
650 2147483641
617 2147483641
18 2147483641
182 2147483641
662 2147483641
625 2147483641
881 2147483641
838 2147483641
169 2147483641
470 2147483641
231 2147483641
31 2147483641
944 2147483641
4 2147483641
585 2147483641
452 2147483641
433 2147483641
556 2147483641
57 2147483641
961 2147483641
371 2147483641
213 2147483641
344 2147483641
151 2147483641
844 2147483641
213 2147483641
156 2147483641
310 2147483641
519 2147483641
537 2147483641
903 2147483641
82 2147483641
514 2147483641
308 2147483641
215 2147483641
456 2147483641
377 2147483641
963 2147483641
317 2147483641
880 2147483641
354 2147483641
427 2147483641
497 2147483641
526 2147483641
572 2147483641
776 2147483641
511 2147483641
426 2147483641
994 2147483641
911 2147483641
905 2147483641
763 2147483641
316 2147483641
323 2147483641
453 2147483641
451 2147483641
101 2147483641
252 2147483641
851 2147483641
434 2147483641
439 2147483641
709 2147483641
425 2147483641
928 2147483641
745 2147483641
803 2147483641
110 2147483641
209 2147483641
220 2147483641
19 2147483641
466 2147483642
301 2147483642
928 2147483642
448 2147483642
11 2147483642
582 2147483642
432 2147483642
190 2147483642
342 2147483642
525 2147483642
593 2147483642
388 2147483642
156 2147483642
793 2147483642
780 2147483642
375 2147483642
924 2147483642
41 2147483642
710 2147483642
669 2147483642
537 2147483642
277 2147483642
876 2147483642
193 2147483642
467 2147483642
157 2147483642
759 2147483642
130 2147483642
993 2147483642
791 2147483642
442 2147483642
682 2147483642
369 2147483642
442 2147483642
303 2147483642
243 2147483642
319 2147483642
162 2147483642
809 2147483642
353 2147483642
824 2147483642
629 2147483642
307 2147483642
693 2147483642
214 2147483642
422 2147483642
817 2147483642
916 2147483642
82 2147483642
73 2147483642
536 2147483642
88 2147483642
150 2147483642
428 2147483642
8 2147483642
193 2147483642
913 2147483642
738 2147483642
23 2147483642
869 2147483642
44 2147483642
771 2147483642
401 2147483642
389 2147483642
773 2147483642
295 2147483642
403 2147483642
341 2147483642
761 2147483642
176 2147483642
25 2147483642
470 2147483642
626 2147483642
326 2147483642
166 2147483642
657 2147483642
59 2147483642
628 2147483642
116 2147483642
581 2147483642
543 2147483642
735 2147483642
789 2147483642
462 2147483642
945 2147483643
4 2147483643
360 2147483643
103 2147483643
938 2147483643
612 2147483643
502 2147483643
59 2147483643
663 2147483643
125 2147483643
959 2147483643
690 2147483643
567 2147483643
550 2147483643
169 2147483643
726 2147483643
244 2147483643
779 2147483643
660 2147483643
911 2147483643
205 2147483643
462 2147483643
18 2147483643
949 2147483643
727 2147483643
533 2147483643
986 2147483643
652 2147483643
859 2147483643
681 2147483643
841 2147483643
79 2147483643
771 2147483643
521 2147483643
266 2147483643
653 2147483643
350 2147483643
106 2147483643
843 2147483643
28 2147483643
416 2147483643
143 2147483643
178 2147483643
745 2147483643
600 2147483643
44 2147483643
755 2147483643
54 2147483643
49 2147483643
758 2147483643
256 2147483643
855 2147483643
599 2147483643
59 2147483643
516 2147483643
185 2147483643
590 2147483643
214 2147483643
229 2147483643
49 2147483643
760 2147483643
849 2147483643
404 2147483643
615 2147483643
130 2147483643
738 2147483643
927 2147483643
505 2147483643
709 2147483643
494 2147483643
186 2147483643
194 2147483643
11 2147483643
743 2147483643
715 2147483643
69 2147483643
821 2147483643
78 2147483643
962 2147483643
559 2147483643
408 2147483643
330 2147483643
742 2147483643
739 2147483643
984 2147483643
46 2147483644
710 2147483644
107 2147483644
989 2147483644
90 2147483644
16 2147483644
861 2147483644
825 2147483644
730 2147483644
321 2147483644
191 2147483644
58 2147483644
583 2147483644
827 2147483644
635 2147483644
674 2147483644
235 2147483644
907 2147483644
443 2147483644
418 2147483644
521 2147483644
76 2147483644
311 2147483644
596 2147483644
213 2147483644
587 2147483644
385 2147483644
774 2147483644
60 2147483644
81 2147483644
818 2147483644
951 2147483644
530 2147483644
566 2147483644
687 2147483644
406 2147483644
796 2147483644
728 2147483644
23 2147483644
995 2147483644
676 2147483644
552 2147483644
715 2147483644
459 2147483644
984 2147483644
635 2147483644
61 2147483644
708 2147483644
996 2147483644
811 2147483644
680 2147483644
31 2147483644
570 2147483644
624 2147483644
490 2147483644
62 2147483644
900 2147483644
598 2147483644
251 2147483644
818 2147483644
260 2147483644
392 2147483644
219 2147483644
200 2147483644
589 2147483644
763 2147483644
119 2147483644
34 2147483644
123 2147483644
308 2147483644
438 2147483644
163 2147483644
146 2147483644
961 2147483644
74 2147483644
450 2147483644
1000 2147483644
810 2147483644
86 2147483644
561 2147483644
398 2147483644
199 2147483644
860 2147483644
392 2147483644
511 2147483644
666 2147483644
565 2147483644
613 2147483645
961 2147483645
84 2147483645
333 2147483645
789 2147483645
878 2147483645
714 2147483645
931 2147483645
631 2147483645
884 2147483645
443 2147483645
19 2147483645
121 2147483645
969 2147483645
216 2147483645
453 2147483645
620 2147483645
630 2147483645
852 2147483645
654 2147483645
522 2147483645
407 2147483645
140 2147483645
214 2147483645
241 2147483645
417 2147483645
961 2147483645
660 2147483645
665 2147483645
421 2147483645
291 2147483645
167 2147483645
281 2147483645
252 2147483645
662 2147483645
189 2147483645
966 2147483645
584 2147483645
588 2147483645
618 2147483645
943 2147483645
260 2147483645
593 2147483645
354 2147483645
916 2147483645
519 2147483645
977 2147483645
780 2147483645
616 2147483645
884 2147483645
8 2147483645
331 2147483645
814 2147483645
857 2147483645
320 2147483645
822 2147483645
989 2147483645
138 2147483645
855 2147483645
459 2147483645
760 2147483645
93 2147483645
917 2147483645
274 2147483645
203 2147483645
492 2147483645
764 2147483645
513 2147483645
909 2147483645
585 2147483645
334 2147483645
345 2147483645
556 2147483645
751 2147483645
451 2147483645
813 2147483645
398 2147483645
632 2147483645
683 2147483645
210 2147483645
389 2147483645
937 2147483645
176 2147483645
133 2147483645
160 2147483645
504 2147483645
466 2147483645
210 2147483645
162 2147483646
779 2147483646
451 2147483646
815 2147483646
144 2147483646
889 2147483646
833 2147483646
494 2147483646
362 2147483646
29 2147483646
846 2147483646
307 2147483646
178 2147483646
202 2147483646
590 2147483646
44 2147483646
185 2147483646
983 2147483646
739 2147483646
666 2147483646
126 2147483646
639 2147483646
25 2147483646
977 2147483646
765 2147483646
675 2147483646
82 2147483646
924 2147483646
201 2147483646
590 2147483646
830 2147483646
946 2147483646
35 2147483646
28 2147483646
789 2147483646
507 2147483646
746 2147483646
259 2147483646
731 2147483646
11 2147483646
950 2147483646
525 2147483646
597 2147483646
346 2147483646
18 2147483646
549 2147483646
505 2147483646
649 2147483646
554 2147483646
617 2147483646
780 2147483646
272 2147483646
819 2147483646
376 2147483646
751 2147483646
436 2147483646
293 2147483646
231 2147483646
435 2147483646
953 2147483646
133 2147483646
36 2147483646
966 2147483646
827 2147483646
534 2147483646
185 2147483646
437 2147483646
583 2147483646
552 2147483646
552 2147483646
116 2147483646
325 2147483646
140 2147483646
561 2147483646
37 2147483646
596 2147483646
489 2147483646
88 2147483646
815 2147483646
662 2147483646
721 2147483646
34 2147483646
190 2147483646
630 2147483646
251 2147483646
299 2147483646
546 2147483646
541 2147483646
783 2147483646
733 2147483646
746 2147483646
461 2147483647
536 2147483647
372 2147483647
463 2147483647
718 2147483647
760 2147483647
327 2147483647
383 2147483647
685 2147483647
286 2147483647
71 2147483647
243 2147483647
873 2147483647
498 2147483647
948 2147483647
495 2147483647
455 2147483647
461 2147483647
784 2147483647
902 2147483647
157 2147483647
490 2147483647
633 2147483647
682 2147483647
311 2147483647
309 2147483647
403 2147483647
496 2147483647
131 2147483647
924 2147483647
986 2147483647
585 2147483647
583 2147483647
755 2147483647
344 2147483647
415 2147483647
972 2147483647
607 2147483647
870 2147483647
625 2147483647
440 2147483647
612 2147483647
349 2147483647
763 2147483647
404 2147483647
632 2147483647
660 2147483647
946 2147483647
600 2147483647
750 2147483647
373 2147483647
467 2147483647
659 2147483647
225 2147483647
148 2147483647
429 2147483647
353 2147483647
489 2147483647
424 2147483647
499 2147483647
342 2147483647
142 2147483647
591 2147483647
379 2147483647
531 2147483647
84 2147483647
974 2147483647
810 2147483647
753 2147483647
97 2147483647
878 2147483647
328 2147483647
141 2147483647
93 2147483647
658 2147483647
197 2147483647
951 2147483647
849 2147483647
938 2147483647
657 2147483647
78 2147483647
587 2147483647
442 2147483647
419 2147483647
714 2147483647
942 2147483647
204 2147483647
833 2147483647
294 2147483647
249 2147483647
656 2147483647
154 2147483647
586 2147483647
124 2147483647
278 2147483647
320 2147483647
