219
440 2
430 9
128 13
82 15
289 17
452 18
500 29
606 30
393 31
22 40
765 41
492 42
5 47
150 48
129 48
624 60
84 67
652 67
491 68
900 74
599 75
502 79
57 79
558 82
265 88
367 92
464 96
912 97
628 99
947 104
760 114
4 118
294 119
886 123
636 124
836 126
455 130
102 150
820 153
626 159
993 160
800 166
754 176
89 178
168 196
923 201
543 204
170 205
91 211
300 211
223 223
982 231
7 236
967 236
598 243
63 244
420 263
465 264
944 266
837 273
973 277
376 278
301 278
455 283
949 287
616 299
701 312
944 317
681 323
601 324
542 326
893 332
780 338
78 340
24 344
65 344
945 344
424 344
15 350
703 355
662 358
35 376
735 379
194 384
298 386
627 390
365 398
509 399
914 401
605 402
396 411
808 426
707 427
998 432
715 442
450 449
508 452
952 461
541 463
750 468
849 472
67 482
285 485
41 486
92 486
938 505
146 506
969 512
794 525
822 543
270 545
87 554
84 555
752 557
682 558
592 559
209 567
282 569
538 575
849 578
411 583
241 584
690 586
881 592
594 601
186 605
53 607
600 615
529 626
825 627
817 635
685 638
711 639
671 643
556 644
774 646
671 652
477 658
787 658
44 658
176 658
308 660
396 668
435 676
890 685
41 697
265 698
255 699
430 706
637 707
446 714
422 724
896 726
438 728
96 732
721 732
641 742
359 744
210 751
621 756
494 763
655 770
890 772
401 777
510 778
703 786
335 792
681 801
41 805
14 806
70 808
930 809
274 813
523 819
508 823
538 830
605 830
813 835
753 839
101 840
569 841
829 842
680 843
678 843
990 845
177 846
129 852
779 855
880 859
521 862
179 871
293 874
877 875
978 876
633 880
343 889
531 893
937 907
279 914
531 915
213 916
161 924
994 925
216 933
999 942
887 943
805 945
734 950
38 958
796 971
835 972
373 975
848 978
481 978
728 979
578 982
594 994
437 997
603 1000
