1000
515 2147483637
17 2147483637
399 2147483637
614 2147483637
895 2147483637
328 2147483637
197 2147483637
626 2147483637
384 2147483637
756 2147483637
738 2147483637
308 2147483637
805 2147483637
478 2147483637
873 2147483637
38 2147483637
698 2147483637
774 2147483637
346 2147483637
265 2147483637
107 2147483637
940 2147483637
329 2147483637
323 2147483637
614 2147483637
485 2147483637
944 2147483637
901 2147483637
921 2147483637
427 2147483637
943 2147483637
526 2147483637
303 2147483637
614 2147483637
78 2147483637
841 2147483637
181 2147483637
402 2147483637
75 2147483637
249 2147483637
786 2147483637
825 2147483637
827 2147483637
374 2147483637
541 2147483637
804 2147483637
190 2147483637
657 2147483637
562 2147483637
526 2147483637
393 2147483637
2 2147483637
898 2147483637
156 2147483637
208 2147483637
668 2147483637
650 2147483637
285 2147483637
863 2147483637
939 2147483637
18 2147483637
209 2147483637
715 2147483637
564 2147483637
341 2147483637
273 2147483637
166 2147483637
675 2147483637
207 2147483637
692 2147483637
782 2147483637
176 2147483637
571 2147483637
612 2147483637
926 2147483637
119 2147483637
78 2147483637
158 2147483637
995 2147483637
356 2147483637
223 2147483637
335 2147483637
994 2147483637
552 2147483637
77 2147483637
61 2147483637
150 2147483637
505 2147483637
636 2147483637
67 2147483637
741 2147483637
611 2147483637
704 2147483638
865 2147483638
206 2147483638
999 2147483638
373 2147483638
230 2147483638
306 2147483638
372 2147483638
338 2147483638
719 2147483638
388 2147483638
357 2147483638
7 2147483638
503 2147483638
554 2147483638
58 2147483638
180 2147483638
390 2147483638
627 2147483638
277 2147483638
391 2147483638
352 2147483638
475 2147483638
832 2147483638
781 2147483638
226 2147483638
829 2147483638
537 2147483638
460 2147483638
516 2147483638
267 2147483638
406 2147483638
253 2147483638
576 2147483638
417 2147483638
88 2147483638
583 2147483638
971 2147483638
469 2147483638
657 2147483638
261 2147483638
873 2147483638
505 2147483638
592 2147483638
271 2147483638
866 2147483638
161 2147483638
204 2147483638
771 2147483638
660 2147483638
80 2147483638
109 2147483638
410 2147483638
871 2147483638
743 2147483638
703 2147483638
345 2147483638
717 2147483638
842 2147483638
214 2147483638
153 2147483638
674 2147483638
745 2147483638
689 2147483638
335 2147483638
403 2147483638
329 2147483638
664 2147483638
738 2147483638
545 2147483638
136 2147483638
500 2147483638
873 2147483638
454 2147483638
223 2147483638
743 2147483638
22 2147483638
520 2147483638
704 2147483638
339 2147483638
515 2147483638
436 2147483638
750 2147483638
129 2147483638
991 2147483638
288 2147483638
326 2147483639
556 2147483639
9 2147483639
998 2147483639
493 2147483639
510 2147483639
719 2147483639
994 2147483639
899 2147483639
718 2147483639
33 2147483639
981 2147483639
36 2147483639
364 2147483639
623 2147483639
372 2147483639
470 2147483639
142 2147483639
947 2147483639
190 2147483639
169 2147483639
980 2147483639
464 2147483639
418 2147483639
114 2147483639
800 2147483639
847 2147483639
817 2147483639
299 2147483639
270 2147483639
801 2147483639
900 2147483639
962 2147483639
418 2147483639
467 2147483639
376 2147483639
108 2147483639
506 2147483639
432 2147483639
758 2147483639
729 2147483639
673 2147483639
470 2147483639
264 2147483639
676 2147483639
543 2147483639
57 2147483639
742 2147483639
569 2147483639
207 2147483639
925 2147483639
887 2147483639
487 2147483639
633 2147483639
802 2147483639
716 2147483639
804 2147483639
417 2147483639
109 2147483639
72 2147483639
756 2147483639
164 2147483639
384 2147483639
855 2147483639
475 2147483639
614 2147483639
770 2147483639
703 2147483639
161 2147483639
415 2147483639
559 2147483639
420 2147483639
855 2147483639
768 2147483639
999 2147483639
245 2147483639
615 2147483639
383 2147483639
182 2147483639
385 2147483639
603 2147483639
677 2147483639
270 2147483639
281 2147483640
213 2147483640
539 2147483640
946 2147483640
714 2147483640
150 2147483640
639 2147483640
405 2147483640
328 2147483640
987 2147483640
924 2147483640
10 2147483640
796 2147483640
574 2147483640
148 2147483640
379 2147483640
341 2147483640
804 2147483640
107 2147483640
928 2147483640
546 2147483640
941 2147483640
90 2147483640
982 2147483640
642 2147483640
596 2147483640
609 2147483640
447 2147483640
617 2147483640
791 2147483640
968 2147483640
797 2147483640
384 2147483640
443 2147483640
46 2147483640
366 2147483640
732 2147483640
19 2147483640
121 2147483640
676 2147483640
423 2147483640
82 2147483640
423 2147483640
439 2147483640
493 2147483640
184 2147483640
978 2147483640
884 2147483640
825 2147483640
69 2147483640
709 2147483640
245 2147483640
921 2147483640
823 2147483640
818 2147483640
209 2147483640
181 2147483640
470 2147483640
245 2147483640
287 2147483640
738 2147483640
238 2147483640
367 2147483640
268 2147483640
537 2147483640
176 2147483640
408 2147483640
115 2147483640
666 2147483640
147 2147483640
220 2147483640
449 2147483640
209 2147483640
691 2147483640
59 2147483640
301 2147483640
183 2147483640
224 2147483640
846 2147483640
808 2147483640
254 2147483640
216 2147483640
164 2147483640
42 2147483640
475 2147483640
400 2147483640
635 2147483640
442 2147483640
233 2147483640
740 2147483640
349 2147483640
777 2147483640
49 2147483640
444 2147483640
54 2147483640
235 2147483640
194 2147483640
198 2147483641
663 2147483641
453 2147483641
877 2147483641
78 2147483641
316 2147483641
641 2147483641
543 2147483641
988 2147483641
608 2147483641
791 2147483641
410 2147483641
301 2147483641
159 2147483641
608 2147483641
601 2147483641
622 2147483641
426 2147483641
832 2147483641
474 2147483641
130 2147483641
136 2147483641
607 2147483641
952 2147483641
924 2147483641
175 2147483641
620 2147483641
673 2147483641
978 2147483641
514 2147483641
841 2147483641
569 2147483641
257 2147483641
647 2147483641
514 2147483641
998 2147483641
714 2147483641
737 2147483641
807 2147483641
934 2147483641
358 2147483641
125 2147483641
913 2147483641
20 2147483641
18 2147483641
744 2147483641
602 2147483641
210 2147483641
613 2147483641
444 2147483641
753 2147483641
528 2147483641
929 2147483641
475 2147483641
595 2147483641
492 2147483641
413 2147483641
304 2147483641
549 2147483641
74 2147483641
882 2147483641
841 2147483641
355 2147483641
330 2147483641
893 2147483641
498 2147483641
91 2147483641
277 2147483641
370 2147483641
708 2147483641
286 2147483641
922 2147483641
709 2147483641
449 2147483641
153 2147483641
78 2147483641
860 2147483641
409 2147483641
750 2147483641
47 2147483641
633 2147483641
551 2147483641
536 2147483641
614 2147483641
536 2147483641
229 2147483641
240 2147483641
753 2147483641
142 2147483641
491 2147483642
252 2147483642
604 2147483642
696 2147483642
760 2147483642
719 2147483642
939 2147483642
792 2147483642
75 2147483642
850 2147483642
777 2147483642
931 2147483642
539 2147483642
12 2147483642
931 2147483642
867 2147483642
201 2147483642
766 2147483642
886 2147483642
59 2147483642
300 2147483642
136 2147483642
217 2147483642
244 2147483642
824 2147483642
107 2147483642
471 2147483642
263 2147483642
192 2147483642
102 2147483642
162 2147483642
170 2147483642
565 2147483642
254 2147483642
74 2147483642
784 2147483642
416 2147483642
420 2147483642
175 2147483642
850 2147483642
890 2147483642
492 2147483642
666 2147483642
641 2147483642
47 2147483642
216 2147483642
758 2147483642
68 2147483642
568 2147483642
692 2147483642
262 2147483642
195 2147483642
661 2147483642
109 2147483642
559 2147483642
205 2147483642
674 2147483642
261 2147483642
631 2147483642
499 2147483642
328 2147483642
472 2147483642
765 2147483642
786 2147483642
103 2147483642
86 2147483642
604 2147483642
862 2147483642
217 2147483642
102 2147483642
375 2147483642
101 2147483642
1000 2147483642
407 2147483642
181 2147483642
607 2147483642
86 2147483642
214 2147483642
443 2147483642
366 2147483642
212 2147483642
395 2147483642
34 2147483642
976 2147483642
508 2147483642
652 2147483642
570 2147483642
965 2147483642
254 2147483643
579 2147483643
515 2147483643
239 2147483643
798 2147483643
608 2147483643
895 2147483643
86 2147483643
478 2147483643
966 2147483643
146 2147483643
260 2147483643
385 2147483643
284 2147483643
944 2147483643
652 2147483643
258 2147483643
22 2147483643
930 2147483643
90 2147483643
490 2147483643
903 2147483643
616 2147483643
652 2147483643
49 2147483643
188 2147483643
736 2147483643
334 2147483643
308 2147483643
528 2147483643
316 2147483643
223 2147483643
647 2147483643
789 2147483643
348 2147483643
765 2147483643
854 2147483643
593 2147483643
93 2147483643
36 2147483643
344 2147483643
837 2147483643
126 2147483643
42 2147483643
119 2147483643
571 2147483643
478 2147483643
861 2147483643
997 2147483643
142 2147483643
636 2147483643
262 2147483643
161 2147483643
595 2147483643
994 2147483643
848 2147483643
611 2147483643
833 2147483643
411 2147483643
774 2147483643
230 2147483643
832 2147483643
796 2147483643
718 2147483643
573 2147483643
70 2147483643
486 2147483643
565 2147483643
97 2147483643
605 2147483643
330 2147483643
864 2147483643
864 2147483643
50 2147483643
443 2147483643
965 2147483643
916 2147483643
208 2147483643
891 2147483643
302 2147483643
953 2147483643
522 2147483643
555 2147483643
859 2147483643
257 2147483643
838 2147483643
106 2147483643
18 2147483643
907 2147483643
326 2147483643
521 2147483643
31 2147483643
529 2147483644
151 2147483644
142 2147483644
382 2147483644
854 2147483644
724 2147483644
545 2147483644
394 2147483644
993 2147483644
346 2147483644
215 2147483644
158 2147483644
475 2147483644
65 2147483644
367 2147483644
978 2147483644
706 2147483644
874 2147483644
494 2147483644
420 2147483644
802 2147483644
248 2147483644
295 2147483644
105 2147483644
67 2147483644
40 2147483644
41 2147483644
861 2147483644
846 2147483644
201 2147483644
833 2147483644
363 2147483644
424 2147483644
737 2147483644
714 2147483644
251 2147483644
806 2147483644
742 2147483644
197 2147483644
594 2147483644
171 2147483644
14 2147483644
262 2147483644
592 2147483644
907 2147483644
72 2147483644
237 2147483644
46 2147483644
584 2147483644
2 2147483644
754 2147483644
940 2147483644
437 2147483644
813 2147483644
121 2147483644
439 2147483644
289 2147483644
491 2147483644
36 2147483644
15 2147483644
213 2147483644
430 2147483644
548 2147483644
738 2147483644
828 2147483644
969 2147483644
558 2147483644
342 2147483644
86 2147483644
220 2147483644
308 2147483644
243 2147483644
645 2147483644
678 2147483644
637 2147483644
567 2147483644
870 2147483644
868 2147483644
665 2147483644
68 2147483644
237 2147483644
551 2147483644
816 2147483644
1000 2147483644
52 2147483644
960 2147483644
191 2147483644
701 2147483644
453 2147483644
392 2147483644
882 2147483644
587 2147483644
797 2147483644
562 2147483644
203 2147483644
873 2147483644
563 2147483645
894 2147483645
19 2147483645
920 2147483645
837 2147483645
447 2147483645
885 2147483645
21 2147483645
879 2147483645
1000 2147483645
105 2147483645
626 2147483645
893 2147483645
271 2147483645
402 2147483645
920 2147483645
460 2147483645
546 2147483645
402 2147483645
19 2147483645
178 2147483645
898 2147483645
897 2147483645
51 2147483645
34 2147483645
286 2147483645
45 2147483645
192 2147483645
254 2147483645
597 2147483645
857 2147483645
298 2147483645
414 2147483645
880 2147483645
73 2147483645
613 2147483645
440 2147483645
292 2147483645
428 2147483645
514 2147483645
449 2147483645
799 2147483645
511 2147483645
384 2147483645
696 2147483645
432 2147483645
453 2147483645
494 2147483645
417 2147483645
227 2147483645
647 2147483645
499 2147483645
498 2147483645
176 2147483645
694 2147483645
576 2147483645
344 2147483645
872 2147483645
939 2147483645
575 2147483645
139 2147483645
170 2147483645
120 2147483645
152 2147483645
168 2147483645
291 2147483645
405 2147483645
628 2147483645
412 2147483645
875 2147483645
706 2147483645
529 2147483645
161 2147483645
16 2147483645
585 2147483645
923 2147483645
238 2147483645
718 2147483645
901 2147483645
457 2147483645
820 2147483645
569 2147483645
640 2147483645
546 2147483645
384 2147483645
424 2147483645
75 2147483645
679 2147483645
559 2147483646
543 2147483646
93 2147483646
609 2147483646
883 2147483646
682 2147483646
635 2147483646
423 2147483646
518 2147483646
128 2147483646
462 2147483646
189 2147483646
607 2147483646
326 2147483646
265 2147483646
658 2147483646
438 2147483646
49 2147483646
910 2147483646
922 2147483646
706 2147483646
65 2147483646
480 2147483646
625 2147483646
874 2147483646
318 2147483646
79 2147483646
315 2147483646
543 2147483646
755 2147483646
547 2147483646
70 2147483646
345 2147483646
762 2147483646
114 2147483646
894 2147483646
56 2147483646
76 2147483646
663 2147483646
46 2147483646
475 2147483646
533 2147483646
812 2147483646
8 2147483646
443 2147483646
841 2147483646
668 2147483646
639 2147483646
576 2147483646
747 2147483646
64 2147483646
921 2147483646
621 2147483646
553 2147483646
875 2147483646
377 2147483646
46 2147483646
807 2147483646
348 2147483646
957 2147483646
482 2147483646
284 2147483646
317 2147483646
351 2147483646
372 2147483646
780 2147483646
761 2147483646
708 2147483646
664 2147483646
19 2147483646
670 2147483646
892 2147483646
412 2147483646
399 2147483646
930 2147483646
622 2147483646
893 2147483646
614 2147483646
149 2147483646
136 2147483646
951 2147483646
723 2147483646
500 2147483646
429 2147483646
220 2147483646
614 2147483646
779 2147483646
149 2147483646
277 2147483646
851 2147483646
732 2147483646
521 2147483646
671 2147483646
586 2147483647
944 2147483647
785 2147483647
529 2147483647
188 2147483647
440 2147483647
250 2147483647
654 2147483647
995 2147483647
443 2147483647
455 2147483647
130 2147483647
941 2147483647
240 2147483647
723 2147483647
960 2147483647
214 2147483647
612 2147483647
530 2147483647
45 2147483647
226 2147483647
98 2147483647
970 2147483647
986 2147483647
696 2147483647
593 2147483647
364 2147483647
316 2147483647
826 2147483647
892 2147483647
375 2147483647
396 2147483647
497 2147483647
364 2147483647
837 2147483647
812 2147483647
885 2147483647
33 2147483647
521 2147483647
181 2147483647
131 2147483647
710 2147483647
151 2147483647
840 2147483647
612 2147483647
111 2147483647
409 2147483647
327 2147483647
534 2147483647
898 2147483647
3 2147483647
309 2147483647
227 2147483647
478 2147483647
38 2147483647
563 2147483647
564 2147483647
463 2147483647
785 2147483647
618 2147483647
299 2147483647
437 2147483647
215 2147483647
742 2147483647
921 2147483647
508 2147483647
178 2147483647
645 2147483647
865 2147483647
426 2147483647
99 2147483647
43 2147483647
423 2147483647
119 2147483647
73 2147483647
337 2147483647
246 2147483647
811 2147483647
943 2147483647
507 2147483647
948 2147483647
888 2147483647
470 2147483647
812 2147483647
735 2147483647
32 2147483647
463 2147483647
28 2147483647
643 2147483647
568 2147483647
286 2147483647
38 2147483647
621 2147483647
881 2147483647
894 2147483647
617 2147483647
