123
25 19
63 23
15 31
71 34
26 40
34 43
60 47
7 47
64 47
74 54
91 63
42 63
8 66
63 68
73 68
62 77
83 88
36 96
34 102
51 107
6 113
43 117
56 126
51 133
49 140
65 144
20 146
91 155
7 165
84 169
31 170
26 171
66 173
28 176
48 178
6 184
51 207
62 223
24 240
36 249
4 262
94 277
20 293
74 301
24 306
19 308
8 321
92 380
10 386
77 387
92 391
65 403
52 407
33 410
82 414
62 419
48 421
34 422
7 435
47 443
72 443
47 453
24 467
16 480
74 496
46 502
28 507
39 522
59 525
46 552
4 557
58 559
92 570
65 570
7 571
75 572
12 578
50 580
88 594
68 596
24 604
57 606
4 608
63 611
49 625
43 636
19 642
38 652
70 656
12 661
54 663
17 672
29 677
40 683
28 694
20 697
64 700
82 704
36 704
29 716
74 725
23 744
53 759
18 761
17 770
84 782
11 783
93 792
13 802
45 812
43 813
44 818
12 835
34 845
51 858
21 861
58 864
45 867
2 886
25 892
54 903
7 910
7 916
