1000
959 1
430 4
593 4
557 4
551 6
806 7
233 8
554 9
468 9
766 10
792 10
629 10
4 10
365 12
556 13
489 13
908 13
25 17
720 17
402 18
738 22
838 22
600 24
769 27
904 27
564 28
648 29
960 31
339 31
660 32
738 34
281 34
68 34
17 34
365 36
60 36
167 38
697 38
492 38
195 38
787 40
858 41
559 45
919 46
148 46
693 47
466 49
539 49
895 51
986 53
848 53
796 56
730 56
528 57
483 59
579 59
649 59
192 62
705 65
58 66
143 66
920 66
317 67
175 68
147 68
159 68
740 70
101 73
107 73
714 73
114 74
481 75
535 75
36 78
657 78
517 79
993 79
209 79
596 80
52 82
877 83
663 85
275 88
220 89
623 90
443 90
33 90
318 91
322 91
737 93
594 94
323 94
333 94
210 95
112 96
870 97
402 97
677 99
745 99
621 100
763 100
109 101
421 101
965 101
491 101
636 102
456 104
96 105
308 107
941 107
706 108
553 109
192 110
578 112
552 113
713 113
791 113
291 114
626 114
530 116
292 116
206 117
488 121
204 121
174 122
780 123
659 123
35 124
625 125
921 126
1 127
63 128
648 129
28 130
700 130
637 130
19 132
237 132
910 134
613 134
632 136
828 136
580 140
888 140
870 140
654 141
587 143
217 144
957 144
446 144
317 145
505 146
588 147
541 148
247 148
582 149
894 150
424 150
954 151
317 151
849 154
568 155
94 157
771 158
579 159
16 164
536 165
387 166
511 166
133 167
920 167
951 168
985 172
360 172
581 172
418 175
952 175
210 177
794 177
402 178
450 178
119 178
875 179
386 181
512 184
753 186
202 186
978 186
434 187
143 187
407 189
553 189
801 190
504 190
888 191
620 192
641 193
354 194
116 199
121 200
741 202
9 202
401 202
984 203
132 205
168 208
140 208
117 209
348 213
872 213
649 213
94 215
574 216
519 216
386 217
242 220
935 221
702 223
943 224
759 224
762 225
944 225
800 225
793 226
126 227
399 227
427 228
945 228
674 231
532 231
437 232
93 233
613 234
183 237
734 237
348 239
570 240
374 241
896 242
262 242
478 242
804 243
456 249
740 249
790 250
24 250
701 251
805 253
836 253
179 254
465 255
870 257
23 258
440 258
619 259
786 260
188 263
788 263
982 263
972 264
608 264
362 265
880 265
276 268
851 270
768 270
556 271
979 273
607 273
193 274
576 275
526 278
25 278
69 279
235 280
143 282
820 282
248 282
414 283
698 286
314 286
167 287
838 288
916 288
960 289
827 290
116 291
65 291
953 291
828 291
420 291
937 292
768 293
691 295
480 295
880 295
377 302
234 302
72 303
406 305
61 306
725 306
711 307
266 308
167 309
610 310
35 312
144 313
407 313
116 317
388 317
263 319
936 321
290 323
282 323
201 323
461 326
942 328
984 328
41 328
976 329
356 329
560 332
418 333
285 333
41 333
553 333
492 334
334 335
759 336
410 337
931 339
29 340
92 343
843 345
672 345
38 348
85 349
65 349
683 350
52 352
689 352
65 352
691 353
567 353
855 354
684 354
66 355
536 356
517 356
385 357
981 357
802 358
774 358
961 359
308 360
875 361
963 361
908 363
703 363
849 364
111 364
623 365
428 366
889 366
57 367
261 367
416 367
90 367
989 369
432 369
927 369
195 371
391 372
295 372
636 374
260 375
390 375
543 375
585 375
433 375
916 376
634 376
462 380
297 382
773 382
415 383
839 383
591 384
150 387
158 387
234 387
241 389
469 390
766 393
838 393
625 395
726 397
584 397
657 398
903 402
286 403
374 403
609 404
678 404
958 405
181 405
126 405
468 406
908 406
773 407
142 407
350 408
382 410
992 411
317 411
216 415
238 415
856 416
373 417
465 417
293 420
465 421
325 422
321 422
432 423
557 423
382 424
584 427
667 427
654 429
726 430
124 431
949 434
727 439
320 440
962 440
897 440
930 441
33 442
797 443
146 444
986 446
679 448
51 450
615 450
829 451
422 451
114 452
285 453
503 455
212 455
878 455
199 456
572 457
834 459
94 460
793 461
661 463
459 464
884 466
988 467
765 468
506 470
55 471
887 472
897 472
547 473
164 473
987 474
48 476
833 476
396 477
702 478
859 479
68 481
379 482
441 483
176 484
469 484
233 487
866 489
414 492
279 494
335 497
515 498
226 498
538 500
309 500
937 500
104 501
753 501
752 507
93 507
238 511
966 511
645 512
173 513
879 514
587 515
696 516
590 520
344 520
903 524
696 526
376 528
115 528
496 529
245 530
406 530
708 533
574 535
993 538
955 540
92 541
148 542
522 543
232 544
231 545
634 546
368 549
498 549
849 550
816 551
835 553
892 555
441 555
286 555
724 556
467 557
124 558
994 558
946 558
740 558
72 559
307 560
404 560
680 560
90 561
31 561
742 563
385 564
272 564
102 565
111 566
145 566
566 567
388 568
345 568
697 570
715 573
539 573
893 574
33 576
561 578
581 578
148 578
761 578
459 578
934 579
716 580
523 584
701 589
949 590
885 590
85 593
202 596
636 597
916 597
406 597
277 599
136 601
991 601
607 601
106 601
332 601
260 602
393 602
390 602
527 605
551 605
204 605
183 605
522 606
178 606
980 607
852 608
678 612
439 616
398 618
580 621
462 621
69 622
231 623
375 624
349 625
586 625
429 626
961 626
887 627
413 628
173 628
688 629
78 630
440 631
214 632
796 634
870 634
358 639
39 641
753 642
680 642
494 642
813 644
444 644
102 645
83 647
43 647
985 648
676 649
458 650
925 651
84 653
418 655
540 658
588 661
175 662
391 662
163 662
46 662
554 666
164 668
575 669
236 670
759 670
842 671
990 672
249 674
190 674
220 674
782 676
270 676
693 681
455 682
788 682
928 683
218 684
167 685
406 687
912 688
366 688
397 689
288 689
906 689
277 689
97 691
490 693
624 694
504 695
14 696
628 697
13 697
282 698
523 698
69 700
997 701
8 701
795 702
546 703
290 703
557 704
137 705
527 705
248 707
779 707
998 711
126 713
579 713
898 714
644 714
185 714
558 716
633 718
217 718
633 721
637 722
630 723
603 725
418 725
432 726
621 726
337 726
693 727
388 728
298 728
205 728
84 729
6 730
179 731
774 731
322 732
9 734
133 735
247 740
722 740
130 741
183 742
187 742
111 744
99 745
873 745
572 747
469 748
90 748
647 748
545 751
104 754
135 756
75 758
175 759
747 761
935 761
739 761
444 762
933 763
524 765
608 765
395 765
700 766
895 766
252 768
945 768
367 769
508 769
543 771
270 771
107 772
652 773
259 774
381 774
286 775
127 775
488 775
951 776
722 777
929 779
536 780
562 780
412 783
798 783
420 784
740 785
138 785
594 788
391 789
259 791
258 792
457 796
842 797
236 797
490 797
40 798
730 798
446 798
413 799
722 799
34 799
977 801
236 802
281 803
852 803
180 804
240 804
375 805
187 806
60 806
315 808
39 808
861 809
784 809
625 812
173 812
859 813
155 813
207 814
225 814
555 815
232 815
568 816
986 816
281 818
721 818
602 819
298 819
102 819
460 820
877 820
132 821
879 821
996 821
603 822
226 822
384 823
539 824
781 826
809 826
934 826
456 827
326 827
720 827
591 827
468 828
58 828
399 830
419 830
205 831
501 831
833 835
322 835
585 837
280 838
27 838
625 839
687 839
230 840
739 840
706 841
354 841
167 842
224 843
903 843
701 843
793 844
743 846
61 846
636 846
155 846
666 847
68 849
728 849
441 852
257 853
691 853
675 854
677 855
530 855
62 855
60 856
120 857
652 858
873 860
39 863
937 863
663 864
894 864
875 866
371 866
973 867
562 867
990 867
675 868
240 869
684 869
188 870
538 870
366 871
633 872
33 873
180 875
764 875
837 875
413 876
507 877
264 877
487 877
551 878
179 878
271 879
772 879
215 880
802 880
448 881
895 881
787 881
441 882
369 882
705 882
572 884
43 884
933 886
294 886
910 887
424 887
282 888
148 890
55 891
801 891
991 892
134 893
576 895
494 898
336 898
653 899
245 902
652 902
490 902
209 903
75 904
184 906
237 906
283 908
407 908
170 911
823 912
797 916
963 917
341 917
580 917
636 918
553 918
635 919
276 921
152 922
260 922
980 924
537 925
747 925
138 925
970 926
645 926
375 927
672 928
704 929
549 929
690 930
47 930
669 932
206 933
444 935
123 936
514 936
953 937
102 938
825 941
852 942
559 942
266 942
628 945
487 945
19 947
974 948
965 951
748 953
707 954
144 956
734 956
248 956
490 956
872 958
34 959
149 961
36 966
612 966
202 968
893 971
441 972
176 972
638 974
450 974
538 974
461 974
998 974
110 975
298 975
923 975
320 975
116 975
102 977
323 979
237 980
470 981
148 981
297 982
520 983
543 985
270 985
969 986
46 987
355 987
433 987
866 988
139 989
926 989
301 991
713 991
770 992
910 993
614 995
230 997
908 1000
