305
159 0
44 0
97 0
97 0
32 1
51 1
113 1
146 2
128 2
55 2
118 2
59 2
8 3
122 3
52 3
138 3
142 3
128 3
118 3
61 3
168 3
88 3
52 4
71 4
73 4
19 4
19 4
154 4
111 4
127 5
58 5
115 5
97 5
128 6
156 6
1 6
19 6
112 6
101 6
62 6
78 8
21 8
153 8
97 8
51 8
42 8
60 9
120 9
32 9
127 9
149 9
153 9
73 9
25 10
140 10
104 10
162 10
39 10
64 11
61 11
77 11
38 11
155 11
134 11
92 11
167 12
128 12
50 12
139 12
70 12
71 13
42 13
83 13
81 14
22 14
7 14
25 14
95 14
145 15
75 15
15 15
18 15
153 16
14 16
129 17
46 17
82 18
96 18
157 18
80 19
30 19
9 19
93 19
162 20
58 20
153 20
147 21
125 21
59 21
109 21
56 21
139 22
5 22
143 22
155 22
88 23
49 23
132 23
123 23
71 23
88 23
34 23
125 24
34 24
104 24
43 25
166 25
146 25
83 25
63 26
99 26
7 26
20 26
118 26
27 26
109 27
20 27
64 27
133 27
160 27
157 27
124 27
140 27
93 28
65 28
69 28
28 28
144 28
104 29
80 29
23 29
67 29
111 29
75 29
113 29
159 29
120 30
122 30
146 30
8 30
135 30
146 30
105 30
44 31
27 31
109 31
55 31
85 31
143 31
89 32
124 32
2 32
42 32
38 33
46 33
90 33
94 33
23 33
57 34
69 34
156 34
152 34
134 34
86 34
16 35
159 35
2 35
21 36
152 36
121 36
140 36
140 36
19 37
32 37
139 37
152 37
3 37
29 37
41 38
163 38
8 38
35 38
122 38
94 38
123 39
166 39
91 39
63 39
120 40
26 40
33 40
64 40
164 41
131 41
96 41
9 41
89 41
150 42
79 42
93 42
22 42
90 43
96 43
48 43
21 44
14 44
163 44
159 44
23 44
109 44
24 44
54 44
88 45
41 46
103 46
62 46
80 46
116 47
98 47
162 47
63 47
95 47
132 47
83 47
166 47
127 48
64 48
166 48
159 48
8 48
44 48
145 48
134 48
153 48
132 49
15 50
157 50
133 50
118 50
57 50
27 51
61 51
34 51
129 51
155 51
102 51
96 51
26 51
7 52
13 52
13 52
161 52
121 52
121 53
107 53
110 53
16 53
48 54
161 54
9 54
67 54
166 54
93 55
158 55
148 55
142 55
146 56
140 56
13 56
9 56
45 56
41 56
165 56
132 56
90 57
157 57
155 57
8 57
43 57
78 57
80 57
92 57
26 58
166 58
26 58
101 58
81 58
127 59
140 59
10 59
58 59
132 59
10 59
98 59
142 59
