1000
323 2
641 3
71 4
967 4
632 4
881 7
485 11
960 11
992 12
107 13
67 14
752 15
293 16
667 16
116 17
836 17
392 17
609 18
680 22
264 23
986 23
143 25
568 26
88 27
443 28
843 28
519 29
758 32
153 32
45 33
394 34
75 36
40 37
176 37
874 37
302 37
275 38
464 39
238 40
143 41
589 42
163 44
122 45
791 46
401 48
212 49
270 49
710 50
205 52
344 52
946 53
689 53
10 54
665 56
83 56
248 58
19 58
672 60
763 60
537 61
389 65
800 66
463 67
722 67
526 68
255 69
708 70
694 70
196 72
341 72
182 73
407 75
922 76
27 76
370 77
162 77
257 79
423 79
992 80
700 80
243 81
882 81
46 84
628 85
480 87
926 89
785 89
292 90
283 91
974 92
974 92
196 93
467 93
113 94
925 94
548 95
193 98
940 98
342 98
931 98
329 100
354 102
871 103
298 103
414 104
435 107
640 107
856 108
694 108
711 109
860 110
965 111
379 112
932 112
374 113
392 114
2 115
225 117
519 118
77 120
763 121
659 125
720 125
934 126
244 127
764 130
114 131
817 132
925 133
21 133
246 133
736 134
975 134
96 134
379 136
434 136
19 136
380 136
618 136
682 138
561 139
907 141
232 144
709 144
667 144
375 145
246 147
258 147
895 148
515 148
439 148
653 150
446 150
472 152
473 152
726 153
10 153
578 153
321 157
493 159
993 159
208 160
493 162
341 163
773 163
560 164
25 167
30 167
336 168
64 168
365 170
946 175
683 175
688 175
408 175
583 176
346 177
905 177
216 180
118 181
305 183
770 184
958 185
890 185
31 187
523 187
722 187
87 189
306 190
904 193
418 194
536 196
91 197
801 198
939 199
869 199
731 199
432 201
556 202
121 202
787 204
340 206
909 206
27 206
824 208
415 209
41 212
280 215
774 215
352 216
840 222
10 222
362 223
7 224
80 225
632 226
538 227
89 227
993 229
465 229
994 231
322 231
954 231
813 233
446 233
680 234
9 235
375 235
481 236
799 237
723 237
520 237
164 238
488 239
15 239
286 241
63 242
360 242
834 245
319 246
225 247
165 248
728 250
606 250
332 251
635 251
466 251
550 252
574 253
265 253
790 253
304 256
556 256
907 261
483 262
549 262
157 263
473 263
610 265
848 265
687 265
457 265
484 265
701 267
902 267
733 268
717 269
287 270
69 272
283 272
275 279
974 280
146 280
436 281
162 282
575 284
128 284
966 285
631 287
197 288
711 289
775 289
492 290
549 292
959 293
418 294
696 297
831 298
326 298
539 298
981 300
546 302
93 302
143 306
477 306
966 308
568 311
950 311
211 312
457 313
15 313
724 314
954 315
950 315
933 318
517 320
891 320
200 320
296 323
737 324
818 325
552 325
484 326
361 327
594 327
85 328
678 328
55 329
12 330
549 330
473 330
366 331
736 332
986 333
565 334
709 334
641 336
635 336
90 337
784 337
827 338
551 339
833 339
185 339
862 340
982 341
332 342
976 343
378 344
779 347
479 348
765 348
343 349
829 350
762 350
164 353
716 353
260 354
299 358
797 358
91 359
906 359
798 359
317 361
612 362
37 362
424 363
730 364
559 365
657 366
658 367
204 368
715 368
335 369
12 370
131 370
873 371
58 372
298 376
803 376
221 379
51 380
191 382
900 382
524 383
972 383
702 384
785 385
158 388
843 388
546 390
905 392
514 393
20 393
968 396
989 396
495 396
190 397
305 397
342 397
128 398
243 399
883 400
52 401
944 402
241 403
155 404
495 404
988 405
405 406
548 407
159 407
698 408
494 411
193 411
724 414
535 416
706 417
231 418
897 419
961 419
792 419
825 420
780 420
534 423
284 426
854 428
469 429
522 429
739 429
198 430
718 430
252 434
898 436
89 436
66 438
109 438
80 439
263 439
506 440
924 440
461 440
15 443
935 443
491 443
417 443
518 444
218 446
181 448
506 448
851 449
858 449
974 451
763 453
573 453
197 454
784 457
782 457
960 457
862 457
25 461
775 463
847 464
415 464
131 470
54 471
324 472
662 473
236 473
459 474
523 477
141 481
443 482
779 483
563 484
7 486
543 487
987 487
850 487
285 488
625 488
326 488
352 490
670 490
460 493
247 495
759 496
747 496
673 498
349 500
720 501
434 501
408 502
762 503
817 505
86 506
780 507
694 507
521 508
60 510
927 511
673 511
353 511
203 512
277 515
184 515
134 517
506 518
160 521
822 521
35 523
762 527
224 529
14 530
941 530
745 531
41 532
365 533
205 537
923 538
217 538
345 541
954 541
753 542
884 543
270 545
617 547
602 547
224 548
420 549
912 549
399 550
49 551
541 551
475 552
111 552
755 552
484 554
991 556
395 558
911 561
873 563
885 564
382 564
646 565
387 567
152 568
329 568
209 568
727 570
728 572
246 572
928 573
417 573
528 574
994 575
244 575
281 576
807 577
655 577
46 580
887 581
208 583
794 583
285 584
477 584
283 584
460 586
849 587
56 587
978 587
938 588
743 588
78 592
718 593
427 594
994 595
715 595
857 596
918 596
459 596
996 597
546 597
422 597
203 600
63 600
707 601
763 602
930 602
669 602
407 607
96 607
461 609
623 609
29 610
333 611
1 613
978 614
919 617
324 617
724 618
74 619
912 620
235 622
911 623
261 623
151 624
280 624
144 624
196 629
5 631
86 631
407 632
472 633
23 633
639 633
3 634
559 635
669 637
51 638
722 640
96 642
107 642
397 643
774 643
58 643
666 643
895 645
284 646
145 646
258 648
801 648
192 650
912 651
529 653
759 654
741 654
865 655
121 655
46 655
825 655
759 656
460 656
459 657
41 657
278 659
692 662
715 662
949 665
535 667
652 668
948 668
5 668
910 668
365 669
388 669
889 670
35 670
296 672
948 672
450 672
377 673
28 674
166 675
567 676
584 677
795 678
924 679
551 679
817 679
269 680
769 681
721 682
134 684
853 687
107 688
550 688
625 688
506 688
626 690
45 691
242 692
51 693
366 693
448 697
595 698
637 699
750 700
706 700
753 700
585 700
455 701
197 706
830 706
907 707
492 708
281 709
121 709
385 710
468 711
919 712
594 713
542 713
553 717
693 717
213 717
687 717
237 721
262 721
700 722
977 722
576 722
956 722
361 724
194 724
321 725
596 728
188 730
183 731
928 732
473 732
210 733
349 735
774 737
356 739
600 739
591 740
717 740
132 741
725 741
458 742
64 742
198 743
72 743
257 746
818 747
84 748
158 749
617 750
944 750
39 753
212 754
581 755
96 756
386 756
553 756
904 757
870 757
798 758
950 759
612 760
711 760
588 760
989 762
732 764
193 764
721 764
399 764
604 765
435 766
365 769
27 769
812 771
625 771
355 771
844 773
390 773
248 774
454 776
322 776
721 776
349 777
353 778
685 778
312 779
660 780
794 780
541 781
451 782
670 783
123 787
423 788
249 788
191 788
914 790
890 790
859 791
945 792
575 793
722 795
253 796
705 798
632 800
60 804
193 805
742 806
17 808
256 808
920 809
752 810
579 810
280 811
232 811
602 814
563 815
907 816
668 817
915 817
439 819
668 819
716 819
24 819
989 821
276 822
191 824
824 826
195 826
366 827
687 827
402 827
792 828
944 828
191 829
938 829
301 829
77 829
124 830
282 831
560 831
129 832
219 832
795 833
73 833
659 836
513 836
49 836
298 837
803 838
521 838
120 839
633 843
313 844
460 844
588 846
385 846
591 848
855 850
832 851
6 851
554 852
15 853
137 858
346 862
493 863
373 863
490 863
578 864
702 864
886 864
68 865
954 868
211 868
854 869
987 871
413 872
991 873
850 874
891 878
564 880
504 882
983 882
85 882
363 883
471 883
377 884
499 885
288 886
458 887
397 887
799 887
498 888
86 889
36 889
615 889
337 889
762 889
754 891
171 891
100 891
695 892
520 893
710 893
96 894
714 895
45 897
675 898
426 899
89 899
630 899
432 900
557 900
968 900
527 902
303 903
795 905
829 905
578 906
713 906
697 908
642 909
393 909
659 910
556 910
485 911
100 911
686 912
171 912
426 913
676 913
900 914
838 915
677 916
231 917
773 918
782 918
867 918
709 919
921 920
668 920
426 923
142 924
498 927
414 927
789 929
320 929
508 930
328 930
809 931
419 932
586 933
418 934
498 935
935 936
820 936
257 937
31 938
53 938
215 938
173 940
246 940
229 941
713 941
353 943
607 945
221 946
906 947
173 947
499 948
234 948
498 949
682 949
920 950
17 950
964 951
145 952
204 953
127 954
24 959
57 960
747 960
990 961
207 964
341 965
362 967
89 967
399 968
673 970
428 970
919 971
60 973
652 974
242 975
766 975
541 977
894 977
4 977
357 978
745 980
955 982
310 983
42 983
317 984
264 986
334 987
216 987
447 989
570 989
270 990
379 990
132 991
386 991
766 992
454 996
579 997
143 998
955 998
890 998
674 999
841 999
968 1000
