1000
694 2147483637
877 2147483637
678 2147483637
348 2147483637
345 2147483637
1 2147483637
216 2147483637
213 2147483637
341 2147483637
715 2147483637
49 2147483637
835 2147483637
477 2147483637
544 2147483637
597 2147483637
941 2147483637
435 2147483637
653 2147483637
124 2147483637
997 2147483637
126 2147483637
735 2147483637
808 2147483637
288 2147483637
939 2147483637
117 2147483637
280 2147483637
69 2147483637
76 2147483637
547 2147483637
375 2147483637
934 2147483637
307 2147483637
834 2147483637
771 2147483637
579 2147483637
27 2147483637
787 2147483637
155 2147483637
891 2147483637
718 2147483637
273 2147483637
701 2147483637
492 2147483637
196 2147483637
300 2147483637
121 2147483637
609 2147483637
31 2147483637
664 2147483637
164 2147483637
459 2147483637
401 2147483637
424 2147483637
917 2147483637
985 2147483637
255 2147483637
761 2147483637
963 2147483637
516 2147483637
79 2147483637
254 2147483637
33 2147483637
628 2147483637
801 2147483637
577 2147483637
983 2147483637
668 2147483637
688 2147483637
95 2147483637
757 2147483637
558 2147483637
22 2147483637
738 2147483637
937 2147483637
294 2147483637
537 2147483637
14 2147483637
407 2147483637
267 2147483637
482 2147483637
198 2147483637
897 2147483638
176 2147483638
308 2147483638
566 2147483638
479 2147483638
325 2147483638
34 2147483638
980 2147483638
378 2147483638
183 2147483638
268 2147483638
153 2147483638
30 2147483638
253 2147483638
477 2147483638
197 2147483638
588 2147483638
126 2147483638
308 2147483638
835 2147483638
103 2147483638
944 2147483638
980 2147483638
246 2147483638
877 2147483638
95 2147483638
4 2147483638
325 2147483638
683 2147483638
713 2147483638
273 2147483638
220 2147483638
817 2147483638
689 2147483638
633 2147483638
510 2147483638
248 2147483638
54 2147483638
592 2147483638
284 2147483638
159 2147483638
721 2147483638
885 2147483638
811 2147483638
251 2147483638
844 2147483638
153 2147483638
666 2147483638
78 2147483638
925 2147483638
990 2147483638
320 2147483638
46 2147483638
77 2147483638
978 2147483638
661 2147483638
835 2147483638
958 2147483638
245 2147483638
377 2147483638
948 2147483638
839 2147483638
761 2147483638
17 2147483638
662 2147483638
643 2147483638
342 2147483638
524 2147483638
451 2147483638
48 2147483638
615 2147483638
297 2147483638
814 2147483638
644 2147483638
49 2147483638
579 2147483638
260 2147483638
83 2147483638
11 2147483638
91 2147483638
55 2147483638
126 2147483638
390 2147483638
359 2147483638
682 2147483638
632 2147483638
732 2147483638
420 2147483639
862 2147483639
202 2147483639
607 2147483639
431 2147483639
453 2147483639
504 2147483639
570 2147483639
99 2147483639
236 2147483639
354 2147483639
16 2147483639
237 2147483639
883 2147483639
514 2147483639
898 2147483639
939 2147483639
147 2147483639
585 2147483639
190 2147483639
456 2147483639
752 2147483639
865 2147483639
178 2147483639
909 2147483639
814 2147483639
916 2147483639
880 2147483639
740 2147483639
475 2147483639
766 2147483639
593 2147483639
511 2147483639
993 2147483639
939 2147483639
552 2147483639
899 2147483639
904 2147483639
434 2147483639
550 2147483639
621 2147483639
815 2147483639
236 2147483639
947 2147483639
713 2147483639
743 2147483639
48 2147483639
355 2147483639
539 2147483639
484 2147483639
437 2147483639
587 2147483639
354 2147483639
102 2147483639
194 2147483639
821 2147483639
296 2147483639
627 2147483639
529 2147483639
787 2147483639
927 2147483639
498 2147483639
505 2147483639
496 2147483639
463 2147483639
169 2147483639
920 2147483639
652 2147483639
340 2147483639
443 2147483639
739 2147483639
826 2147483639
916 2147483639
686 2147483639
280 2147483639
309 2147483639
262 2147483639
763 2147483639
148 2147483639
282 2147483639
976 2147483639
150 2147483639
107 2147483639
393 2147483639
985 2147483639
553 2147483639
283 2147483639
336 2147483639
576 2147483639
321 2147483640
141 2147483640
946 2147483640
554 2147483640
331 2147483640
310 2147483640
330 2147483640
295 2147483640
460 2147483640
195 2147483640
889 2147483640
237 2147483640
706 2147483640
376 2147483640
605 2147483640
964 2147483640
369 2147483640
52 2147483640
917 2147483640
149 2147483640
692 2147483640
673 2147483640
58 2147483640
147 2147483640
999 2147483640
896 2147483640
423 2147483640
466 2147483640
967 2147483640
763 2147483640
303 2147483640
346 2147483640
515 2147483640
173 2147483640
666 2147483640
827 2147483640
17 2147483640
218 2147483640
359 2147483640
820 2147483640
476 2147483640
367 2147483640
444 2147483640
605 2147483640
119 2147483640
567 2147483640
333 2147483640
849 2147483640
951 2147483640
650 2147483640
728 2147483640
253 2147483640
634 2147483640
390 2147483640
297 2147483640
547 2147483640
825 2147483640
936 2147483640
963 2147483640
234 2147483640
157 2147483640
948 2147483640
424 2147483640
910 2147483640
36 2147483640
681 2147483640
911 2147483640
952 2147483640
740 2147483640
785 2147483640
441 2147483640
437 2147483640
144 2147483640
904 2147483640
164 2147483640
636 2147483640
296 2147483640
654 2147483640
282 2147483640
462 2147483640
735 2147483640
805 2147483640
555 2147483640
374 2147483640
947 2147483640
48 2147483640
987 2147483640
18 2147483640
111 2147483640
483 2147483640
348 2147483640
291 2147483640
962 2147483640
920 2147483640
657 2147483640
621 2147483640
826 2147483640
903 2147483640
115 2147483640
131 2147483640
514 2147483640
132 2147483641
773 2147483641
428 2147483641
889 2147483641
521 2147483641
29 2147483641
644 2147483641
800 2147483641
390 2147483641
816 2147483641
815 2147483641
572 2147483641
515 2147483641
248 2147483641
978 2147483641
450 2147483641
615 2147483641
294 2147483641
833 2147483641
59 2147483641
47 2147483641
966 2147483641
157 2147483641
315 2147483641
110 2147483641
349 2147483641
669 2147483641
515 2147483641
487 2147483641
706 2147483641
532 2147483641
440 2147483641
23 2147483641
707 2147483641
526 2147483641
821 2147483641
911 2147483641
299 2147483641
505 2147483641
635 2147483641
698 2147483641
350 2147483641
511 2147483641
961 2147483641
856 2147483641
133 2147483641
645 2147483641
916 2147483641
348 2147483641
253 2147483641
152 2147483641
316 2147483641
993 2147483641
15 2147483641
787 2147483641
677 2147483641
676 2147483641
190 2147483641
273 2147483641
877 2147483641
947 2147483641
749 2147483641
789 2147483641
481 2147483641
691 2147483641
385 2147483641
69 2147483641
899 2147483641
316 2147483641
324 2147483641
160 2147483641
578 2147483641
401 2147483641
429 2147483641
708 2147483641
622 2147483641
976 2147483641
996 2147483641
559 2147483641
657 2147483641
454 2147483641
15 2147483641
346 2147483641
94 2147483641
22 2147483641
3 2147483641
372 2147483641
923 2147483641
270 2147483641
223 2147483641
651 2147483641
162 2147483642
64 2147483642
191 2147483642
457 2147483642
965 2147483642
996 2147483642
440 2147483642
476 2147483642
409 2147483642
365 2147483642
564 2147483642
560 2147483642
250 2147483642
497 2147483642
362 2147483642
718 2147483642
266 2147483642
167 2147483642
59 2147483642
753 2147483642
302 2147483642
505 2147483642
901 2147483642
567 2147483642
897 2147483642
339 2147483642
478 2147483642
388 2147483642
301 2147483642
655 2147483642
101 2147483642
952 2147483642
982 2147483642
812 2147483642
66 2147483642
949 2147483642
631 2147483642
480 2147483642
370 2147483642
742 2147483642
516 2147483642
879 2147483642
953 2147483642
354 2147483642
241 2147483642
502 2147483642
13 2147483642
749 2147483642
815 2147483642
364 2147483642
60 2147483642
123 2147483642
339 2147483642
617 2147483642
79 2147483642
247 2147483642
7 2147483642
627 2147483642
863 2147483642
412 2147483642
360 2147483642
219 2147483642
387 2147483642
731 2147483642
996 2147483642
29 2147483642
54 2147483642
306 2147483642
798 2147483642
812 2147483642
553 2147483642
229 2147483642
175 2147483642
143 2147483642
128 2147483642
664 2147483642
827 2147483642
593 2147483642
176 2147483642
466 2147483642
80 2147483642
811 2147483642
268 2147483642
906 2147483642
676 2147483642
56 2147483642
329 2147483642
846 2147483642
606 2147483642
554 2147483642
778 2147483642
122 2147483642
894 2147483642
608 2147483643
675 2147483643
837 2147483643
652 2147483643
155 2147483643
849 2147483643
926 2147483643
567 2147483643
511 2147483643
153 2147483643
311 2147483643
703 2147483643
638 2147483643
798 2147483643
222 2147483643
470 2147483643
604 2147483643
5 2147483643
818 2147483643
40 2147483643
257 2147483643
598 2147483643
38 2147483643
557 2147483643
349 2147483643
19 2147483643
525 2147483643
36 2147483643
689 2147483643
922 2147483643
744 2147483643
553 2147483643
740 2147483643
143 2147483643
209 2147483643
263 2147483643
359 2147483643
387 2147483643
41 2147483643
894 2147483643
588 2147483643
567 2147483643
584 2147483643
507 2147483643
640 2147483643
591 2147483643
503 2147483643
1000 2147483643
164 2147483643
375 2147483643
852 2147483643
410 2147483643
997 2147483643
228 2147483643
124 2147483643
194 2147483643
792 2147483643
250 2147483643
795 2147483643
671 2147483643
761 2147483643
262 2147483643
655 2147483643
783 2147483643
556 2147483643
463 2147483643
113 2147483643
395 2147483643
194 2147483643
125 2147483643
792 2147483643
509 2147483643
851 2147483643
933 2147483643
929 2147483643
757 2147483643
530 2147483643
730 2147483643
34 2147483643
602 2147483643
936 2147483643
315 2147483643
196 2147483643
652 2147483643
243 2147483643
697 2147483643
634 2147483643
186 2147483643
163 2147483643
389 2147483643
509 2147483643
94 2147483643
718 2147483643
263 2147483643
70 2147483643
842 2147483643
788 2147483643
414 2147483643
381 2147483643
970 2147483643
426 2147483643
859 2147483643
731 2147483643
879 2147483643
208 2147483643
785 2147483644
828 2147483644
112 2147483644
29 2147483644
120 2147483644
839 2147483644
849 2147483644
143 2147483644
243 2147483644
334 2147483644
981 2147483644
197 2147483644
487 2147483644
678 2147483644
813 2147483644
911 2147483644
229 2147483644
574 2147483644
40 2147483644
901 2147483644
524 2147483644
726 2147483644
377 2147483644
951 2147483644
864 2147483644
691 2147483644
695 2147483644
318 2147483644
998 2147483644
924 2147483644
904 2147483644
634 2147483644
274 2147483644
607 2147483644
138 2147483644
600 2147483644
73 2147483644
686 2147483644
537 2147483644
201 2147483644
118 2147483644
298 2147483644
476 2147483644
8 2147483644
333 2147483644
732 2147483644
522 2147483644
874 2147483644
320 2147483644
626 2147483644
428 2147483644
429 2147483644
432 2147483644
219 2147483644
508 2147483644
825 2147483644
749 2147483644
602 2147483644
948 2147483644
597 2147483644
120 2147483644
102 2147483644
166 2147483644
305 2147483644
618 2147483644
774 2147483644
538 2147483644
660 2147483644
956 2147483644
749 2147483644
573 2147483644
148 2147483644
677 2147483644
178 2147483644
174 2147483644
347 2147483644
563 2147483644
993 2147483644
664 2147483645
943 2147483645
306 2147483645
992 2147483645
266 2147483645
336 2147483645
328 2147483645
265 2147483645
744 2147483645
492 2147483645
992 2147483645
458 2147483645
881 2147483645
713 2147483645
921 2147483645
658 2147483645
506 2147483645
762 2147483645
616 2147483645
427 2147483645
413 2147483645
174 2147483645
475 2147483645
87 2147483645
671 2147483645
482 2147483645
185 2147483645
372 2147483645
109 2147483645
662 2147483645
892 2147483645
542 2147483645
996 2147483645
802 2147483645
886 2147483645
523 2147483645
492 2147483645
452 2147483645
912 2147483645
434 2147483645
16 2147483645
539 2147483645
516 2147483645
564 2147483645
548 2147483645
964 2147483645
910 2147483645
762 2147483645
432 2147483645
176 2147483645
134 2147483645
787 2147483645
615 2147483645
983 2147483645
781 2147483645
870 2147483645
693 2147483645
624 2147483645
255 2147483645
592 2147483645
562 2147483645
526 2147483645
826 2147483645
805 2147483645
395 2147483645
723 2147483645
686 2147483645
394 2147483645
332 2147483645
745 2147483645
147 2147483645
265 2147483645
151 2147483645
728 2147483645
555 2147483645
884 2147483645
534 2147483645
657 2147483645
161 2147483645
710 2147483645
477 2147483645
208 2147483645
426 2147483645
462 2147483645
210 2147483645
547 2147483645
876 2147483645
363 2147483645
197 2147483645
28 2147483645
229 2147483645
465 2147483645
588 2147483645
615 2147483645
974 2147483645
986 2147483645
214 2147483645
513 2147483645
488 2147483645
369 2147483645
574 2147483645
148 2147483645
1 2147483645
559 2147483645
906 2147483645
259 2147483645
306 2147483645
803 2147483645
892 2147483645
408 2147483645
851 2147483645
175 2147483646
331 2147483646
281 2147483646
441 2147483646
261 2147483646
707 2147483646
277 2147483646
792 2147483646
949 2147483646
849 2147483646
528 2147483646
630 2147483646
76 2147483646
290 2147483646
586 2147483646
179 2147483646
882 2147483646
206 2147483646
187 2147483646
86 2147483646
955 2147483646
286 2147483646
631 2147483646
546 2147483646
751 2147483646
933 2147483646
60 2147483646
634 2147483646
559 2147483646
216 2147483646
566 2147483646
299 2147483646
319 2147483646
275 2147483646
399 2147483646
381 2147483646
169 2147483646
240 2147483646
624 2147483646
925 2147483646
398 2147483646
772 2147483646
45 2147483646
54 2147483646
48 2147483646
23 2147483646
178 2147483646
474 2147483646
641 2147483646
908 2147483646
780 2147483646
644 2147483646
730 2147483646
150 2147483646
706 2147483646
168 2147483646
733 2147483646
136 2147483646
464 2147483646
138 2147483646
325 2147483646
9 2147483646
458 2147483646
572 2147483646
457 2147483646
7 2147483646
228 2147483646
969 2147483646
391 2147483646
527 2147483646
482 2147483646
414 2147483646
857 2147483646
551 2147483646
915 2147483646
679 2147483646
673 2147483646
895 2147483646
865 2147483646
22 2147483646
520 2147483646
300 2147483646
929 2147483646
163 2147483646
327 2147483646
722 2147483646
636 2147483647
766 2147483647
982 2147483647
542 2147483647
659 2147483647
843 2147483647
806 2147483647
654 2147483647
18 2147483647
557 2147483647
744 2147483647
526 2147483647
131 2147483647
4 2147483647
588 2147483647
454 2147483647
775 2147483647
450 2147483647
138 2147483647
770 2147483647
47 2147483647
857 2147483647
362 2147483647
88 2147483647
976 2147483647
234 2147483647
178 2147483647
529 2147483647
878 2147483647
488 2147483647
95 2147483647
512 2147483647
622 2147483647
62 2147483647
871 2147483647
403 2147483647
16 2147483647
820 2147483647
387 2147483647
718 2147483647
899 2147483647
236 2147483647
387 2147483647
203 2147483647
395 2147483647
361 2147483647
741 2147483647
462 2147483647
985 2147483647
445 2147483647
795 2147483647
991 2147483647
579 2147483647
891 2147483647
457 2147483647
630 2147483647
92 2147483647
911 2147483647
999 2147483647
515 2147483647
752 2147483647
114 2147483647
455 2147483647
751 2147483647
194 2147483647
27 2147483647
218 2147483647
338 2147483647
294 2147483647
850 2147483647
661 2147483647
406 2147483647
536 2147483647
464 2147483647
250 2147483647
814 2147483647
589 2147483647
