797
141 0
440 0
731 0
658 2
166 4
500 5
199 6
438 6
499 6
690 7
667 7
629 8
101 8
658 8
476 9
169 9
107 9
736 10
45 10
477 11
117 12
88 12
640 12
440 12
90 12
469 13
723 13
111 13
506 14
379 15
661 15
209 16
610 17
445 17
316 18
184 19
746 19
735 19
188 19
453 20
527 20
229 21
420 21
612 21
413 21
440 21
441 22
628 22
208 24
706 24
526 25
295 25
53 25
355 25
257 25
26 25
593 26
434 27
648 27
360 28
1 28
234 28
727 28
148 29
121 29
58 30
688 31
502 31
443 32
349 32
270 32
188 33
239 33
352 34
241 34
700 34
265 34
69 35
162 37
27 38
483 38
618 38
115 38
579 40
735 41
597 41
747 41
217 41
127 42
733 42
593 42
185 42
234 43
484 43
286 44
600 44
142 44
210 45
525 45
290 46
111 46
403 47
134 47
344 47
342 48
735 49
95 49
17 50
604 50
666 50
232 50
614 50
331 51
666 51
292 52
110 52
553 52
386 53
395 53
427 54
585 54
308 54
645 54
658 54
301 55
414 56
58 56
371 57
747 57
231 58
35 58
403 59
279 59
129 60
242 61
349 61
662 62
203 62
304 62
449 62
278 62
491 63
54 63
225 63
584 65
538 66
421 66
234 66
295 66
564 67
480 67
406 68
665 68
301 68
355 69
667 69
431 69
514 70
150 71
129 71
262 72
58 72
612 73
216 74
177 74
461 76
81 76
721 77
440 77
749 77
473 78
438 78
400 78
154 78
64 80
425 81
185 82
136 82
63 83
166 83
390 83
344 84
9 84
741 84
266 84
750 84
319 84
387 85
67 86
469 86
304 86
506 88
452 88
76 89
431 89
394 89
441 90
358 91
123 91
74 91
332 92
103 92
642 92
531 93
702 93
381 93
749 93
748 93
154 95
250 96
467 97
234 99
675 99
752 99
475 101
67 101
180 101
153 101
85 102
710 102
710 103
486 103
13 104
423 104
488 104
113 105
663 105
241 105
371 106
529 107
456 107
704 107
183 108
556 108
59 110
470 111
186 111
746 113
613 113
580 114
279 114
488 114
332 115
694 115
299 116
226 117
304 117
751 117
707 118
461 118
64 118
166 119
517 119
316 119
599 119
274 119
163 120
703 120
216 120
416 120
648 121
63 121
159 122
141 122
621 123
452 124
475 124
231 124
101 125
101 128
732 128
616 129
25 129
445 130
582 130
39 130
419 131
392 131
23 132
645 132
168 133
106 133
656 133
639 134
127 134
481 134
33 134
576 135
62 135
580 135
128 135
52 137
27 137
211 137
9 139
473 139
352 140
539 140
116 141
176 141
637 141
536 142
378 142
466 142
627 144
534 145
64 145
582 146
648 146
122 146
418 146
570 146
467 147
328 147
308 148
417 148
595 148
334 149
617 149
188 149
201 149
278 150
312 150
685 150
653 151
52 152
267 152
319 152
535 153
372 153
400 153
340 153
56 153
74 154
559 154
4 155
586 156
382 156
385 156
525 157
545 157
673 158
217 159
585 159
605 159
502 159
32 160
55 160
17 160
280 161
423 161
305 162
323 162
185 162
487 163
351 164
536 164
365 164
288 165
506 165
237 165
144 166
404 166
167 168
649 170
119 170
61 170
413 170
675 170
90 171
721 171
150 172
409 173
149 174
7 174
143 176
246 176
62 176
73 177
432 177
654 178
434 178
515 180
215 181
233 183
430 184
678 185
317 186
712 186
500 187
108 187
615 187
322 188
174 189
70 189
287 190
170 190
538 190
64 191
458 192
702 192
315 193
610 193
420 194
532 194
617 195
707 196
575 196
207 196
193 197
521 197
279 197
241 198
576 198
410 198
61 199
85 199
356 199
12 200
68 200
669 200
715 200
224 201
453 201
274 201
448 203
414 203
342 204
266 204
400 204
446 205
21 206
96 206
388 208
572 209
77 209
585 210
194 210
123 211
21 211
497 211
62 212
720 212
690 213
302 213
748 214
430 214
111 215
744 215
391 215
312 216
75 216
730 216
446 217
314 217
38 217
390 217
268 218
178 218
699 218
583 219
386 219
136 219
229 220
47 220
401 221
419 221
353 221
665 222
384 223
132 223
556 224
632 224
688 224
702 224
518 225
741 225
402 226
488 226
747 227
233 227
53 228
246 228
376 228
327 228
753 229
112 229
388 230
229 230
172 230
258 230
635 231
517 231
737 231
699 232
692 232
494 232
687 232
636 232
450 232
713 233
310 233
396 233
314 233
510 233
62 233
329 234
71 234
502 234
586 234
40 235
553 235
53 235
369 235
408 236
198 238
105 238
382 239
647 239
520 239
13 240
699 240
696 241
560 241
19 241
345 241
735 241
554 241
493 242
435 242
578 242
483 243
151 243
227 243
452 244
705 245
535 245
330 245
110 249
334 249
338 249
692 250
570 251
341 252
40 252
274 252
560 253
699 253
394 253
678 253
221 254
376 254
45 254
415 254
165 255
635 255
213 256
701 256
607 257
106 258
749 258
132 258
8 258
629 259
570 259
139 260
669 260
68 262
197 262
346 262
666 262
191 263
493 263
101 264
514 264
458 264
675 265
133 266
122 266
365 267
706 267
497 267
590 267
449 267
322 268
638 268
213 269
546 269
337 269
483 270
179 270
429 271
635 271
30 272
147 272
498 273
182 273
599 273
455 274
452 274
227 274
499 274
617 275
27 276
733 276
152 277
208 278
226 278
388 279
144 281
518 282
537 282
188 282
671 283
526 283
541 284
250 284
110 285
677 287
558 287
127 287
399 289
576 289
227 290
436 291
133 291
596 292
658 293
47 293
62 293
533 294
74 294
304 294
11 295
471 295
1 295
295 296
598 296
534 297
671 297
233 298
316 298
156 298
374 299
671 299
135 299
440 299
474 299
366 300
337 300
18 300
744 301
337 301
253 302
229 302
689 302
239 304
624 304
164 305
296 305
733 306
129 306
699 307
667 308
703 309
247 309
564 309
733 310
80 310
227 311
416 311
540 312
735 312
634 312
590 313
358 313
630 314
391 315
123 315
101 315
380 317
695 317
212 318
213 318
224 318
470 319
584 320
571 320
570 320
328 321
163 321
235 321
581 321
80 321
327 323
395 323
738 323
260 324
490 324
558 324
300 325
290 326
519 326
477 328
339 328
324 329
101 329
170 329
59 329
448 329
520 330
484 330
216 331
442 331
643 332
618 332
9 334
301 334
290 334
56 335
485 336
307 336
60 337
343 337
491 337
396 339
751 339
284 339
80 339
587 339
504 339
541 340
522 341
36 342
401 342
568 342
752 342
151 342
260 342
511 343
135 343
399 343
527 344
740 345
284 345
170 345
290 346
628 347
263 348
682 348
744 348
248 348
16 348
397 349
672 349
709 349
557 350
144 350
417 351
643 351
152 351
24 351
402 352
438 352
443 352
405 353
120 353
305 353
448 353
681 354
328 355
558 355
551 355
601 355
75 355
298 356
517 356
705 356
368 357
117 357
375 359
614 360
386 361
721 361
405 361
424 362
631 362
626 363
184 364
539 364
482 366
213 367
379 367
349 367
131 367
537 367
557 367
