1000
723 0
148 0
105 0
738 1
194 1
611 2
690 2
455 3
951 3
493 3
338 3
810 3
606 3
538 4
843 4
810 5
310 6
288 8
814 8
877 8
148 11
579 12
628 13
196 14
938 18
317 18
54 20
718 21
430 22
382 23
174 25
497 26
600 28
32 31
561 32
83 34
539 34
851 37
434 38
290 38
415 40
641 41
819 42
540 43
607 44
271 45
416 46
388 46
23 46
604 47
927 48
148 48
497 48
18 49
770 49
113 49
346 49
735 51
806 51
871 52
366 54
274 54
353 54
835 58
405 58
489 61
283 62
569 62
686 64
817 64
237 64
818 65
386 65
815 66
818 70
576 70
612 72
754 72
824 73
335 73
338 73
253 74
568 74
265 74
772 77
1 77
622 78
264 78
124 79
286 79
485 81
609 82
79 83
140 85
166 86
945 86
805 89
309 92
422 92
160 94
24 94
837 95
759 96
503 98
738 98
344 98
939 98
800 99
918 100
832 100
797 102
991 103
760 105
983 106
682 106
854 107
826 107
823 109
712 109
174 110
640 113
294 114
526 116
644 117
240 117
235 117
10 119
363 120
909 120
628 121
881 121
55 121
350 122
731 123
101 124
519 124
387 124
705 125
276 126
934 127
128 127
776 128
560 128
797 128
787 128
317 130
534 131
909 134
730 134
727 134
629 135
627 135
263 136
178 136
493 140
424 141
642 141
916 143
770 149
67 150
886 152
505 153
346 153
217 153
869 155
66 155
688 156
247 158
323 159
534 159
370 160
191 160
583 161
794 161
537 167
569 168
392 168
304 169
827 169
964 169
737 171
619 171
926 172
159 172
794 172
421 172
294 173
828 173
240 173
168 175
557 176
997 178
397 178
774 178
398 180
561 180
341 181
933 183
85 183
8 184
793 184
349 187
72 188
721 189
183 189
684 190
605 191
938 193
811 193
263 195
475 195
636 196
998 196
392 196
784 200
971 202
718 203
183 204
342 205
844 205
783 205
574 205
337 206
553 206
533 207
644 207
649 207
517 208
466 209
857 210
967 210
999 210
845 210
623 211
604 212
973 213
743 213
855 213
457 214
457 215
714 217
879 217
542 217
388 218
531 220
933 221
712 221
140 223
692 224
627 224
584 225
545 226
955 227
877 229
812 229
89 230
986 231
868 232
727 233
660 233
158 235
48 237
17 237
17 242
374 243
204 243
658 245
876 249
368 249
737 250
509 253
38 253
503 253
819 254
761 254
985 255
203 256
1000 257
842 258
574 261
558 263
139 263
286 263
634 266
867 269
421 269
361 271
262 272
203 273
892 273
742 275
538 276
282 277
894 282
770 285
1 285
563 287
663 288
883 288
780 289
420 290
106 291
1000 291
898 292
987 292
577 292
890 293
719 296
543 297
640 299
756 300
947 300
93 302
993 302
715 302
297 303
112 305
84 305
671 308
950 310
296 310
39 310
775 311
611 311
173 312
542 312
873 313
83 314
653 315
511 316
601 316
773 317
66 318
853 319
191 321
32 321
874 321
796 324
279 325
962 326
520 326
57 328
87 328
757 329
794 331
357 331
743 331
814 332
233 334
945 337
646 337
642 337
302 339
353 341
707 341
817 344
301 344
730 345
939 346
270 347
499 348
519 351
31 351
361 351
88 352
409 352
656 354
95 356
464 357
528 357
529 358
329 359
851 362
515 365
992 367
268 369
170 369
824 369
599 370
259 370
447 372
41 373
933 375
978 375
883 376
923 378
681 379
890 379
884 380
134 380
76 381
691 383
150 384
750 384
981 386
877 388
508 388
843 388
283 388
279 389
820 391
506 392
703 393
946 394
782 395
740 397
682 397
694 398
581 399
472 399
327 400
814 400
612 403
745 403
283 406
996 408
187 409
485 410
55 412
608 413
701 413
621 413
709 416
751 416
117 416
761 420
786 420
811 421
860 422
77 424
416 425
35 428
885 429
906 429
322 429
183 430
814 431
43 431
262 431
549 432
606 432
470 435
915 437
924 439
954 440
135 440
126 440
529 442
410 443
329 443
191 444
699 448
319 450
848 450
732 452
93 452
465 453
621 453
221 454
138 454
39 454
656 458
113 459
786 459
469 460
868 461
301 461
653 462
599 466
219 468
945 470
680 472
852 473
874 474
705 474
410 476
651 476
161 477
256 478
324 478
504 478
518 478
947 480
34 481
417 487
839 488
667 490
155 491
569 492
523 493
812 494
917 494
572 498
723 499
418 501
438 503
188 504
520 504
671 504
433 506
596 507
81 507
550 508
417 508
396 508
971 511
823 512
508 513
129 513
871 514
382 515
607 517
712 518
237 518
407 522
727 525
178 525
777 527
17 529
761 530
400 533
992 533
505 534
203 534
73 536
838 537
641 540
309 540
797 540
432 540
700 540
351 541
28 541
716 541
931 541
63 545
589 546
236 547
297 548
376 551
297 552
524 553
818 553
594 554
556 555
878 557
660 558
805 559
467 559
459 560
875 561
491 562
172 564
764 565
604 565
623 567
809 567
832 568
689 568
316 570
99 570
790 572
692 573
311 575
406 575
392 575
111 577
850 579
563 581
262 582
241 583
741 586
602 587
898 587
458 589
48 590
499 590
550 591
588 592
34 592
72 594
425 594
478 597
478 598
571 598
716 598
604 600
235 601
3 603
77 603
29 603
500 603
516 604
186 605
661 606
597 607
239 608
94 608
968 609
197 610
998 610
482 610
663 611
42 611
45 612
94 615
697 617
735 617
255 618
608 619
207 621
457 624
442 625
577 625
902 625
970 626
344 626
258 626
860 628
241 629
485 631
35 632
341 632
138 632
264 632
485 633
301 634
191 636
393 637
590 637
192 639
477 640
670 642
340 643
874 643
252 644
415 645
52 646
359 647
468 649
134 649
543 652
337 653
824 653
497 654
505 654
158 654
800 657
715 658
157 659
315 660
368 660
406 661
419 663
606 663
866 663
236 664
452 664
306 665
628 665
268 667
505 669
527 669
358 670
712 670
452 671
96 671
783 672
394 673
966 675
140 676
523 677
215 678
32 679
884 680
82 680
995 681
994 681
560 682
197 683
34 685
589 685
974 687
24 688
74 690
615 690
269 693
72 695
328 695
185 696
160 700
243 702
413 703
24 703
218 704
501 704
222 705
473 705
835 707
201 709
895 710
393 711
890 711
262 712
600 712
897 714
619 718
616 720
813 721
28 722
450 722
334 724
188 726
834 726
51 727
402 728
37 728
637 729
735 729
4 729
131 730
637 732
856 732
563 733
537 733
504 734
615 735
415 736
963 736
631 737
799 737
933 739
416 740
831 742
327 742
664 744
817 745
983 745
515 747
867 748
705 749
998 750
984 750
104 751
585 751
784 752
329 752
712 752
917 752
147 753
410 754
36 757
264 757
264 758
110 759
495 759
471 759
888 760
137 760
812 761
28 761
875 761
751 763
239 763
66 765
277 765
285 767
468 769
173 769
204 769
924 771
111 774
393 774
896 776
724 776
521 777
510 778
160 779
202 779
91 779
22 780
448 781
43 782
22 783
405 784
910 786
681 787
517 787
852 790
441 791
320 791
897 791
798 791
301 792
560 792
660 793
360 793
503 794
403 795
494 798
148 799
576 800
990 803
640 803
581 804
461 804
630 806
669 807
164 809
905 809
218 811
116 811
995 814
981 814
889 815
294 816
133 817
181 817
433 817
164 817
100 819
824 820
231 820
664 820
472 823
663 824
797 828
269 830
843 831
527 832
25 832
727 833
251 833
189 833
718 834
245 835
817 838
447 839
121 839
423 843
736 843
45 843
478 844
133 845
257 845
769 845
618 845
456 845
317 847
258 848
114 848
52 849
626 849
914 851
162 851
903 852
276 853
96 853
217 854
849 855
126 856
519 856
593 860
349 860
404 863
225 864
422 864
368 865
146 865
394 866
784 868
781 869
921 869
717 872
615 872
311 872
270 873
794 873
63 873
667 875
164 877
507 877
49 879
791 880
531 880
251 882
621 882
696 882
637 883
904 884
170 885
241 888
696 891
931 892
344 892
26 894
980 896
240 898
366 898
265 898
260 899
866 902
223 902
144 903
811 904
638 905
490 906
769 907
775 907
824 908
517 908
451 908
359 908
722 910
958 910
212 910
394 912
213 912
972 912
433 913
550 913
382 917
901 922
609 923
953 923
877 924
741 926
502 927
297 928
813 929
992 930
271 932
982 932
624 932
464 932
752 933
139 933
617 935
104 935
145 936
347 938
638 938
285 939
966 940
83 940
277 941
327 942
826 944
669 945
521 948
443 948
727 951
580 951
241 952
870 952
931 952
972 953
1 953
453 953
690 953
268 957
99 957
411 960
622 961
539 962
373 964
930 965
757 965
36 966
507 967
832 968
934 968
354 971
717 972
494 972
60 973
402 975
941 977
333 978
634 979
280 979
809 980
990 981
257 981
716 982
556 987
395 987
307 989
123 989
314 991
764 992
568 993
316 994
801 994
366 995
636 996
958 997
199 997
556 998
410 1000
