1000
468 2147483637
727 2147483637
813 2147483637
748 2147483637
267 2147483637
443 2147483637
843 2147483637
171 2147483637
662 2147483637
334 2147483637
794 2147483637
627 2147483637
918 2147483637
865 2147483637
756 2147483637
60 2147483637
562 2147483637
837 2147483637
396 2147483637
395 2147483637
118 2147483637
461 2147483637
606 2147483637
548 2147483637
582 2147483637
23 2147483637
509 2147483637
925 2147483637
506 2147483637
492 2147483637
471 2147483637
335 2147483637
967 2147483637
110 2147483637
378 2147483637
316 2147483637
212 2147483637
838 2147483637
446 2147483637
683 2147483637
513 2147483637
452 2147483637
999 2147483637
965 2147483637
120 2147483637
919 2147483637
752 2147483637
808 2147483637
37 2147483637
702 2147483637
594 2147483637
177 2147483637
809 2147483637
38 2147483637
956 2147483637
870 2147483637
274 2147483637
668 2147483637
987 2147483637
367 2147483637
105 2147483637
65 2147483637
384 2147483637
706 2147483637
326 2147483637
930 2147483637
833 2147483637
320 2147483637
426 2147483637
754 2147483637
544 2147483637
733 2147483637
711 2147483637
866 2147483637
468 2147483637
369 2147483637
360 2147483637
159 2147483637
108 2147483637
558 2147483637
895 2147483637
595 2147483637
417 2147483637
877 2147483637
362 2147483637
267 2147483637
325 2147483637
223 2147483637
41 2147483637
232 2147483637
17 2147483637
892 2147483637
670 2147483637
771 2147483637
941 2147483637
17 2147483637
996 2147483637
121 2147483637
447 2147483637
113 2147483638
747 2147483638
610 2147483638
347 2147483638
142 2147483638
165 2147483638
426 2147483638
862 2147483638
130 2147483638
27 2147483638
814 2147483638
266 2147483638
3 2147483638
412 2147483638
219 2147483638
240 2147483638
889 2147483638
378 2147483638
381 2147483638
116 2147483638
649 2147483638
640 2147483638
890 2147483638
456 2147483638
535 2147483638
814 2147483638
135 2147483638
866 2147483638
84 2147483638
690 2147483638
473 2147483638
231 2147483638
137 2147483638
86 2147483638
846 2147483638
912 2147483638
264 2147483638
734 2147483638
34 2147483638
877 2147483638
125 2147483638
448 2147483638
310 2147483638
299 2147483638
812 2147483638
880 2147483638
603 2147483638
405 2147483638
573 2147483638
806 2147483638
7 2147483638
959 2147483638
751 2147483638
647 2147483638
922 2147483638
441 2147483638
705 2147483638
239 2147483638
751 2147483638
894 2147483638
815 2147483638
58 2147483638
170 2147483638
839 2147483638
439 2147483638
342 2147483638
95 2147483638
253 2147483638
750 2147483638
69 2147483638
557 2147483638
591 2147483638
675 2147483638
9 2147483638
642 2147483638
20 2147483638
940 2147483638
819 2147483638
932 2147483638
756 2147483638
518 2147483638
534 2147483638
851 2147483638
947 2147483638
88 2147483638
629 2147483638
670 2147483638
211 2147483638
668 2147483638
688 2147483638
733 2147483638
210 2147483638
208 2147483638
590 2147483639
246 2147483639
769 2147483639
843 2147483639
348 2147483639
897 2147483639
392 2147483639
493 2147483639
384 2147483639
720 2147483639
201 2147483639
460 2147483639
224 2147483639
885 2147483639
529 2147483639
869 2147483639
224 2147483639
707 2147483639
128 2147483639
132 2147483639
714 2147483639
232 2147483639
464 2147483639
383 2147483639
516 2147483639
510 2147483639
111 2147483639
170 2147483639
100 2147483639
503 2147483639
162 2147483639
794 2147483639
20 2147483639
77 2147483639
751 2147483639
794 2147483639
70 2147483639
721 2147483639
433 2147483639
677 2147483639
495 2147483639
843 2147483639
704 2147483639
728 2147483639
324 2147483639
968 2147483639
941 2147483639
138 2147483639
733 2147483639
486 2147483639
416 2147483639
354 2147483639
382 2147483639
749 2147483639
344 2147483639
985 2147483639
764 2147483639
581 2147483639
120 2147483639
766 2147483639
302 2147483639
121 2147483639
553 2147483639
219 2147483639
650 2147483639
63 2147483639
566 2147483639
225 2147483639
509 2147483639
974 2147483639
336 2147483639
402 2147483639
469 2147483639
440 2147483639
138 2147483639
904 2147483639
614 2147483639
359 2147483639
145 2147483639
91 2147483639
490 2147483639
939 2147483639
487 2147483639
1 2147483639
745 2147483639
392 2147483639
284 2147483639
83 2147483639
57 2147483639
444 2147483639
503 2147483640
682 2147483640
3 2147483640
578 2147483640
756 2147483640
414 2147483640
697 2147483640
581 2147483640
169 2147483640
512 2147483640
772 2147483640
166 2147483640
200 2147483640
859 2147483640
264 2147483640
24 2147483640
97 2147483640
278 2147483640
299 2147483640
779 2147483640
836 2147483640
584 2147483640
274 2147483640
86 2147483640
389 2147483640
668 2147483640
498 2147483640
367 2147483640
881 2147483640
624 2147483640
319 2147483640
790 2147483640
988 2147483640
312 2147483640
358 2147483640
612 2147483640
464 2147483640
31 2147483640
715 2147483640
58 2147483640
178 2147483640
318 2147483640
427 2147483640
194 2147483640
77 2147483640
749 2147483640
323 2147483640
96 2147483640
434 2147483640
145 2147483640
551 2147483640
632 2147483640
187 2147483640
947 2147483640
26 2147483640
287 2147483640
847 2147483640
852 2147483640
596 2147483640
923 2147483640
823 2147483640
443 2147483640
604 2147483640
859 2147483640
809 2147483640
263 2147483640
68 2147483640
418 2147483640
71 2147483640
473 2147483640
620 2147483640
18 2147483640
472 2147483640
588 2147483640
362 2147483640
232 2147483640
392 2147483640
416 2147483640
786 2147483640
534 2147483640
425 2147483640
275 2147483640
778 2147483641
794 2147483641
407 2147483641
324 2147483641
276 2147483641
945 2147483641
468 2147483641
274 2147483641
653 2147483641
831 2147483641
546 2147483641
265 2147483641
45 2147483641
560 2147483641
747 2147483641
207 2147483641
553 2147483641
317 2147483641
208 2147483641
478 2147483641
415 2147483641
255 2147483641
415 2147483641
140 2147483641
751 2147483641
820 2147483641
837 2147483641
91 2147483641
441 2147483641
904 2147483641
353 2147483641
239 2147483641
632 2147483641
250 2147483641
759 2147483641
259 2147483641
318 2147483641
608 2147483641
760 2147483641
131 2147483641
215 2147483641
153 2147483641
111 2147483641
312 2147483641
693 2147483641
976 2147483641
976 2147483641
864 2147483641
375 2147483641
213 2147483641
594 2147483641
13 2147483641
78 2147483641
187 2147483641
161 2147483641
354 2147483641
481 2147483641
445 2147483641
115 2147483641
76 2147483641
957 2147483641
592 2147483641
417 2147483641
944 2147483641
188 2147483641
382 2147483641
992 2147483641
232 2147483641
48 2147483641
29 2147483641
30 2147483641
515 2147483641
779 2147483641
477 2147483641
389 2147483641
951 2147483641
690 2147483641
748 2147483641
455 2147483641
229 2147483641
24 2147483641
547 2147483641
297 2147483641
71 2147483641
459 2147483641
59 2147483641
516 2147483641
575 2147483641
215 2147483641
101 2147483641
136 2147483641
303 2147483641
306 2147483641
122 2147483641
418 2147483641
766 2147483642
5 2147483642
653 2147483642
279 2147483642
974 2147483642
432 2147483642
351 2147483642
360 2147483642
844 2147483642
298 2147483642
771 2147483642
385 2147483642
81 2147483642
608 2147483642
309 2147483642
8 2147483642
80 2147483642
734 2147483642
214 2147483642
626 2147483642
543 2147483642
751 2147483642
67 2147483642
163 2147483642
464 2147483642
384 2147483642
498 2147483642
241 2147483642
86 2147483642
526 2147483642
626 2147483642
259 2147483642
730 2147483642
457 2147483642
498 2147483642
148 2147483642
208 2147483642
677 2147483642
723 2147483642
415 2147483642
447 2147483642
165 2147483642
667 2147483642
1000 2147483642
747 2147483642
287 2147483642
862 2147483642
332 2147483642
336 2147483642
640 2147483642
783 2147483642
679 2147483642
927 2147483642
830 2147483642
711 2147483642
349 2147483642
922 2147483642
55 2147483642
571 2147483642
968 2147483642
412 2147483642
453 2147483642
461 2147483642
779 2147483642
556 2147483642
652 2147483642
395 2147483642
104 2147483642
710 2147483642
410 2147483642
315 2147483642
448 2147483642
891 2147483642
326 2147483642
132 2147483642
368 2147483642
479 2147483642
267 2147483642
402 2147483642
902 2147483642
874 2147483642
726 2147483642
909 2147483642
289 2147483642
705 2147483642
807 2147483642
991 2147483642
863 2147483642
891 2147483642
865 2147483642
545 2147483642
467 2147483642
953 2147483643
702 2147483643
514 2147483643
715 2147483643
843 2147483643
608 2147483643
323 2147483643
817 2147483643
772 2147483643
638 2147483643
145 2147483643
973 2147483643
743 2147483643
822 2147483643
908 2147483643
602 2147483643
786 2147483643
987 2147483643
164 2147483643
44 2147483643
460 2147483643
843 2147483643
331 2147483643
912 2147483643
832 2147483643
563 2147483643
584 2147483643
42 2147483643
88 2147483643
888 2147483643
224 2147483643
596 2147483643
372 2147483643
247 2147483643
577 2147483643
417 2147483643
269 2147483643
477 2147483643
333 2147483643
314 2147483643
247 2147483643
566 2147483643
888 2147483643
369 2147483643
137 2147483643
362 2147483643
365 2147483643
667 2147483643
150 2147483643
388 2147483643
279 2147483643
616 2147483643
88 2147483643
218 2147483643
4 2147483643
60 2147483643
155 2147483643
850 2147483643
163 2147483643
653 2147483643
580 2147483643
21 2147483643
626 2147483643
378 2147483643
683 2147483643
880 2147483643
136 2147483643
320 2147483643
583 2147483643
907 2147483643
613 2147483643
85 2147483643
421 2147483643
583 2147483643
541 2147483643
821 2147483643
72 2147483644
326 2147483644
51 2147483644
195 2147483644
827 2147483644
702 2147483644
666 2147483644
591 2147483644
369 2147483644
935 2147483644
811 2147483644
289 2147483644
427 2147483644
377 2147483644
6 2147483644
39 2147483644
752 2147483644
634 2147483644
335 2147483644
41 2147483644
946 2147483644
698 2147483644
870 2147483644
785 2147483644
122 2147483644
826 2147483644
300 2147483644
123 2147483644
862 2147483644
779 2147483644
172 2147483644
365 2147483644
654 2147483644
197 2147483644
461 2147483644
450 2147483644
435 2147483644
672 2147483644
621 2147483644
695 2147483644
386 2147483644
760 2147483644
977 2147483644
795 2147483644
891 2147483644
796 2147483644
248 2147483644
883 2147483644
972 2147483644
225 2147483644
246 2147483644
246 2147483644
515 2147483644
451 2147483644
970 2147483644
451 2147483644
592 2147483644
221 2147483644
510 2147483644
677 2147483644
295 2147483644
559 2147483644
554 2147483644
527 2147483644
235 2147483644
242 2147483644
90 2147483644
722 2147483644
601 2147483644
987 2147483644
879 2147483644
18 2147483644
804 2147483644
405 2147483644
698 2147483644
455 2147483644
830 2147483644
684 2147483644
611 2147483644
221 2147483644
192 2147483644
778 2147483644
199 2147483644
953 2147483644
579 2147483644
204 2147483644
915 2147483644
67 2147483644
843 2147483644
886 2147483644
620 2147483644
672 2147483644
368 2147483644
766 2147483644
834 2147483644
44 2147483644
144 2147483644
661 2147483644
440 2147483644
634 2147483645
964 2147483645
745 2147483645
895 2147483645
87 2147483645
813 2147483645
790 2147483645
727 2147483645
970 2147483645
255 2147483645
665 2147483645
673 2147483645
811 2147483645
406 2147483645
823 2147483645
922 2147483645
918 2147483645
718 2147483645
97 2147483645
695 2147483645
948 2147483645
404 2147483645
213 2147483645
761 2147483645
263 2147483645
613 2147483645
655 2147483645
624 2147483645
634 2147483645
314 2147483645
213 2147483645
289 2147483645
412 2147483645
136 2147483645
766 2147483645
764 2147483645
779 2147483645
231 2147483645
469 2147483645
830 2147483645
661 2147483645
617 2147483645
450 2147483645
270 2147483645
198 2147483645
684 2147483645
298 2147483645
266 2147483645
582 2147483645
135 2147483645
150 2147483645
896 2147483645
445 2147483645
316 2147483645
733 2147483645
553 2147483645
364 2147483645
467 2147483645
367 2147483645
89 2147483645
12 2147483645
953 2147483645
641 2147483645
257 2147483645
206 2147483645
851 2147483645
485 2147483645
825 2147483645
166 2147483645
80 2147483645
846 2147483645
253 2147483645
831 2147483645
293 2147483645
917 2147483645
921 2147483645
650 2147483645
565 2147483645
820 2147483645
207 2147483645
404 2147483645
230 2147483645
691 2147483645
651 2147483645
829 2147483645
131 2147483645
455 2147483645
3 2147483646
668 2147483646
746 2147483646
954 2147483646
799 2147483646
96 2147483646
944 2147483646
142 2147483646
10 2147483646
448 2147483646
909 2147483646
489 2147483646
989 2147483646
953 2147483646
24 2147483646
861 2147483646
421 2147483646
26 2147483646
338 2147483646
211 2147483646
643 2147483646
692 2147483646
728 2147483646
307 2147483646
25 2147483646
509 2147483646
367 2147483646
360 2147483646
954 2147483646
344 2147483646
261 2147483646
155 2147483646
754 2147483646
372 2147483646
681 2147483646
268 2147483646
704 2147483646
957 2147483646
670 2147483646
200 2147483646
689 2147483646
963 2147483646
410 2147483646
657 2147483646
628 2147483646
394 2147483646
849 2147483646
851 2147483646
180 2147483646
167 2147483646
267 2147483646
726 2147483646
702 2147483646
320 2147483646
95 2147483646
522 2147483646
91 2147483646
322 2147483646
859 2147483646
250 2147483646
920 2147483646
373 2147483646
622 2147483646
385 2147483646
37 2147483646
479 2147483646
733 2147483646
62 2147483646
954 2147483646
241 2147483646
554 2147483646
252 2147483646
428 2147483646
501 2147483646
301 2147483646
994 2147483646
716 2147483646
142 2147483646
657 2147483646
942 2147483646
254 2147483646
986 2147483646
957 2147483646
135 2147483646
110 2147483646
558 2147483646
809 2147483646
604 2147483646
433 2147483646
298 2147483646
325 2147483646
245 2147483646
179 2147483646
675 2147483646
269 2147483647
619 2147483647
181 2147483647
723 2147483647
782 2147483647
454 2147483647
148 2147483647
115 2147483647
433 2147483647
148 2147483647
571 2147483647
483 2147483647
783 2147483647
15 2147483647
605 2147483647
417 2147483647
2 2147483647
109 2147483647
913 2147483647
719 2147483647
671 2147483647
300 2147483647
90 2147483647
142 2147483647
950 2147483647
869 2147483647
157 2147483647
771 2147483647
780 2147483647
465 2147483647
185 2147483647
443 2147483647
472 2147483647
385 2147483647
398 2147483647
620 2147483647
461 2147483647
45 2147483647
658 2147483647
802 2147483647
791 2147483647
982 2147483647
318 2147483647
216 2147483647
761 2147483647
744 2147483647
543 2147483647
503 2147483647
913 2147483647
368 2147483647
220 2147483647
201 2147483647
296 2147483647
365 2147483647
754 2147483647
941 2147483647
98 2147483647
897 2147483647
222 2147483647
877 2147483647
237 2147483647
623 2147483647
825 2147483647
931 2147483647
823 2147483647
886 2147483647
398 2147483647
241 2147483647
374 2147483647
180 2147483647
752 2147483647
181 2147483647
641 2147483647
978 2147483647
367 2147483647
261 2147483647
191 2147483647
63 2147483647
380 2147483647
307 2147483647
917 2147483647
566 2147483647
409 2147483647
770 2147483647
52 2147483647
473 2147483647
608 2147483647
438 2147483647
308 2147483647
898 2147483647
480 2147483647
398 2147483647
951 2147483647
