477
427 2
928 7
716 11
209 17
543 19
940 24
313 26
760 27
226 28
930 29
972 30
71 33
40 35
742 36
806 36
2 41
685 43
460 43
779 43
758 44
325 45
610 46
618 50
134 50
743 50
674 53
314 56
127 63
550 63
828 64
280 65
74 66
679 66
39 66
520 67
491 69
675 69
149 71
917 72
835 74
783 81
35 82
286 84
162 86
89 88
45 88
861 88
909 88
356 94
299 95
857 95
948 96
757 97
168 98
469 100
160 104
131 107
479 108
653 108
948 109
160 110
679 111
166 111
17 112
899 113
310 116
329 117
826 120
985 120
573 123
992 125
87 126
171 128
784 129
80 133
249 134
456 135
89 135
743 144
456 146
199 146
597 148
217 156
558 161
178 164
428 169
853 176
529 176
215 176
207 182
209 184
705 185
557 189
931 192
21 200
82 200
185 201
828 203
256 204
31 206
859 206
150 207
394 209
364 210
12 214
77 216
53 216
23 217
627 222
633 223
177 226
859 227
692 227
47 228
69 230
173 230
754 232
661 233
161 233
214 235
483 235
763 236
53 243
858 244
287 246
537 246
839 247
195 255
179 261
871 261
668 261
109 261
294 262
769 263
429 266
388 275
835 276
873 278
27 279
888 282
825 282
815 282
835 287
986 289
868 291
686 295
864 301
391 302
286 304
803 305
910 305
389 306
72 315
494 319
705 321
746 321
31 322
587 323
330 328
823 330
850 335
671 339
606 339
633 340
133 341
827 344
85 344
62 346
320 348
497 349
839 354
529 355
531 356
296 356
510 356
742 357
37 359
44 361
752 363
59 364
141 366
22 366
329 370
827 379
814 379
669 379
562 382
357 382
29 383
180 385
865 390
887 395
968 395
586 398
592 400
587 407
490 411
183 420
990 421
268 421
26 421
150 424
220 435
176 436
862 439
456 439
496 440
551 441
168 442
978 445
324 451
599 454
576 455
616 456
39 460
603 462
13 464
724 464
274 466
729 471
166 472
871 474
286 476
211 477
505 481
876 482
148 485
547 487
490 488
546 488
377 489
623 490
510 492
329 494
764 494
795 495
114 496
324 501
695 504
903 506
468 510
996 510
492 510
458 511
621 512
974 513
928 514
992 516
587 517
511 520
611 520
535 524
948 536
234 540
194 541
592 548
704 549
145 552
75 553
990 560
114 574
64 574
577 578
112 578
864 578
318 579
129 580
879 582
337 582
589 585
760 585
72 586
989 588
73 589
352 589
786 591
80 592
285 593
178 593
341 594
591 596
101 596
451 596
992 600
35 605
429 605
520 607
708 608
9 608
196 610
440 613
715 615
57 617
91 623
200 624
12 626
676 626
720 630
443 633
894 639
670 639
867 640
45 640
753 644
720 647
495 651
943 651
800 653
685 655
623 655
45 657
227 658
190 658
68 661
74 661
133 664
321 664
210 665
102 670
852 679
900 681
71 681
641 682
959 686
134 687
928 687
460 692
7 692
175 693
762 694
632 698
435 699
42 707
313 708
540 711
625 712
668 713
658 715
702 715
991 720
258 721
518 722
84 723
5 726
410 728
689 729
715 730
755 732
760 734
637 734
448 734
582 736
513 742
791 746
884 747
720 749
430 752
417 753
461 754
241 756
309 756
500 757
4 762
54 762
306 762
336 768
843 771
736 771
343 771
419 773
979 774
917 775
396 778
595 778
261 782
946 783
88 785
117 788
215 790
304 795
25 795
282 795
22 798
392 803
880 807
898 811
775 815
721 815
196 815
754 817
170 819
425 820
321 821
871 823
200 825
164 829
504 832
97 833
477 836
502 838
903 839
956 841
586 842
717 847
929 847
366 850
118 853
533 856
609 866
618 870
650 871
295 872
870 873
417 874
650 878
559 882
891 883
772 883
542 886
254 886
802 887
425 887
346 888
416 890
14 890
534 894
458 895
642 896
610 896
470 896
600 904
311 906
975 907
629 907
17 908
612 909
485 910
845 910
931 910
21 911
297 914
776 914
470 921
233 926
327 932
124 932
915 938
791 941
581 945
980 946
633 947
851 953
943 953
21 955
801 960
630 961
755 967
183 969
599 969
101 970
103 972
820 974
682 975
853 975
143 979
100 979
497 981
389 981
238 982
933 983
57 983
737 983
440 986
549 992
437 995
385 997
78 999
