487
331 7
335 8
437 11
386 11
277 13
265 15
206 18
305 19
66 19
359 19
67 20
360 20
32 20
259 21
455 23
471 24
25 24
133 25
373 26
75 27
347 27
89 28
428 29
453 31
296 33
190 34
386 34
394 40
84 41
377 43
320 46
188 47
297 49
6 50
59 51
156 53
178 53
260 55
377 57
129 57
389 58
153 58
362 60
368 60
455 60
15 63
72 64
342 66
445 69
251 70
417 73
333 73
223 74
278 75
423 76
149 76
156 81
116 82
331 83
189 84
105 85
222 88
306 90
18 93
376 94
373 95
198 96
474 98
55 100
32 103
238 105
461 105
220 106
397 107
216 111
420 112
89 116
128 117
385 117
89 118
94 119
174 119
420 120
252 121
350 122
357 124
147 127
230 129
124 129
12 129
263 129
224 130
423 130
297 137
356 137
303 138
36 139
499 142
400 142
418 143
319 143
405 144
52 148
430 150
179 154
247 155
227 156
50 156
329 156
41 158
491 159
322 160
270 161
170 161
95 165
465 166
473 166
97 167
222 168
339 170
88 171
289 171
333 172
237 175
411 176
353 176
300 176
332 176
466 176
374 178
476 181
234 182
354 182
348 185
357 185
342 187
439 190
207 192
19 192
314 195
399 196
355 198
44 199
76 199
326 206
246 207
462 210
402 210
121 211
321 212
409 212
70 213
478 214
112 214
453 214
187 218
329 221
13 223
244 223
389 225
240 225
260 230
294 230
148 232
216 233
48 234
396 236
297 236
192 240
98 240
35 241
126 246
2 247
218 248
187 248
457 250
135 251
466 252
137 254
144 256
477 257
132 263
61 265
414 265
72 265
283 265
36 267
467 267
108 270
183 272
60 272
23 273
251 275
14 275
93 276
216 278
273 279
272 287
312 288
322 289
398 289
483 289
347 289
140 290
486 291
198 297
487 299
444 300
305 302
354 306
360 307
463 307
233 307
412 309
471 311
181 312
499 312
439 313
382 313
249 315
455 316
379 316
55 318
248 319
120 321
172 327
432 330
207 331
237 334
240 335
334 336
41 338
479 339
312 340
350 342
293 342
275 343
379 345
93 346
272 348
168 353
233 355
417 356
477 358
141 359
20 362
319 362
236 364
19 364
159 365
256 366
441 368
33 370
362 370
437 370
184 376
382 377
298 377
31 378
163 379
90 380
370 381
341 381
177 382
95 384
277 385
360 385
107 386
271 386
305 386
432 389
289 389
32 390
204 391
97 392
378 393
412 395
117 399
117 399
302 399
203 399
115 400
91 401
25 403
224 405
412 410
205 410
391 410
235 413
60 413
235 414
194 415
224 418
440 418
179 418
16 419
338 420
95 420
10 422
414 422
370 423
248 424
80 425
15 427
188 428
470 429
129 430
12 432
366 433
369 433
364 434
69 435
43 436
438 438
301 438
235 439
381 439
10 441
466 442
18 444
155 451
73 452
39 453
460 454
82 456
465 456
246 458
286 459
316 459
398 460
123 460
243 461
48 463
479 466
266 467
482 467
354 468
240 469
34 471
245 472
186 476
430 478
188 479
163 480
99 481
94 482
211 482
404 485
139 486
457 487
282 488
403 488
77 490
219 490
155 490
444 491
343 492
22 494
82 496
79 496
319 496
71 497
193 498
266 498
90 501
335 502
439 504
36 505
316 507
439 507
489 508
333 508
106 508
310 511
350 511
80 513
92 516
199 516
287 517
425 518
79 518
222 519
468 519
320 519
214 519
205 521
263 522
481 524
252 524
168 525
325 529
51 530
401 532
102 533
224 538
214 538
151 541
205 541
188 542
42 544
10 546
105 547
457 550
7 552
232 553
9 554
147 555
264 555
481 555
408 557
134 560
241 560
465 561
43 562
345 566
6 567
367 568
387 570
184 570
319 573
439 573
167 574
384 575
451 576
23 578
499 578
173 578
407 579
30 579
242 580
496 584
299 585
132 585
448 586
62 586
358 591
152 593
151 594
161 598
429 599
139 599
373 599
116 601
340 601
399 601
341 603
153 604
457 605
109 607
266 608
26 609
316 610
450 610
455 612
136 617
412 617
367 619
163 621
198 630
418 631
209 634
291 635
447 637
1 638
103 639
303 641
300 641
401 642
112 642
321 643
217 643
1 645
60 647
392 649
102 649
65 652
229 652
340 652
111 652
205 655
185 655
35 656
161 657
293 657
353 657
494 659
244 659
