310
976 0
886 0
482 2
331 4
996 5
594 6
64 17
465 18
758 21
2 21
541 25
877 25
702 37
154 38
791 39
34 40
841 41
377 41
952 47
54 50
417 55
292 57
282 58
17 61
618 67
902 67
226 72
387 82
855 91
40 91
926 91
710 93
814 95
921 96
186 106
995 108
829 110
757 112
375 116
739 116
919 117
764 122
789 124
85 125
151 134
3 134
69 135
37 136
421 143
550 152
334 153
272 158
172 159
809 159
808 160
448 161
349 172
172 173
531 173
636 174
918 178
572 186
487 191
862 192
532 193
695 193
772 194
17 194
644 200
935 207
968 209
54 216
543 221
833 224
210 225
756 228
95 229
923 230
450 232
680 235
646 239
315 240
195 242
87 242
110 247
631 250
687 250
133 258
192 262
757 262
847 262
879 264
463 268
767 268
713 269
776 278
383 289
491 295
274 298
55 299
538 300
247 305
993 308
549 311
927 317
33 319
631 328
387 330
379 333
946 333
876 335
456 337
545 340
46 342
352 348
96 348
506 354
148 360
251 364
597 377
282 379
995 381
64 383
748 383
483 383
834 391
226 400
203 403
759 403
614 405
228 406
285 412
861 414
253 416
221 416
816 417
991 422
240 423
548 431
152 437
84 439
122 443
484 447
658 447
367 447
213 456
22 466
95 468
183 471
824 472
585 472
935 485
811 486
886 487
164 493
36 502
584 510
204 514
760 517
933 517
547 522
837 523
262 524
668 529
578 530
571 531
448 534
485 542
308 543
895 543
612 548
630 549
431 551
363 557
578 558
716 564
620 564
877 565
477 578
108 583
270 583
697 583
185 586
195 596
639 602
978 605
605 605
177 608
976 610
538 612
601 613
383 615
336 615
763 622
412 624
798 626
290 632
998 636
768 641
889 643
979 646
53 647
630 648
660 652
555 654
378 656
446 658
299 672
297 678
28 680
69 682
349 683
258 686
891 686
12 688
409 689
206 696
39 698
490 705
507 708
373 711
30 712
974 717
452 718
901 721
732 724
983 735
752 748
601 749
475 750
87 751
205 752
978 759
163 759
213 761
882 763
58 765
667 768
119 777
205 780
876 781
563 782
712 793
109 799
31 807
428 808
520 813
62 820
320 822
98 824
376 828
810 828
137 829
160 829
699 830
98 832
247 832
167 833
402 834
798 835
217 840
983 841
996 842
683 845
212 851
279 855
929 862
980 862
270 863
922 865
6 866
297 868
82 868
794 873
936 876
666 878
242 879
95 883
455 885
813 885
735 886
734 889
785 889
989 896
644 900
956 917
416 918
269 918
187 919
108 924
612 937
295 941
879 941
53 944
684 944
912 949
214 953
473 954
28 955
813 957
798 965
620 972
122 972
477 973
460 974
16 976
353 978
616 991
879 995
540 1000
