1000
584 2147483637
74 2147483637
624 2147483637
305 2147483637
724 2147483637
853 2147483637
588 2147483637
24 2147483637
77 2147483637
628 2147483637
44 2147483637
305 2147483637
546 2147483637
545 2147483637
507 2147483637
501 2147483637
897 2147483637
385 2147483637
438 2147483637
683 2147483637
916 2147483637
922 2147483637
606 2147483637
655 2147483637
48 2147483637
310 2147483637
95 2147483637
156 2147483637
106 2147483637
639 2147483637
593 2147483637
473 2147483637
427 2147483637
436 2147483637
512 2147483637
777 2147483637
969 2147483637
316 2147483637
573 2147483637
253 2147483637
201 2147483637
497 2147483637
893 2147483637
269 2147483637
31 2147483637
808 2147483637
452 2147483637
750 2147483637
913 2147483637
881 2147483637
575 2147483637
332 2147483637
294 2147483637
99 2147483637
407 2147483637
321 2147483637
687 2147483637
452 2147483637
537 2147483637
691 2147483637
908 2147483637
143 2147483637
497 2147483637
171 2147483637
434 2147483637
57 2147483637
933 2147483637
459 2147483637
729 2147483637
704 2147483637
659 2147483637
437 2147483637
329 2147483637
877 2147483637
963 2147483637
839 2147483637
752 2147483637
523 2147483637
142 2147483638
679 2147483638
477 2147483638
252 2147483638
632 2147483638
154 2147483638
498 2147483638
209 2147483638
657 2147483638
514 2147483638
851 2147483638
809 2147483638
836 2147483638
559 2147483638
186 2147483638
284 2147483638
475 2147483638
444 2147483638
840 2147483638
958 2147483638
891 2147483638
94 2147483638
722 2147483638
445 2147483638
841 2147483638
132 2147483638
277 2147483638
344 2147483638
14 2147483638
396 2147483638
785 2147483638
260 2147483638
812 2147483638
156 2147483638
66 2147483638
318 2147483638
115 2147483638
343 2147483638
988 2147483638
251 2147483638
414 2147483638
597 2147483638
885 2147483638
327 2147483638
195 2147483638
318 2147483638
444 2147483638
904 2147483638
601 2147483638
615 2147483638
124 2147483638
389 2147483638
306 2147483638
391 2147483638
719 2147483638
335 2147483638
488 2147483638
189 2147483638
961 2147483638
20 2147483638
709 2147483638
744 2147483638
246 2147483638
759 2147483638
185 2147483638
763 2147483638
277 2147483638
429 2147483638
690 2147483638
470 2147483638
377 2147483638
557 2147483638
382 2147483638
272 2147483638
857 2147483638
587 2147483638
68 2147483638
713 2147483638
937 2147483638
270 2147483638
806 2147483638
136 2147483638
141 2147483638
347 2147483638
38 2147483638
199 2147483638
214 2147483638
712 2147483638
371 2147483638
915 2147483638
354 2147483638
889 2147483638
797 2147483638
728 2147483638
805 2147483638
837 2147483638
299 2147483638
294 2147483638
131 2147483638
667 2147483639
770 2147483639
109 2147483639
980 2147483639
372 2147483639
757 2147483639
141 2147483639
264 2147483639
241 2147483639
502 2147483639
787 2147483639
841 2147483639
643 2147483639
616 2147483639
157 2147483639
472 2147483639
6 2147483639
364 2147483639
320 2147483639
497 2147483639
369 2147483639
349 2147483639
323 2147483639
404 2147483639
755 2147483639
144 2147483639
538 2147483639
330 2147483639
451 2147483639
908 2147483639
95 2147483639
506 2147483639
758 2147483639
34 2147483639
417 2147483639
600 2147483639
78 2147483639
448 2147483639
183 2147483639
464 2147483639
949 2147483639
294 2147483639
886 2147483639
229 2147483639
280 2147483639
185 2147483639
424 2147483639
312 2147483639
316 2147483639
514 2147483639
483 2147483639
111 2147483639
28 2147483639
835 2147483639
56 2147483639
60 2147483639
380 2147483639
505 2147483639
325 2147483639
153 2147483639
693 2147483639
596 2147483639
271 2147483639
530 2147483639
392 2147483639
752 2147483639
708 2147483639
308 2147483639
641 2147483639
233 2147483639
88 2147483639
465 2147483639
546 2147483639
163 2147483639
218 2147483639
221 2147483639
961 2147483639
630 2147483639
105 2147483639
155 2147483639
332 2147483639
606 2147483639
498 2147483639
421 2147483639
657 2147483639
173 2147483639
391 2147483639
802 2147483639
21 2147483639
722 2147483639
38 2147483639
296 2147483639
577 2147483639
408 2147483639
329 2147483639
241 2147483639
318 2147483639
332 2147483639
206 2147483639
997 2147483639
517 2147483639
143 2147483639
548 2147483639
173 2147483639
480 2147483639
822 2147483639
583 2147483640
758 2147483640
391 2147483640
897 2147483640
238 2147483640
800 2147483640
355 2147483640
836 2147483640
892 2147483640
49 2147483640
243 2147483640
814 2147483640
320 2147483640
514 2147483640
65 2147483640
599 2147483640
683 2147483640
45 2147483640
162 2147483640
915 2147483640
333 2147483640
862 2147483640
294 2147483640
905 2147483640
56 2147483640
995 2147483640
705 2147483640
866 2147483640
889 2147483640
354 2147483640
293 2147483640
869 2147483640
650 2147483640
331 2147483640
922 2147483640
708 2147483640
518 2147483640
163 2147483640
337 2147483640
788 2147483640
779 2147483640
28 2147483640
760 2147483640
938 2147483640
94 2147483640
379 2147483640
849 2147483640
608 2147483640
283 2147483640
323 2147483640
62 2147483640
301 2147483640
845 2147483640
57 2147483640
547 2147483640
349 2147483640
839 2147483640
171 2147483640
896 2147483640
301 2147483640
710 2147483640
950 2147483640
689 2147483640
768 2147483640
8 2147483640
125 2147483640
740 2147483640
326 2147483640
784 2147483640
753 2147483640
800 2147483640
603 2147483640
808 2147483640
269 2147483640
575 2147483640
666 2147483640
387 2147483640
749 2147483640
103 2147483640
847 2147483640
795 2147483640
636 2147483640
627 2147483640
450 2147483640
690 2147483640
997 2147483640
892 2147483640
104 2147483640
133 2147483640
378 2147483640
255 2147483640
568 2147483641
161 2147483641
693 2147483641
318 2147483641
600 2147483641
789 2147483641
298 2147483641
525 2147483641
502 2147483641
526 2147483641
249 2147483641
232 2147483641
497 2147483641
982 2147483641
744 2147483641
890 2147483641
701 2147483641
60 2147483641
203 2147483641
467 2147483641
982 2147483641
125 2147483641
172 2147483641
576 2147483641
366 2147483641
487 2147483641
427 2147483641
764 2147483641
517 2147483641
561 2147483641
272 2147483641
477 2147483641
830 2147483641
560 2147483641
367 2147483641
830 2147483641
750 2147483641
849 2147483641
85 2147483641
616 2147483641
575 2147483641
10 2147483641
36 2147483641
735 2147483641
467 2147483641
632 2147483641
849 2147483641
578 2147483641
5 2147483641
884 2147483641
9 2147483641
26 2147483641
344 2147483641
894 2147483641
382 2147483641
834 2147483641
93 2147483641
970 2147483641
374 2147483641
134 2147483641
375 2147483641
230 2147483641
914 2147483641
69 2147483641
595 2147483641
999 2147483641
489 2147483641
640 2147483641
749 2147483641
387 2147483641
820 2147483641
55 2147483641
927 2147483641
216 2147483641
48 2147483641
457 2147483641
391 2147483641
291 2147483641
789 2147483641
339 2147483641
119 2147483641
139 2147483641
854 2147483641
491 2147483641
401 2147483641
775 2147483641
586 2147483641
885 2147483641
187 2147483641
630 2147483641
561 2147483641
707 2147483641
483 2147483641
461 2147483641
449 2147483641
77 2147483641
392 2147483641
559 2147483641
965 2147483641
936 2147483641
581 2147483641
511 2147483641
664 2147483641
681 2147483641
601 2147483641
308 2147483641
875 2147483641
375 2147483641
162 2147483641
447 2147483642
913 2147483642
993 2147483642
188 2147483642
653 2147483642
865 2147483642
498 2147483642
376 2147483642
965 2147483642
650 2147483642
185 2147483642
577 2147483642
413 2147483642
404 2147483642
404 2147483642
18 2147483642
899 2147483642
380 2147483642
404 2147483642
792 2147483642
38 2147483642
200 2147483642
703 2147483642
289 2147483642
824 2147483642
861 2147483642
923 2147483642
701 2147483642
883 2147483642
40 2147483642
123 2147483642
882 2147483642
17 2147483642
73 2147483642
883 2147483642
883 2147483642
955 2147483642
785 2147483642
179 2147483642
616 2147483642
347 2147483642
449 2147483642
330 2147483642
81 2147483642
218 2147483642
663 2147483642
721 2147483642
685 2147483642
609 2147483642
665 2147483642
266 2147483642
612 2147483642
399 2147483642
182 2147483642
780 2147483642
644 2147483642
757 2147483642
868 2147483642
837 2147483642
169 2147483642
901 2147483642
858 2147483642
251 2147483642
702 2147483642
33 2147483642
518 2147483642
432 2147483642
112 2147483642
143 2147483642
837 2147483642
18 2147483642
968 2147483642
783 2147483642
710 2147483642
478 2147483642
80 2147483642
757 2147483642
366 2147483642
480 2147483642
255 2147483642
546 2147483642
184 2147483642
988 2147483642
390 2147483643
33 2147483643
78 2147483643
576 2147483643
107 2147483643
196 2147483643
547 2147483643
305 2147483643
230 2147483643
183 2147483643
479 2147483643
125 2147483643
916 2147483643
984 2147483643
582 2147483643
123 2147483643
435 2147483643
505 2147483643
32 2147483643
358 2147483643
906 2147483643
935 2147483643
542 2147483643
603 2147483643
969 2147483643
770 2147483643
430 2147483643
871 2147483643
390 2147483643
442 2147483643
444 2147483643
449 2147483643
135 2147483643
888 2147483643
964 2147483643
543 2147483643
178 2147483643
837 2147483643
19 2147483643
441 2147483643
416 2147483643
274 2147483643
369 2147483643
847 2147483643
144 2147483643
574 2147483643
127 2147483643
871 2147483643
78 2147483643
852 2147483643
147 2147483643
942 2147483643
744 2147483643
707 2147483643
873 2147483643
272 2147483643
838 2147483643
150 2147483643
941 2147483643
775 2147483643
639 2147483643
91 2147483643
423 2147483643
612 2147483643
560 2147483643
594 2147483643
286 2147483643
852 2147483643
406 2147483643
679 2147483643
35 2147483643
864 2147483643
699 2147483643
133 2147483643
559 2147483643
774 2147483643
167 2147483643
435 2147483643
907 2147483643
627 2147483643
565 2147483643
742 2147483643
994 2147483643
124 2147483643
543 2147483643
866 2147483643
893 2147483643
867 2147483643
62 2147483643
443 2147483644
189 2147483644
738 2147483644
567 2147483644
973 2147483644
161 2147483644
866 2147483644
55 2147483644
28 2147483644
921 2147483644
839 2147483644
647 2147483644
304 2147483644
206 2147483644
26 2147483644
111 2147483644
590 2147483644
862 2147483644
347 2147483644
486 2147483644
254 2147483644
872 2147483644
262 2147483644
904 2147483644
866 2147483644
224 2147483644
103 2147483644
344 2147483644
506 2147483644
527 2147483644
606 2147483644
964 2147483644
939 2147483644
554 2147483644
842 2147483644
419 2147483644
422 2147483644
980 2147483644
364 2147483644
399 2147483644
227 2147483644
114 2147483644
962 2147483644
493 2147483644
474 2147483644
318 2147483644
394 2147483644
277 2147483644
630 2147483644
923 2147483644
905 2147483644
570 2147483644
727 2147483644
779 2147483644
280 2147483644
648 2147483644
19 2147483644
930 2147483644
370 2147483644
816 2147483644
531 2147483644
270 2147483644
247 2147483644
290 2147483644
807 2147483644
320 2147483644
351 2147483644
121 2147483644
736 2147483644
420 2147483644
273 2147483644
385 2147483644
308 2147483644
172 2147483644
575 2147483644
494 2147483644
444 2147483644
228 2147483644
791 2147483644
62 2147483644
879 2147483644
747 2147483644
723 2147483644
605 2147483644
387 2147483644
685 2147483644
294 2147483644
189 2147483644
866 2147483644
431 2147483644
248 2147483644
360 2147483644
626 2147483644
487 2147483645
131 2147483645
207 2147483645
121 2147483645
210 2147483645
80 2147483645
104 2147483645
862 2147483645
670 2147483645
514 2147483645
84 2147483645
564 2147483645
749 2147483645
997 2147483645
612 2147483645
74 2147483645
326 2147483645
707 2147483645
109 2147483645
784 2147483645
692 2147483645
322 2147483645
964 2147483645
278 2147483645
411 2147483645
237 2147483645
767 2147483645
87 2147483645
934 2147483645
238 2147483645
259 2147483645
724 2147483645
539 2147483645
280 2147483645
7 2147483645
977 2147483645
196 2147483645
410 2147483645
297 2147483645
380 2147483645
339 2147483645
138 2147483645
379 2147483645
323 2147483645
47 2147483645
119 2147483645
905 2147483645
545 2147483645
683 2147483645
110 2147483645
689 2147483645
269 2147483645
230 2147483645
986 2147483645
917 2147483645
331 2147483645
256 2147483645
16 2147483645
564 2147483645
955 2147483645
359 2147483645
604 2147483645
596 2147483645
441 2147483645
625 2147483645
429 2147483645
109 2147483645
230 2147483645
364 2147483645
471 2147483645
614 2147483645
921 2147483645
768 2147483645
873 2147483645
906 2147483645
303 2147483645
812 2147483645
319 2147483646
750 2147483646
950 2147483646
250 2147483646
599 2147483646
831 2147483646
152 2147483646
720 2147483646
883 2147483646
744 2147483646
918 2147483646
40 2147483646
284 2147483646
649 2147483646
605 2147483646
527 2147483646
443 2147483646
153 2147483646
29 2147483646
4 2147483646
294 2147483646
636 2147483646
452 2147483646
329 2147483646
377 2147483646
128 2147483646
687 2147483646
932 2147483646
119 2147483646
191 2147483646
269 2147483646
267 2147483646
602 2147483646
275 2147483646
905 2147483646
932 2147483646
631 2147483646
925 2147483646
347 2147483646
506 2147483646
803 2147483646
755 2147483646
750 2147483646
249 2147483646
412 2147483646
199 2147483646
234 2147483646
952 2147483646
267 2147483646
224 2147483646
911 2147483646
781 2147483646
595 2147483646
208 2147483646
572 2147483646
622 2147483646
122 2147483646
792 2147483646
462 2147483646
257 2147483646
720 2147483646
220 2147483646
996 2147483646
996 2147483646
260 2147483646
191 2147483646
845 2147483646
881 2147483646
39 2147483646
867 2147483646
26 2147483646
846 2147483646
127 2147483646
361 2147483646
441 2147483646
425 2147483646
962 2147483646
21 2147483646
498 2147483646
347 2147483646
688 2147483646
915 2147483646
817 2147483646
228 2147483646
677 2147483646
220 2147483646
849 2147483646
621 2147483646
169 2147483647
963 2147483647
902 2147483647
544 2147483647
299 2147483647
420 2147483647
735 2147483647
184 2147483647
956 2147483647
298 2147483647
632 2147483647
654 2147483647
440 2147483647
460 2147483647
843 2147483647
936 2147483647
399 2147483647
955 2147483647
110 2147483647
197 2147483647
989 2147483647
835 2147483647
24 2147483647
532 2147483647
809 2147483647
804 2147483647
765 2147483647
714 2147483647
37 2147483647
714 2147483647
809 2147483647
272 2147483647
742 2147483647
162 2147483647
425 2147483647
171 2147483647
591 2147483647
981 2147483647
962 2147483647
207 2147483647
741 2147483647
832 2147483647
81 2147483647
308 2147483647
555 2147483647
856 2147483647
629 2147483647
650 2147483647
348 2147483647
129 2147483647
191 2147483647
372 2147483647
37 2147483647
681 2147483647
271 2147483647
248 2147483647
726 2147483647
530 2147483647
199 2147483647
356 2147483647
915 2147483647
150 2147483647
17 2147483647
764 2147483647
535 2147483647
361 2147483647
377 2147483647
407 2147483647
353 2147483647
871 2147483647
749 2147483647
812 2147483647
412 2147483647
100 2147483647
740 2147483647
707 2147483647
679 2147483647
872 2147483647
333 2147483647
523 2147483647
508 2147483647
916 2147483647
810 2147483647
689 2147483647
232 2147483647
521 2147483647
169 2147483647
