1000
921 2147483637
627 2147483637
180 2147483637
90 2147483637
774 2147483637
923 2147483637
201 2147483637
743 2147483637
437 2147483637
969 2147483637
459 2147483637
605 2147483637
103 2147483637
894 2147483637
837 2147483637
619 2147483637
899 2147483637
65 2147483637
132 2147483637
870 2147483637
706 2147483637
389 2147483637
843 2147483637
906 2147483637
393 2147483637
656 2147483637
541 2147483637
789 2147483637
914 2147483637
600 2147483637
726 2147483637
643 2147483637
341 2147483637
85 2147483637
71 2147483637
779 2147483637
790 2147483637
622 2147483637
312 2147483637
984 2147483637
730 2147483637
992 2147483637
156 2147483637
357 2147483637
323 2147483637
865 2147483637
877 2147483637
746 2147483637
104 2147483637
523 2147483637
263 2147483637
311 2147483637
689 2147483637
915 2147483637
904 2147483637
228 2147483637
458 2147483637
451 2147483637
929 2147483637
91 2147483637
225 2147483637
27 2147483637
494 2147483637
126 2147483637
233 2147483637
568 2147483637
966 2147483637
772 2147483637
54 2147483637
320 2147483637
773 2147483637
409 2147483637
244 2147483637
297 2147483637
701 2147483637
661 2147483637
452 2147483637
37 2147483637
482 2147483637
865 2147483637
640 2147483637
173 2147483637
730 2147483637
806 2147483637
382 2147483637
352 2147483637
529 2147483637
493 2147483637
391 2147483637
975 2147483637
417 2147483637
27 2147483637
580 2147483637
732 2147483637
572 2147483637
635 2147483637
862 2147483637
648 2147483637
787 2147483638
180 2147483638
546 2147483638
923 2147483638
228 2147483638
298 2147483638
911 2147483638
519 2147483638
884 2147483638
725 2147483638
166 2147483638
413 2147483638
561 2147483638
503 2147483638
375 2147483638
508 2147483638
439 2147483638
579 2147483638
774 2147483638
962 2147483638
865 2147483638
137 2147483638
765 2147483638
896 2147483638
201 2147483638
504 2147483638
112 2147483638
538 2147483638
105 2147483638
407 2147483638
26 2147483638
540 2147483638
991 2147483638
493 2147483638
793 2147483638
682 2147483638
66 2147483638
110 2147483638
971 2147483638
177 2147483638
7 2147483638
964 2147483638
292 2147483638
706 2147483638
856 2147483638
66 2147483638
555 2147483638
219 2147483638
980 2147483638
186 2147483638
267 2147483638
325 2147483638
80 2147483638
97 2147483638
82 2147483638
628 2147483638
546 2147483638
102 2147483638
543 2147483638
124 2147483638
920 2147483638
766 2147483638
864 2147483638
846 2147483638
39 2147483638
173 2147483638
451 2147483638
659 2147483638
78 2147483638
473 2147483638
266 2147483638
148 2147483638
280 2147483638
41 2147483638
701 2147483638
768 2147483638
6 2147483638
629 2147483638
437 2147483638
626 2147483638
878 2147483638
594 2147483638
766 2147483638
767 2147483638
340 2147483638
540 2147483638
747 2147483638
299 2147483638
814 2147483639
95 2147483639
586 2147483639
875 2147483639
690 2147483639
565 2147483639
999 2147483639
739 2147483639
317 2147483639
474 2147483639
393 2147483639
273 2147483639
758 2147483639
16 2147483639
712 2147483639
126 2147483639
172 2147483639
943 2147483639
401 2147483639
938 2147483639
576 2147483639
69 2147483639
333 2147483639
830 2147483639
242 2147483639
338 2147483639
299 2147483639
856 2147483639
1000 2147483639
835 2147483639
536 2147483639
335 2147483639
950 2147483639
10 2147483639
425 2147483639
562 2147483639
563 2147483639
421 2147483639
190 2147483639
983 2147483639
765 2147483639
571 2147483639
971 2147483639
306 2147483639
619 2147483639
858 2147483639
280 2147483639
535 2147483639
958 2147483639
243 2147483639
447 2147483639
660 2147483639
794 2147483639
290 2147483639
951 2147483639
336 2147483639
301 2147483639
981 2147483639
275 2147483639
884 2147483639
59 2147483639
425 2147483639
855 2147483639
81 2147483639
250 2147483639
648 2147483639
795 2147483639
382 2147483639
515 2147483639
408 2147483639
697 2147483639
354 2147483639
866 2147483639
922 2147483639
67 2147483639
683 2147483639
715 2147483639
298 2147483639
199 2147483639
282 2147483639
941 2147483639
916 2147483639
569 2147483639
890 2147483639
993 2147483639
674 2147483639
478 2147483639
473 2147483639
335 2147483639
926 2147483639
745 2147483639
542 2147483639
51 2147483639
200 2147483639
801 2147483639
327 2147483639
352 2147483639
966 2147483640
302 2147483640
880 2147483640
425 2147483640
105 2147483640
638 2147483640
953 2147483640
833 2147483640
470 2147483640
705 2147483640
725 2147483640
772 2147483640
166 2147483640
369 2147483640
210 2147483640
522 2147483640
337 2147483640
784 2147483640
862 2147483640
34 2147483640
808 2147483640
650 2147483640
748 2147483640
664 2147483640
839 2147483640
64 2147483640
78 2147483640
336 2147483640
539 2147483640
165 2147483640
973 2147483640
465 2147483640
796 2147483640
783 2147483640
232 2147483640
503 2147483640
132 2147483640
988 2147483640
244 2147483640
203 2147483640
248 2147483640
216 2147483640
632 2147483640
531 2147483640
259 2147483640
25 2147483640
222 2147483640
834 2147483640
252 2147483640
741 2147483640
28 2147483640
373 2147483640
863 2147483640
606 2147483640
848 2147483640
703 2147483640
39 2147483640
417 2147483640
722 2147483640
482 2147483640
655 2147483640
216 2147483640
257 2147483640
627 2147483640
972 2147483640
40 2147483640
971 2147483640
878 2147483640
350 2147483640
501 2147483640
871 2147483640
149 2147483640
247 2147483640
25 2147483640
480 2147483640
443 2147483640
106 2147483640
476 2147483640
568 2147483640
401 2147483640
701 2147483640
555 2147483640
853 2147483640
615 2147483640
621 2147483640
220 2147483640
772 2147483640
196 2147483640
983 2147483640
366 2147483640
933 2147483640
448 2147483640
408 2147483640
751 2147483640
618 2147483640
460 2147483640
496 2147483640
219 2147483640
777 2147483640
762 2147483640
748 2147483640
255 2147483640
559 2147483641
664 2147483641
889 2147483641
274 2147483641
589 2147483641
153 2147483641
435 2147483641
273 2147483641
125 2147483641
146 2147483641
392 2147483641
122 2147483641
655 2147483641
118 2147483641
725 2147483641
2 2147483641
315 2147483641
873 2147483641
677 2147483641
812 2147483641
86 2147483641
51 2147483641
736 2147483641
660 2147483641
924 2147483641
556 2147483641
169 2147483641
726 2147483641
675 2147483641
773 2147483641
660 2147483641
580 2147483641
942 2147483641
609 2147483641
299 2147483641
729 2147483641
242 2147483641
651 2147483641
224 2147483641
763 2147483641
689 2147483641
538 2147483641
86 2147483641
394 2147483641
243 2147483641
225 2147483641
703 2147483641
4 2147483641
939 2147483641
986 2147483641
793 2147483641
766 2147483641
992 2147483641
634 2147483641
250 2147483641
192 2147483641
591 2147483641
974 2147483641
889 2147483641
547 2147483641
958 2147483641
241 2147483641
776 2147483641
140 2147483641
85 2147483641
709 2147483641
637 2147483641
914 2147483641
561 2147483641
51 2147483641
13 2147483641
320 2147483641
972 2147483641
706 2147483641
770 2147483641
329 2147483641
371 2147483641
375 2147483641
7 2147483641
104 2147483641
934 2147483641
847 2147483641
825 2147483641
693 2147483641
893 2147483641
212 2147483641
936 2147483641
297 2147483641
355 2147483641
807 2147483641
734 2147483641
754 2147483641
936 2147483641
516 2147483641
506 2147483642
590 2147483642
660 2147483642
633 2147483642
384 2147483642
892 2147483642
920 2147483642
998 2147483642
204 2147483642
799 2147483642
964 2147483642
401 2147483642
474 2147483642
884 2147483642
957 2147483642
640 2147483642
828 2147483642
993 2147483642
34 2147483642
508 2147483642
725 2147483642
705 2147483642
860 2147483642
765 2147483642
864 2147483642
973 2147483642
345 2147483642
491 2147483642
560 2147483642
470 2147483642
295 2147483642
109 2147483642
693 2147483642
717 2147483642
321 2147483642
540 2147483642
613 2147483642
612 2147483642
979 2147483642
257 2147483642
794 2147483642
836 2147483642
281 2147483642
732 2147483642
353 2147483642
201 2147483642
494 2147483642
260 2147483642
162 2147483642
305 2147483642
900 2147483642
73 2147483642
836 2147483642
427 2147483642
921 2147483642
146 2147483642
703 2147483642
465 2147483642
499 2147483642
430 2147483642
822 2147483642
353 2147483642
912 2147483642
702 2147483642
319 2147483642
171 2147483642
596 2147483642
400 2147483642
207 2147483642
94 2147483642
467 2147483642
824 2147483642
414 2147483642
656 2147483642
29 2147483642
202 2147483642
119 2147483642
96 2147483642
437 2147483642
783 2147483642
291 2147483642
559 2147483642
664 2147483642
948 2147483642
595 2147483642
254 2147483642
806 2147483642
946 2147483642
991 2147483642
426 2147483642
237 2147483643
163 2147483643
814 2147483643
482 2147483643
87 2147483643
949 2147483643
418 2147483643
687 2147483643
753 2147483643
887 2147483643
265 2147483643
127 2147483643
479 2147483643
939 2147483643
617 2147483643
212 2147483643
296 2147483643
501 2147483643
757 2147483643
880 2147483643
381 2147483643
414 2147483643
699 2147483643
746 2147483643
909 2147483643
630 2147483643
185 2147483643
571 2147483643
130 2147483643
195 2147483643
973 2147483643
577 2147483643
828 2147483643
877 2147483643
490 2147483643
696 2147483643
567 2147483643
222 2147483643
350 2147483643
575 2147483643
541 2147483643
953 2147483643
300 2147483643
241 2147483643
695 2147483643
8 2147483643
962 2147483643
349 2147483643
687 2147483643
60 2147483643
318 2147483643
746 2147483643
651 2147483643
773 2147483643
638 2147483643
48 2147483643
549 2147483643
443 2147483643
353 2147483643
507 2147483643
789 2147483643
864 2147483643
448 2147483643
494 2147483643
621 2147483643
858 2147483643
352 2147483643
687 2147483643
850 2147483643
160 2147483643
692 2147483643
733 2147483643
218 2147483643
923 2147483643
598 2147483643
754 2147483643
587 2147483643
888 2147483643
700 2147483643
143 2147483643
300 2147483643
381 2147483643
711 2147483643
245 2147483643
316 2147483643
221 2147483643
247 2147483643
237 2147483643
670 2147483643
124 2147483643
722 2147483643
361 2147483643
269 2147483643
81 2147483643
156 2147483644
724 2147483644
605 2147483644
926 2147483644
910 2147483644
593 2147483644
308 2147483644
494 2147483644
359 2147483644
710 2147483644
995 2147483644
407 2147483644
307 2147483644
947 2147483644
111 2147483644
170 2147483644
144 2147483644
32 2147483644
807 2147483644
127 2147483644
64 2147483644
122 2147483644
276 2147483644
964 2147483644
42 2147483644
162 2147483644
953 2147483644
819 2147483644
721 2147483644
576 2147483644
312 2147483644
572 2147483644
516 2147483644
214 2147483644
358 2147483644
881 2147483644
96 2147483644
853 2147483644
903 2147483644
393 2147483644
659 2147483644
156 2147483644
307 2147483644
258 2147483644
152 2147483644
598 2147483644
552 2147483644
6 2147483644
32 2147483644
707 2147483644
99 2147483644
718 2147483644
512 2147483644
505 2147483644
820 2147483644
800 2147483644
18 2147483644
388 2147483644
520 2147483644
20 2147483644
583 2147483644
681 2147483644
510 2147483644
260 2147483644
975 2147483644
723 2147483644
72 2147483644
861 2147483644
850 2147483644
897 2147483644
327 2147483644
542 2147483644
485 2147483644
653 2147483644
789 2147483644
35 2147483644
839 2147483644
22 2147483644
613 2147483644
391 2147483644
335 2147483644
326 2147483644
160 2147483644
941 2147483644
824 2147483644
1000 2147483644
902 2147483644
78 2147483644
378 2147483644
944 2147483644
24 2147483644
300 2147483645
581 2147483645
111 2147483645
926 2147483645
32 2147483645
953 2147483645
4 2147483645
471 2147483645
337 2147483645
749 2147483645
326 2147483645
617 2147483645
557 2147483645
494 2147483645
319 2147483645
30 2147483645
105 2147483645
758 2147483645
481 2147483645
802 2147483645
161 2147483645
3 2147483645
540 2147483645
98 2147483645
617 2147483645
990 2147483645
460 2147483645
270 2147483645
182 2147483645
142 2147483645
78 2147483645
543 2147483645
503 2147483645
724 2147483645
745 2147483645
385 2147483645
514 2147483645
728 2147483645
972 2147483645
831 2147483645
398 2147483645
883 2147483645
103 2147483645
631 2147483645
914 2147483645
508 2147483645
79 2147483645
314 2147483645
940 2147483645
791 2147483645
939 2147483645
651 2147483645
205 2147483645
568 2147483645
750 2147483645
711 2147483645
613 2147483645
687 2147483645
536 2147483645
576 2147483645
180 2147483645
94 2147483645
981 2147483645
325 2147483645
772 2147483645
110 2147483645
904 2147483645
658 2147483645
668 2147483645
34 2147483645
824 2147483645
555 2147483645
2 2147483645
452 2147483645
448 2147483645
430 2147483645
958 2147483645
149 2147483645
941 2147483645
306 2147483645
240 2147483645
372 2147483646
758 2147483646
284 2147483646
66 2147483646
193 2147483646
398 2147483646
488 2147483646
301 2147483646
738 2147483646
588 2147483646
462 2147483646
200 2147483646
814 2147483646
385 2147483646
22 2147483646
254 2147483646
985 2147483646
130 2147483646
129 2147483646
1 2147483646
60 2147483646
467 2147483646
115 2147483646
160 2147483646
63 2147483646
663 2147483646
776 2147483646
263 2147483646
254 2147483646
677 2147483646
25 2147483646
536 2147483646
424 2147483646
782 2147483646
14 2147483646
303 2147483646
592 2147483646
206 2147483646
920 2147483646
289 2147483646
99 2147483646
860 2147483646
491 2147483646
377 2147483646
2 2147483646
144 2147483646
35 2147483646
892 2147483646
539 2147483646
487 2147483646
911 2147483646
932 2147483646
435 2147483646
204 2147483646
799 2147483646
544 2147483646
519 2147483646
689 2147483646
238 2147483646
886 2147483646
568 2147483646
29 2147483646
163 2147483646
156 2147483646
625 2147483646
744 2147483646
724 2147483646
194 2147483646
900 2147483646
472 2147483646
464 2147483646
984 2147483646
402 2147483646
206 2147483646
968 2147483646
798 2147483646
763 2147483646
998 2147483646
378 2147483646
38 2147483646
434 2147483646
850 2147483646
76 2147483647
557 2147483647
453 2147483647
948 2147483647
68 2147483647
637 2147483647
646 2147483647
224 2147483647
989 2147483647
65 2147483647
772 2147483647
767 2147483647
52 2147483647
618 2147483647
695 2147483647
642 2147483647
354 2147483647
833 2147483647
430 2147483647
264 2147483647
39 2147483647
875 2147483647
401 2147483647
613 2147483647
314 2147483647
347 2147483647
489 2147483647
858 2147483647
17 2147483647
319 2147483647
277 2147483647
220 2147483647
892 2147483647
114 2147483647
552 2147483647
129 2147483647
14 2147483647
758 2147483647
328 2147483647
827 2147483647
252 2147483647
525 2147483647
160 2147483647
161 2147483647
151 2147483647
713 2147483647
564 2147483647
804 2147483647
322 2147483647
213 2147483647
322 2147483647
140 2147483647
837 2147483647
165 2147483647
20 2147483647
896 2147483647
689 2147483647
995 2147483647
268 2147483647
867 2147483647
198 2147483647
269 2147483647
133 2147483647
673 2147483647
775 2147483647
798 2147483647
636 2147483647
903 2147483647
830 2147483647
781 2147483647
915 2147483647
195 2147483647
561 2147483647
785 2147483647
348 2147483647
907 2147483647
251 2147483647
272 2147483647
229 2147483647
133 2147483647
43 2147483647
578 2147483647
622 2147483647
