584
435 0
240 0
26 0
553 1
3 1
327 1
141 1
415 2
477 4
346 4
575 5
35 6
55 6
298 7
235 7
586 7
127 7
280 7
465 8
431 8
5 8
92 8
91 9
507 10
83 11
317 12
196 12
167 12
173 12
339 13
58 13
264 14
333 14
584 16
550 16
251 17
75 18
172 19
572 20
378 21
345 21
517 21
442 21
453 21
27 22
519 23
25 23
571 23
6 24
427 24
362 25
315 25
460 26
591 27
485 27
248 27
32 27
579 28
503 28
180 29
135 30
152 30
47 30
22 32
106 32
198 32
339 32
152 32
329 33
67 33
379 34
587 34
387 34
392 35
356 36
426 36
66 37
581 37
510 37
47 37
584 38
414 39
54 40
14 40
344 40
601 41
571 41
206 41
325 41
91 42
387 43
288 44
308 44
398 45
528 45
432 46
393 47
310 48
124 49
475 49
2 49
303 49
43 50
377 52
150 53
354 54
560 54
12 55
209 55
396 56
138 56
247 57
166 57
533 58
211 59
472 60
566 60
384 61
181 61
16 62
574 62
597 62
529 64
563 65
164 65
234 66
36 67
519 67
565 68
304 69
132 69
426 71
9 72
246 72
224 72
402 73
147 73
455 74
80 74
429 74
336 75
306 76
237 77
472 77
19 78
422 78
278 78
295 78
556 79
231 81
96 81
587 82
101 85
30 85
381 86
574 86
55 86
130 87
273 87
59 88
557 89
7 89
407 89
384 90
505 90
140 90
82 91
311 91
425 91
491 91
512 92
344 92
173 92
343 93
74 93
424 94
297 94
391 95
201 95
394 96
124 96
485 97
141 97
238 97
307 99
490 99
514 100
198 101
448 102
359 102
62 104
491 105
502 105
33 106
117 107
370 107
601 107
275 109
541 109
168 110
395 112
498 113
196 114
465 116
503 117
69 117
125 118
226 119
465 119
332 120
164 120
298 120
480 120
501 122
571 123
128 123
382 123
224 124
18 124
374 124
172 124
259 125
178 126
333 126
259 127
319 130
298 130
91 131
568 132
542 133
41 133
175 134
350 134
232 134
332 136
389 138
419 138
225 139
570 139
100 140
191 140
113 142
460 143
511 144
193 144
324 146
164 146
592 146
58 147
79 148
58 148
41 149
341 150
508 150
300 152
97 153
385 153
73 154
201 156
291 157
70 157
483 158
332 159
61 159
140 160
447 160
587 161
82 161
527 162
391 162
177 163
558 163
93 163
21 164
458 165
343 165
286 165
105 165
438 165
387 166
112 166
47 166
106 167
297 167
506 168
515 168
314 168
526 169
484 171
208 171
169 172
190 173
80 173
103 174
344 174
444 174
63 175
516 176
60 176
485 177
519 179
256 179
339 180
593 180
587 180
459 181
321 182
87 183
216 184
517 185
321 185
576 185
414 185
4 185
191 186
447 187
538 188
39 190
578 190
515 191
511 191
392 192
283 193
169 196
3 197
136 198
11 199
497 199
278 200
156 200
439 201
356 202
539 202
45 202
164 202
210 203
432 203
456 203
535 204
124 204
54 206
107 207
524 207
394 208
559 209
538 209
551 209
269 211
291 212
409 212
567 213
323 214
449 216
159 217
89 217
176 220
499 222
468 223
451 223
237 224
94 225
439 225
483 227
526 228
165 229
7 230
400 232
82 232
411 232
366 233
60 233
142 233
311 234
553 234
218 235
115 235
436 236
326 236
561 236
213 236
194 236
71 237
34 239
424 239
421 240
286 240
597 240
466 240
364 241
410 241
535 242
428 242
93 243
558 243
514 243
336 243
513 245
278 246
405 246
43 246
470 246
531 247
328 247
453 247
536 247
397 249
181 250
138 250
1 251
88 252
342 253
498 253
282 254
240 254
498 254
213 255
506 255
129 255
369 256
146 256
53 256
121 257
571 257
289 258
66 258
47 258
17 259
599 259
495 259
176 260
454 261
91 261
91 261
186 261
454 262
12 264
234 265
478 265
450 266
56 268
216 269
249 270
595 270
135 272
352 273
480 273
160 274
391 274
278 274
482 275
363 278
278 281
13 281
91 281
332 282
89 283
97 283
392 284
33 284
546 285
148 285
135 285
444 287
154 287
498 290
201 292
485 292
430 292
420 293
141 294
323 294
276 295
53 295
236 295
521 295
118 295
226 297
455 298
413 298
2 298
541 300
575 300
143 301
259 302
200 302
253 303
396 303
10 304
172 304
334 304
461 306
160 306
45 307
357 308
391 308
98 309
583 309
550 310
76 312
413 313
490 313
153 314
319 314
329 316
432 318
46 318
133 318
541 318
262 322
238 322
225 323
472 323
399 323
560 324
269 324
426 328
461 328
28 328
395 329
299 329
455 330
29 330
325 330
145 331
359 331
260 331
327 331
506 331
569 331
169 332
305 333
254 333
439 334
121 334
204 335
96 335
539 335
277 336
455 336
589 337
474 338
122 338
69 339
388 339
334 339
320 340
515 340
413 342
170 342
185 342
527 343
378 343
302 344
189 344
581 344
543 346
343 347
183 349
10 349
285 351
507 353
589 353
119 353
304 354
532 354
552 354
536 355
306 355
395 356
90 357
577 358
390 358
130 359
94 361
129 361
276 361
584 361
238 362
241 363
356 363
110 365
171 365
248 365
85 366
