388
20 0
73 3
70 3
1 3
57 3
44 3
34 4
22 4
69 6
35 7
57 7
25 8
68 8
57 8
53 8
50 8
21 9
6 9
30 9
27 10
74 11
60 11
30 12
55 13
25 14
6 14
2 16
20 16
31 16
3 17
70 17
15 18
45 18
19 19
2 19
17 21
58 21
22 22
53 23
46 24
70 24
25 24
1 24
22 24
27 24
9 25
19 25
36 26
55 26
60 26
26 26
17 26
41 27
69 28
40 28
69 29
11 29
46 29
5 30
74 31
73 31
3 31
45 33
39 33
69 34
73 35
22 36
43 36
2 36
5 38
38 38
66 39
37 39
28 40
7 40
66 41
34 42
41 42
26 43
51 43
66 43
65 43
60 43
22 44
11 44
68 45
2 46
49 47
51 48
4 49
59 49
40 49
10 52
71 53
43 53
22 53
53 54
28 54
51 55
27 55
39 56
19 56
7 56
59 56
10 56
33 57
45 57
53 57
54 58
70 59
43 61
1 61
68 62
67 62
22 63
73 63
31 63
37 64
40 64
29 65
48 65
34 65
46 66
25 66
63 67
21 67
52 68
58 69
69 69
10 69
15 70
14 70
69 70
60 71
58 72
65 72
31 74
60 75
53 75
66 75
56 76
24 76
1 76
9 77
43 77
27 77
25 78
8 78
65 78
27 78
18 78
44 79
59 79
5 80
64 81
8 83
40 84
35 85
67 85
16 85
30 86
73 86
39 87
54 87
58 88
73 88
72 88
27 88
3 89
50 89
41 90
28 90
73 92
36 92
1 93
17 93
9 93
60 94
21 94
68 95
5 97
27 98
45 100
3 100
27 101
55 102
67 102
13 102
52 103
46 104
51 105
13 105
54 105
32 105
10 105
54 106
55 106
5 106
70 106
44 107
12 107
17 107
62 107
72 107
19 107
60 107
42 107
64 108
15 109
56 109
68 109
41 111
13 111
59 111
26 112
67 113
21 113
18 113
7 115
7 115
61 115
9 115
63 116
38 117
44 117
30 119
33 121
1 122
52 123
27 123
4 124
1 124
72 125
17 125
52 126
6 126
20 126
59 126
26 126
14 127
70 128
65 129
8 129
30 129
38 130
59 130
48 130
68 130
9 131
74 131
52 132
25 132
2 133
11 134
64 135
44 135
56 136
25 136
35 137
60 137
8 137
69 138
41 139
21 140
13 141
25 141
49 143
32 143
38 143
46 144
58 144
71 145
57 145
12 146
16 146
70 146
34 148
60 150
56 150
21 150
22 151
57 153
44 154
23 155
41 156
63 157
11 157
14 158
21 159
20 159
32 159
28 159
5 161
1 161
55 161
71 162
6 163
57 163
41 163
59 164
52 164
36 164
19 165
53 166
36 166
55 167
64 167
70 167
58 168
1 169
6 169
37 169
3 169
43 169
29 170
37 170
41 172
57 172
26 172
8 173
56 173
28 174
38 174
10 174
1 175
59 176
25 176
41 176
12 177
68 177
67 177
26 179
59 179
43 179
7 179
30 180
38 181
74 181
64 182
25 183
30 183
36 184
16 186
1 186
34 187
34 187
16 189
3 189
65 190
71 190
56 190
14 191
12 192
31 193
61 193
11 193
42 194
40 194
74 194
24 195
14 195
59 196
23 196
49 196
42 197
16 198
61 198
17 198
36 198
31 199
55 199
62 199
35 200
16 200
65 200
61 201
42 201
36 201
73 202
61 209
4 209
50 210
60 211
42 211
7 211
29 213
71 213
35 213
