371
593 1
143 3
632 3
917 5
783 7
143 9
385 10
40 11
370 12
364 16
251 19
909 20
620 24
265 26
450 39
740 43
362 43
850 44
756 48
243 52
527 54
775 56
875 60
860 64
461 65
551 72
169 72
140 73
676 74
428 75
88 77
889 79
607 82
465 82
502 83
775 89
722 91
780 97
48 101
519 104
632 106
68 107
583 108
656 109
90 110
363 111
757 111
389 112
914 114
307 118
357 121
424 122
470 123
802 124
803 125
325 130
627 130
375 131
287 134
961 146
119 152
261 153
362 154
303 155
563 155
101 156
341 157
926 157
871 159
558 160
313 161
746 165
153 166
862 168
114 168
447 170
500 170
718 172
779 181
268 181
164 188
799 190
753 192
616 192
387 197
301 199
193 205
302 221
790 221
695 224
765 225
292 228
93 229
719 235
3 238
105 240
997 245
305 245
356 248
682 249
74 249
350 256
679 257
223 270
870 273
258 276
460 279
747 283
820 284
362 285
541 286
921 287
996 290
96 291
145 296
728 297
736 299
825 302
883 306
902 312
51 313
586 321
765 322
799 324
202 331
541 335
987 337
840 337
820 339
259 341
543 352
378 354
558 358
131 361
744 361
854 362
642 367
278 368
935 368
834 372
276 376
278 376
997 378
592 381
162 381
783 382
745 385
275 387
83 390
509 404
346 406
897 409
431 411
841 411
101 413
586 419
724 423
334 428
32 434
18 435
322 437
577 441
648 442
937 445
348 446
760 448
18 456
458 456
978 456
397 457
139 459
375 464
159 466
654 471
422 472
801 472
567 478
128 478
400 480
916 481
86 481
285 483
161 484
274 484
972 485
201 487
112 489
288 489
602 491
580 492
883 500
632 506
270 509
748 516
563 516
263 524
240 528
547 536
722 536
796 541
539 542
395 545
692 552
612 552
460 553
814 554
290 556
339 560
222 565
584 569
969 572
186 575
10 578
69 579
897 580
229 585
971 586
315 587
267 588
341 589
933 590
8 592
998 593
221 595
224 596
473 598
249 603
237 607
709 608
913 611
382 612
213 615
591 617
765 617
767 619
599 626
257 627
701 632
983 632
923 637
593 638
976 642
93 645
601 647
685 649
975 652
500 657
65 658
351 659
326 660
914 666
374 666
410 668
985 669
597 670
441 676
676 677
324 679
729 681
272 682
113 682
402 683
311 684
851 693
105 695
112 695
148 696
81 700
431 703
397 703
325 709
803 712
856 713
994 726
420 731
90 733
810 734
678 740
152 749
449 756
705 756
340 757
387 760
958 761
700 763
706 764
542 769
428 770
144 771
616 773
616 780
785 781
87 783
607 784
687 787
916 791
300 791
325 792
620 797
409 797
132 799
931 800
164 806
633 806
379 812
476 817
856 821
887 824
897 830
77 832
989 840
748 840
875 847
517 852
462 855
847 856
155 858
394 859
973 861
207 866
929 869
288 870
569 870
976 871
65 873
303 874
589 877
375 883
533 884
183 886
801 887
756 889
930 890
673 901
461 909
220 910
415 910
301 914
531 914
628 915
908 917
111 918
856 924
230 932
573 942
964 947
132 960
827 962
871 962
341 963
895 964
768 967
382 967
758 968
131 970
921 972
97 975
242 980
929 985
197 986
150 987
640 988
506 989
45 990
80 991
391 993
441 995
414 997
568 997
989 998
548 1000
