1000
123 1
316 1
513 1
482 2
79 2
965 3
578 4
237 6
481 6
79 6
927 10
200 11
46 11
584 12
910 14
755 15
740 17
743 18
367 20
558 21
955 22
534 22
764 23
309 23
243 23
317 24
88 25
611 26
830 29
90 30
562 31
472 31
509 31
558 34
898 34
253 35
119 35
984 35
911 37
498 41
646 42
288 42
752 43
231 44
232 45
221 45
395 48
327 48
536 48
124 53
509 54
589 55
169 57
776 58
323 58
520 62
720 62
792 63
375 64
233 66
626 66
796 67
432 68
650 69
658 70
368 71
298 71
368 71
852 72
833 73
61 74
193 75
767 76
875 78
489 78
137 79
561 81
551 83
231 84
352 86
851 89
687 89
402 90
130 94
695 95
230 97
389 99
333 100
341 101
544 102
448 103
829 104
711 105
130 107
319 108
803 108
593 110
541 113
350 113
304 115
409 117
62 118
695 119
995 120
144 121
270 121
103 121
359 122
653 124
443 126
351 126
14 128
122 128
769 129
388 131
514 131
160 140
185 140
135 140
409 141
918 141
304 142
738 144
120 144
320 144
388 144
220 145
183 150
507 151
696 151
783 152
400 155
816 155
769 157
49 158
418 158
407 158
998 159
944 159
184 160
101 160
12 160
796 162
356 163
351 163
945 164
76 165
863 166
921 166
594 166
122 166
283 167
594 167
921 167
586 167
520 168
441 168
309 171
288 171
399 171
306 172
449 172
643 175
586 177
107 177
692 177
357 178
157 179
481 179
646 179
791 180
871 181
703 183
819 185
20 187
285 188
49 188
405 188
796 191
674 193
171 193
886 194
835 195
609 197
586 197
799 198
19 199
175 203
112 203
419 204
853 207
673 208
325 208
778 209
655 210
881 212
493 213
607 215
997 216
508 216
378 219
553 219
833 220
678 221
456 222
710 222
511 223
225 223
553 224
904 224
74 225
229 226
860 227
780 228
108 229
532 229
755 229
989 229
904 229
681 229
615 229
380 230
461 230
95 230
315 234
456 234
658 235
387 235
654 238
27 240
107 240
528 241
387 244
798 244
538 244
581 245
278 245
659 246
357 248
644 248
896 249
117 249
439 249
962 251
60 253
339 253
234 254
790 254
502 255
975 255
220 257
406 257
786 258
179 259
786 260
446 261
100 263
708 264
508 264
151 269
645 270
633 270
389 271
844 271
860 273
430 274
399 275
56 276
251 276
257 278
751 286
531 286
588 286
186 286
238 286
985 287
589 287
885 288
182 288
979 289
795 289
791 290
965 291
805 291
519 293
511 294
139 299
687 299
617 300
431 303
613 303
952 303
978 305
665 305
171 305
212 308
110 309
448 310
955 312
676 313
557 313
739 313
71 315
238 315
395 317
142 318
344 318
890 319
266 320
164 321
531 322
461 322
409 323
367 324
795 325
157 326
373 326
306 327
522 328
712 329
662 330
833 332
538 333
683 334
337 334
829 335
302 335
208 336
855 336
1 337
913 337
485 337
506 338
313 341
706 342
361 347
839 348
712 352
564 353
167 354
813 354
494 357
321 358
707 358
859 360
473 361
240 362
443 365
789 365
913 365
732 366
14 368
736 371
779 371
262 372
438 373
407 373
755 373
893 375
329 376
913 376
458 377
685 378
208 378
860 379
273 380
770 381
645 381
141 382
838 382
595 383
650 383
365 385
253 385
253 385
878 386
739 387
460 387
915 390
100 392
428 395
284 396
340 396
896 396
943 397
924 397
821 397
514 397
988 398
276 398
276 398
1000 399
351 401
198 402
274 406
477 407
838 409
655 411
329 411
462 414
256 416
304 417
323 418
660 420
284 421
110 423
105 424
752 425
334 427
705 427
328 428
502 429
1 430
853 430
693 431
621 432
101 432
409 433
138 433
192 434
306 436
975 436
647 437
19 439
855 441
731 443
484 443
886 443
39 444
457 444
635 445
572 447
945 449
334 449
286 450
48 450
114 451
709 452
630 454
376 454
782 455
469 455
957 455
687 456
763 457
3 457
53 458
121 459
988 460
141 461
263 461
664 461
505 462
989 463
464 464
487 465
762 466
512 466
790 467
467 467
337 468
643 469
954 469
282 469
513 471
256 471
586 471
124 472
230 472
338 473
316 473
466 473
216 475
942 476
892 477
190 480
693 480
897 481
554 483
614 484
868 484
812 486
371 488
634 490
905 490
378 491
944 491
195 491
611 492
37 493
53 495
662 495
93 495
317 496
847 497
92 497
431 498
679 500
467 501
906 501
679 502
570 502
390 502
879 503
51 503
651 504
778 505
574 506
352 506
846 507
133 508
641 508
821 509
80 512
768 512
300 512
504 513
1000 513
330 514
197 514
136 516
597 518
910 518
705 519
170 524
693 525
536 527
70 528
290 528
172 528
225 530
460 530
378 532
334 532
521 534
844 534
306 535
761 536
618 536
548 539
747 539
419 539
354 540
672 540
218 544
654 544
117 544
120 545
603 547
750 548
50 548
2 551
229 551
357 552
987 555
976 555
406 556
59 557
439 558
265 558
2 560
56 561
45 561
481 562
845 562
809 563
893 564
231 567
652 568
188 568
32 570
153 570
332 570
413 572
5 573
349 574
281 574
522 576
13 577
933 579
478 581
320 581
2 582
741 582
671 583
307 584
828 585
988 586
939 586
841 586
677 592
198 592
902 593
822 594
689 595
528 598
459 598
619 599
884 602
662 604
312 605
826 608
100 608
135 608
101 612
701 614
879 614
703 614
162 614
831 615
365 616
381 616
460 616
957 617
991 619
315 619
480 619
976 620
127 623
854 625
863 626
931 627
702 627
890 627
299 628
728 630
889 631
782 633
465 633
162 634
993 634
624 634
3 637
334 637
722 638
924 639
991 641
330 644
238 644
675 644
964 645
818 646
59 648
394 649
549 649
192 652
190 653
989 653
739 654
203 655
125 656
740 656
855 656
10 658
941 659
824 659
605 659
280 660
184 660
209 661
930 662
653 662
843 663
580 665
463 666
286 668
43 670
775 670
374 670
804 670
632 670
88 673
759 674
259 675
227 676
35 677
305 677
468 680
671 681
684 681
536 681
656 682
937 683
435 684
234 685
984 685
748 686
607 687
252 689
383 689
505 689
227 691
898 695
397 697
970 699
808 700
668 700
237 703
59 703
121 703
583 704
594 705
443 706
592 707
76 707
857 710
684 710
933 712
747 712
299 713
586 714
639 715
695 715
153 715
79 718
256 718
28 719
662 720
195 720
301 720
602 723
383 723
768 726
956 726
581 726
102 727
556 727
713 728
170 730
166 732
247 733
792 735
717 737
506 738
665 738
735 739
538 741
516 743
476 743
823 744
275 745
677 748
259 750
631 750
90 750
255 751
719 751
870 752
885 753
757 753
383 754
538 755
225 756
412 758
614 758
313 759
476 759
868 759
441 760
770 760
994 761
362 762
269 762
385 762
290 764
876 766
701 768
274 769
288 770
103 773
478 773
434 774
451 775
119 776
141 779
950 779
908 779
833 780
535 780
732 782
622 782
300 783
948 785
18 785
756 785
777 785
748 785
709 785
908 787
680 788
386 789
657 792
650 793
980 793
408 798
259 800
326 800
792 803
560 804
436 804
161 805
375 807
226 807
328 808
774 811
328 811
148 811
62 811
954 814
130 815
106 815
824 816
738 817
945 818
57 819
852 819
613 819
38 820
520 821
593 821
947 823
162 824
960 824
335 827
732 828
304 828
255 829
210 829
342 830
423 830
724 831
846 832
756 832
579 832
432 833
306 833
813 837
227 838
322 838
570 839
926 840
386 841
232 841
997 842
72 842
909 843
584 845
509 845
591 845
923 846
278 847
540 847
81 849
950 851
4 851
344 852
795 853
882 854
149 854
623 854
544 855
204 856
198 859
2 859
56 860
167 861
964 862
74 864
930 865
99 865
533 866
102 867
42 868
185 868
252 869
479 869
335 870
181 870
729 871
743 872
989 873
572 874
305 875
534 875
660 875
480 876
652 877
457 878
993 878
988 878
170 878
624 878
697 879
902 879
647 879
103 881
973 881
822 886
653 887
854 888
861 888
462 889
789 890
760 892
321 894
200 899
410 899
397 900
87 902
436 903
599 904
415 905
950 906
60 907
762 908
971 912
857 912
790 915
503 917
471 918
768 918
189 921
814 923
648 924
215 925
548 926
876 927
526 929
168 929
291 929
818 929
278 929
136 932
758 934
358 935
157 936
441 938
925 938
168 938
475 939
490 940
671 940
23 940
498 942
770 942
886 943
805 943
573 944
298 945
622 946
176 946
103 947
297 948
67 948
131 949
930 949
329 951
520 954
183 955
869 955
704 957
872 957
27 958
835 959
762 960
650 962
453 963
107 964
399 965
956 965
870 967
939 968
430 968
149 968
16 970
909 971
278 973
660 974
902 979
174 980
150 980
667 980
150 982
45 985
219 985
779 987
931 987
413 990
740 992
812 993
116 994
399 994
17 994
887 996
138 996
484 997
460 999
262 1000
792 1000
840 1000
