359
88 1
39 3
49 6
83 7
76 7
42 11
73 12
84 14
67 17
19 25
91 25
13 25
10 34
20 43
30 44
11 47
87 48
90 53
20 56
38 57
21 65
54 67
70 70
29 72
39 73
31 76
73 77
4 80
40 80
3 81
6 82
25 92
80 95
75 101
41 101
38 102
13 102
9 106
47 113
23 124
45 128
11 135
14 135
90 137
31 141
11 149
87 149
43 157
20 163
73 163
84 164
69 165
73 167
50 168
35 170
72 172
22 173
65 174
11 174
28 185
15 185
12 186
53 186
91 186
13 187
53 191
33 196
86 198
60 201
37 206
54 206
43 211
57 215
50 215
77 218
6 222
67 222
83 223
42 224
17 225
73 226
5 226
61 227
18 229
71 229
73 229
16 232
43 233
34 242
28 248
59 249
75 250
78 251
2 262
33 263
57 267
84 275
90 275
3 281
80 283
50 284
54 284
9 286
20 287
79 294
59 298
51 301
64 302
62 304
26 304
18 307
59 308
81 309
7 309
25 319
16 320
49 322
61 323
83 324
8 324
89 327
38 333
30 335
46 335
49 337
82 338
56 339
36 340
20 341
14 345
57 348
69 348
36 351
52 353
8 355
11 355
21 357
16 358
13 362
71 363
33 363
62 365
31 365
28 375
34 377
48 378
22 381
53 382
59 384
18 385
54 394
24 395
76 398
80 400
19 403
21 405
21 411
7 415
3 419
22 421
26 430
63 435
38 439
13 439
87 443
59 447
61 453
80 455
63 459
69 464
7 466
15 471
4 473
35 473
49 473
30 475
89 477
43 486
57 486
42 498
88 501
68 508
17 513
52 514
54 515
35 516
24 517
13 521
38 524
68 524
41 526
87 527
75 528
48 531
28 531
15 532
8 533
28 533
54 534
87 541
4 546
16 548
10 550
30 553
12 559
7 560
31 561
40 561
34 563
69 563
71 565
27 576
39 582
4 584
87 584
8 586
79 586
48 588
68 588
2 589
90 589
65 598
60 600
6 610
61 610
27 620
44 622
1 625
9 626
46 631
71 641
56 644
39 647
14 648
7 650
89 650
16 659
23 660
74 664
80 665
82 667
77 668
57 669
47 673
25 677
40 678
54 678
90 679
37 680
7 680
82 684
46 685
45 687
45 689
39 695
39 698
32 699
76 700
28 701
40 701
44 710
57 714
83 715
67 715
36 716
66 718
40 719
16 719
50 721
83 722
33 728
32 728
45 730
46 735
45 735
50 736
25 738
18 738
51 740
7 741
70 741
46 743
82 743
62 746
7 746
26 746
36 761
79 761
90 762
16 766
19 768
82 775
73 776
56 780
33 781
31 782
7 784
57 784
13 792
66 793
5 794
24 796
22 798
44 799
22 800
1 803
46 803
61 808
10 810
42 813
61 821
15 822
33 824
79 829
69 831
18 832
52 834
63 835
69 835
82 839
84 842
30 842
85 849
64 849
50 852
43 852
13 852
7 855
43 857
21 865
14 866
12 868
61 868
59 869
66 882
17 885
65 885
8 886
10 888
59 893
66 894
33 894
39 894
4 900
72 903
18 903
62 903
74 907
84 908
22 908
65 914
44 918
85 920
80 921
84 924
52 932
85 936
42 937
4 939
