719
7 0
33 3
18 3
1 4
23 4
36 4
28 4
46 9
13 10
22 10
25 10
36 11
25 11
45 11
45 12
9 15
39 15
27 16
17 16
44 16
39 17
46 17
28 17
45 18
30 18
14 18
16 18
24 19
42 19
7 20
1 20
44 21
14 21
9 21
27 22
5 22
29 23
9 23
45 24
10 25
7 26
13 27
40 27
8 28
39 28
17 29
36 29
14 31
34 32
24 32
34 36
6 36
12 36
40 38
1 39
29 40
27 41
42 41
34 42
8 43
13 43
37 43
30 44
10 46
19 47
3 48
22 48
14 48
39 48
44 48
11 50
35 51
24 52
38 52
42 60
8 60
25 63
28 63
7 64
27 65
30 66
12 66
28 67
28 69
29 69
9 69
35 71
28 71
11 72
22 73
11 73
41 74
31 75
35 75
35 76
15 76
5 78
1 78
45 78
1 78
44 81
4 82
14 82
28 84
40 84
19 85
40 86
9 86
31 88
13 88
8 89
42 89
26 89
7 90
24 93
4 94
29 94
2 96
3 97
10 99
23 100
11 100
10 100
23 101
16 102
8 103
41 103
10 104
32 104
28 104
41 105
34 106
6 107
25 107
36 108
14 110
12 110
4 110
16 111
35 112
41 113
14 114
3 115
31 116
12 117
23 118
7 118
16 119
3 121
6 123
11 125
30 125
42 128
37 128
20 129
36 131
23 132
18 132
35 133
17 133
39 133
46 134
28 135
39 137
38 137
28 138
4 139
41 139
3 140
8 140
37 142
17 142
2 142
44 143
5 143
10 144
8 145
19 145
46 149
45 149
12 149
34 151
22 151
35 151
36 152
10 152
35 153
42 154
38 154
1 154
22 154
1 155
39 156
24 156
43 157
24 158
11 160
7 160
10 164
3 164
43 164
20 166
34 167
40 168
17 170
5 172
16 172
9 174
32 175
27 176
30 176
11 176
22 176
32 177
7 178
9 178
30 179
45 179
23 181
17 183
20 185
17 185
40 185
19 186
2 186
13 190
8 191
43 192
4 192
30 192
23 195
34 196
18 197
12 197
45 197
15 197
23 197
17 198
32 198
12 198
34 199
6 199
34 200
13 202
11 202
2 202
22 204
32 207
24 207
33 208
3 209
45 209
38 209
2 210
40 212
36 213
9 215
22 216
27 216
10 217
13 218
13 219
8 221
30 221
27 221
12 221
13 222
10 222
37 223
46 224
36 224
40 225
16 227
5 227
28 227
30 227
1 228
35 228
13 229
16 229
19 231
24 231
26 232
31 234
4 237
41 237
16 238
18 238
13 240
13 240
5 241
36 242
7 243
17 243
36 244
43 244
32 245
21 245
42 245
30 246
38 246
19 246
15 248
35 248
5 249
13 251
10 251
40 251
37 251
3 251
33 251
12 252
44 252
24 253
42 254
33 255
10 256
32 257
5 257
13 257
37 258
10 258
45 259
22 259
18 260
25 260
5 261
19 261
12 261
9 262
7 264
27 265
14 265
10 266
23 266
6 267
14 267
4 267
17 271
34 271
27 271
34 273
42 273
30 273
34 274
41 276
31 276
30 277
32 279
39 280
14 280
29 281
33 281
44 282
5 282
34 283
40 284
31 287
42 288
43 288
20 289
38 291
41 291
17 293
40 294
43 295
34 296
35 297
29 297
19 299
17 300
18 300
19 303
33 303
34 304
38 304
46 304
39 306
22 307
18 308
4 308
32 310
34 311
43 311
35 311
17 311
24 311
42 312
29 312
34 313
20 314
25 314
24 315
12 320
16 320
4 321
26 322
22 322
3 323
13 325
17 325
3 326
12 326
20 327
42 328
43 328
10 329
4 330
35 331
46 331
25 331
43 332
23 332
37 333
2 333
36 334
23 334
19 335
4 337
36 337
12 337
37 338
10 339
1 340
45 340
12 341
43 342
24 342
20 342
40 342
9 344
39 345
31 348
6 349
32 350
46 350
31 350
23 352
29 352
31 353
19 353
23 354
32 354
1 355
5 357
36 359
8 359
5 359
6 360
13 361
25 362
23 363
36 365
42 365
32 365
7 368
13 368
15 368
2 368
21 369
20 369
25 369
18 369
31 370
33 370
22 370
34 371
46 371
14 372
10 372
31 373
33 373
37 373
4 374
37 375
8 377
41 379
36 382
33 384
13 385
23 387
44 387
20 387
20 387
8 388
44 389
26 389
35 390
23 391
18 392
15 392
9 393
40 394
7 397
6 398
38 398
34 399
27 399
22 400
29 400
45 402
7 402
14 405
39 405
22 406
35 407
33 408
40 408
1 409
40 409
15 410
6 410
36 411
20 414
11 415
43 416
40 416
25 417
4 418
32 419
13 419
23 419
30 421
5 422
13 423
24 423
43 424
5 424
9 424
13 426
29 427
43 427
3 430
31 431
19 431
45 432
28 432
16 435
32 435
8 435
2 435
23 436
34 436
39 437
30 437
11 438
20 438
27 439
46 440
18 440
46 440
37 441
31 442
42 444
31 446
7 447
23 447
44 449
9 449
2 450
8 450
19 451
36 452
46 453
2 453
22 454
9 454
14 455
16 455
36 456
16 457
36 462
7 462
31 463
44 465
3 466
12 467
33 468
35 468
25 468
20 469
31 471
46 471
26 473
19 473
19 475
46 476
45 478
42 478
4 478
34 479
14 479
22 480
28 480
15 480
4 481
32 481
33 482
35 483
23 483
39 485
14 486
23 487
44 487
10 487
38 487
11 487
19 489
16 489
19 490
40 490
41 491
28 491
45 491
8 492
35 493
29 493
3 495
32 495
31 496
44 497
31 497
30 498
43 498
11 499
15 500
36 500
45 501
13 501
45 501
5 502
18 502
35 502
7 502
33 503
8 503
31 505
28 505
35 505
39 505
16 505
39 509
5 509
27 510
20 510
31 510
41 511
21 513
26 514
4 514
7 514
10 515
5 517
21 517
23 518
13 519
26 521
46 522
8 522
1 524
37 525
40 528
28 530
4 531
29 531
37 531
8 532
39 533
31 533
8 534
14 534
3 534
20 536
24 536
45 536
41 536
22 537
11 537
8 537
30 537
9 537
29 538
35 539
9 539
29 540
38 542
22 543
31 545
2 547
4 547
2 547
31 548
16 549
36 549
11 549
16 553
42 553
16 554
45 555
46 555
46 556
42 556
46 558
4 559
16 562
32 563
9 563
37 563
15 563
4 563
21 564
45 564
29 565
45 565
5 566
20 568
36 568
37 569
8 569
