1000
524 0
538 0
133 1
389 1
268 2
550 3
736 5
334 5
272 6
89 6
55 6
319 9
211 13
384 15
642 16
109 17
380 17
380 17
417 18
95 20
69 20
124 21
275 22
55 22
967 22
618 23
386 23
251 23
569 24
632 24
247 25
783 29
992 30
142 30
485 31
350 36
505 37
154 41
8 45
442 46
222 46
400 47
320 48
830 48
622 49
29 51
922 52
314 52
512 54
741 55
975 56
177 57
501 59
15 60
695 61
611 61
531 62
196 63
859 65
28 65
726 65
764 68
547 70
895 70
418 72
491 72
45 73
739 73
356 74
15 74
883 74
310 74
971 75
787 75
611 78
582 78
861 80
125 81
830 82
143 83
230 83
828 83
326 87
508 88
135 88
616 88
902 92
256 92
151 93
990 94
377 94
456 94
990 95
509 95
553 96
831 97
112 101
451 102
566 103
421 103
400 104
121 104
746 105
21 105
201 105
294 107
952 108
213 109
353 110
732 111
676 111
290 113
286 113
405 113
294 113
616 115
858 115
486 116
837 116
549 117
236 119
475 120
558 120
160 121
100 122
247 123
439 124
503 125
448 126
674 126
469 128
681 128
840 128
701 129
484 130
711 131
811 133
355 133
219 134
793 134
178 135
854 135
446 136
246 137
825 137
997 137
71 138
436 139
956 139
268 140
233 140
396 141
565 142
515 142
978 142
751 143
570 143
400 144
523 145
198 146
624 146
430 147
331 148
638 148
128 149
789 150
242 151
792 151
596 154
340 154
448 154
596 154
521 157
673 157
431 159
187 160
337 163
575 164
117 166
923 169
799 169
765 171
313 171
556 173
485 175
211 175
284 176
679 177
952 179
763 179
222 180
278 181
891 181
793 184
44 184
74 186
500 186
84 190
107 190
893 190
795 191
952 191
147 191
990 192
988 192
370 192
277 194
134 194
175 195
616 195
376 196
130 197
134 197
428 198
345 200
457 200
237 200
248 201
767 202
593 204
681 206
919 208
736 209
106 210
123 210
326 211
756 211
422 211
334 211
685 213
96 214
751 215
991 217
960 217
768 217
574 217
804 218
190 220
389 221
118 221
620 223
432 223
463 223
187 224
399 224
39 228
548 228
301 229
381 230
105 230
823 235
33 235
402 236
43 236
639 237
58 237
361 238
370 245
162 246
841 246
810 246
169 246
100 249
195 250
70 250
212 251
860 255
379 257
687 259
286 262
483 262
495 262
295 264
237 264
727 266
759 267
862 267
246 268
307 268
720 270
673 270
782 271
929 271
189 274
908 275
657 275
714 275
542 278
92 279
65 285
50 285
564 286
977 286
269 288
438 288
593 290
392 290
587 290
280 290
34 291
535 291
143 291
708 293
700 295
60 296
811 296
722 296
289 297
104 297
308 298
39 301
343 303
898 303
275 303
311 304
346 305
175 307
655 307
854 308
45 309
231 310
537 310
845 311
172 311
361 311
288 311
748 312
433 313
765 313
860 314
11 315
460 315
744 315
122 316
394 316
13 316
691 317
870 318
661 318
814 319
879 320
932 320
621 320
698 321
113 322
190 322
678 323
227 324
650 324
111 325
81 326
327 326
521 327
495 327
437 327
585 327
637 327
361 328
227 329
253 330
292 331
390 332
932 334
722 335
2 335
163 338
487 339
643 340
203 343
168 343
649 344
411 344
145 345
531 348
692 350
254 351
238 352
846 353
984 357
600 357
949 359
59 360
155 360
937 361
343 362
983 364
358 366
118 366
622 368
26 369
30 369
1000 370
923 371
141 372
108 376
780 376
309 377
53 377
764 378
436 378
412 378
554 380
11 380
577 380
812 380
43 381
804 382
572 383
402 384
614 385
718 386
369 388
898 392
962 393
105 394
724 394
228 394
339 395
161 396
876 396
260 396
745 397
928 397
700 398
505 399
45 399
748 400
825 400
499 401
36 402
3 402
374 405
507 407
992 409
89 410
188 410
369 411
908 412
207 412
767 412
859 413
273 413
136 413
849 416
389 417
559 419
507 421
929 422
820 422
493 424
803 425
226 425
187 427
439 427
668 428
799 430
675 431
191 432
398 433
197 436
106 437
619 438
792 439
97 440
72 441
348 441
728 441
108 441
814 442
465 442
548 443
476 443
827 444
735 447
287 449
430 449
276 451
671 453
272 454
650 454
652 455
769 456
334 457
307 458
779 459
528 459
515 460
945 461
33 462
428 463
738 463
217 464
184 464
255 464
527 470
862 473
969 474
347 476
201 477
384 478
950 478
837 479
521 480
428 483
933 483
288 484
502 487
637 488
863 488
508 490
525 493
700 495
1000 496
560 497
468 499
912 500
376 503
719 504
281 505
699 506
158 506
823 508
27 509
375 510
973 511
369 512
16 512
332 515
230 515
349 516
163 516
186 517
997 517
218 518
522 519
221 520
578 520
522 521
50 521
582 523
430 523
650 523
337 524
832 526
1000 526
221 528
574 531
233 532
61 533
328 533
919 534
397 534
544 538
880 539
348 540
202 540
692 541
146 543
184 543
886 545
265 546
478 547
763 549
690 549
422 550
143 551
470 551
736 552
345 553
494 555
907 555
211 555
251 555
450 557
370 558
74 558
98 560
205 562
374 562
957 562
481 562
291 564
734 565
489 565
113 565
69 566
483 567
303 568
106 568
176 569
263 570
18 570
209 572
302 573
895 573
942 573
836 573
432 574
33 574
451 575
893 578
481 583
16 583
615 584
322 584
126 584
872 587
675 587
500 588
848 588
18 588
938 590
146 592
68 593
402 596
47 596
617 599
882 599
53 601
309 601
449 602
941 602
532 602
747 603
844 603
800 604
370 605
372 605
848 606
270 606
398 609
451 609
107 612
935 613
751 614
979 614
494 614
900 619
354 619
460 622
599 625
757 625
842 626
792 627
736 630
498 630
646 631
58 632
228 633
994 636
261 637
492 637
522 638
158 639
567 640
633 640
23 640
474 641
912 642
443 642
536 644
685 645
712 645
985 645
315 646
909 646
582 647
98 648
809 649
194 653
623 653
665 656
994 656
365 657
132 657
125 659
34 659
552 662
350 663
86 664
413 665
180 665
229 665
422 668
949 669
945 669
785 673
704 673
323 674
99 677
460 677
403 677
311 678
796 680
800 683
920 684
950 686
19 689
836 689
227 690
30 693
567 696
884 696
717 700
366 700
410 701
444 701
796 703
951 704
981 704
400 705
3 705
315 710
218 713
641 713
339 717
986 718
52 719
987 721
448 723
627 725
425 725
997 728
334 730
64 731
107 733
907 734
227 738
114 738
635 744
928 745
279 746
620 746
774 747
791 747
561 747
681 749
891 750
562 750
288 751
413 751
547 751
942 752
580 752
278 753
259 754
876 760
915 760
490 760
278 761
774 761
786 762
582 762
29 762
852 763
410 766
892 767
280 769
120 769
288 770
903 770
578 771
56 773
619 774
873 774
365 775
75 775
908 775
879 778
364 778
892 779
729 782
773 782
393 782
379 783
378 784
454 784
858 785
273 785
69 786
930 786
578 787
124 787
511 788
163 788
324 788
905 789
111 791
821 791
9 791
839 794
859 794
870 794
839 795
57 795
389 795
785 796
876 799
227 800
93 802
921 803
365 803
830 804
516 804
417 804
449 804
309 804
601 805
91 807
111 807
700 809
60 809
859 809
641 810
211 811
744 811
461 811
255 812
547 812
151 812
992 813
552 813
336 814
485 815
534 815
548 817
340 818
924 818
70 819
784 822
756 822
770 823
286 823
741 825
645 827
715 827
487 829
826 829
450 829
411 829
97 830
392 831
75 836
217 837
633 838
85 839
159 842
448 842
918 844
588 846
932 846
197 847
769 849
764 849
210 849
775 850
601 852
275 854
555 857
270 858
463 858
239 859
106 859
162 860
576 862
241 863
687 863
364 864
298 865
497 865
500 865
581 866
940 867
488 867
689 868
838 869
861 871
235 873
165 876
454 880
544 881
952 884
868 885
84 886
319 886
597 887
322 887
377 887
38 888
283 888
600 889
289 891
453 891
771 892
621 893
484 894
628 896
238 897
92 897
421 897
171 898
276 899
703 899
74 900
214 901
628 902
130 903
624 904
629 906
224 906
840 906
644 907
113 907
972 908
605 909
491 910
291 910
55 911
616 911
474 911
450 916
747 917
938 918
882 918
944 919
744 920
982 921
534 921
845 923
542 926
503 926
609 927
963 927
377 930
987 935
317 935
345 936
10 938
484 939
259 939
871 941
452 941
183 946
438 946
925 947
438 948
653 948
678 948
339 949
500 949
98 950
738 951
827 953
119 953
828 953
835 953
572 957
566 958
244 959
530 959
577 960
829 960
180 964
70 966
971 967
644 967
13 968
970 971
791 972
984 972
282 972
102 973
786 975
158 976
178 976
75 976
904 978
308 980
401 980
792 980
943 983
522 984
635 987
132 987
762 989
215 990
680 990
760 991
415 992
472 993
49 993
42 993
81 994
631 995
736 996
986 998
555 998
79 998
37 1000
19 1000
