1000
920 2147483637
1 2147483637
427 2147483637
533 2147483637
804 2147483637
332 2147483637
84 2147483637
915 2147483637
327 2147483637
630 2147483637
567 2147483637
917 2147483637
94 2147483637
929 2147483637
616 2147483637
582 2147483637
870 2147483637
343 2147483637
178 2147483637
116 2147483637
141 2147483637
458 2147483637
559 2147483637
224 2147483637
181 2147483637
914 2147483637
467 2147483637
418 2147483637
120 2147483637
34 2147483637
613 2147483637
206 2147483637
698 2147483637
189 2147483637
816 2147483637
896 2147483637
242 2147483637
435 2147483637
374 2147483637
237 2147483637
523 2147483637
713 2147483637
285 2147483637
329 2147483637
793 2147483637
898 2147483637
688 2147483637
765 2147483637
808 2147483637
521 2147483637
548 2147483637
33 2147483637
262 2147483637
668 2147483637
354 2147483637
764 2147483637
970 2147483637
295 2147483637
650 2147483637
643 2147483637
779 2147483637
141 2147483637
923 2147483637
717 2147483637
305 2147483637
370 2147483637
173 2147483637
452 2147483637
322 2147483637
388 2147483637
432 2147483637
697 2147483637
217 2147483637
352 2147483637
437 2147483637
233 2147483637
307 2147483637
949 2147483637
121 2147483637
375 2147483637
975 2147483637
944 2147483637
624 2147483637
508 2147483637
765 2147483637
910 2147483637
990 2147483637
32 2147483637
585 2147483637
336 2147483637
698 2147483637
699 2147483638
850 2147483638
362 2147483638
633 2147483638
560 2147483638
527 2147483638
191 2147483638
751 2147483638
739 2147483638
29 2147483638
469 2147483638
312 2147483638
696 2147483638
242 2147483638
942 2147483638
942 2147483638
699 2147483638
128 2147483638
406 2147483638
275 2147483638
915 2147483638
574 2147483638
616 2147483638
707 2147483638
115 2147483638
875 2147483638
411 2147483638
355 2147483638
950 2147483638
819 2147483638
566 2147483638
990 2147483638
242 2147483638
366 2147483638
978 2147483638
155 2147483638
898 2147483638
953 2147483638
643 2147483638
336 2147483638
930 2147483638
748 2147483638
673 2147483638
890 2147483638
128 2147483638
443 2147483638
826 2147483638
238 2147483638
570 2147483638
651 2147483638
445 2147483638
283 2147483638
809 2147483638
269 2147483638
474 2147483638
875 2147483638
561 2147483638
380 2147483638
416 2147483638
878 2147483638
739 2147483638
766 2147483638
823 2147483638
621 2147483638
258 2147483638
227 2147483638
771 2147483638
191 2147483638
356 2147483638
893 2147483638
998 2147483638
298 2147483638
47 2147483638
545 2147483638
620 2147483638
229 2147483638
472 2147483638
852 2147483638
852 2147483638
290 2147483638
882 2147483638
776 2147483638
874 2147483638
442 2147483638
929 2147483638
397 2147483638
572 2147483638
806 2147483638
155 2147483638
360 2147483638
761 2147483638
38 2147483638
53 2147483638
462 2147483638
589 2147483638
892 2147483638
525 2147483638
229 2147483639
933 2147483639
572 2147483639
388 2147483639
435 2147483639
541 2147483639
631 2147483639
678 2147483639
835 2147483639
636 2147483639
651 2147483639
857 2147483639
586 2147483639
996 2147483639
599 2147483639
618 2147483639
165 2147483639
150 2147483639
38 2147483639
875 2147483639
166 2147483639
121 2147483639
773 2147483639
267 2147483639
321 2147483639
295 2147483639
119 2147483639
816 2147483639
128 2147483639
591 2147483639
839 2147483639
450 2147483639
416 2147483639
91 2147483639
266 2147483639
753 2147483639
990 2147483639
267 2147483639
613 2147483639
661 2147483639
233 2147483639
885 2147483639
748 2147483639
650 2147483639
560 2147483639
75 2147483639
795 2147483639
937 2147483639
26 2147483639
704 2147483639
990 2147483639
300 2147483639
609 2147483639
962 2147483639
272 2147483639
149 2147483639
495 2147483639
126 2147483639
103 2147483639
445 2147483639
648 2147483639
709 2147483639
633 2147483639
630 2147483639
894 2147483639
439 2147483639
706 2147483639
307 2147483639
630 2147483639
392 2147483639
127 2147483639
89 2147483639
346 2147483639
99 2147483639
568 2147483639
813 2147483639
333 2147483639
505 2147483639
296 2147483639
916 2147483639
800 2147483639
477 2147483639
697 2147483639
731 2147483639
226 2147483639
994 2147483639
171 2147483639
398 2147483639
937 2147483639
141 2147483639
981 2147483639
494 2147483640
525 2147483640
869 2147483640
658 2147483640
972 2147483640
120 2147483640
701 2147483640
396 2147483640
764 2147483640
26 2147483640
366 2147483640
489 2147483640
688 2147483640
839 2147483640
126 2147483640
903 2147483640
663 2147483640
610 2147483640
560 2147483640
874 2147483640
947 2147483640
761 2147483640
559 2147483640
900 2147483640
565 2147483640
402 2147483640
11 2147483640
800 2147483640
754 2147483640
43 2147483640
19 2147483640
422 2147483640
11 2147483640
786 2147483640
683 2147483640
58 2147483640
642 2147483640
457 2147483640
175 2147483640
776 2147483640
319 2147483640
190 2147483640
46 2147483640
815 2147483640
85 2147483640
810 2147483640
570 2147483640
88 2147483640
134 2147483640
558 2147483640
681 2147483640
244 2147483640
873 2147483640
851 2147483640
386 2147483640
820 2147483640
6 2147483640
994 2147483640
934 2147483640
805 2147483640
585 2147483640
293 2147483640
385 2147483640
122 2147483640
70 2147483640
597 2147483640
800 2147483640
882 2147483640
48 2147483640
642 2147483640
306 2147483640
959 2147483640
197 2147483640
161 2147483640
70 2147483640
697 2147483640
255 2147483640
494 2147483640
992 2147483640
171 2147483640
910 2147483641
119 2147483641
793 2147483641
608 2147483641
564 2147483641
262 2147483641
358 2147483641
745 2147483641
676 2147483641
170 2147483641
146 2147483641
216 2147483641
616 2147483641
503 2147483641
116 2147483641
807 2147483641
132 2147483641
456 2147483641
61 2147483641
706 2147483641
851 2147483641
186 2147483641
917 2147483641
690 2147483641
794 2147483641
858 2147483641
658 2147483641
333 2147483641
42 2147483641
579 2147483641
954 2147483641
748 2147483641
226 2147483641
133 2147483641
833 2147483641
964 2147483641
584 2147483641
104 2147483641
65 2147483641
645 2147483641
440 2147483641
95 2147483641
594 2147483641
63 2147483641
275 2147483641
700 2147483641
177 2147483641
773 2147483641
397 2147483641
315 2147483641
668 2147483641
937 2147483641
316 2147483641
249 2147483641
306 2147483641
76 2147483641
162 2147483641
94 2147483641
442 2147483641
163 2147483641
316 2147483641
637 2147483641
603 2147483641
68 2147483641
119 2147483641
171 2147483641
164 2147483641
615 2147483641
877 2147483641
749 2147483641
365 2147483641
674 2147483641
647 2147483641
49 2147483641
652 2147483641
479 2147483641
63 2147483641
717 2147483641
727 2147483641
392 2147483641
127 2147483641
309 2147483641
507 2147483641
320 2147483641
523 2147483641
96 2147483641
729 2147483641
627 2147483641
81 2147483641
962 2147483641
184 2147483641
159 2147483641
124 2147483641
434 2147483641
333 2147483641
296 2147483641
598 2147483641
956 2147483641
440 2147483641
286 2147483641
322 2147483641
389 2147483641
902 2147483641
961 2147483641
26 2147483641
732 2147483641
307 2147483641
114 2147483641
239 2147483641
600 2147483641
872 2147483641
762 2147483641
541 2147483641
455 2147483642
709 2147483642
664 2147483642
260 2147483642
132 2147483642
409 2147483642
161 2147483642
557 2147483642
282 2147483642
470 2147483642
451 2147483642
324 2147483642
755 2147483642
890 2147483642
656 2147483642
211 2147483642
355 2147483642
818 2147483642
715 2147483642
690 2147483642
712 2147483642
221 2147483642
488 2147483642
281 2147483642
958 2147483642
680 2147483642
965 2147483642
311 2147483642
327 2147483642
522 2147483642
824 2147483642
357 2147483642
76 2147483642
650 2147483642
785 2147483642
571 2147483642
14 2147483642
368 2147483642
78 2147483642
859 2147483642
853 2147483642
100 2147483642
98 2147483642
479 2147483642
356 2147483642
118 2147483642
617 2147483642
462 2147483642
178 2147483642
968 2147483642
967 2147483642
751 2147483642
129 2147483642
355 2147483642
336 2147483642
910 2147483642
987 2147483642
682 2147483642
345 2147483642
599 2147483642
478 2147483642
964 2147483642
996 2147483642
526 2147483642
702 2147483642
475 2147483642
829 2147483642
307 2147483642
902 2147483642
908 2147483642
95 2147483642
941 2147483642
614 2147483642
884 2147483642
604 2147483642
529 2147483642
515 2147483642
770 2147483642
213 2147483642
290 2147483643
740 2147483643
200 2147483643
261 2147483643
113 2147483643
535 2147483643
996 2147483643
417 2147483643
331 2147483643
172 2147483643
391 2147483643
178 2147483643
783 2147483643
405 2147483643
625 2147483643
764 2147483643
932 2147483643
950 2147483643
249 2147483643
689 2147483643
70 2147483643
585 2147483643
773 2147483643
413 2147483643
812 2147483643
177 2147483643
502 2147483643
633 2147483643
916 2147483643
36 2147483643
835 2147483643
408 2147483643
928 2147483643
584 2147483643
980 2147483643
116 2147483643
227 2147483643
887 2147483643
72 2147483643
728 2147483643
32 2147483643
611 2147483643
982 2147483643
185 2147483643
777 2147483643
844 2147483643
155 2147483643
645 2147483643
353 2147483643
920 2147483643
227 2147483643
673 2147483643
198 2147483643
385 2147483643
693 2147483643
674 2147483643
915 2147483643
948 2147483643
173 2147483643
874 2147483643
683 2147483643
388 2147483643
293 2147483643
9 2147483643
409 2147483643
535 2147483643
535 2147483643
87 2147483643
795 2147483643
125 2147483643
263 2147483643
640 2147483643
693 2147483643
671 2147483643
393 2147483643
171 2147483643
152 2147483643
749 2147483643
716 2147483643
884 2147483643
583 2147483644
137 2147483644
950 2147483644
994 2147483644
388 2147483644
82 2147483644
865 2147483644
149 2147483644
747 2147483644
468 2147483644
753 2147483644
727 2147483644
980 2147483644
138 2147483644
915 2147483644
691 2147483644
508 2147483644
805 2147483644
164 2147483644
209 2147483644
43 2147483644
221 2147483644
974 2147483644
247 2147483644
936 2147483644
763 2147483644
568 2147483644
919 2147483644
833 2147483644
127 2147483644
814 2147483644
702 2147483644
509 2147483644
962 2147483644
617 2147483644
389 2147483644
566 2147483644
175 2147483644
849 2147483644
119 2147483644
399 2147483644
159 2147483644
850 2147483644
23 2147483644
145 2147483644
489 2147483644
650 2147483644
648 2147483644
717 2147483644
306 2147483644
6 2147483644
316 2147483644
166 2147483644
243 2147483644
24 2147483644
498 2147483644
808 2147483644
1 2147483644
649 2147483644
288 2147483644
23 2147483644
181 2147483644
448 2147483644
844 2147483644
361 2147483644
206 2147483644
485 2147483644
109 2147483644
462 2147483644
311 2147483644
278 2147483644
667 2147483644
801 2147483644
746 2147483644
28 2147483645
786 2147483645
786 2147483645
23 2147483645
451 2147483645
965 2147483645
585 2147483645
339 2147483645
214 2147483645
344 2147483645
701 2147483645
373 2147483645
620 2147483645
936 2147483645
814 2147483645
166 2147483645
164 2147483645
880 2147483645
477 2147483645
948 2147483645
529 2147483645
77 2147483645
368 2147483645
829 2147483645
652 2147483645
711 2147483645
438 2147483645
982 2147483645
2 2147483645
903 2147483645
541 2147483645
718 2147483645
329 2147483645
279 2147483645
599 2147483645
801 2147483645
906 2147483645
507 2147483645
20 2147483645
983 2147483645
925 2147483645
578 2147483645
643 2147483645
904 2147483645
122 2147483645
628 2147483645
653 2147483645
758 2147483645
125 2147483645
744 2147483645
554 2147483645
14 2147483645
708 2147483645
830 2147483645
341 2147483645
141 2147483645
760 2147483645
316 2147483645
708 2147483645
593 2147483645
522 2147483645
550 2147483645
283 2147483645
574 2147483645
581 2147483645
348 2147483645
642 2147483645
141 2147483645
31 2147483645
439 2147483645
898 2147483645
304 2147483645
257 2147483645
465 2147483645
140 2147483645
103 2147483645
146 2147483645
532 2147483645
74 2147483645
773 2147483645
967 2147483645
132 2147483645
929 2147483645
727 2147483645
429 2147483645
944 2147483645
873 2147483645
790 2147483645
102 2147483645
426 2147483645
630 2147483645
181 2147483645
293 2147483645
818 2147483645
901 2147483645
916 2147483645
295 2147483645
204 2147483645
112 2147483645
101 2147483645
401 2147483645
29 2147483645
204 2147483645
247 2147483645
154 2147483645
789 2147483645
267 2147483645
501 2147483646
586 2147483646
432 2147483646
505 2147483646
470 2147483646
337 2147483646
92 2147483646
469 2147483646
278 2147483646
520 2147483646
981 2147483646
852 2147483646
855 2147483646
258 2147483646
200 2147483646
347 2147483646
99 2147483646
479 2147483646
794 2147483646
218 2147483646
196 2147483646
708 2147483646
386 2147483646
252 2147483646
535 2147483646
767 2147483646
910 2147483646
726 2147483646
926 2147483646
332 2147483646
246 2147483646
118 2147483646
832 2147483646
679 2147483646
566 2147483646
546 2147483646
177 2147483646
815 2147483646
463 2147483646
541 2147483646
506 2147483646
168 2147483646
158 2147483646
826 2147483646
861 2147483646
829 2147483646
218 2147483646
523 2147483646
242 2147483646
117 2147483646
481 2147483646
885 2147483646
567 2147483646
260 2147483646
828 2147483646
64 2147483646
626 2147483646
396 2147483646
678 2147483646
817 2147483646
218 2147483646
56 2147483646
857 2147483646
741 2147483646
562 2147483646
151 2147483646
929 2147483646
471 2147483646
786 2147483646
681 2147483646
590 2147483646
898 2147483646
537 2147483646
29 2147483646
789 2147483646
272 2147483646
131 2147483646
890 2147483646
825 2147483646
931 2147483646
564 2147483646
518 2147483646
322 2147483646
755 2147483646
875 2147483646
4 2147483646
526 2147483646
318 2147483646
432 2147483646
486 2147483646
182 2147483646
294 2147483647
293 2147483647
643 2147483647
902 2147483647
802 2147483647
747 2147483647
877 2147483647
596 2147483647
753 2147483647
1000 2147483647
67 2147483647
273 2147483647
643 2147483647
321 2147483647
944 2147483647
133 2147483647
329 2147483647
717 2147483647
379 2147483647
576 2147483647
863 2147483647
126 2147483647
212 2147483647
423 2147483647
629 2147483647
405 2147483647
497 2147483647
468 2147483647
430 2147483647
979 2147483647
825 2147483647
20 2147483647
992 2147483647
951 2147483647
491 2147483647
605 2147483647
424 2147483647
545 2147483647
660 2147483647
911 2147483647
541 2147483647
561 2147483647
391 2147483647
379 2147483647
748 2147483647
428 2147483647
474 2147483647
84 2147483647
299 2147483647
350 2147483647
987 2147483647
781 2147483647
376 2147483647
598 2147483647
681 2147483647
744 2147483647
464 2147483647
769 2147483647
192 2147483647
672 2147483647
722 2147483647
741 2147483647
993 2147483647
845 2147483647
81 2147483647
892 2147483647
32 2147483647
879 2147483647
52 2147483647
110 2147483647
820 2147483647
225 2147483647
963 2147483647
189 2147483647
427 2147483647
132 2147483647
141 2147483647
696 2147483647
818 2147483647
395 2147483647
526 2147483647
535 2147483647
830 2147483647
452 2147483647
627 2147483647
735 2147483647
544 2147483647
424 2147483647
738 2147483647
668 2147483647
877 2147483647
54 2147483647
786 2147483647
765 2147483647
18 2147483647
116 2147483647
755 2147483647
