749
180 0
29 0
60 1
231 2
241 2
5 3
164 4
34 5
241 7
176 7
34 8
227 8
238 9
287 9
273 9
15 10
87 11
76 11
229 11
8 11
116 12
53 12
120 13
175 14
236 14
122 14
321 15
252 15
155 15
81 16
283 18
232 18
195 19
2 19
272 19
20 20
182 20
46 21
271 21
148 21
92 22
225 22
150 23
142 23
216 23
106 23
158 23
94 24
195 25
129 25
84 26
273 26
302 27
89 27
251 28
28 28
18 28
161 29
209 29
146 30
288 30
174 30
307 31
178 31
317 32
267 33
159 33
19 33
50 33
178 33
50 35
138 35
107 36
54 37
275 37
254 38
109 39
144 39
57 39
55 39
171 40
105 40
112 40
120 41
260 42
286 43
267 44
64 44
185 44
169 45
60 45
204 45
187 46
217 47
299 48
214 48
157 48
72 48
219 49
264 49
212 50
324 50
148 50
226 51
60 51
91 52
272 53
297 54
102 54
68 54
207 55
9 55
228 57
174 58
165 58
163 58
325 60
68 61
153 62
210 62
158 62
20 63
91 64
303 64
66 64
72 64
140 64
300 64
49 65
167 65
267 66
11 66
99 66
156 67
135 68
39 68
129 69
292 69
308 69
199 70
58 70
148 70
15 71
228 71
256 72
269 72
55 73
282 73
111 74
107 75
93 75
139 77
84 78
4 78
59 78
289 79
326 80
223 80
316 80
70 80
37 81
175 81
6 81
247 81
317 81
197 81
173 82
299 82
264 82
260 83
216 83
141 83
148 83
54 84
288 84
26 85
183 85
145 85
271 85
225 85
98 86
38 86
10 87
106 87
134 87
17 88
205 89
269 90
283 90
265 91
135 91
41 91
137 91
64 91
273 92
280 92
297 92
168 92
283 93
76 94
267 94
293 94
89 95
78 96
61 96
301 96
168 96
188 96
232 96
65 97
213 97
93 98
257 98
143 98
218 98
148 98
292 99
269 99
306 99
91 99
62 101
280 102
93 102
5 102
232 102
74 102
51 104
206 104
205 105
239 105
263 105
244 105
31 106
284 107
182 107
116 109
140 109
75 110
177 110
316 110
99 111
76 111
29 113
111 113
144 113
63 114
214 114
113 115
157 115
58 115
200 115
71 116
77 117
92 118
71 118
23 119
255 119
176 120
248 120
290 120
320 121
77 121
42 121
298 122
285 122
132 122
6 122
59 123
170 123
99 123
203 124
291 124
174 124
39 125
173 125
21 125
137 126
139 126
301 127
53 128
259 128
294 129
91 129
172 130
33 130
243 130
76 130
19 132
325 132
217 132
293 132
186 133
273 133
298 133
155 134
297 135
244 135
299 135
74 136
89 137
12 137
80 137
27 137
215 137
9 137
157 137
178 138
269 138
124 139
217 140
60 140
64 141
294 141
112 143
138 143
283 143
219 143
326 144
148 145
93 145
182 145
293 146
83 147
20 147
3 148
157 148
138 148
2 149
254 149
296 151
319 151
65 152
297 152
209 152
43 153
106 153
179 153
125 153
182 153
126 153
282 156
215 156
322 157
143 157
156 157
109 157
9 158
283 159
108 159
282 159
55 160
154 161
105 161
194 161
6 161
307 162
70 162
97 162
266 163
8 163
268 163
36 163
44 163
310 164
108 165
159 166
98 167
265 167
45 167
70 168
317 168
90 169
90 169
201 169
282 169
23 170
34 170
114 171
192 171
19 171
113 171
94 172
59 173
325 173
14 173
268 173
206 174
28 175
311 175
156 175
161 176
56 177
173 177
231 177
51 177
288 178
138 179
22 179
76 181
240 181
263 181
109 181
10 181
323 182
57 182
5 183
220 184
14 184
10 184
225 184
313 185
222 185
263 185
78 185
134 186
163 186
14 187
106 187
129 187
75 188
163 188
195 189
240 190
63 191
19 191
125 191
271 192
282 192
292 194
108 194
226 194
68 194
99 195
152 197
186 197
57 197
83 197
323 197
269 199
129 199
272 199
76 199
311 200
45 200
218 201
192 201
145 202
126 203
291 204
187 204
69 205
133 205
233 206
264 206
213 207
52 207
306 208
111 208
304 208
181 209
296 209
306 209
196 209
323 211
51 211
259 212
4 213
15 213
118 213
175 214
238 214
186 214
171 215
35 216
96 217
65 217
180 217
69 217
254 218
104 218
182 218
6 219
182 220
68 220
82 221
288 221
219 221
273 221
19 222
221 222
295 222
268 222
235 223
61 223
45 224
44 224
291 226
174 226
37 226
53 227
161 227
184 227
31 228
251 228
187 228
218 228
209 229
120 229
57 230
297 230
38 230
235 231
233 231
147 231
174 231
63 232
170 233
222 233
266 234
231 235
273 235
43 236
310 237
16 237
164 238
59 238
185 239
283 239
129 241
21 241
126 241
106 241
143 241
150 242
173 243
299 243
194 243
158 243
176 244
186 244
16 245
28 246
233 246
103 246
20 247
18 247
99 247
82 248
29 249
183 250
269 250
268 250
156 251
130 252
272 252
243 252
198 252
133 253
293 254
296 254
217 254
33 254
65 255
178 255
75 255
218 255
14 256
123 258
30 258
3 258
279 259
268 260
9 260
282 261
9 261
204 262
105 262
90 263
164 263
60 263
10 263
13 263
84 265
184 265
307 266
185 266
311 266
81 267
136 267
286 267
14 268
102 269
203 270
112 270
163 271
213 271
184 271
107 271
262 271
280 271
195 272
283 272
194 273
126 273
187 274
29 274
7 275
7 275
276 275
114 276
294 277
245 278
100 278
246 278
188 279
172 279
260 280
154 280
166 281
46 281
211 281
21 281
230 282
155 282
60 282
315 283
25 283
62 283
22 284
88 284
175 285
159 286
319 286
92 287
305 287
53 287
161 287
279 287
95 288
243 288
185 288
8 290
141 291
296 292
80 293
326 293
93 293
73 294
274 294
243 296
96 296
101 296
303 296
169 296
310 297
239 297
114 297
62 298
248 299
290 299
59 299
175 299
208 300
133 301
184 302
134 302
226 302
291 302
208 303
127 303
142 303
277 303
26 304
295 304
309 304
246 304
172 304
228 304
190 305
172 307
91 308
17 308
89 308
186 309
137 309
222 310
168 311
10 312
170 312
270 312
255 313
1 313
84 313
325 314
170 315
308 315
314 316
198 318
177 318
115 318
290 318
3 319
158 320
43 320
296 320
262 321
308 321
65 321
141 322
125 323
134 323
113 324
256 324
120 325
107 325
211 326
125 327
277 327
2 328
114 328
18 330
252 331
188 331
85 331
218 332
150 332
146 332
28 332
17 333
196 335
277 336
102 338
188 338
102 339
67 339
68 339
145 339
33 340
41 340
68 341
297 341
163 341
309 342
286 342
32 343
69 344
121 344
256 345
268 345
