1000
721 0
839 2
874 2
880 3
594 4
983 5
772 5
646 7
936 7
962 8
834 9
674 9
286 10
840 10
174 10
80 10
509 10
893 11
230 13
425 13
215 13
420 15
117 16
592 19
33 20
600 21
759 22
278 29
514 29
619 31
840 33
449 33
377 34
904 34
571 35
301 35
494 35
465 36
70 36
585 38
663 39
854 40
318 41
466 42
51 42
905 43
498 43
563 44
864 45
755 46
705 46
963 47
475 47
404 49
766 52
106 53
3 53
719 53
522 54
741 56
637 57
365 59
389 60
64 66
591 67
541 67
74 68
354 68
718 69
164 70
728 70
901 71
724 72
806 73
771 74
825 77
760 77
624 78
40 78
119 80
426 80
677 81
110 81
616 81
720 81
915 82
564 83
758 84
286 86
126 87
440 87
90 90
588 90
754 91
849 93
733 93
799 93
232 93
275 94
305 95
123 96
777 97
574 97
908 97
607 100
88 100
529 100
404 101
933 101
298 101
589 101
625 106
973 106
497 108
421 109
47 110
252 111
593 112
8 112
766 113
521 113
320 115
707 116
571 116
755 117
457 118
82 119
593 119
229 121
925 122
556 122
660 122
663 123
529 123
818 126
995 126
50 127
96 127
377 128
104 128
69 131
457 131
190 133
871 135
913 137
139 137
72 138
902 138
516 138
595 141
905 142
373 142
630 143
69 146
936 151
311 153
514 155
691 155
14 156
141 156
180 157
340 157
620 158
505 160
859 162
452 163
275 163
26 164
708 165
574 167
350 168
164 169
23 170
611 170
952 171
207 174
635 175
164 176
226 178
70 179
396 179
279 181
271 182
428 182
608 182
809 183
881 184
561 184
853 185
268 185
192 185
481 186
69 188
251 188
360 188
436 188
526 189
277 190
169 190
294 191
86 192
366 194
194 195
177 195
300 195
242 199
197 200
777 201
467 201
180 202
787 203
59 204
723 205
570 205
160 206
729 206
527 207
589 208
535 209
454 209
499 212
651 213
29 213
482 213
453 213
398 215
928 215
506 216
579 216
866 217
85 217
507 218
594 220
899 222
918 225
673 225
734 227
919 228
782 229
862 231
327 231
250 232
146 234
468 235
568 235
72 236
36 236
594 237
730 237
66 238
520 238
237 240
284 240
768 243
497 243
258 243
557 245
609 245
921 247
335 247
173 247
860 250
355 250
533 250
263 251
578 253
381 254
871 254
508 255
248 256
997 258
464 260
512 260
933 261
969 261
24 262
664 263
202 263
990 264
881 264
424 265
428 266
436 268
529 268
530 268
958 269
192 271
238 271
465 272
903 272
146 273
813 274
149 275
602 276
617 276
534 277
305 278
466 278
400 281
728 284
368 285
801 286
954 288
361 288
566 291
823 292
672 295
534 295
190 295
73 297
20 298
404 299
645 300
86 302
777 303
966 304
990 304
21 305
95 305
363 306
943 306
837 308
146 310
250 310
284 311
175 311
277 311
139 311
88 314
414 315
447 317
874 318
197 319
407 319
524 320
819 324
999 326
835 326
176 327
750 328
249 328
521 329
241 330
242 330
486 331
481 332
919 332
845 333
234 333
941 334
440 335
408 335
13 336
319 338
541 339
473 340
17 342
452 343
822 345
532 346
852 346
852 347
24 348
749 349
686 350
133 350
263 353
52 356
787 357
424 357
935 357
286 358
986 360
871 361
102 362
811 363
445 363
77 364
770 364
177 364
881 365
976 365
922 367
94 367
243 368
666 368
674 371
442 372
640 372
422 372
141 373
425 374
343 375
852 375
115 376
223 376
481 377
975 381
102 381
695 381
713 383
461 385
540 385
903 386
834 387
738 389
378 391
849 392
420 393
275 394
339 395
457 397
634 398
898 399
668 400
575 401
64 403
51 404
732 407
516 407
286 410
449 412
688 413
987 413
240 413
679 414
70 416
687 416
67 418
661 420
35 425
106 426
865 427
485 430
268 431
596 432
538 434
780 435
718 436
415 436
688 438
125 440
384 441
958 441
350 442
660 442
279 443
759 444
233 447
150 447
87 448
82 448
799 450
260 453
860 453
651 455
696 455
23 456
693 456
412 457
993 458
956 460
930 461
213 462
198 463
361 463
398 465
738 466
164 466
241 467
161 467
669 469
592 470
698 470
992 472
291 473
377 473
963 474
564 474
475 476
56 477
146 478
675 478
455 478
537 481
798 482
37 483
466 483
54 483
918 484
879 484
744 484
341 485
698 485
221 485
860 485
760 487
644 487
900 488
399 489
509 490
71 491
727 491
834 493
494 493
1 494
716 496
662 503
837 503
284 505
979 506
459 509
749 510
696 511
418 514
183 515
61 516
505 521
841 521
221 521
821 522
979 524
196 525
316 525
65 525
401 526
724 527
132 527
224 527
299 528
727 529
511 529
976 530
258 530
316 531
853 532
458 533
35 534
309 534
759 534
983 535
465 537
222 537
70 538
948 538
135 539
421 540
881 540
641 541
944 545
40 546
799 546
882 546
629 546
75 547
903 549
375 551
570 552
258 554
846 554
942 555
244 556
490 557
222 560
435 561
200 561
793 564
142 565
419 567
263 570
793 571
868 571
800 573
345 573
934 575
543 576
482 576
318 578
386 579
67 579
705 580
388 581
229 581
328 582
52 582
225 586
638 586
448 590
390 590
930 590
902 591
515 593
307 594
406 594
517 595
394 597
981 597
952 599
840 600
769 600
959 601
747 601
794 601
156 602
986 602
136 605
822 605
846 606
215 607
108 609
329 613
91 613
903 614
138 617
683 617
200 617
154 618
264 618
489 620
658 620
895 620
990 621
735 622
842 622
408 625
894 626
493 626
666 626
203 630
706 630
582 631
703 632
165 632
835 632
136 634
559 636
341 637
81 637
509 637
222 639
664 639
985 642
733 644
246 644
833 645
262 645
919 645
565 647
159 648
7 648
459 649
274 650
567 651
86 651
537 652
91 653
883 654
73 654
766 654
417 656
366 656
55 656
761 657
787 658
14 658
167 659
899 661
931 661
155 662
730 663
158 664
843 664
473 665
831 666
14 667
904 669
94 669
703 669
906 671
442 671
790 672
606 672
760 674
117 674
684 675
574 676
1 676
666 676
938 677
118 679
587 681
911 681
365 681
966 683
961 683
109 685
708 689
264 690
179 690
925 691
937 691
578 692
95 693
714 695
472 696
14 697
453 697
111 697
849 699
910 699
250 701
115 704
466 707
858 708
225 710
530 710
733 710
289 711
545 712
163 712
429 715
612 715
36 719
884 719
629 719
374 720
897 721
791 721
63 722
218 724
758 727
489 727
127 727
326 730
351 731
66 733
603 734
618 734
518 734
170 735
644 737
246 738
694 739
428 741
145 741
594 742
725 742
443 743
316 744
606 745
528 745
876 747
102 747
162 749
161 749
25 750
502 751
130 752
877 752
415 753
399 755
797 755
389 757
788 758
48 758
176 761
766 764
275 765
225 766
610 767
598 768
45 769
276 769
698 770
252 774
675 777
178 777
80 780
801 780
266 780
548 782
630 783
93 784
290 788
29 790
526 791
757 791
104 791
451 793
415 795
425 797
372 797
47 798
861 798
860 800
392 800
394 800
891 800
488 801
714 805
890 805
773 806
247 806
686 808
815 808
238 809
436 810
81 812
533 812
160 813
908 813
129 813
202 813
726 814
181 815
440 815
770 816
42 818
732 818
937 819
172 820
43 821
679 821
669 823
516 824
1000 825
75 826
368 828
614 828
177 829
830 830
489 830
371 832
988 832
49 833
595 833
973 835
639 838
877 839
695 841
752 845
820 845
909 849
212 850
782 851
765 851
406 851
91 851
24 851
952 853
111 854
636 854
692 855
988 856
239 857
739 858
941 858
965 859
220 859
410 859
12 860
359 861
166 862
724 864
804 864
690 865
25 867
549 867
623 871
689 874
598 874
143 878
418 880
160 882
27 882
705 883
461 883
557 884
664 884
22 884
882 885
911 885
937 888
506 888
187 888
389 888
786 889
332 889
326 890
181 890
296 893
757 895
277 896
890 900
874 900
954 901
401 901
667 902
138 902
979 903
113 903
778 903
84 904
955 904
89 906
386 906
559 907
99 907
665 909
140 910
691 911
274 912
397 916
356 918
566 918
984 921
13 921
850 923
334 924
498 924
275 925
861 925
354 927
531 927
203 927
483 928
468 928
939 928
298 928
743 929
297 933
727 933
79 935
461 935
444 936
849 937
156 938
832 938
844 938
172 938
1 941
550 941
71 942
407 942
383 942
533 943
205 945
259 946
787 947
39 947
323 949
666 949
641 950
331 950
765 950
100 951
398 952
703 952
396 954
455 954
632 959
60 960
129 963
657 965
661 966
382 967
428 968
505 968
518 969
21 970
103 970
683 971
742 971
660 971
381 971
131 974
109 974
694 976
731 976
241 977
377 979
259 979
949 980
475 981
506 985
73 986
656 987
51 989
80 991
151 992
235 992
560 993
12 994
526 994
885 995
520 995
291 998
815 1000
570 1000
451 1000
