1000
540 2147483637
664 2147483637
484 2147483637
570 2147483637
266 2147483637
757 2147483637
333 2147483637
851 2147483637
62 2147483637
952 2147483637
278 2147483637
340 2147483637
129 2147483637
325 2147483637
223 2147483637
509 2147483637
95 2147483637
675 2147483637
491 2147483637
319 2147483637
740 2147483637
205 2147483637
587 2147483637
239 2147483637
758 2147483637
622 2147483637
709 2147483637
120 2147483637
889 2147483637
896 2147483637
364 2147483637
87 2147483637
487 2147483637
961 2147483637
595 2147483637
939 2147483637
259 2147483637
317 2147483637
983 2147483637
316 2147483637
285 2147483637
152 2147483637
52 2147483637
372 2147483637
207 2147483637
262 2147483637
100 2147483637
918 2147483637
251 2147483637
877 2147483637
826 2147483637
924 2147483637
926 2147483637
400 2147483637
211 2147483637
25 2147483637
229 2147483637
89 2147483637
462 2147483637
549 2147483637
396 2147483637
303 2147483637
268 2147483637
537 2147483637
261 2147483637
789 2147483637
436 2147483637
222 2147483637
191 2147483637
944 2147483637
468 2147483637
43 2147483637
274 2147483637
220 2147483637
722 2147483637
701 2147483637
194 2147483637
602 2147483637
72 2147483637
942 2147483637
550 2147483637
301 2147483637
483 2147483637
1000 2147483638
138 2147483638
648 2147483638
964 2147483638
832 2147483638
244 2147483638
256 2147483638
369 2147483638
963 2147483638
345 2147483638
542 2147483638
985 2147483638
292 2147483638
301 2147483638
237 2147483638
675 2147483638
628 2147483638
472 2147483638
22 2147483638
736 2147483638
14 2147483638
269 2147483638
174 2147483638
317 2147483638
840 2147483638
879 2147483638
650 2147483638
171 2147483638
274 2147483638
458 2147483638
844 2147483638
599 2147483638
682 2147483638
405 2147483638
55 2147483638
422 2147483638
642 2147483638
915 2147483638
681 2147483638
391 2147483638
90 2147483638
270 2147483638
948 2147483638
907 2147483638
394 2147483638
203 2147483638
258 2147483638
969 2147483638
313 2147483638
581 2147483638
594 2147483638
892 2147483638
377 2147483638
238 2147483638
207 2147483638
925 2147483638
796 2147483638
73 2147483638
706 2147483638
755 2147483638
848 2147483638
601 2147483638
317 2147483638
693 2147483638
261 2147483638
429 2147483638
437 2147483638
133 2147483638
79 2147483638
284 2147483638
904 2147483638
359 2147483638
940 2147483638
704 2147483638
497 2147483638
428 2147483638
102 2147483638
560 2147483638
469 2147483638
746 2147483638
214 2147483638
828 2147483638
410 2147483638
212 2147483638
547 2147483639
896 2147483639
289 2147483639
100 2147483639
149 2147483639
897 2147483639
263 2147483639
814 2147483639
937 2147483639
964 2147483639
937 2147483639
759 2147483639
103 2147483639
45 2147483639
907 2147483639
71 2147483639
475 2147483639
911 2147483639
377 2147483639
777 2147483639
747 2147483639
846 2147483639
99 2147483639
581 2147483639
861 2147483639
937 2147483639
594 2147483639
857 2147483639
448 2147483639
47 2147483639
125 2147483639
240 2147483639
841 2147483639
155 2147483639
43 2147483639
348 2147483639
300 2147483639
796 2147483639
130 2147483639
868 2147483639
74 2147483639
941 2147483639
662 2147483639
773 2147483639
556 2147483639
614 2147483639
113 2147483639
862 2147483639
573 2147483639
168 2147483639
679 2147483639
502 2147483639
493 2147483639
678 2147483639
153 2147483639
855 2147483639
470 2147483639
316 2147483639
821 2147483639
31 2147483639
820 2147483639
211 2147483639
210 2147483639
6 2147483639
283 2147483639
898 2147483639
815 2147483639
449 2147483639
613 2147483639
851 2147483639
725 2147483639
785 2147483639
656 2147483639
547 2147483639
53 2147483639
642 2147483639
266 2147483639
624 2147483639
299 2147483639
955 2147483639
224 2147483640
110 2147483640
177 2147483640
805 2147483640
552 2147483640
366 2147483640
611 2147483640
41 2147483640
879 2147483640
185 2147483640
137 2147483640
788 2147483640
284 2147483640
616 2147483640
457 2147483640
479 2147483640
512 2147483640
987 2147483640
349 2147483640
114 2147483640
329 2147483640
674 2147483640
89 2147483640
131 2147483640
228 2147483640
222 2147483640
602 2147483640
914 2147483640
791 2147483640
554 2147483640
870 2147483640
278 2147483640
679 2147483640
581 2147483640
61 2147483640
510 2147483640
692 2147483640
988 2147483640
377 2147483640
792 2147483640
926 2147483640
742 2147483640
108 2147483640
435 2147483640
31 2147483640
29 2147483640
397 2147483640
342 2147483640
651 2147483640
585 2147483640
72 2147483640
761 2147483640
913 2147483640
211 2147483640
441 2147483640
582 2147483640
962 2147483640
510 2147483640
236 2147483640
980 2147483640
481 2147483640
455 2147483640
782 2147483640
546 2147483640
959 2147483640
581 2147483640
333 2147483640
137 2147483640
441 2147483640
275 2147483640
338 2147483640
637 2147483640
641 2147483640
455 2147483640
244 2147483640
539 2147483640
477 2147483640
272 2147483640
522 2147483640
295 2147483640
713 2147483640
632 2147483641
126 2147483641
147 2147483641
703 2147483641
736 2147483641
210 2147483641
241 2147483641
35 2147483641
739 2147483641
666 2147483641
579 2147483641
257 2147483641
88 2147483641
68 2147483641
860 2147483641
869 2147483641
923 2147483641
237 2147483641
237 2147483641
465 2147483641
282 2147483641
49 2147483641
280 2147483641
526 2147483641
396 2147483641
246 2147483641
444 2147483641
418 2147483641
827 2147483641
739 2147483641
302 2147483641
882 2147483641
254 2147483641
452 2147483641
609 2147483641
326 2147483641
31 2147483641
869 2147483641
231 2147483641
456 2147483641
699 2147483641
371 2147483641
621 2147483641
539 2147483641
419 2147483641
266 2147483641
436 2147483641
664 2147483641
104 2147483641
386 2147483641
253 2147483641
571 2147483641
267 2147483641
295 2147483641
716 2147483641
190 2147483641
828 2147483641
348 2147483641
302 2147483641
920 2147483641
441 2147483641
465 2147483641
724 2147483641
927 2147483641
259 2147483641
632 2147483641
922 2147483641
12 2147483641
780 2147483641
507 2147483641
628 2147483641
143 2147483641
265 2147483641
625 2147483641
668 2147483641
687 2147483641
59 2147483641
23 2147483641
187 2147483641
265 2147483641
379 2147483641
425 2147483641
317 2147483641
467 2147483641
41 2147483641
297 2147483641
479 2147483641
655 2147483641
452 2147483641
156 2147483641
683 2147483641
275 2147483641
187 2147483641
607 2147483642
682 2147483642
583 2147483642
446 2147483642
800 2147483642
72 2147483642
424 2147483642
230 2147483642
222 2147483642
267 2147483642
294 2147483642
809 2147483642
244 2147483642
473 2147483642
116 2147483642
964 2147483642
746 2147483642
315 2147483642
625 2147483642
996 2147483642
683 2147483642
440 2147483642
896 2147483642
678 2147483642
864 2147483642
334 2147483642
25 2147483642
494 2147483642
848 2147483642
965 2147483642
124 2147483642
717 2147483642
354 2147483642
644 2147483642
707 2147483642
17 2147483642
737 2147483642
92 2147483642
790 2147483642
145 2147483642
718 2147483642
852 2147483642
231 2147483642
68 2147483642
825 2147483642
905 2147483642
200 2147483642
747 2147483642
866 2147483642
891 2147483642
139 2147483642
744 2147483642
669 2147483642
917 2147483642
543 2147483642
387 2147483642
925 2147483642
234 2147483642
176 2147483642
34 2147483642
858 2147483642
228 2147483642
997 2147483642
776 2147483642
875 2147483642
81 2147483642
193 2147483642
402 2147483642
780 2147483642
374 2147483642
142 2147483642
111 2147483642
248 2147483642
378 2147483642
536 2147483642
237 2147483642
754 2147483642
451 2147483642
240 2147483642
739 2147483642
958 2147483642
78 2147483642
847 2147483642
446 2147483642
686 2147483642
457 2147483642
787 2147483642
906 2147483642
876 2147483642
756 2147483642
74 2147483642
280 2147483642
958 2147483642
916 2147483642
922 2147483642
835 2147483642
770 2147483642
788 2147483642
400 2147483642
701 2147483643
729 2147483643
857 2147483643
815 2147483643
520 2147483643
34 2147483643
808 2147483643
89 2147483643
684 2147483643
884 2147483643
968 2147483643
992 2147483643
630 2147483643
579 2147483643
26 2147483643
832 2147483643
98 2147483643
713 2147483643
120 2147483643
1000 2147483643
760 2147483643
446 2147483643
574 2147483643
114 2147483643
886 2147483643
118 2147483643
767 2147483643
126 2147483643
57 2147483643
102 2147483643
954 2147483643
953 2147483643
768 2147483643
467 2147483643
828 2147483643
463 2147483643
806 2147483643
332 2147483643
93 2147483643
644 2147483643
327 2147483643
356 2147483643
12 2147483643
946 2147483643
806 2147483643
628 2147483643
754 2147483643
926 2147483643
461 2147483643
832 2147483643
551 2147483643
742 2147483643
722 2147483643
193 2147483643
191 2147483643
906 2147483643
282 2147483643
468 2147483643
959 2147483643
411 2147483643
1000 2147483643
97 2147483643
894 2147483643
429 2147483643
112 2147483643
634 2147483643
287 2147483643
706 2147483643
222 2147483643
941 2147483643
34 2147483643
355 2147483643
795 2147483643
757 2147483643
325 2147483643
293 2147483643
944 2147483643
688 2147483643
47 2147483643
878 2147483643
19 2147483643
407 2147483643
163 2147483643
82 2147483643
340 2147483643
651 2147483643
917 2147483643
500 2147483643
41 2147483643
549 2147483643
361 2147483643
278 2147483643
885 2147483643
224 2147483643
650 2147483643
301 2147483643
939 2147483643
308 2147483643
409 2147483643
284 2147483643
21 2147483643
495 2147483644
391 2147483644
337 2147483644
614 2147483644
730 2147483644
878 2147483644
202 2147483644
893 2147483644
250 2147483644
528 2147483644
251 2147483644
781 2147483644
334 2147483644
857 2147483644
601 2147483644
115 2147483644
909 2147483644
653 2147483644
356 2147483644
839 2147483644
906 2147483644
37 2147483644
505 2147483644
466 2147483644
572 2147483644
804 2147483644
301 2147483644
994 2147483644
586 2147483644
444 2147483644
346 2147483644
735 2147483644
497 2147483644
836 2147483644
975 2147483644
213 2147483644
869 2147483644
366 2147483644
34 2147483644
385 2147483644
247 2147483644
764 2147483644
176 2147483644
321 2147483644
447 2147483644
841 2147483644
676 2147483644
237 2147483644
213 2147483644
884 2147483644
135 2147483644
240 2147483644
633 2147483644
192 2147483644
642 2147483644
871 2147483644
980 2147483644
558 2147483644
730 2147483644
76 2147483644
719 2147483644
81 2147483644
696 2147483644
846 2147483644
264 2147483644
550 2147483644
389 2147483644
729 2147483644
363 2147483644
131 2147483644
623 2147483644
396 2147483644
21 2147483644
57 2147483644
967 2147483644
885 2147483644
665 2147483644
64 2147483644
396 2147483644
90 2147483644
572 2147483644
459 2147483644
923 2147483644
603 2147483644
82 2147483644
960 2147483644
562 2147483644
424 2147483644
689 2147483644
497 2147483644
769 2147483644
284 2147483644
573 2147483644
510 2147483644
713 2147483644
649 2147483644
861 2147483644
409 2147483644
824 2147483645
767 2147483645
52 2147483645
279 2147483645
346 2147483645
607 2147483645
833 2147483645
844 2147483645
999 2147483645
771 2147483645
31 2147483645
951 2147483645
702 2147483645
795 2147483645
218 2147483645
950 2147483645
699 2147483645
513 2147483645
57 2147483645
607 2147483645
408 2147483645
986 2147483645
415 2147483645
579 2147483645
979 2147483645
857 2147483645
723 2147483645
511 2147483645
746 2147483645
747 2147483645
207 2147483645
324 2147483645
986 2147483645
684 2147483645
491 2147483645
246 2147483645
332 2147483645
835 2147483645
439 2147483645
894 2147483645
424 2147483645
932 2147483645
157 2147483645
559 2147483645
817 2147483645
170 2147483645
184 2147483645
496 2147483645
457 2147483645
210 2147483645
422 2147483645
17 2147483645
545 2147483645
82 2147483645
740 2147483645
856 2147483645
249 2147483645
628 2147483645
661 2147483645
421 2147483645
994 2147483645
438 2147483645
785 2147483645
949 2147483645
729 2147483645
366 2147483645
998 2147483645
275 2147483645
551 2147483645
754 2147483645
320 2147483645
795 2147483645
641 2147483645
807 2147483645
868 2147483645
502 2147483645
399 2147483645
312 2147483645
995 2147483645
84 2147483645
675 2147483645
520 2147483645
807 2147483645
995 2147483645
116 2147483645
734 2147483645
645 2147483645
497 2147483645
540 2147483645
531 2147483645
518 2147483645
664 2147483645
516 2147483646
200 2147483646
158 2147483646
194 2147483646
613 2147483646
963 2147483646
888 2147483646
110 2147483646
67 2147483646
612 2147483646
961 2147483646
595 2147483646
628 2147483646
101 2147483646
997 2147483646
601 2147483646
402 2147483646
474 2147483646
366 2147483646
927 2147483646
756 2147483646
295 2147483646
206 2147483646
633 2147483646
331 2147483646
761 2147483646
775 2147483646
853 2147483646
763 2147483646
384 2147483646
655 2147483646
423 2147483646
962 2147483646
441 2147483646
280 2147483646
97 2147483646
736 2147483646
741 2147483646
507 2147483646
452 2147483646
678 2147483646
504 2147483646
651 2147483646
905 2147483646
633 2147483646
411 2147483646
933 2147483646
991 2147483646
794 2147483646
506 2147483646
148 2147483646
784 2147483646
251 2147483646
555 2147483646
514 2147483646
477 2147483646
110 2147483646
884 2147483646
708 2147483646
463 2147483646
566 2147483646
118 2147483646
616 2147483646
229 2147483646
923 2147483646
171 2147483646
862 2147483646
409 2147483646
725 2147483646
620 2147483646
952 2147483646
53 2147483646
995 2147483646
55 2147483646
564 2147483646
772 2147483646
968 2147483646
545 2147483646
253 2147483646
457 2147483646
264 2147483646
229 2147483646
305 2147483646
902 2147483646
17 2147483646
904 2147483646
291 2147483646
42 2147483646
440 2147483646
699 2147483646
795 2147483647
701 2147483647
280 2147483647
657 2147483647
401 2147483647
6 2147483647
469 2147483647
17 2147483647
942 2147483647
71 2147483647
745 2147483647
380 2147483647
387 2147483647
700 2147483647
241 2147483647
404 2147483647
998 2147483647
985 2147483647
942 2147483647
992 2147483647
655 2147483647
890 2147483647
585 2147483647
295 2147483647
171 2147483647
419 2147483647
330 2147483647
820 2147483647
562 2147483647
568 2147483647
241 2147483647
387 2147483647
856 2147483647
675 2147483647
927 2147483647
733 2147483647
663 2147483647
823 2147483647
416 2147483647
183 2147483647
848 2147483647
341 2147483647
433 2147483647
759 2147483647
499 2147483647
61 2147483647
686 2147483647
94 2147483647
382 2147483647
810 2147483647
402 2147483647
313 2147483647
142 2147483647
848 2147483647
551 2147483647
973 2147483647
186 2147483647
523 2147483647
372 2147483647
797 2147483647
634 2147483647
878 2147483647
172 2147483647
693 2147483647
689 2147483647
79 2147483647
595 2147483647
294 2147483647
798 2147483647
483 2147483647
237 2147483647
131 2147483647
13 2147483647
134 2147483647
954 2147483647
877 2147483647
912 2147483647
85 2147483647
787 2147483647
971 2147483647
165 2147483647
107 2147483647
645 2147483647
376 2147483647
383 2147483647
844 2147483647
799 2147483647
471 2147483647
222 2147483647
790 2147483647
861 2147483647
773 2147483647
218 2147483647
834 2147483647
802 2147483647
44 2147483647
997 2147483647
956 2147483647
967 2147483647
