164
24 9
34 9
100 20
399 24
7 25
565 31
579 34
181 34
606 38
97 50
495 68
538 69
641 70
654 72
232 77
353 78
232 79
487 82
533 96
51 105
337 111
53 112
41 118
129 123
516 127
291 133
47 137
15 145
84 147
517 150
371 154
453 157
59 157
120 163
221 168
57 184
321 186
201 198
586 204
561 204
409 205
264 205
217 208
437 209
343 209
479 212
584 214
507 216
494 218
217 219
229 225
214 229
408 232
338 234
305 235
429 238
139 240
606 245
141 246
229 256
632 263
650 266
654 277
410 280
290 282
184 284
172 285
395 291
149 292
579 293
480 304
327 308
365 310
373 312
237 313
647 313
59 317
267 319
674 319
196 321
549 330
251 334
35 336
211 337
146 339
465 347
478 352
305 361
505 363
134 367
664 378
293 382
168 384
299 385
10 394
515 401
165 402
189 402
478 408
580 408
63 411
80 412
311 421
300 421
434 422
337 424
411 426
550 427
186 429
327 430
223 433
624 441
617 446
190 450
488 452
569 463
529 464
640 469
531 473
618 474
651 475
132 478
235 479
177 480
582 490
280 500
404 503
180 505
367 514
350 522
65 532
311 537
416 539
530 541
42 541
573 542
115 542
611 552
31 557
304 564
484 566
236 569
145 571
337 572
377 573
249 576
671 583
155 596
39 597
222 598
650 600
339 601
175 607
540 619
455 620
75 621
588 623
71 630
619 636
573 640
349 640
113 641
239 641
29 645
