1000
297 0
672 0
653 1
10 1
964 1
421 2
58 3
579 5
454 6
132 6
22 8
159 9
400 9
520 11
322 13
716 13
926 14
282 16
843 16
593 16
143 18
659 18
732 18
174 19
914 19
244 20
472 20
889 20
182 20
47 22
574 22
150 24
839 25
566 25
894 25
17 26
73 26
597 27
981 28
377 28
765 29
136 31
276 31
509 32
359 35
718 35
445 35
986 36
141 37
625 39
860 39
779 43
443 44
906 44
408 44
409 45
258 45
437 47
476 47
426 49
254 49
47 49
229 50
205 50
48 51
446 52
1 53
172 54
461 54
20 55
238 55
233 55
556 58
482 58
365 59
802 59
337 62
607 62
916 63
139 64
545 64
247 65
449 67
236 67
863 67
967 68
573 68
414 68
299 68
726 70
15 72
408 74
853 75
553 76
858 76
26 78
881 80
612 81
436 82
262 84
913 84
296 85
73 86
96 86
323 87
818 88
206 89
689 89
97 90
172 91
985 93
839 93
46 95
7 96
292 96
964 98
639 98
922 99
35 99
994 102
695 103
7 103
465 105
771 106
623 107
352 107
69 111
60 112
272 112
138 113
954 113
402 114
542 114
403 114
909 116
125 118
83 120
358 123
201 124
14 124
721 125
29 126
746 127
190 131
730 132
916 133
628 133
225 134
246 134
765 135
626 136
93 138
518 140
172 141
779 141
884 143
670 144
812 145
613 146
815 147
416 148
450 152
653 152
268 153
325 153
680 153
337 153
641 154
929 154
21 154
649 159
124 159
167 160
124 161
927 162
280 163
148 163
491 164
268 164
917 168
334 168
922 170
669 171
581 171
202 172
653 174
553 174
671 175
782 175
302 175
457 176
422 177
607 178
359 180
528 180
564 182
519 183
227 183
318 184
241 186
25 188
607 189
627 190
220 193
573 193
549 193
807 194
615 195
528 196
80 197
718 197
850 199
936 200
988 201
556 205
454 205
404 210
151 212
636 213
549 217
418 218
662 218
925 218
237 219
293 219
486 219
967 220
303 220
631 221
242 222
23 223
699 224
849 226
679 229
900 231
596 233
127 234
898 235
426 236
420 236
572 239
569 239
2 240
149 241
209 242
763 242
336 242
606 244
905 245
823 245
769 245
702 247
37 247
211 247
41 249
902 249
855 250
572 252
952 257
544 262
334 262
925 264
69 265
695 267
463 267
171 270
591 271
590 271
966 272
785 273
695 274
502 274
474 275
331 279
323 280
180 282
480 285
69 285
622 286
150 286
812 287
551 287
377 287
280 288
634 289
919 291
318 292
938 293
13 295
105 296
729 299
710 300
536 302
118 303
824 304
749 305
461 306
153 307
549 308
636 308
142 308
711 309
779 309
324 309
425 309
364 309
318 310
767 316
575 317
159 318
277 319
284 320
53 321
390 321
812 321
917 322
61 322
604 325
546 327
483 328
320 328
160 328
321 332
497 332
806 335
604 336
12 341
123 343
695 344
234 345
753 347
289 348
487 349
904 349
239 353
594 354
879 354
371 355
553 356
923 356
797 357
340 358
644 358
535 359
372 360
455 362
406 362
67 362
35 362
707 362
703 366
894 368
717 370
931 371
459 371
321 371
687 372
125 373
865 374
145 377
741 379
389 380
211 380
462 380
541 380
432 381
500 382
554 383
483 385
165 387
481 387
964 389
358 389
682 389
440 390
880 390
773 390
548 391
97 391
737 392
369 392
808 396
166 396
632 397
135 399
869 399
974 400
369 401
741 401
95 402
853 403
409 403
59 404
535 404
68 404
542 404
488 406
447 406
954 409
554 411
614 411
688 411
649 413
18 415
241 416
466 417
587 421
177 422
894 423
421 424
212 424
337 424
210 425
689 425
402 426
790 426
275 426
606 427
193 429
989 429
353 430
250 430
268 430
701 431
428 433
896 435
358 435
549 435
639 435
101 437
306 437
800 437
278 441
803 442
571 442
574 442
857 446
399 447
784 449
714 451
821 453
565 454
230 454
234 454
931 455
543 455
628 458
223 463
489 465
408 465
192 465
993 466
750 471
38 472
353 473
912 474
746 476
33 479
274 480
911 482
167 486
848 487
750 488
360 489
182 489
668 489
418 490
800 490
636 491
307 492
417 492
24 493
558 493
407 495
520 498
174 500
232 502
571 504
811 504
649 506
334 507
703 508
63 509
931 511
435 511
704 511
746 512
358 512
978 513
468 513
731 515
655 516
918 516
526 518
604 520
264 522
120 522
460 524
676 525
319 526
788 526
551 527
547 528
14 528
956 530
121 530
402 531
569 531
608 532
103 533
205 534
931 536
631 537
590 537
965 537
3 538
352 539
276 540
400 542
254 542
946 543
283 544
279 544
491 545
747 546
526 546
882 548
742 551
990 551
779 553
821 554
916 556
855 556
546 557
872 557
78 557
586 558
941 558
52 560
500 561
111 561
310 562
355 562
847 564
23 564
351 564
333 565
930 566
702 566
771 567
520 568
942 568
496 570
625 571
115 572
850 572
946 572
417 572
248 573
163 575
115 575
349 576
187 577
351 580
471 581
191 582
978 582
265 583
723 583
594 585
613 585
342 586
523 588
82 589
313 589
82 590
501 592
652 595
65 596
200 596
280 597
881 599
693 599
586 599
72 599
99 601
878 602
255 603
674 604
769 604
199 606
654 608
690 610
990 612
770 612
644 613
495 613
954 614
526 614
559 614
432 616
60 616
915 617
376 620
143 621
99 623
348 623
180 624
8 625
821 627
706 627
688 629
172 630
140 631
506 632
929 632
858 633
963 634
306 637
659 638
729 639
486 640
470 640
565 641
484 641
797 641
978 641
989 642
587 643
567 644
884 647
488 648
880 648
438 648
249 653
3 654
845 654
15 656
809 656
371 657
491 657
797 658
48 658
142 660
142 661
503 662
980 662
533 664
569 664
462 666
888 666
182 666
43 667
610 667
447 668
813 668
379 669
826 671
848 671
867 671
467 672
738 672
80 675
466 678
93 679
511 680
825 683
952 684
121 685
559 686
806 687
53 687
908 689
806 689
498 689
856 689
961 690
109 692
222 694
847 696
293 696
504 696
900 699
333 699
805 700
840 703
392 703
911 705
361 707
759 708
926 708
559 708
548 708
676 710
394 711
867 713
951 713
38 714
135 715
528 717
101 717
989 717
788 717
832 720
687 721
254 722
621 722
186 723
31 727
869 727
368 728
592 728
476 728
810 730
336 731
904 732
438 732
75 733
953 734
848 735
957 736
140 737
479 737
781 741
243 742
242 743
446 743
733 744
296 745
925 746
710 747
250 747
209 748
833 749
146 750
99 752
9 752
333 752
10 752
628 754
34 755
157 758
811 759
978 760
716 762
99 762
422 766
859 768
382 768
272 768
99 769
860 770
403 770
115 772
498 773
644 776
406 778
353 778
946 778
853 780
991 781
977 781
341 781
405 782
801 782
887 782
821 782
673 783
779 783
444 784
39 785
992 786
915 788
202 788
569 790
823 791
715 795
29 795
485 796
184 796
362 797
831 797
682 799
604 800
946 800
828 800
134 801
568 801
625 803
203 804
768 804
499 804
331 806
268 807
512 808
830 808
656 811
180 812
79 812
732 813
3 813
167 814
481 815
50 817
127 817
354 818
413 818
539 818
845 819
709 819
409 819
716 822
32 822
375 823
103 823
534 825
567 826
518 828
412 829
910 829
728 830
268 830
235 831
672 831
815 831
800 831
344 833
731 834
447 834
548 834
337 836
29 837
766 837
931 838
248 839
89 842
218 843
744 843
24 843
650 845
95 846
739 846
853 846
602 848
541 849
458 849
880 851
489 852
171 852
463 854
951 855
192 856
755 856
527 857
284 859
156 860
348 861
338 861
68 864
430 864
517 865
843 865
576 867
802 868
948 868
387 868
88 868
506 869
796 870
434 875
487 878
131 878
981 879
339 881
927 882
787 884
371 885
423 886
23 887
344 887
631 887
693 888
838 888
96 888
491 890
353 891
79 891
471 892
848 896
379 898
502 898
910 898
926 899
126 900
790 901
913 901
737 901
580 902
427 902
731 902
316 904
667 908
587 908
455 908
692 909
591 909
918 910
145 910
975 910
986 910
495 910
771 911
93 913
628 915
484 917
506 917
128 920
403 924
333 925
234 926
346 927
63 928
905 929
398 930
526 930
875 931
589 932
335 933
943 936
136 937
767 937
549 937
626 937
941 938
626 938
291 939
356 939
354 940
631 943
821 945
424 946
948 946
821 946
363 948
88 948
154 949
650 949
699 950
160 950
950 950
291 951
531 952
715 953
642 953
812 954
881 954
400 954
716 956
537 956
675 956
791 958
813 958
431 959
171 960
989 960
666 961
522 962
150 962
929 963
868 963
582 965
231 969
109 969
120 970
989 970
742 972
607 972
280 974
602 977
515 979
610 979
161 979
406 979
731 981
291 981
861 981
369 984
923 987
607 988
636 989
134 989
44 990
925 991
779 993
382 995
951 997
505 998
223 998
519 998
271 1000
