604
95 0
537 1
343 4
286 6
301 6
370 7
348 7
129 8
738 10
176 11
292 12
699 14
334 14
311 16
184 18
232 18
160 19
548 19
326 20
555 27
489 29
146 33
204 33
366 33
453 35
182 35
34 36
653 37
156 37
684 38
660 39
313 39
748 41
214 41
24 41
340 41
500 43
609 44
15 45
594 45
103 46
337 47
67 47
670 47
427 48
341 49
137 52
641 52
308 55
260 58
313 58
684 59
133 61
594 62
644 63
459 66
377 67
643 68
297 70
1 72
300 75
539 75
140 78
516 80
415 86
122 88
284 88
512 91
475 92
99 94
645 95
399 96
652 99
753 100
459 102
514 103
465 105
464 106
708 106
60 107
594 107
560 109
101 111
535 114
737 114
267 115
315 119
352 122
656 122
391 123
747 124
105 124
723 125
315 126
206 126
415 128
447 128
432 129
522 130
426 131
195 132
704 135
729 135
553 136
96 137
582 140
7 144
604 146
395 146
453 146
15 146
570 148
587 151
588 151
144 152
263 153
484 154
171 155
728 155
588 156
261 156
581 156
411 157
647 157
449 159
676 161
162 165
392 168
742 170
680 171
307 172
360 173
283 177
394 179
345 179
644 179
335 180
333 183
616 185
87 186
348 186
395 186
686 187
673 187
531 187
72 188
304 188
427 190
176 192
132 192
207 192
720 193
495 193
534 194
281 197
73 197
443 197
645 200
237 201
710 201
120 202
395 204
378 205
289 208
304 209
529 212
394 213
215 214
19 214
235 216
365 218
373 220
573 220
495 220
394 221
307 222
454 222
227 224
43 225
344 225
625 227
353 227
334 228
503 228
352 228
547 228
348 231
331 232
431 233
466 234
479 234
493 235
377 236
431 239
546 239
231 240
224 242
685 243
236 244
487 245
243 246
497 246
339 246
328 247
47 249
525 251
582 254
7 254
330 255
30 259
690 263
202 263
146 264
744 264
271 266
695 266
178 267
174 274
305 278
144 280
374 280
297 281
255 282
141 283
612 283
481 285
270 289
200 291
416 291
571 294
293 296
751 298
736 298
144 301
273 301
54 301
62 303
63 304
206 304
117 305
381 306
335 307
633 310
403 311
572 312
437 313
45 313
660 315
53 316
755 317
94 318
176 318
329 319
411 321
376 322
334 325
552 325
452 325
341 326
640 328
396 329
578 330
362 332
605 332
507 337
32 337
469 338
683 341
392 341
92 343
573 343
506 344
141 345
182 346
667 346
89 350
317 352
143 353
630 354
714 355
100 356
500 358
544 359
551 360
411 360
431 362
59 363
481 363
133 366
189 366
378 367
343 367
442 367
148 368
172 368
221 369
226 372
317 375
728 377
255 378
107 380
382 383
204 384
182 384
672 385
329 386
17 387
692 388
134 388
716 389
167 389
599 389
252 394
721 397
173 399
492 399
461 400
616 401
585 401
521 401
367 404
155 404
296 404
90 405
298 407
124 409
136 410
740 410
187 411
697 413
184 413
558 415
3 418
196 418
163 419
496 419
89 420
264 423
341 424
401 424
228 426
564 427
533 427
171 428
185 428
359 429
531 430
377 431
126 433
603 433
107 434
5 434
489 436
106 439
220 439
535 440
702 441
445 442
369 445
710 445
264 446
594 446
175 448
635 448
536 453
132 454
645 455
637 457
521 458
301 458
636 458
38 460
482 461
75 461
341 461
555 462
622 464
288 464
194 464
512 467
581 467
706 467
440 469
144 470
115 473
659 473
386 475
294 480
261 481
137 483
246 484
612 484
721 488
232 488
27 489
421 489
502 489
451 492
255 493
265 494
177 496
21 497
12 498
608 498
113 498
734 499
250 500
9 502
462 504
69 505
638 505
555 507
440 507
415 509
196 511
504 511
714 512
252 512
155 514
486 516
181 516
179 517
588 520
616 521
521 523
695 528
589 528
6 530
499 534
376 535
61 535
572 535
76 535
688 538
503 541
265 541
136 543
141 544
174 545
171 546
394 546
536 547
389 547
695 550
561 550
628 551
421 551
589 551
585 552
467 554
590 556
704 557
663 557
695 558
168 559
27 561
193 562
26 562
609 562
388 562
235 564
314 564
474 565
302 568
226 569
254 570
322 570
238 574
388 577
452 577
248 579
260 580
422 581
714 582
538 582
96 582
34 583
537 583
22 589
439 589
289 591
720 592
546 593
489 594
147 594
752 598
732 600
648 601
130 602
26 603
153 607
94 607
654 608
162 610
222 610
623 610
704 612
573 612
602 616
390 616
587 617
38 618
145 618
132 620
282 622
322 624
422 624
727 625
23 625
411 627
119 627
580 628
524 629
542 629
576 632
49 634
386 635
232 635
733 636
236 639
376 642
302 642
504 643
58 643
389 644
95 645
124 646
505 648
179 650
368 651
439 653
519 653
250 654
22 655
66 656
756 660
321 660
104 661
104 662
238 662
451 664
290 667
341 668
443 669
579 671
94 673
409 674
228 676
67 677
445 678
157 680
232 680
661 686
54 691
607 692
218 692
431 693
733 695
752 696
338 698
568 698
702 702
538 702
124 703
600 703
259 703
744 705
250 708
225 710
195 710
538 710
85 711
600 712
537 712
687 712
453 713
122 714
631 714
590 716
257 717
506 719
39 721
282 725
418 726
377 726
263 727
31 728
112 730
348 731
77 732
133 733
60 733
663 736
352 736
746 736
678 737
527 738
566 739
83 740
750 740
599 740
441 741
483 743
705 745
