1000
298 2147483637
852 2147483637
312 2147483637
603 2147483637
573 2147483637
438 2147483637
449 2147483637
853 2147483637
75 2147483637
959 2147483637
726 2147483637
251 2147483637
537 2147483637
534 2147483637
527 2147483637
280 2147483637
89 2147483637
540 2147483637
334 2147483637
95 2147483637
887 2147483637
203 2147483637
453 2147483637
310 2147483637
927 2147483637
461 2147483637
699 2147483637
613 2147483637
573 2147483637
49 2147483637
480 2147483637
125 2147483637
962 2147483637
637 2147483637
625 2147483637
228 2147483637
156 2147483637
921 2147483637
393 2147483637
790 2147483637
112 2147483637
331 2147483637
453 2147483637
573 2147483637
467 2147483637
809 2147483637
157 2147483637
505 2147483637
903 2147483637
917 2147483637
331 2147483637
757 2147483637
783 2147483637
533 2147483637
19 2147483637
201 2147483637
869 2147483637
178 2147483637
192 2147483637
64 2147483637
657 2147483637
764 2147483637
388 2147483637
19 2147483637
629 2147483637
1 2147483637
398 2147483637
787 2147483637
69 2147483637
20 2147483637
502 2147483637
234 2147483637
225 2147483637
250 2147483637
604 2147483637
16 2147483637
575 2147483637
203 2147483637
446 2147483637
383 2147483637
593 2147483637
691 2147483637
692 2147483637
336 2147483637
457 2147483637
725 2147483637
68 2147483637
92 2147483637
172 2147483637
702 2147483637
465 2147483637
586 2147483637
711 2147483637
434 2147483637
499 2147483637
795 2147483637
17 2147483637
183 2147483637
415 2147483637
387 2147483637
418 2147483638
630 2147483638
362 2147483638
434 2147483638
653 2147483638
944 2147483638
81 2147483638
191 2147483638
639 2147483638
526 2147483638
913 2147483638
141 2147483638
537 2147483638
335 2147483638
168 2147483638
908 2147483638
635 2147483638
120 2147483638
453 2147483638
379 2147483638
443 2147483638
284 2147483638
842 2147483638
611 2147483638
87 2147483638
500 2147483638
412 2147483638
281 2147483638
961 2147483638
444 2147483638
934 2147483638
736 2147483638
453 2147483638
817 2147483638
987 2147483638
156 2147483638
520 2147483638
423 2147483638
68 2147483638
304 2147483638
969 2147483638
835 2147483638
164 2147483638
632 2147483638
704 2147483638
193 2147483638
590 2147483638
992 2147483638
617 2147483638
929 2147483638
517 2147483638
435 2147483638
380 2147483638
720 2147483638
784 2147483638
202 2147483638
531 2147483638
385 2147483638
206 2147483638
392 2147483638
428 2147483638
775 2147483638
891 2147483638
547 2147483638
53 2147483638
845 2147483638
412 2147483638
556 2147483638
328 2147483638
945 2147483638
451 2147483638
228 2147483638
978 2147483638
341 2147483638
904 2147483638
581 2147483638
861 2147483638
752 2147483639
678 2147483639
217 2147483639
23 2147483639
99 2147483639
5 2147483639
325 2147483639
29 2147483639
67 2147483639
756 2147483639
481 2147483639
582 2147483639
816 2147483639
922 2147483639
557 2147483639
948 2147483639
377 2147483639
621 2147483639
888 2147483639
688 2147483639
546 2147483639
863 2147483639
287 2147483639
380 2147483639
324 2147483639
905 2147483639
216 2147483639
159 2147483639
321 2147483639
391 2147483639
897 2147483639
117 2147483639
676 2147483639
607 2147483639
443 2147483639
327 2147483639
118 2147483639
361 2147483639
75 2147483639
567 2147483639
972 2147483639
870 2147483639
985 2147483639
582 2147483639
802 2147483639
271 2147483639
946 2147483639
427 2147483639
973 2147483639
112 2147483639
784 2147483639
74 2147483639
925 2147483639
768 2147483639
225 2147483639
287 2147483639
67 2147483639
442 2147483639
51 2147483639
907 2147483639
470 2147483639
931 2147483639
715 2147483639
576 2147483639
899 2147483639
531 2147483639
793 2147483639
347 2147483639
722 2147483639
686 2147483639
993 2147483639
872 2147483639
823 2147483639
94 2147483639
914 2147483639
669 2147483639
934 2147483639
762 2147483639
269 2147483639
988 2147483639
300 2147483639
828 2147483639
226 2147483640
799 2147483640
90 2147483640
562 2147483640
870 2147483640
105 2147483640
229 2147483640
254 2147483640
340 2147483640
92 2147483640
755 2147483640
591 2147483640
714 2147483640
507 2147483640
152 2147483640
121 2147483640
810 2147483640
630 2147483640
539 2147483640
533 2147483640
551 2147483640
683 2147483640
228 2147483640
191 2147483640
414 2147483640
844 2147483640
142 2147483640
51 2147483640
251 2147483640
326 2147483640
414 2147483640
155 2147483640
159 2147483640
912 2147483640
878 2147483640
286 2147483640
346 2147483640
562 2147483640
927 2147483640
234 2147483640
432 2147483640
238 2147483640
58 2147483640
433 2147483640
96 2147483640
121 2147483640
106 2147483640
930 2147483640
470 2147483640
493 2147483640
118 2147483640
972 2147483640
512 2147483640
393 2147483640
15 2147483640
508 2147483640
194 2147483640
940 2147483640
524 2147483640
906 2147483640
939 2147483640
961 2147483640
710 2147483640
987 2147483640
464 2147483640
521 2147483640
573 2147483640
114 2147483640
640 2147483640
116 2147483640
699 2147483640
462 2147483640
28 2147483640
280 2147483640
559 2147483640
147 2147483640
896 2147483640
963 2147483640
724 2147483640
677 2147483640
365 2147483640
292 2147483640
221 2147483640
670 2147483640
162 2147483640
117 2147483640
556 2147483640
91 2147483640
506 2147483640
846 2147483640
587 2147483640
625 2147483640
232 2147483640
555 2147483640
531 2147483641
596 2147483641
25 2147483641
741 2147483641
71 2147483641
574 2147483641
782 2147483641
458 2147483641
225 2147483641
310 2147483641
332 2147483641
102 2147483641
773 2147483641
496 2147483641
314 2147483641
387 2147483641
233 2147483641
865 2147483641
17 2147483641
920 2147483641
855 2147483641
347 2147483641
261 2147483641
828 2147483641
461 2147483641
261 2147483641
911 2147483641
896 2147483641
635 2147483641
286 2147483641
507 2147483641
209 2147483641
916 2147483641
865 2147483641
779 2147483641
913 2147483641
889 2147483641
273 2147483641
661 2147483641
870 2147483641
37 2147483641
913 2147483641
526 2147483641
808 2147483641
394 2147483641
643 2147483641
257 2147483641
917 2147483641
156 2147483641
222 2147483641
562 2147483641
853 2147483641
137 2147483641
877 2147483641
723 2147483641
856 2147483641
966 2147483641
163 2147483641
243 2147483641
566 2147483641
527 2147483641
883 2147483641
892 2147483641
258 2147483641
776 2147483641
121 2147483641
588 2147483641
21 2147483641
184 2147483641
631 2147483641
355 2147483641
446 2147483641
169 2147483641
147 2147483641
26 2147483641
652 2147483641
906 2147483641
734 2147483641
356 2147483641
110 2147483641
287 2147483641
564 2147483641
952 2147483641
476 2147483642
871 2147483642
271 2147483642
838 2147483642
223 2147483642
523 2147483642
176 2147483642
36 2147483642
128 2147483642
412 2147483642
131 2147483642
264 2147483642
340 2147483642
913 2147483642
533 2147483642
158 2147483642
368 2147483642
698 2147483642
15 2147483642
417 2147483642
300 2147483642
795 2147483642
807 2147483642
555 2147483642
745 2147483642
717 2147483642
485 2147483642
224 2147483642
852 2147483642
865 2147483642
891 2147483642
300 2147483642
967 2147483642
466 2147483642
702 2147483642
906 2147483642
25 2147483642
996 2147483642
642 2147483642
946 2147483642
950 2147483642
979 2147483642
660 2147483642
212 2147483642
302 2147483642
736 2147483642
274 2147483642
414 2147483642
999 2147483642
57 2147483642
253 2147483642
284 2147483642
607 2147483642
79 2147483642
419 2147483642
425 2147483642
250 2147483642
418 2147483642
5 2147483642
916 2147483642
278 2147483642
533 2147483642
117 2147483642
929 2147483642
818 2147483642
189 2147483642
383 2147483642
305 2147483642
583 2147483642
114 2147483642
173 2147483642
252 2147483642
845 2147483642
599 2147483642
971 2147483642
519 2147483642
765 2147483642
750 2147483642
261 2147483642
521 2147483642
357 2147483642
544 2147483642
985 2147483642
708 2147483642
594 2147483642
278 2147483642
692 2147483642
397 2147483642
296 2147483642
44 2147483643
701 2147483643
158 2147483643
713 2147483643
203 2147483643
932 2147483643
496 2147483643
719 2147483643
646 2147483643
647 2147483643
299 2147483643
636 2147483643
323 2147483643
978 2147483643
422 2147483643
28 2147483643
303 2147483643
639 2147483643
880 2147483643
524 2147483643
734 2147483643
765 2147483643
434 2147483643
593 2147483643
318 2147483643
512 2147483643
625 2147483643
98 2147483643
212 2147483643
609 2147483643
65 2147483643
652 2147483643
516 2147483643
501 2147483643
161 2147483643
998 2147483643
282 2147483643
457 2147483643
265 2147483643
414 2147483643
145 2147483643
394 2147483643
216 2147483643
60 2147483643
727 2147483643
517 2147483643
312 2147483643
209 2147483643
558 2147483643
282 2147483643
403 2147483643
4 2147483643
170 2147483643
627 2147483643
917 2147483643
840 2147483643
827 2147483643
984 2147483643
387 2147483643
590 2147483643
638 2147483643
529 2147483643
550 2147483643
148 2147483643
526 2147483643
63 2147483643
684 2147483643
141 2147483643
247 2147483643
49 2147483643
483 2147483643
106 2147483643
138 2147483643
682 2147483643
633 2147483643
924 2147483643
831 2147483643
523 2147483643
733 2147483643
295 2147483643
591 2147483643
186 2147483643
909 2147483643
741 2147483643
217 2147483643
75 2147483643
951 2147483643
46 2147483643
714 2147483644
55 2147483644
172 2147483644
481 2147483644
666 2147483644
887 2147483644
567 2147483644
526 2147483644
784 2147483644
269 2147483644
984 2147483644
249 2147483644
908 2147483644
129 2147483644
850 2147483644
59 2147483644
66 2147483644
990 2147483644
476 2147483644
690 2147483644
992 2147483644
580 2147483644
643 2147483644
286 2147483644
995 2147483644
700 2147483644
969 2147483644
982 2147483644
638 2147483644
947 2147483644
742 2147483644
989 2147483644
287 2147483644
261 2147483644
337 2147483644
987 2147483644
294 2147483644
628 2147483644
882 2147483644
345 2147483644
360 2147483644
411 2147483644
869 2147483644
242 2147483644
827 2147483644
732 2147483644
808 2147483644
598 2147483644
268 2147483644
822 2147483644
796 2147483644
613 2147483644
865 2147483644
88 2147483644
899 2147483644
921 2147483644
957 2147483644
927 2147483644
176 2147483644
611 2147483644
201 2147483644
515 2147483644
407 2147483644
949 2147483644
293 2147483644
555 2147483644
71 2147483644
609 2147483644
827 2147483644
730 2147483644
699 2147483644
241 2147483644
590 2147483644
227 2147483644
760 2147483644
273 2147483644
420 2147483644
944 2147483644
815 2147483644
637 2147483644
111 2147483644
736 2147483644
6 2147483644
220 2147483644
884 2147483644
413 2147483644
226 2147483644
420 2147483644
994 2147483644
120 2147483644
931 2147483644
800 2147483645
143 2147483645
155 2147483645
348 2147483645
157 2147483645
36 2147483645
623 2147483645
445 2147483645
433 2147483645
520 2147483645
417 2147483645
57 2147483645
777 2147483645
321 2147483645
543 2147483645
477 2147483645
882 2147483645
95 2147483645
150 2147483645
32 2147483645
715 2147483645
251 2147483645
668 2147483645
136 2147483645
965 2147483645
693 2147483645
769 2147483645
672 2147483645
687 2147483645
674 2147483645
326 2147483645
272 2147483645
680 2147483645
127 2147483645
763 2147483645
664 2147483645
754 2147483645
756 2147483645
792 2147483645
831 2147483645
473 2147483645
590 2147483645
710 2147483645
780 2147483645
605 2147483645
335 2147483645
606 2147483645
382 2147483645
209 2147483645
799 2147483645
806 2147483645
234 2147483645
48 2147483645
225 2147483645
631 2147483645
537 2147483645
994 2147483645
895 2147483645
354 2147483645
543 2147483645
943 2147483645
513 2147483645
714 2147483645
445 2147483645
854 2147483645
108 2147483645
433 2147483645
650 2147483645
570 2147483645
155 2147483645
20 2147483645
699 2147483645
430 2147483645
122 2147483645
915 2147483645
434 2147483645
537 2147483645
696 2147483645
151 2147483645
777 2147483645
410 2147483645
987 2147483645
408 2147483645
972 2147483645
671 2147483645
121 2147483645
864 2147483645
485 2147483645
911 2147483645
165 2147483645
324 2147483645
161 2147483645
483 2147483645
629 2147483645
829 2147483645
446 2147483645
851 2147483645
482 2147483645
550 2147483645
289 2147483645
24 2147483645
898 2147483645
824 2147483645
541 2147483645
578 2147483645
393 2147483645
849 2147483645
166 2147483645
878 2147483646
158 2147483646
569 2147483646
61 2147483646
347 2147483646
953 2147483646
533 2147483646
618 2147483646
87 2147483646
257 2147483646
621 2147483646
563 2147483646
513 2147483646
947 2147483646
660 2147483646
370 2147483646
574 2147483646
78 2147483646
208 2147483646
2 2147483646
102 2147483646
888 2147483646
668 2147483646
839 2147483646
25 2147483646
718 2147483646
971 2147483646
868 2147483646
587 2147483646
349 2147483646
88 2147483646
586 2147483646
446 2147483646
386 2147483646
433 2147483646
586 2147483646
872 2147483646
186 2147483646
324 2147483646
7 2147483646
424 2147483646
827 2147483646
72 2147483646
176 2147483646
839 2147483646
602 2147483646
655 2147483646
736 2147483646
946 2147483646
48 2147483646
569 2147483646
819 2147483646
244 2147483646
316 2147483646
169 2147483646
656 2147483646
177 2147483646
201 2147483646
899 2147483646
345 2147483646
70 2147483646
512 2147483646
261 2147483646
562 2147483646
977 2147483646
955 2147483646
277 2147483646
785 2147483646
147 2147483646
582 2147483646
210 2147483646
341 2147483646
248 2147483646
240 2147483646
881 2147483646
113 2147483646
966 2147483646
68 2147483646
623 2147483646
453 2147483646
778 2147483646
637 2147483646
416 2147483646
537 2147483646
819 2147483646
162 2147483646
660 2147483646
796 2147483646
521 2147483646
700 2147483646
941 2147483646
632 2147483646
552 2147483646
872 2147483646
364 2147483646
80 2147483646
949 2147483646
331 2147483646
276 2147483646
623 2147483646
225 2147483646
980 2147483646
577 2147483646
898 2147483646
461 2147483647
731 2147483647
243 2147483647
28 2147483647
328 2147483647
388 2147483647
255 2147483647
521 2147483647
57 2147483647
135 2147483647
946 2147483647
685 2147483647
777 2147483647
646 2147483647
20 2147483647
582 2147483647
232 2147483647
697 2147483647
613 2147483647
258 2147483647
356 2147483647
344 2147483647
983 2147483647
951 2147483647
326 2147483647
250 2147483647
409 2147483647
378 2147483647
151 2147483647
167 2147483647
782 2147483647
690 2147483647
679 2147483647
51 2147483647
741 2147483647
784 2147483647
401 2147483647
660 2147483647
42 2147483647
257 2147483647
478 2147483647
108 2147483647
793 2147483647
235 2147483647
695 2147483647
807 2147483647
302 2147483647
83 2147483647
605 2147483647
993 2147483647
703 2147483647
931 2147483647
829 2147483647
46 2147483647
153 2147483647
169 2147483647
953 2147483647
932 2147483647
593 2147483647
81 2147483647
16 2147483647
825 2147483647
315 2147483647
71 2147483647
580 2147483647
650 2147483647
953 2147483647
532 2147483647
598 2147483647
419 2147483647
938 2147483647
816 2147483647
268 2147483647
169 2147483647
714 2147483647
625 2147483647
7 2147483647
795 2147483647
135 2147483647
1000 2147483647
278 2147483647
558 2147483647
185 2147483647
302 2147483647
