579
49 0
718 0
200 0
112 0
489 1
591 1
139 1
314 1
701 1
8 1
664 2
745 2
439 2
706 3
9 3
358 3
535 3
126 3
760 3
141 3
334 3
635 4
599 4
422 4
279 4
413 4
330 4
190 5
365 5
43 5
378 5
148 5
334 6
494 6
331 6
512 6
303 6
118 7
329 7
645 7
486 7
135 8
509 8
115 8
105 9
181 9
412 9
355 9
186 9
208 10
78 10
356 10
445 10
631 10
415 10
728 10
501 10
357 11
519 11
451 11
161 11
196 11
760 11
192 12
581 12
270 13
77 13
87 13
227 14
738 14
443 14
206 14
346 15
600 15
725 15
429 15
423 15
524 15
434 15
412 15
450 16
462 17
727 17
359 17
598 17
751 17
732 17
701 18
623 18
688 18
521 18
643 19
491 19
480 19
298 20
174 20
540 21
616 21
564 21
263 21
224 21
212 21
416 22
729 22
757 22
464 23
49 23
119 23
748 23
197 24
485 25
752 25
558 26
746 26
565 26
567 27
326 27
252 27
430 27
669 28
373 28
342 29
270 29
5 29
563 30
54 30
72 31
351 31
456 31
571 32
582 32
159 32
129 33
127 33
756 34
83 34
708 34
461 34
564 35
335 35
128 35
341 36
183 36
398 36
410 36
634 37
423 37
583 37
592 37
270 38
223 38
85 38
631 38
600 38
701 38
447 39
266 39
254 39
268 39
210 40
193 41
726 41
628 41
581 41
210 41
578 41
14 41
626 41
321 42
220 43
360 43
418 43
78 44
211 44
10 44
610 44
295 45
201 45
525 45
184 45
449 46
564 46
372 46
455 46
88 46
543 46
505 46
538 47
148 47
405 47
689 48
57 48
699 48
678 48
164 49
194 49
196 49
110 49
633 50
559 50
309 50
310 50
249 51
76 51
320 51
596 52
146 52
169 52
455 52
382 52
610 52
104 53
720 53
26 53
546 54
428 54
709 55
44 55
113 55
340 55
137 55
310 55
141 55
657 56
429 56
357 56
315 56
654 57
611 57
55 57
315 57
37 57
536 58
324 58
581 58
187 58
635 59
182 59
561 59
678 59
62 59
752 59
20 59
416 59
287 59
617 59
534 59
44 60
178 60
734 61
254 61
593 61
727 61
389 61
235 62
494 62
551 62
431 62
353 63
583 63
737 63
111 63
7 63
474 64
303 65
295 66
531 66
254 66
208 66
673 66
505 67
538 67
344 67
117 67
339 67
45 67
209 68
264 68
701 68
708 69
700 69
484 69
476 70
538 70
384 70
513 70
514 70
626 70
702 70
634 71
296 71
29 71
345 71
5 71
717 72
549 72
76 72
661 72
360 72
647 73
665 73
129 74
181 74
264 74
199 74
624 74
56 74
447 75
496 75
675 75
574 76
244 76
439 76
43 76
187 76
362 77
371 77
362 77
378 78
641 78
596 78
661 78
379 79
739 79
615 80
229 80
94 80
374 80
418 81
354 81
608 81
294 81
219 82
125 82
379 82
130 82
743 82
661 83
123 83
245 84
254 84
641 84
327 85
522 85
293 85
635 85
75 85
723 86
281 86
499 86
186 86
399 87
574 88
647 88
594 88
136 88
504 88
264 88
586 88
677 89
1 89
423 89
112 89
584 90
661 90
497 90
583 90
285 91
213 92
610 92
726 93
557 93
421 93
325 93
323 94
234 94
560 94
759 94
13 95
82 95
741 96
283 96
212 96
71 97
355 97
372 97
16 97
434 98
138 98
4 98
40 98
417 98
634 98
341 98
564 99
716 99
376 99
220 100
113 100
230 100
590 100
473 100
79 100
504 101
131 101
372 102
448 102
326 102
41 103
322 103
290 103
400 103
367 104
723 104
184 106
26 106
293 106
410 106
301 106
659 106
705 107
412 107
248 108
60 108
744 108
227 108
343 108
117 109
251 109
281 109
657 109
300 109
761 109
335 109
588 109
311 109
709 110
613 110
340 110
156 111
408 111
501 111
569 111
155 111
344 112
171 112
235 112
164 113
267 113
540 114
246 114
47 114
528 114
647 115
403 115
325 115
21 115
487 116
494 117
208 118
315 118
443 118
98 119
225 119
179 119
366 119
18 120
196 120
352 120
567 120
304 121
319 121
656 121
281 121
354 121
686 122
301 122
522 122
520 122
179 123
292 123
733 124
564 124
630 124
114 124
379 124
202 125
710 125
734 126
614 126
87 126
69 127
721 127
400 127
98 128
720 128
130 128
356 128
299 129
713 129
95 129
40 129
429 130
257 130
213 130
438 130
98 130
444 131
482 131
745 132
21 132
302 132
616 132
442 132
479 133
595 133
560 133
381 133
556 133
594 133
48 134
219 135
71 135
276 135
518 135
731 135
468 136
249 136
687 137
426 137
350 137
584 137
757 138
181 138
172 138
261 138
620 138
480 138
115 138
259 138
108 138
62 139
282 139
20 139
751 139
62 139
289 139
11 139
371 140
724 140
210 140
699 140
84 141
304 141
325 141
438 142
597 142
287 143
531 144
471 144
728 145
691 145
236 145
670 145
578 145
161 145
206 146
211 146
448 146
245 146
272 147
414 147
676 147
324 148
69 148
700 148
159 148
584 148
290 148
