1000
964 2
229 2
134 2
171 2
843 4
601 6
251 7
238 7
820 7
97 9
525 10
941 12
458 14
147 14
977 15
271 15
61 17
724 17
264 18
868 20
781 20
755 23
674 24
646 24
88 24
903 26
475 29
830 29
741 30
5 30
980 30
148 31
356 32
689 32
384 32
421 32
678 32
959 35
973 35
37 39
426 40
651 42
442 43
678 43
603 44
549 44
32 44
972 45
94 45
657 45
190 47
631 48
65 50
811 51
28 51
463 53
827 54
585 54
630 55
304 55
202 60
269 60
169 60
40 62
551 64
119 65
895 67
138 69
728 70
419 70
735 71
690 72
503 74
39 75
449 77
988 78
728 80
529 80
765 80
612 82
464 82
349 83
736 85
797 86
254 89
621 90
94 91
639 93
834 94
39 94
257 95
924 95
330 98
514 98
448 99
719 99
512 100
155 100
333 101
682 103
213 106
286 106
315 106
866 106
891 108
983 108
835 110
753 114
96 116
70 117
145 119
191 119
858 123
307 124
553 124
401 125
528 126
218 127
681 128
425 129
31 130
232 130
299 131
362 134
206 135
335 136
899 137
986 138
237 139
882 140
460 141
554 141
124 142
944 143
274 144
373 144
30 145
217 145
969 147
994 148
101 148
288 148
210 149
194 149
708 149
793 149
776 151
502 154
248 156
872 158
585 160
199 160
16 162
734 162
763 162
284 163
795 165
693 165
272 165
815 165
394 166
487 167
671 167
173 167
987 168
591 168
449 168
152 169
784 169
189 169
503 171
961 173
932 175
56 177
376 178
915 178
320 179
580 180
922 182
122 182
413 182
541 183
602 184
837 185
351 186
539 186
20 187
238 187
139 187
578 188
914 189
962 189
24 189
381 190
914 190
994 191
582 191
451 194
813 196
814 196
844 197
194 197
474 198
127 199
868 202
745 202
954 203
597 203
885 204
772 205
655 211
648 213
614 213
500 215
197 218
312 220
142 221
716 222
691 222
315 223
16 223
863 223
862 224
285 225
307 226
972 228
612 228
554 229
37 229
510 230
37 231
757 232
406 234
918 235
875 238
203 239
420 239
347 240
426 241
695 241
44 242
740 244
677 244
230 245
457 246
856 248
742 249
967 250
835 253
781 253
280 254
570 257
266 258
502 261
613 262
440 262
550 262
377 263
635 263
5 264
789 266
421 266
48 268
408 268
442 270
669 271
870 272
392 272
224 275
699 282
29 283
364 284
520 285
862 286
246 287
694 289
534 289
964 289
290 290
40 292
335 292
240 293
927 295
937 296
167 298
480 299
773 302
436 303
162 307
833 309
511 309
269 312
882 312
638 313
278 317
959 318
898 320
761 320
28 321
523 322
993 322
528 323
745 323
921 324
129 327
229 328
503 328
846 329
706 330
703 333
821 334
576 335
501 336
572 337
440 339
311 340
718 340
240 342
729 342
438 342
679 343
595 343
689 344
395 345
403 345
306 347
318 347
141 347
444 348
921 348
617 348
100 349
358 351
217 351
507 352
350 352
734 352
653 353
278 353
253 354
687 354
801 355
812 355
75 356
300 357
941 358
635 358
446 360
118 360
920 360
368 363
559 363
628 364
2 365
700 367
301 367
658 367
94 370
743 370
835 370
632 370
433 372
734 372
120 375
918 375
368 376
779 377
809 377
212 377
242 378
471 380
321 382
937 382
261 384
247 387
301 387
785 388
774 389
960 390
388 390
638 390
782 390
648 393
785 395
229 395
986 396
178 399
564 399
285 399
906 402
231 403
563 406
687 407
571 407
187 408
298 408
206 408
167 409
459 411
996 412
701 413
208 413
265 413
806 413
477 416
131 416
419 416
256 417
795 417
794 418
714 420
342 421
773 422
323 423
444 423
117 424
934 429
265 431
495 433
905 434
651 436
640 438
903 438
334 438
828 440
240 441
677 442
383 445
731 445
335 446
661 446
556 446
808 447
871 447
880 448
623 449
709 454
983 454
19 454
694 455
186 455
104 456
747 458
145 459
431 463
680 463
398 464
414 466
851 467
677 467
455 468
779 469
14 469
655 472
586 472
690 472
513 473
267 474
13 476
943 477
588 477
646 478
841 479
796 479
815 479
629 483
962 484
314 486
511 486
356 486
641 487
178 490
702 490
318 491
23 493
233 494
145 494
85 496
677 496
123 496
811 497
607 497
238 499
305 499
355 500
799 500
685 502
577 504
349 505
122 507
870 508
431 509
884 509
66 510
344 510
627 511
463 511
184 511
359 513
796 513
601 514
572 516
285 516
517 516
441 518
948 518
555 523
9 523
491 525
4 526
402 527
792 527
661 527
724 527
258 527
737 528
586 528
981 529
352 530
30 530
682 531
282 531
953 531
727 532
427 532
685 532
894 533
541 536
954 536
875 537
346 537
810 537
242 538
489 538
949 539
660 541
286 542
70 544
431 545
806 546
403 546
354 547
908 549
512 550
558 551
994 553
153 554
597 554
797 556
405 557
884 558
303 559
764 559
884 559
389 560
770 562
919 562
365 569
322 569
358 570
259 571
101 572
814 574
750 575
329 575
903 576
370 578
935 578
308 578
631 579
171 580
406 580
398 581
229 581
941 582
669 583
465 585
793 585
946 585
480 585
172 585
233 587
814 587
226 588
58 588
792 591
567 592
795 593
951 594
60 595
565 596
882 599
137 600
923 601
313 602
852 602
558 603
79 606
932 607
806 609
221 609
268 611
175 612
124 613
417 613
946 613
235 613
862 614
13 615
87 616
955 616
384 616
78 617
644 617
792 618
15 623
813 623
93 624
507 625
662 626
69 627
164 627
234 629
419 630
668 630
815 633
994 636
280 636
44 636
835 637
357 638
816 641
169 642
40 642
920 642
320 642
45 642
92 643
825 644
465 645
870 646
791 647
265 650
732 651
484 651
992 654
26 655
716 655
575 657
460 658
580 659
334 660
517 661
947 661
792 661
405 661
954 662
396 665
450 667
857 668
4 668
530 669
608 669
338 671
175 671
605 671
750 674
914 674
820 674
735 675
2 676
368 677
322 678
648 678
740 682
934 687
939 687
794 687
675 688
102 688
97 689
899 690
75 692
63 694
84 695
696 695
52 696
742 697
953 699
656 700
350 700
208 701
483 701
503 702
32 702
195 703
541 703
76 703
883 704
745 706
743 706
128 706
970 708
428 709
22 709
501 709
380 712
480 712
249 713
521 714
154 716
513 717
887 718
945 718
249 719
513 722
638 723
260 724
963 725
977 726
576 727
221 728
807 729
153 730
558 732
446 733
595 733
828 735
776 736
930 737
137 740
723 740
307 741
974 747
346 747
172 749
305 750
785 751
835 752
448 753
328 754
144 754
914 755
56 755
444 757
692 758
945 759
901 760
742 764
416 764
99 765
508 766
461 767
710 767
692 770
804 770
778 772
32 773
468 773
933 774
275 776
258 776
46 776
747 777
616 778
760 778
919 779
452 780
928 781
436 783
405 783
96 783
905 784
857 785
284 787
720 789
575 789
890 792
111 796
763 796
220 798
39 799
866 799
2 800
735 801
394 801
521 802
712 805
296 805
660 807
214 808
655 809
832 810
869 814
981 817
190 820
140 820
342 822
862 825
358 826
375 827
843 827
77 827
583 827
56 829
643 831
866 831
497 832
281 833
294 834
925 835
119 836
176 836
178 836
136 838
348 838
203 839
842 839
959 841
488 842
895 843
144 843
438 844
815 845
944 845
224 845
9 847
356 847
582 847
774 848
170 849
115 849
728 850
706 850
674 850
562 851
864 852
115 853
190 854
603 855
679 857
108 859
725 859
905 860
489 861
857 861
579 862
950 864
228 865
57 865
237 866
982 866
760 867
547 867
232 867
485 867
184 868
846 872
967 873
163 873
566 873
840 875
786 876
659 876
874 879
942 880
214 881
406 882
833 883
46 885
43 886
928 886
594 888
656 889
138 890
705 891
499 891
40 891
86 894
742 894
711 895
486 896
774 896
31 896
733 897
23 897
700 902
340 905
874 905
414 906
275 907
563 907
343 909
652 909
502 911
470 917
164 917
152 919
685 920
81 920
259 920
680 920
264 920
497 920
19 921
655 921
708 923
884 923
930 925
617 926
378 928
634 928
642 929
604 931
948 932
531 932
169 932
151 933
193 933
238 934
94 935
257 936
874 937
382 939
770 939
708 940
185 940
773 942
824 944
8 946
245 946
616 946
688 946
814 947
454 947
16 948
56 948
231 949
735 949
805 951
27 954
139 954
104 955
871 955
971 956
226 956
128 958
605 959
912 960
910 960
381 960
391 961
82 962
558 963
723 964
324 965
495 967
636 967
398 967
712 968
554 968
195 969
346 969
929 971
484 971
784 972
33 972
614 974
74 974
103 977
677 978
703 978
440 979
779 979
661 980
157 980
747 982
644 982
392 983
439 986
255 986
611 987
346 987
139 989
206 990
733 990
329 992
830 992
249 992
73 993
140 993
796 993
873 993
261 994
560 995
314 995
82 996
341 996
376 997
30 998
