191
267 0
207 2
13 6
178 7
315 9
211 24
56 24
191 24
195 26
26 33
141 37
316 45
12 53
122 57
14 62
286 67
228 72
311 73
144 73
173 79
216 86
135 89
166 96
177 101
168 105
35 115
81 117
72 117
217 118
15 126
252 128
21 130
99 137
81 143
197 145
51 146
194 156
133 159
214 168
251 169
295 172
12 172
178 174
33 174
31 178
300 179
143 192
293 196
191 212
162 215
147 227
110 229
97 232
198 233
17 236
294 242
139 243
138 250
240 259
45 272
30 276
190 278
91 284
170 286
269 286
309 293
165 308
7 310
44 311
31 315
299 318
216 322
266 323
128 324
3 334
42 337
194 348
117 358
92 365
167 370
306 376
234 379
96 384
119 386
109 391
136 402
123 404
60 407
153 417
182 419
130 420
245 428
16 440
180 441
244 442
186 444
208 456
138 459
170 468
14 478
116 479
284 479
285 483
72 486
250 487
245 489
84 493
9 499
80 499
112 501
262 502
73 504
182 504
71 519
62 523
206 524
3 527
130 532
297 534
234 536
155 539
183 541
142 544
315 544
263 553
209 559
48 562
134 564
299 564
219 572
114 573
93 575
221 580
265 584
291 586
49 592
74 594
155 597
209 606
151 612
151 613
183 613
247 615
160 616
305 616
172 617
140 621
265 627
8 634
103 640
175 650
1 655
272 668
291 671
156 672
145 678
218 683
212 690
143 691
45 698
87 702
129 704
134 704
281 707
104 708
18 712
121 713
149 714
142 720
167 721
275 724
143 745
205 755
174 755
274 758
27 760
125 762
187 764
270 768
75 775
121 780
244 788
262 789
83 794
259 798
42 799
44 799
304 800
217 815
43 839
57 839
