1000
923 2147483637
405 2147483637
949 2147483637
175 2147483637
901 2147483637
916 2147483637
996 2147483637
782 2147483637
995 2147483637
858 2147483637
782 2147483637
300 2147483637
440 2147483637
80 2147483637
317 2147483637
606 2147483637
81 2147483637
539 2147483637
511 2147483637
729 2147483637
686 2147483637
709 2147483637
578 2147483637
772 2147483637
76 2147483637
515 2147483637
319 2147483637
236 2147483637
295 2147483637
527 2147483637
427 2147483637
998 2147483637
145 2147483637
710 2147483637
345 2147483637
443 2147483637
961 2147483637
534 2147483637
52 2147483637
412 2147483637
684 2147483637
618 2147483637
615 2147483637
720 2147483637
706 2147483637
188 2147483637
790 2147483637
711 2147483637
395 2147483637
541 2147483637
391 2147483637
595 2147483637
489 2147483637
324 2147483637
132 2147483637
875 2147483637
348 2147483637
898 2147483637
826 2147483637
339 2147483637
322 2147483637
560 2147483637
161 2147483637
147 2147483637
1000 2147483637
72 2147483637
495 2147483637
983 2147483637
886 2147483637
53 2147483637
904 2147483637
373 2147483637
623 2147483637
110 2147483637
281 2147483637
591 2147483637
116 2147483637
172 2147483637
508 2147483637
88 2147483637
541 2147483637
783 2147483637
272 2147483637
775 2147483637
672 2147483637
898 2147483637
961 2147483637
341 2147483637
855 2147483637
350 2147483637
296 2147483637
395 2147483637
528 2147483638
163 2147483638
174 2147483638
496 2147483638
507 2147483638
579 2147483638
77 2147483638
834 2147483638
218 2147483638
729 2147483638
138 2147483638
955 2147483638
506 2147483638
378 2147483638
206 2147483638
646 2147483638
69 2147483638
201 2147483638
554 2147483638
32 2147483638
329 2147483638
328 2147483638
303 2147483638
543 2147483638
872 2147483638
622 2147483638
890 2147483638
219 2147483638
114 2147483638
407 2147483638
764 2147483638
453 2147483638
319 2147483638
322 2147483638
539 2147483638
614 2147483638
745 2147483638
459 2147483638
389 2147483638
555 2147483638
787 2147483638
227 2147483638
247 2147483638
543 2147483638
930 2147483638
901 2147483638
963 2147483638
941 2147483638
801 2147483638
522 2147483638
275 2147483638
85 2147483638
83 2147483638
365 2147483638
714 2147483638
468 2147483638
69 2147483638
944 2147483638
901 2147483638
783 2147483638
915 2147483638
257 2147483638
990 2147483638
911 2147483638
561 2147483638
842 2147483638
589 2147483638
21 2147483638
910 2147483638
939 2147483638
891 2147483639
808 2147483639
610 2147483639
912 2147483639
704 2147483639
89 2147483639
550 2147483639
680 2147483639
217 2147483639
190 2147483639
540 2147483639
929 2147483639
912 2147483639
486 2147483639
110 2147483639
162 2147483639
402 2147483639
472 2147483639
175 2147483639
1000 2147483639
40 2147483639
784 2147483639
964 2147483639
229 2147483639
947 2147483639
792 2147483639
453 2147483639
225 2147483639
413 2147483639
270 2147483639
518 2147483639
319 2147483639
354 2147483639
106 2147483639
573 2147483639
53 2147483639
63 2147483639
727 2147483639
139 2147483639
525 2147483639
886 2147483639
306 2147483639
56 2147483639
489 2147483639
852 2147483639
878 2147483639
847 2147483639
852 2147483639
315 2147483639
138 2147483639
607 2147483639
595 2147483639
515 2147483639
346 2147483639
944 2147483639
390 2147483639
864 2147483639
486 2147483639
549 2147483639
743 2147483639
997 2147483639
597 2147483639
12 2147483639
159 2147483639
256 2147483639
792 2147483639
426 2147483639
107 2147483639
558 2147483639
850 2147483639
266 2147483639
814 2147483639
977 2147483639
94 2147483639
216 2147483639
424 2147483639
451 2147483639
384 2147483639
139 2147483639
190 2147483639
338 2147483639
473 2147483639
957 2147483639
763 2147483639
767 2147483639
983 2147483639
552 2147483639
776 2147483639
129 2147483639
537 2147483639
459 2147483639
315 2147483639
439 2147483639
366 2147483639
664 2147483639
499 2147483639
342 2147483639
921 2147483639
11 2147483639
799 2147483639
692 2147483639
896 2147483639
571 2147483639
332 2147483639
928 2147483640
491 2147483640
246 2147483640
954 2147483640
399 2147483640
100 2147483640
213 2147483640
667 2147483640
319 2147483640
698 2147483640
545 2147483640
384 2147483640
179 2147483640
157 2147483640
498 2147483640
299 2147483640
475 2147483640
699 2147483640
176 2147483640
898 2147483640
386 2147483640
932 2147483640
777 2147483640
446 2147483640
76 2147483640
646 2147483640
747 2147483640
91 2147483640
667 2147483640
994 2147483640
471 2147483640
923 2147483640
938 2147483640
411 2147483640
284 2147483640
722 2147483640
631 2147483640
51 2147483640
327 2147483640
932 2147483640
710 2147483640
178 2147483640
120 2147483640
174 2147483640
23 2147483640
250 2147483640
104 2147483640
891 2147483640
790 2147483640
269 2147483640
190 2147483640
253 2147483640
500 2147483640
647 2147483640
342 2147483640
638 2147483640
559 2147483640
299 2147483640
913 2147483640
200 2147483640
603 2147483640
389 2147483640
554 2147483640
426 2147483640
410 2147483640
638 2147483640
211 2147483640
354 2147483640
720 2147483640
850 2147483640
264 2147483640
744 2147483640
177 2147483640
382 2147483640
360 2147483640
415 2147483640
232 2147483640
176 2147483640
508 2147483640
942 2147483640
759 2147483640
662 2147483640
12 2147483640
882 2147483640
330 2147483640
692 2147483640
691 2147483640
141 2147483640
21 2147483640
990 2147483640
330 2147483640
137 2147483640
383 2147483640
220 2147483640
348 2147483640
384 2147483640
447 2147483641
625 2147483641
344 2147483641
326 2147483641
874 2147483641
804 2147483641
38 2147483641
435 2147483641
994 2147483641
123 2147483641
416 2147483641
743 2147483641
19 2147483641
594 2147483641
141 2147483641
866 2147483641
312 2147483641
41 2147483641
996 2147483641
64 2147483641
896 2147483641
59 2147483641
639 2147483641
76 2147483641
479 2147483641
702 2147483641
60 2147483641
535 2147483641
228 2147483641
853 2147483641
945 2147483641
547 2147483641
524 2147483641
908 2147483641
12 2147483641
661 2147483641
511 2147483641
369 2147483641
819 2147483641
6 2147483641
832 2147483641
44 2147483641
741 2147483641
949 2147483641
477 2147483641
560 2147483641
418 2147483641
163 2147483641
224 2147483641
237 2147483641
366 2147483641
975 2147483641
202 2147483641
379 2147483641
702 2147483641
626 2147483641
143 2147483641
110 2147483641
857 2147483641
277 2147483641
140 2147483641
197 2147483641
616 2147483641
872 2147483641
983 2147483641
894 2147483641
673 2147483641
536 2147483641
236 2147483641
489 2147483641
658 2147483641
432 2147483641
376 2147483641
779 2147483641
965 2147483641
765 2147483641
310 2147483641
544 2147483641
660 2147483641
966 2147483641
519 2147483641
304 2147483641
734 2147483641
602 2147483641
827 2147483641
306 2147483641
961 2147483641
369 2147483641
995 2147483641
315 2147483641
488 2147483641
241 2147483641
416 2147483641
549 2147483641
176 2147483641
968 2147483641
996 2147483641
946 2147483641
703 2147483642
671 2147483642
625 2147483642
749 2147483642
508 2147483642
582 2147483642
566 2147483642
450 2147483642
978 2147483642
793 2147483642
603 2147483642
10 2147483642
937 2147483642
196 2147483642
186 2147483642
810 2147483642
116 2147483642
878 2147483642
13 2147483642
569 2147483642
53 2147483642
802 2147483642
600 2147483642
61 2147483642
936 2147483642
401 2147483642
917 2147483642
514 2147483642
126 2147483642
398 2147483642
123 2147483642
836 2147483642
819 2147483642
393 2147483642
120 2147483642
569 2147483642
900 2147483642
21 2147483642
492 2147483642
582 2147483642
810 2147483642
971 2147483642
726 2147483642
306 2147483642
29 2147483642
595 2147483642
754 2147483642
25 2147483642
621 2147483642
433 2147483642
878 2147483642
222 2147483642
25 2147483642
660 2147483642
939 2147483642
91 2147483642
967 2147483642
865 2147483642
303 2147483642
250 2147483642
62 2147483642
548 2147483642
387 2147483642
309 2147483642
586 2147483642
132 2147483642
106 2147483642
496 2147483642
186 2147483642
490 2147483642
343 2147483642
469 2147483642
25 2147483642
790 2147483642
948 2147483642
695 2147483642
497 2147483642
404 2147483642
922 2147483642
108 2147483642
676 2147483642
758 2147483642
454 2147483642
835 2147483642
89 2147483642
638 2147483643
251 2147483643
253 2147483643
191 2147483643
897 2147483643
530 2147483643
620 2147483643
663 2147483643
71 2147483643
878 2147483643
765 2147483643
725 2147483643
56 2147483643
598 2147483643
457 2147483643
407 2147483643
401 2147483643
775 2147483643
493 2147483643
179 2147483643
684 2147483643
490 2147483643
18 2147483643
801 2147483643
317 2147483643
876 2147483643
724 2147483643
124 2147483643
741 2147483643
769 2147483643
232 2147483643
534 2147483643
629 2147483643
767 2147483643
822 2147483643
294 2147483643
842 2147483643
713 2147483643
53 2147483643
499 2147483643
599 2147483643
446 2147483643
292 2147483643
313 2147483643
862 2147483643
552 2147483643
136 2147483643
188 2147483643
130 2147483643
480 2147483643
974 2147483643
761 2147483643
419 2147483643
153 2147483643
38 2147483643
432 2147483643
18 2147483643
155 2147483643
664 2147483643
157 2147483643
46 2147483643
708 2147483643
260 2147483643
147 2147483643
752 2147483643
81 2147483643
104 2147483643
589 2147483643
626 2147483643
368 2147483643
679 2147483643
894 2147483643
750 2147483643
267 2147483643
517 2147483643
115 2147483643
849 2147483643
416 2147483644
920 2147483644
457 2147483644
132 2147483644
122 2147483644
565 2147483644
110 2147483644
529 2147483644
511 2147483644
314 2147483644
510 2147483644
874 2147483644
612 2147483644
189 2147483644
435 2147483644
544 2147483644
243 2147483644
210 2147483644
956 2147483644
513 2147483644
455 2147483644
381 2147483644
739 2147483644
801 2147483644
795 2147483644
191 2147483644
208 2147483644
973 2147483644
717 2147483644
290 2147483644
237 2147483644
608 2147483644
11 2147483644
16 2147483644
774 2147483644
407 2147483644
309 2147483644
512 2147483644
609 2147483644
214 2147483644
46 2147483644
192 2147483644
457 2147483644
844 2147483644
971 2147483644
606 2147483644
704 2147483644
34 2147483644
575 2147483644
620 2147483644
8 2147483644
979 2147483644
359 2147483644
191 2147483644
752 2147483644
388 2147483644
342 2147483644
468 2147483644
103 2147483644
85 2147483644
780 2147483644
818 2147483644
985 2147483644
954 2147483644
250 2147483644
923 2147483644
273 2147483644
651 2147483644
462 2147483644
663 2147483644
801 2147483644
781 2147483644
754 2147483644
73 2147483644
635 2147483644
269 2147483644
63 2147483644
897 2147483644
241 2147483644
103 2147483644
927 2147483644
713 2147483644
887 2147483644
167 2147483644
45 2147483644
915 2147483644
364 2147483644
64 2147483644
636 2147483644
47 2147483644
325 2147483644
484 2147483644
750 2147483644
438 2147483644
732 2147483644
202 2147483644
566 2147483644
389 2147483644
473 2147483644
304 2147483644
479 2147483644
702 2147483644
556 2147483645
301 2147483645
430 2147483645
238 2147483645
737 2147483645
423 2147483645
286 2147483645
11 2147483645
533 2147483645
247 2147483645
308 2147483645
354 2147483645
393 2147483645
162 2147483645
793 2147483645
290 2147483645
373 2147483645
356 2147483645
960 2147483645
119 2147483645
219 2147483645
988 2147483645
127 2147483645
267 2147483645
793 2147483645
176 2147483645
267 2147483645
722 2147483645
359 2147483645
788 2147483645
640 2147483645
584 2147483645
206 2147483645
432 2147483645
6 2147483645
697 2147483645
658 2147483645
775 2147483645
260 2147483645
393 2147483645
763 2147483645
594 2147483645
267 2147483645
605 2147483645
113 2147483645
513 2147483645
645 2147483645
418 2147483645
523 2147483645
25 2147483645
615 2147483645
240 2147483645
783 2147483645
53 2147483645
826 2147483645
570 2147483645
49 2147483645
349 2147483645
676 2147483645
276 2147483645
138 2147483645
787 2147483645
840 2147483645
988 2147483645
189 2147483645
889 2147483645
769 2147483645
318 2147483645
150 2147483645
13 2147483645
887 2147483645
826 2147483645
588 2147483645
150 2147483645
397 2147483645
344 2147483645
216 2147483645
864 2147483645
402 2147483645
796 2147483645
606 2147483645
370 2147483645
135 2147483645
32 2147483645
703 2147483645
525 2147483645
919 2147483645
531 2147483645
330 2147483645
354 2147483645
407 2147483645
468 2147483645
842 2147483645
729 2147483645
217 2147483646
702 2147483646
360 2147483646
582 2147483646
279 2147483646
124 2147483646
122 2147483646
537 2147483646
898 2147483646
102 2147483646
64 2147483646
165 2147483646
831 2147483646
718 2147483646
540 2147483646
21 2147483646
132 2147483646
625 2147483646
72 2147483646
57 2147483646
58 2147483646
79 2147483646
675 2147483646
932 2147483646
798 2147483646
401 2147483646
481 2147483646
878 2147483646
397 2147483646
578 2147483646
918 2147483646
988 2147483646
100 2147483646
947 2147483646
82 2147483646
871 2147483646
680 2147483646
901 2147483646
120 2147483646
517 2147483646
845 2147483646
651 2147483646
536 2147483646
559 2147483646
601 2147483646
659 2147483646
22 2147483646
725 2147483646
686 2147483646
548 2147483646
624 2147483646
757 2147483646
687 2147483646
222 2147483646
266 2147483646
555 2147483646
461 2147483646
785 2147483646
731 2147483646
80 2147483646
624 2147483646
954 2147483646
942 2147483646
887 2147483646
122 2147483646
552 2147483646
458 2147483646
922 2147483646
665 2147483646
825 2147483646
590 2147483646
468 2147483646
525 2147483646
19 2147483646
730 2147483646
781 2147483646
364 2147483646
434 2147483646
78 2147483646
878 2147483646
136 2147483646
334 2147483646
267 2147483646
144 2147483646
956 2147483646
819 2147483646
668 2147483646
74 2147483646
683 2147483646
642 2147483646
614 2147483646
185 2147483646
343 2147483646
570 2147483646
548 2147483646
50 2147483646
896 2147483646
531 2147483646
65 2147483646
348 2147483647
995 2147483647
208 2147483647
453 2147483647
91 2147483647
436 2147483647
702 2147483647
832 2147483647
580 2147483647
562 2147483647
855 2147483647
789 2147483647
733 2147483647
9 2147483647
39 2147483647
231 2147483647
531 2147483647
818 2147483647
367 2147483647
697 2147483647
389 2147483647
6 2147483647
309 2147483647
901 2147483647
719 2147483647
893 2147483647
636 2147483647
345 2147483647
357 2147483647
742 2147483647
67 2147483647
917 2147483647
177 2147483647
187 2147483647
802 2147483647
116 2147483647
860 2147483647
261 2147483647
128 2147483647
755 2147483647
320 2147483647
397 2147483647
960 2147483647
446 2147483647
874 2147483647
586 2147483647
823 2147483647
340 2147483647
855 2147483647
786 2147483647
818 2147483647
443 2147483647
772 2147483647
742 2147483647
721 2147483647
973 2147483647
555 2147483647
269 2147483647
800 2147483647
701 2147483647
650 2147483647
866 2147483647
649 2147483647
639 2147483647
874 2147483647
817 2147483647
300 2147483647
617 2147483647
656 2147483647
387 2147483647
802 2147483647
894 2147483647
985 2147483647
953 2147483647
293 2147483647
321 2147483647
458 2147483647
841 2147483647
974 2147483647
638 2147483647
576 2147483647
487 2147483647
292 2147483647
