312
326 2
245 2
46 5
910 13
605 13
709 19
467 19
945 21
366 21
145 23
988 31
256 32
13 32
277 38
255 38
9 44
259 45
429 46
581 47
926 49
203 51
598 53
350 55
650 56
704 58
900 64
116 64
106 72
789 78
521 80
762 80
494 85
628 88
880 91
936 101
793 101
518 102
157 103
873 104
600 107
150 116
802 119
902 121
211 127
182 128
748 132
629 133
561 135
999 138
453 138
934 139
931 140
834 140
6 144
175 145
803 149
217 149
830 150
62 150
278 154
835 157
427 161
371 164
628 164
930 165
761 167
78 168
195 168
964 169
780 171
522 176
309 176
970 180
488 183
823 189
473 190
63 195
252 198
102 199
151 200
996 204
21 210
109 212
620 219
765 222
951 225
694 230
55 233
728 234
836 236
376 241
347 241
560 242
819 242
167 242
861 243
35 248
32 253
592 259
8 260
790 260
987 261
448 262
838 266
712 271
245 275
219 276
149 278
4 279
742 284
662 286
616 289
97 291
834 292
271 293
502 293
630 294
883 298
571 305
805 310
952 312
109 312
923 313
775 317
914 327
136 327
528 327
135 330
147 343
228 348
100 350
60 350
790 352
208 353
97 362
222 366
81 367
531 372
970 379
948 382
912 383
950 385
684 392
283 392
332 399
916 400
500 403
442 404
742 414
454 414
25 422
319 430
200 430
748 439
504 442
70 445
388 445
8 449
166 451
205 455
593 456
953 462
354 465
449 466
312 467
534 467
332 467
533 474
509 474
523 484
343 486
139 486
944 498
734 506
376 509
430 510
987 520
526 521
40 531
246 531
459 532
601 536
928 536
992 537
182 538
415 542
378 543
565 550
17 553
785 554
2 554
711 554
712 555
764 558
428 560
568 560
816 561
814 574
943 575
539 576
184 576
131 580
796 582
204 583
993 583
967 586
763 592
586 594
440 595
339 601
474 605
366 605
703 605
426 608
913 610
558 621
211 630
933 634
593 636
428 639
270 641
438 647
334 647
161 650
310 655
136 656
226 657
526 659
703 659
82 670
940 672
417 675
699 676
169 683
484 687
975 699
566 699
861 700
341 701
256 707
72 710
775 719
289 724
235 732
381 732
636 739
470 742
871 748
717 749
884 756
310 764
359 773
605 782
569 783
962 791
120 801
339 804
175 814
925 817
877 820
383 822
672 830
710 845
735 855
801 855
666 856
80 859
134 863
303 864
690 869
53 881
443 881
145 884
827 889
836 890
811 893
555 895
765 896
376 900
999 901
963 905
999 909
779 912
9 914
860 916
100 917
186 918
826 919
828 923
420 930
745 931
804 940
493 945
803 946
919 951
165 952
226 955
59 958
57 964
54 965
793 967
446 968
933 972
835 973
904 974
548 978
203 986
94 987
554 989
157 996
571 1000
67 1000
