1000
569 1
335 1
64 4
978 6
756 9
869 9
858 9
872 10
696 10
968 10
212 12
813 14
695 14
679 15
305 16
502 17
956 19
250 20
925 20
670 21
784 22
809 22
825 22
548 22
373 22
526 26
33 26
76 28
332 29
870 29
585 30
238 31
617 32
457 32
410 32
942 33
581 33
791 36
343 38
622 38
536 41
511 42
218 42
470 43
664 44
640 44
472 45
670 45
892 50
165 50
904 51
215 52
875 55
623 55
7 55
736 56
179 56
852 57
33 58
579 58
954 59
960 61
942 61
908 61
232 61
808 62
270 63
217 66
627 67
52 67
26 69
701 71
404 72
264 73
164 75
364 76
611 77
59 78
802 78
760 78
607 81
170 83
808 84
243 84
953 84
185 86
917 87
783 88
706 88
870 92
142 93
217 93
95 94
512 94
248 94
439 94
727 95
783 95
247 98
204 98
953 98
220 100
628 101
972 101
856 102
623 102
179 103
719 104
501 106
185 106
294 106
632 108
698 109
267 110
463 110
23 111
112 112
738 112
974 116
491 116
956 116
295 117
181 118
975 118
678 120
343 120
853 121
266 123
603 124
16 124
309 126
518 128
240 128
249 130
393 132
315 132
607 134
728 134
504 135
784 136
373 137
297 137
756 137
177 139
312 140
188 140
132 140
176 141
542 141
726 142
408 143
216 143
564 144
594 144
736 144
21 146
454 147
992 148
786 150
26 151
207 151
104 152
387 152
493 153
163 154
458 154
725 155
321 156
277 158
340 161
566 164
803 168
123 169
438 170
588 172
481 172
543 173
100 173
429 173
536 174
599 175
665 176
980 177
90 181
547 182
778 183
670 184
237 184
251 184
568 185
482 186
751 187
2 188
261 189
203 190
619 194
138 195
277 195
925 195
765 196
639 196
605 197
229 198
797 199
364 202
362 203
426 205
74 205
44 206
77 209
426 209
983 210
710 210
482 214
94 214
30 216
938 219
955 219
765 221
835 222
662 224
296 225
76 226
938 226
133 226
722 228
258 231
448 231
133 233
303 235
91 236
136 237
147 238
225 240
905 241
828 242
434 246
758 246
98 247
996 247
38 248
869 251
44 251
530 251
812 255
927 260
850 261
769 261
469 263
641 264
572 265
697 266
591 266
680 268
561 270
175 271
907 271
389 274
834 274
234 275
330 276
178 278
785 279
132 279
904 280
310 281
315 281
838 281
492 282
666 282
593 284
6 284
86 285
574 287
467 287
44 289
774 289
333 290
184 291
478 291
616 292
69 292
778 292
496 293
484 293
873 294
821 294
633 294
442 295
108 296
733 297
98 297
244 298
457 299
766 300
13 302
633 303
514 305
625 305
394 307
941 309
515 309
52 309
376 310
161 312
742 313
983 313
21 313
676 316
935 316
740 317
134 319
17 320
113 321
397 321
193 321
97 322
398 322
604 322
735 323
270 324
472 326
736 327
198 328
757 329
756 330
880 331
836 331
850 333
495 333
74 333
588 333
699 335
309 336
771 337
697 338
670 339
493 340
145 341
461 342
316 342
217 343
522 344
55 344
631 345
246 347
172 347
227 348
388 349
902 349
728 349
480 351
60 351
365 354
492 355
28 355
774 357
963 357
871 357
162 359
885 359
40 360
689 361
498 366
978 367
237 368
238 368
98 369
909 370
743 371
824 372
567 373
149 373
803 373
190 374
436 374
375 376
497 377
589 379
270 380
957 381
226 381
764 382
677 383
21 384
505 384
902 385
191 387
894 387
288 388
620 388
377 390
17 393
308 393
557 394
410 397
497 397
733 398
9 399
400 400
16 401
782 403
220 404
672 406
410 407
920 407
472 407
118 409
641 410
656 412
488 415
591 415
460 416
110 418
850 418
781 419
755 419
736 423
225 425
847 426
82 428
124 429
290 431
624 434
646 435
934 435
782 436
933 436
932 436
136 437
17 437
8 437
310 438
295 438
478 439
963 440
870 441
751 442
633 445
595 445
77 447
172 448
783 449
503 452
346 453
42 453
249 455
243 455
665 455
445 456
278 456
511 457
233 457
291 458
172 462
421 462
397 463
226 464
899 465
306 465
264 466
394 467
476 468
352 468
208 471
446 472
914 472
956 472
60 475
187 476
52 477
589 477
12 478
256 480
905 480
573 481
955 481
434 481
170 483
812 484
233 485
339 485
684 485
393 485
405 486
214 487
727 487
236 488
800 490
555 490
827 491
832 495
890 497
630 499
616 500
699 501
957 502
944 503
105 504
666 506
367 510
78 512
654 516
520 517
467 517
102 519
877 520
757 523
883 525
461 528
142 532
425 532
669 536
788 537
261 538
509 540
129 541
965 541
61 543
9 544
729 545
750 545
32 548
851 549
145 549
611 550
606 550
408 550
755 550
718 551
549 551
514 552
673 559
819 559
635 560
950 562
469 563
761 564
156 566
33 566
785 567
340 568
525 569
137 569
542 570
799 571
390 572
530 573
978 575
807 575
273 575
913 576
868 576
496 576
592 576
577 576
145 576
829 577
828 577
737 578
341 578
93 579
103 579
684 580
110 581
369 581
224 582
970 582
831 584
67 584
104 584
788 588
118 589
724 589
651 590
680 592
292 593
241 594
217 595
828 595
359 596
906 602
54 603
677 604
351 604
794 605
480 605
628 606
47 607
760 607
297 608
476 608
299 609
130 610
110 611
935 612
260 613
991 613
931 613
59 617
810 619
661 620
206 621
550 621
207 621
331 622
190 623
679 626
36 627
713 627
875 628
281 629
21 629
18 630
991 632
856 632
430 637
802 638
792 638
228 640
304 640
883 640
573 641
799 642
452 645
121 646
629 648
658 650
936 650
349 651
153 651
20 651
852 651
572 652
418 654
457 654
107 658
968 658
464 661
464 661
513 661
928 661
219 662
317 664
241 665
979 666
452 666
592 667
656 668
983 669
735 669
955 670
575 670
125 670
452 671
136 671
321 672
74 672
202 673
530 675
595 675
565 678
752 679
712 680
122 683
650 684
223 685
541 687
91 687
499 687
597 692
144 693
382 693
139 695
887 695
998 695
725 695
667 695
926 695
136 697
381 697
418 699
77 699
786 700
367 700
428 701
691 702
855 703
997 704
438 705
42 706
338 706
754 706
179 707
89 708
189 709
308 711
822 714
550 714
202 716
640 717
250 717
809 717
719 718
737 719
295 722
502 724
377 724
733 724
881 725
76 726
460 728
928 729
436 730
882 732
261 732
910 733
462 737
672 737
567 737
661 738
972 738
257 739
243 742
634 742
692 743
139 743
587 744
430 745
92 747
478 747
789 748
690 755
128 755
814 756
238 757
419 757
883 758
264 759
988 760
393 760
104 762
944 762
899 762
678 763
533 764
86 764
308 765
500 766
308 767
27 768
901 768
64 770
372 770
511 770
19 771
858 772
273 773
331 773
84 775
481 775
574 775
496 775
88 776
101 777
501 778
466 778
17 779
812 780
652 780
832 781
751 781
461 782
687 782
478 783
70 784
954 785
378 786
966 786
844 789
240 790
364 791
142 791
944 792
230 794
711 794
74 795
970 796
456 796
400 797
986 798
927 800
193 801
732 801
772 802
971 804
974 806
52 809
698 810
887 810
913 811
773 812
188 815
202 816
183 816
426 816
722 819
882 824
252 824
664 826
335 826
347 830
301 830
275 831
44 832
62 833
366 833
910 833
912 834
373 834
288 834
617 836
830 839
258 840
183 840
965 841
378 842
403 843
927 844
949 845
299 845
349 847
998 847
371 848
502 849
315 849
472 849
212 849
865 850
68 851
476 851
365 854
235 854
545 854
761 856
389 857
192 859
893 862
627 864
685 865
486 866
626 867
904 868
141 869
541 869
573 870
368 870
484 872
587 872
222 874
796 874
434 875
272 878
901 879
213 879
917 880
514 880
689 882
663 882
550 882
109 882
941 882
92 883
954 884
175 885
282 885
102 885
241 887
773 888
973 888
372 889
310 890
171 892
721 894
196 895
383 896
109 896
61 897
846 899
123 900
88 901
9 902
27 905
283 908
926 909
777 910
527 910
953 911
288 911
78 915
183 916
303 916
917 917
222 918
947 918
931 918
527 918
246 921
261 923
310 924
140 924
13 925
998 925
661 925
505 926
339 926
719 927
555 927
713 927
108 928
144 928
913 928
929 929
913 929
4 930
178 930
988 930
855 932
699 933
738 934
306 934
523 936
54 937
787 939
175 940
666 941
482 942
813 944
792 944
497 944
512 946
734 946
650 947
68 949
617 950
201 950
296 950
621 950
438 951
452 952
667 952
298 954
302 954
592 955
810 955
349 956
119 956
50 956
365 956
518 957
320 959
347 959
62 959
905 960
554 960
650 960
77 962
196 965
266 965
749 965
195 967
773 969
636 970
6 970
197 972
236 974
981 974
940 975
673 975
254 975
810 976
750 978
572 979
940 979
88 980
784 980
486 980
208 980
197 982
229 987
535 987
144 992
428 992
554 993
677 993
652 994
535 994
862 995
194 995
242 998
