973
958 0
486 0
624 0
190 0
888 1
899 4
543 7
109 7
747 8
589 10
71 12
87 14
459 17
279 18
75 18
490 19
548 20
614 21
299 24
473 24
898 28
486 29
543 30
877 30
428 31
363 31
477 32
674 33
666 33
143 33
689 37
480 38
523 41
54 41
528 42
640 43
453 43
55 44
191 45
977 48
381 48
79 48
200 49
712 50
493 51
246 51
997 53
920 54
780 55
947 55
584 55
499 56
872 57
509 58
478 59
375 60
536 60
836 62
708 63
360 65
676 66
729 69
29 70
620 70
740 71
748 71
915 73
960 74
664 74
928 78
35 78
782 78
156 79
738 80
552 81
47 81
736 81
35 82
321 85
6 85
862 85
660 85
885 87
158 88
574 92
19 92
947 93
420 94
23 94
660 95
781 96
622 97
168 98
185 99
455 99
476 99
155 100
922 100
811 101
894 102
254 102
483 105
379 107
103 107
844 109
331 109
74 109
703 111
602 112
651 114
795 116
233 119
4 120
784 124
580 124
565 124
860 124
970 127
94 129
168 130
363 131
280 131
36 132
29 133
47 134
25 135
249 135
406 135
826 136
177 136
474 137
119 140
999 142
405 142
525 145
828 145
463 145
423 146
385 147
27 148
867 151
203 152
729 153
719 153
446 156
715 156
684 158
100 158
545 159
391 160
207 161
635 162
543 163
753 165
929 168
837 168
190 169
61 172
740 174
563 174
57 174
762 177
307 177
592 177
353 178
411 178
927 179
9 181
924 181
316 182
740 182
421 183
696 185
149 185
347 186
205 186
550 188
770 188
698 190
489 191
978 191
470 193
616 193
613 194
737 194
772 196
537 196
93 198
106 201
988 201
700 202
100 202
150 207
920 208
354 209
47 211
773 211
767 212
132 213
47 214
403 215
251 216
273 216
431 217
668 218
139 218
878 218
540 219
552 219
527 220
685 223
110 225
811 225
751 225
678 225
654 225
230 227
594 227
415 227
537 227
234 229
893 229
337 229
886 229
560 230
809 230
157 230
246 232
332 232
905 233
270 233
310 233
783 235
461 235
861 236
946 237
827 237
96 239
911 241
613 242
523 243
899 243
972 244
396 247
474 250
125 252
20 252
816 253
98 254
665 254
835 255
484 256
5 256
17 257
210 257
350 258
446 260
930 262
785 263
683 263
796 264
163 264
698 266
334 268
67 268
177 269
280 270
434 270
661 271
263 275
248 276
449 277
11 279
28 281
562 282
176 283
802 284
108 287
767 287
163 293
59 294
678 295
950 295
787 297
887 298
68 300
566 302
156 302
186 302
354 303
792 303
502 306
188 307
464 307
8 307
22 307
991 308
82 309
774 310
398 311
113 311
349 315
437 315
100 315
785 317
610 318
440 319
565 319
886 320
405 321
964 322
925 323
593 323
663 325
291 325
558 325
277 326
76 330
240 330
831 334
718 335
571 339
826 340
758 340
96 343
40 343
926 344
124 345
553 346
95 346
695 346
717 347
57 349
291 350
875 351
989 352
627 352
923 356
151 356
85 357
875 357
327 357
638 358
880 359
767 361
963 361
377 364
61 365
521 365
792 365
555 365
716 366
932 368
878 369
712 369
119 370
825 370
228 371
780 372
33 373
618 374
969 375
771 375
701 376
687 378
849 378
408 378
480 378
734 378
946 379
760 379
142 380
449 381
709 382
416 383
411 384
937 385
734 385
208 386
564 389
211 389
925 390
369 393
206 393
512 396
82 398
651 399
831 399
742 401
745 402
558 403
189 403
569 403
776 405
770 405
582 406
413 409
684 409
668 412
229 413
995 413
258 415
215 416
904 418
397 418
804 421
449 422
271 424
638 429
206 429
218 430
492 430
536 432
350 432
198 432
276 433
587 433
319 435
159 435
824 435
82 437
881 439
108 439
295 440
582 441
963 441
783 443
703 444
399 444
820 446
395 446
187 447
759 447
689 447
903 450
53 451
149 451
136 451
498 451
888 453
953 454
479 456
80 456
887 457
260 459
343 459
187 462
689 463
447 464
975 464
419 467
859 467
157 468
686 470
843 471
977 472
709 472
13 476
457 477
343 478
846 478
617 480
934 481
724 482
539 485
16 486
202 486
357 487
843 488
912 490
333 492
165 498
999 499
733 499
322 500
460 501
847 502
427 503
127 503
853 504
252 506
833 506
976 508
374 508
318 509
942 510
334 511
764 512
599 512
675 512
730 516
26 516
938 519
566 521
174 521
213 522
667 523
400 523
488 524
135 524
115 524
434 528
729 532
227 532
657 532
406 534
21 535
776 536
665 538
754 538
125 539
474 540
825 540
683 544
303 544
364 544
797 546
713 546
338 547
999 549
24 549
381 550
506 552
4 552
232 554
374 554
120 556
464 558
821 561
468 561
97 561
256 561
969 561
280 563
630 564
213 565
286 565
275 568
699 568
593 570
857 571
298 571
912 572
259 573
62 573
274 577
287 577
941 577
101 578
881 578
292 578
251 579
773 579
813 580
978 584
553 584
190 584
1000 586
588 587
28 587
629 588
373 589
871 591
289 591
463 593
391 595
742 598
519 598
144 598
275 599
380 601
235 602
812 604
684 604
433 606
841 606
340 607
60 607
797 608
393 610
766 611
9 611
451 611
979 611
411 611
53 612
126 615
138 615
217 617
374 617
301 619
598 623
593 623
44 623
366 626
999 626
151 626
33 626
537 627
387 628
655 630
577 631
598 631
558 632
162 633
33 636
700 637
72 638
381 639
79 639
303 639
235 639
604 640
591 640
829 642
77 643
873 644
493 646
37 649
412 649
849 650
295 650
760 651
59 652
656 652
962 652
353 653
755 653
874 653
588 654
90 655
548 655
989 656
750 656
507 656
379 657
632 659
464 659
117 661
501 664
682 665
129 666
634 667
27 668
237 669
300 669
786 670
97 670
327 673
693 673
949 674
923 674
600 675
842 676
216 676
722 678
497 678
324 679
354 679
306 680
632 680
850 681
278 681
140 682
182 683
223 684
60 685
396 685
622 686
807 687
146 687
791 688
446 689
874 690
885 690
239 691
354 692
406 693
654 697
991 697
201 699
172 700
76 701
354 701
292 702
268 703
68 704
700 704
201 705
804 705
812 705
208 709
10 709
11 710
174 712
777 712
674 713
229 714
309 714
3 714
213 715
699 716
947 717
286 720
137 723
465 727
412 728
110 729
874 731
383 732
762 733
732 734
256 734
267 735
887 736
481 737
20 737
176 738
395 739
980 739
219 741
778 741
109 741
822 743
65 744
325 744
432 745
108 746
64 746
875 747
964 747
421 747
215 747
790 751
122 751
657 751
421 752
852 753
171 753
360 755
23 755
654 757
849 758
404 758
742 758
206 759
710 760
717 761
994 762
282 763
873 763
731 764
342 766
647 768
830 774
558 774
171 776
828 776
29 777
35 777
467 778
818 780
287 780
911 781
834 783
365 785
89 785
328 786
449 786
549 786
696 787
961 787
592 788
186 788
184 789
104 789
524 789
759 791
915 791
954 792
525 793
758 793
10 794
994 794
222 797
543 800
947 800
53 801
686 802
397 802
978 802
910 803
168 803
413 805
916 805
590 811
765 812
913 814
321 814
731 818
993 818
686 819
781 819
907 823
596 824
578 826
41 828
129 828
90 829
495 830
622 830
949 831
721 831
25 837
500 837
676 838
363 842
81 842
379 846
489 847
538 847
52 848
465 849
163 851
811 851
680 852
678 852
726 853
685 853
272 853
625 854
625 855
585 855
264 857
762 857
208 858
816 858
939 859
596 860
173 862
549 865
789 868
268 870
96 870
788 871
800 871
967 872
618 872
122 872
574 874
741 874
961 874
443 874
1 876
189 877
940 877
234 877
35 878
258 879
389 879
492 880
781 881
417 881
74 882
186 883
523 883
169 885
640 886
330 886
814 887
498 887
192 891
458 894
313 895
203 896
79 896
255 897
742 897
439 899
575 899
805 900
182 900
556 900
333 901
603 901
561 904
451 905
37 907
580 909
395 913
679 914
986 914
981 917
951 918
727 919
324 919
143 920
666 922
646 923
733 923
160 927
348 928
470 930
324 931
673 932
200 933
425 936
764 938
667 940
478 943
29 944
968 945
96 946
446 949
666 950
548 951
731 952
670 954
168 956
714 956
290 957
942 958
600 959
466 964
832 964
36 964
598 965
398 966
987 966
730 967
306 967
26 967
3 968
199 968
912 969
70 970
300 971
283 971
635 972
394 974
636 975
967 976
801 978
792 978
766 979
9 979
829 980
376 980
502 982
780 982
472 982
92 984
733 985
127 986
266 986
179 986
266 987
153 990
512 990
925 990
453 991
653 992
900 993
494 995
391 996
11 996
694 996
311 998
769 999
578 999
158 1000
693 1000
149 1000
