357
7 2
60 2
63 4
6 5
62 6
59 6
34 7
59 7
12 12
58 12
15 12
53 14
5 16
22 16
51 17
22 17
61 17
11 18
13 19
61 19
27 20
34 22
46 24
36 24
12 26
27 26
9 27
38 28
27 28
43 31
51 32
60 33
30 33
51 33
20 35
28 35
61 39
54 40
41 41
24 42
56 44
11 45
2 46
40 46
28 46
48 46
22 47
30 47
24 47
9 47
47 50
11 53
9 55
13 56
16 56
12 60
22 63
39 65
37 67
60 67
47 68
55 69
17 70
1 71
53 71
24 71
33 71
31 72
7 72
61 72
32 74
43 74
6 75
9 75
25 77
40 77
57 77
25 78
41 78
57 80
43 80
63 81
29 81
28 84
51 85
49 85
52 85
41 87
27 87
58 89
36 89
16 89
16 90
19 90
58 91
47 91
34 92
27 93
48 93
47 95
36 97
27 97
43 97
50 98
63 98
8 98
55 99
44 102
49 103
30 103
47 105
2 107
39 107
59 108
10 108
49 111
55 111
16 111
54 113
46 113
36 113
50 113
59 116
46 116
3 116
35 118
7 119
57 121
49 122
2 124
11 125
28 126
58 127
20 128
51 130
20 130
34 130
5 131
16 132
47 135
49 135
50 135
19 136
61 138
49 140
1 140
8 140
30 140
49 140
31 141
3 141
2 142
37 142
8 142
14 143
58 143
33 144
2 146
6 147
12 147
12 148
35 149
53 149
23 150
50 151
42 151
17 151
59 152
39 153
44 153
47 155
39 156
5 157
48 157
37 158
59 158
4 158
37 159
24 159
1 160
29 161
8 162
49 163
57 163
14 164
11 164
58 164
56 165
32 166
27 166
51 170
37 171
8 173
63 174
15 174
24 174
35 177
23 179
55 179
26 180
3 180
41 181
20 182
1 182
3 183
55 183
29 184
37 184
24 185
35 185
33 186
55 187
18 187
27 187
23 189
3 190
61 190
31 190
41 191
35 191
37 191
63 191
13 192
24 192
37 192
23 193
4 193
58 196
39 198
39 199
8 200
30 200
18 200
2 201
8 201
26 202
62 203
18 206
27 207
19 208
15 210
23 212
15 213
15 214
45 214
39 214
10 214
31 215
58 216
16 216
6 219
42 219
38 220
29 221
27 221
12 226
19 226
33 226
46 226
47 228
46 230
3 230
7 231
54 233
31 234
53 236
16 237
17 238
47 239
20 241
14 242
26 244
52 245
43 246
43 246
25 248
21 248
43 248
35 249
56 249
24 250
17 251
57 251
13 253
58 257
5 258
44 259
41 260
44 260
17 262
34 263
50 265
26 265
60 265
11 265
62 267
18 267
61 267
14 268
13 269
53 269
47 270
38 270
22 270
58 271
50 274
22 274
55 276
47 277
14 278
18 278
37 279
7 280
55 283
25 284
51 284
43 285
24 286
33 286
3 287
6 288
36 290
63 290
1 290
38 290
23 291
42 291
34 294
8 295
62 296
35 296
37 297
47 297
59 300
31 302
37 303
42 305
15 305
63 307
57 307
2 310
52 311
40 314
31 314
48 318
8 318
22 318
61 318
9 319
58 319
5 320
18 321
17 322
4 323
58 323
63 324
29 324
