1000
785 0
527 0
373 5
797 5
956 8
824 9
983 10
152 12
249 13
648 14
159 14
711 16
427 16
650 17
751 17
18 18
462 19
710 20
643 20
731 20
556 21
47 21
866 25
957 26
275 28
648 29
464 29
147 30
337 30
584 31
798 32
615 32
211 33
835 33
640 36
726 38
712 39
508 40
632 40
224 41
70 42
735 45
55 48
348 48
84 50
196 51
803 52
580 53
135 53
524 55
932 58
327 58
992 60
306 61
712 66
755 67
78 72
144 72
911 72
760 72
627 73
434 74
572 75
125 76
339 77
575 78
680 78
496 83
554 88
917 89
56 89
401 89
266 89
58 90
178 91
832 93
648 93
915 94
982 94
467 95
241 95
922 96
207 97
136 99
279 100
541 102
348 104
296 105
567 105
913 106
453 107
65 108
799 108
276 114
812 114
972 115
194 115
264 115
609 116
721 117
265 118
346 119
520 119
810 121
306 121
71 122
194 124
861 128
623 129
752 129
18 129
923 131
924 131
179 132
753 133
667 133
14 133
922 136
737 137
13 137
570 138
949 139
270 139
367 140
847 140
589 143
431 144
205 144
826 145
418 145
899 146
74 147
382 147
600 149
725 150
878 151
83 151
810 152
791 153
12 153
572 155
600 156
246 158
734 159
301 160
170 160
39 160
793 162
935 163
409 163
837 165
122 165
992 166
494 166
238 168
830 169
947 171
582 173
28 173
445 173
176 173
159 175
864 175
195 180
298 180
101 183
727 185
188 187
1000 188
306 188
612 189
713 190
18 190
810 191
849 192
174 193
28 193
130 194
68 194
635 195
228 196
181 196
32 196
7 197
332 197
803 198
774 200
835 200
505 203
372 204
234 205
235 205
257 205
302 205
393 206
793 206
443 206
592 207
98 208
835 209
226 210
268 210
710 212
689 212
541 213
501 214
857 216
244 216
355 217
685 217
601 218
121 218
547 219
993 219
785 221
896 222
737 227
677 228
307 230
675 230
575 230
298 231
152 231
930 235
896 236
530 236
712 236
171 238
787 239
548 239
322 239
647 240
365 241
233 242
804 242
34 243
123 243
99 244
813 244
259 244
685 245
361 246
986 249
946 250
223 250
731 250
280 250
383 251
833 251
321 252
791 253
959 254
670 255
396 256
18 256
282 257
314 257
619 258
105 259
628 261
837 261
995 263
457 263
59 263
893 268
407 268
834 269
226 272
288 274
163 274
780 275
996 276
665 276
543 278
739 278
809 279
194 280
575 280
951 281
854 282
282 285
200 285
1 285
947 285
366 286
922 286
845 291
881 293
599 293
619 295
145 295
93 296
271 296
786 296
193 298
712 300
578 300
128 300
95 301
273 303
156 304
718 304
784 304
397 305
462 305
667 306
716 309
300 309
729 311
211 313
869 314
515 315
70 315
12 317
387 318
476 318
341 320
885 321
656 322
794 323
601 324
27 325
715 326
347 326
652 328
676 328
437 330
183 331
477 333
151 335
29 335
295 336
368 337
199 338
401 340
893 342
726 342
487 346
33 346
379 347
907 349
93 349
340 349
397 349
317 350
872 350
781 353
511 353
971 354
541 357
374 360
160 361
787 362
785 364
738 364
884 364
185 366
701 368
146 368
680 369
355 369
743 374
524 376
955 376
911 377
245 377
726 377
175 378
853 379
651 380
340 381
129 384
175 385
55 387
114 387
486 388
718 390
937 390
358 390
372 391
221 391
900 392
92 392
645 392
573 393
188 393
768 394
84 396
955 396
46 396
951 398
158 399
141 399
321 400
436 401
603 401
400 402
316 402
78 402
225 402
28 404
752 404
706 405
280 407
777 407
66 409
823 410
487 412
609 412
99 412
857 412
417 412
135 413
838 413
738 413
363 413
836 416
607 421
945 421
855 421
646 423
444 424
635 424
487 426
129 427
453 427
7 429
434 429
489 429
799 430
489 431
505 431
798 432
55 433
639 433
555 433
578 435
586 435
356 438
700 439
537 440
730 440
451 440
371 441
805 441
550 442
535 443
963 444
189 445
878 446
925 446
84 447
561 447
496 449
621 450
905 450
585 451
314 451
92 453
327 455
91 456
13 456
863 457
406 458
144 460
327 460
74 460
342 460
354 461
805 461
26 463
508 463
460 463
879 466
104 467
147 467
547 468
251 468
766 472
695 472
936 474
128 474
8 474
771 476
985 476
206 477
625 480
308 480
876 481
928 481
700 482
773 482
488 483
317 484
247 485
109 485
650 485
141 486
508 488
129 488
462 488
480 489
297 490
379 490
385 492
737 493
20 495
432 496
615 496
492 497
810 497
642 497
307 497
864 498
1 498
779 499
184 499
693 500
364 500
778 500
835 501
570 501
798 503
577 505
131 506
872 506
975 506
894 506
910 506
335 509
36 510
901 510
6 511
410 511
152 511
272 515
920 516
526 516
164 516
126 517
699 520
16 521
291 523
552 524
133 525
925 525
990 527
654 529
56 529
336 537
786 537
926 537
922 538
388 538
737 539
18 539
985 541
749 541
578 541
220 543
862 543
242 545
234 545
568 545
393 547
271 547
336 548
420 549
458 552
104 552
28 552
600 553
755 555
443 556
815 557
645 559
772 560
835 561
226 561
263 561
683 563
269 564
760 564
796 565
439 567
999 569
341 569
737 570
689 572
699 572
491 572
286 573
951 573
52 574
772 574
502 574
563 574
184 581
81 582
714 582
298 583
561 584
857 584
180 585
445 587
201 588
572 588
872 589
222 589
770 593
903 594
851 594
771 594
16 595
282 596
408 596
891 598
819 600
811 602
823 603
146 604
650 604
333 605
72 606
533 607
695 607
63 608
479 608
486 609
336 611
454 611
688 612
88 612
990 613
857 614
691 614
737 615
755 615
406 615
527 616
173 619
275 621
360 622
115 622
449 622
776 623
380 624
941 624
805 626
856 628
6 628
820 632
865 633
959 634
781 634
419 634
954 636
359 636
254 641
928 641
454 642
284 643
417 645
360 645
61 646
636 647
381 647
549 647
458 648
646 651
234 651
395 652
123 652
195 654
8 655
777 656
67 657
447 658
868 659
407 659
124 661
83 664
157 664
840 665
654 665
903 667
237 667
207 667
356 667
651 668
536 668
679 670
948 672
677 673
944 674
393 674
746 674
959 676
519 677
860 678
200 679
978 680
131 681
417 685
780 686
358 687
686 689
668 690
617 691
549 692
652 692
705 695
381 696
365 696
585 697
732 699
196 704
309 704
651 705
41 707
925 708
475 709
365 711
228 711
553 712
319 712
390 714
201 714
233 714
255 716
45 716
992 718
997 718
610 719
7 720
868 722
736 722
982 723
757 723
764 723
507 723
782 725
310 726
462 726
698 727
592 729
158 731
691 731
39 733
54 734
758 734
500 736
789 737
313 741
466 743
898 745
651 747
331 749
670 749
294 750
755 751
721 751
93 752
760 753
542 754
699 756
730 756
761 757
518 757
543 757
235 757
499 758
260 758
845 758
548 759
14 760
361 762
727 762
258 762
954 765
538 765
348 768
620 773
440 777
159 777
414 777
255 777
713 778
866 779
481 780
559 781
930 782
585 784
138 784
881 785
554 785
694 786
129 787
665 787
280 787
138 788
772 789
446 789
702 791
200 791
66 793
793 793
353 795
440 796
975 796
852 797
378 798
608 798
768 799
218 802
891 803
211 804
487 804
37 806
394 807
462 809
733 810
699 810
519 812
184 812
88 813
328 816
515 816
766 817
747 817
203 818
606 818
690 819
475 820
842 821
220 821
25 821
723 823
148 825
420 828
958 828
240 831
160 832
526 834
819 834
851 835
975 835
577 835
326 836
258 836
128 838
698 839
469 840
363 840
447 842
332 843
821 846
476 846
897 846
774 847
679 849
559 849
20 850
853 850
9 850
21 851
134 852
533 852
540 852
269 855
563 855
781 858
767 860
199 861
515 863
336 863
523 864
884 864
916 865
916 867
866 869
226 870
394 870
114 872
619 873
336 875
559 876
465 876
974 877
463 879
870 879
315 880
598 880
83 882
551 883
554 885
911 885
137 885
483 887
729 889
282 889
29 890
360 891
72 891
4 892
58 894
930 894
557 895
264 895
806 895
371 895
488 897
202 897
377 899
48 900
901 903
908 905
968 906
108 909
274 912
425 913
234 913
765 915
684 915
57 917
234 919
583 920
397 920
855 922
920 922
210 925
922 927
484 927
846 932
146 932
76 932
973 933
904 934
500 936
439 939
582 941
415 941
580 942
541 943
313 943
470 946
793 947
240 947
14 948
398 948
565 949
387 949
603 949
219 951
788 953
353 954
935 954
628 954
554 954
760 954
778 955
948 955
16 957
102 960
610 961
923 961
539 962
249 963
535 963
402 963
380 964
208 964
238 965
506 966
977 967
912 968
799 969
379 970
305 970
642 971
657 972
466 973
462 975
64 977
415 980
608 981
95 982
226 984
915 984
226 984
900 986
271 988
617 991
570 991
863 993
652 996
837 998
975 999
965 1000
971 1000
