1000
374 2147483637
857 2147483637
698 2147483637
264 2147483637
248 2147483637
603 2147483637
351 2147483637
548 2147483637
712 2147483637
566 2147483637
384 2147483637
255 2147483637
249 2147483637
430 2147483637
2 2147483637
338 2147483637
606 2147483637
792 2147483637
658 2147483637
110 2147483637
298 2147483637
267 2147483637
210 2147483637
540 2147483637
58 2147483637
547 2147483637
725 2147483637
64 2147483637
689 2147483637
271 2147483637
821 2147483637
419 2147483637
79 2147483637
972 2147483637
623 2147483637
121 2147483637
877 2147483637
574 2147483637
387 2147483637
773 2147483637
768 2147483637
500 2147483637
612 2147483637
943 2147483637
465 2147483637
913 2147483637
327 2147483637
830 2147483637
366 2147483637
854 2147483637
30 2147483637
511 2147483637
849 2147483637
595 2147483637
810 2147483637
204 2147483637
566 2147483637
29 2147483637
129 2147483637
484 2147483637
215 2147483637
291 2147483637
239 2147483637
711 2147483637
970 2147483637
99 2147483637
598 2147483637
897 2147483637
222 2147483637
345 2147483637
143 2147483637
654 2147483637
757 2147483637
224 2147483638
647 2147483638
595 2147483638
686 2147483638
607 2147483638
964 2147483638
667 2147483638
142 2147483638
815 2147483638
635 2147483638
660 2147483638
770 2147483638
176 2147483638
570 2147483638
93 2147483638
589 2147483638
264 2147483638
962 2147483638
390 2147483638
866 2147483638
427 2147483638
21 2147483638
885 2147483638
380 2147483638
149 2147483638
643 2147483638
129 2147483638
286 2147483638
106 2147483638
796 2147483638
175 2147483638
802 2147483638
140 2147483638
124 2147483638
868 2147483638
632 2147483638
31 2147483638
103 2147483638
654 2147483638
874 2147483638
66 2147483638
395 2147483638
943 2147483638
148 2147483638
564 2147483638
878 2147483638
241 2147483638
375 2147483638
442 2147483638
207 2147483638
258 2147483638
172 2147483638
875 2147483638
653 2147483638
613 2147483638
296 2147483638
671 2147483638
153 2147483638
281 2147483638
684 2147483638
811 2147483638
435 2147483638
448 2147483638
51 2147483638
488 2147483638
319 2147483638
502 2147483638
607 2147483638
683 2147483638
258 2147483638
721 2147483638
656 2147483638
243 2147483638
385 2147483638
562 2147483638
285 2147483638
657 2147483638
572 2147483638
481 2147483638
201 2147483638
256 2147483638
980 2147483638
584 2147483638
971 2147483638
196 2147483638
452 2147483638
52 2147483638
398 2147483639
626 2147483639
639 2147483639
743 2147483639
873 2147483639
355 2147483639
298 2147483639
372 2147483639
681 2147483639
686 2147483639
383 2147483639
343 2147483639
719 2147483639
692 2147483639
938 2147483639
671 2147483639
937 2147483639
114 2147483639
12 2147483639
455 2147483639
767 2147483639
994 2147483639
696 2147483639
246 2147483639
458 2147483639
243 2147483639
422 2147483639
381 2147483639
441 2147483639
982 2147483639
852 2147483639
330 2147483639
9 2147483639
111 2147483639
221 2147483639
972 2147483639
388 2147483639
669 2147483639
770 2147483639
215 2147483639
928 2147483639
791 2147483639
487 2147483639
299 2147483639
544 2147483639
517 2147483639
713 2147483639
942 2147483639
273 2147483639
267 2147483639
974 2147483639
883 2147483639
715 2147483639
858 2147483639
980 2147483639
199 2147483639
949 2147483639
161 2147483639
337 2147483639
932 2147483639
961 2147483639
594 2147483639
950 2147483639
516 2147483639
828 2147483639
320 2147483639
355 2147483639
339 2147483639
26 2147483639
231 2147483639
378 2147483639
39 2147483639
613 2147483639
218 2147483639
665 2147483639
764 2147483639
696 2147483639
804 2147483639
366 2147483639
624 2147483639
411 2147483639
447 2147483639
201 2147483639
936 2147483639
233 2147483639
268 2147483639
920 2147483639
970 2147483639
456 2147483639
772 2147483639
274 2147483639
252 2147483639
644 2147483640
908 2147483640
193 2147483640
474 2147483640
683 2147483640
811 2147483640
411 2147483640
276 2147483640
975 2147483640
196 2147483640
756 2147483640
890 2147483640
648 2147483640
411 2147483640
331 2147483640
25 2147483640
566 2147483640
179 2147483640
485 2147483640
362 2147483640
549 2147483640
573 2147483640
37 2147483640
229 2147483640
364 2147483640
300 2147483640
510 2147483640
573 2147483640
954 2147483640
230 2147483640
498 2147483640
215 2147483640
978 2147483640
542 2147483640
304 2147483640
881 2147483640
238 2147483640
583 2147483640
62 2147483640
475 2147483640
899 2147483640
41 2147483640
509 2147483640
959 2147483640
445 2147483640
460 2147483640
543 2147483640
440 2147483640
199 2147483640
858 2147483640
817 2147483640
133 2147483640
994 2147483640
860 2147483640
74 2147483640
251 2147483640
333 2147483640
593 2147483640
421 2147483640
765 2147483640
993 2147483640
691 2147483640
171 2147483640
344 2147483640
656 2147483640
611 2147483640
276 2147483640
399 2147483640
978 2147483640
653 2147483640
683 2147483640
11 2147483640
944 2147483641
306 2147483641
993 2147483641
421 2147483641
189 2147483641
449 2147483641
56 2147483641
462 2147483641
804 2147483641
139 2147483641
484 2147483641
877 2147483641
620 2147483641
893 2147483641
598 2147483641
280 2147483641
381 2147483641
908 2147483641
931 2147483641
149 2147483641
563 2147483641
657 2147483641
983 2147483641
617 2147483641
885 2147483641
941 2147483641
348 2147483641
343 2147483641
329 2147483641
351 2147483641
564 2147483641
548 2147483641
629 2147483641
18 2147483641
401 2147483641
591 2147483641
186 2147483641
976 2147483641
37 2147483641
38 2147483641
861 2147483641
709 2147483641
789 2147483641
883 2147483641
942 2147483641
50 2147483641
690 2147483641
57 2147483641
672 2147483641
275 2147483641
693 2147483641
942 2147483641
423 2147483641
687 2147483641
185 2147483641
668 2147483641
415 2147483641
561 2147483641
352 2147483641
759 2147483641
312 2147483641
757 2147483641
714 2147483641
125 2147483641
94 2147483641
961 2147483641
55 2147483641
318 2147483641
732 2147483641
954 2147483641
116 2147483641
260 2147483641
200 2147483641
54 2147483641
213 2147483641
648 2147483641
616 2147483641
928 2147483641
29 2147483641
536 2147483641
117 2147483641
459 2147483641
203 2147483641
427 2147483641
712 2147483641
589 2147483641
944 2147483641
526 2147483641
609 2147483641
796 2147483641
819 2147483641
750 2147483641
886 2147483641
259 2147483641
202 2147483641
673 2147483641
482 2147483641
730 2147483641
367 2147483641
769 2147483641
311 2147483641
701 2147483641
186 2147483641
314 2147483641
303 2147483641
236 2147483641
171 2147483641
597 2147483641
801 2147483641
407 2147483641
232 2147483641
770 2147483642
199 2147483642
320 2147483642
792 2147483642
933 2147483642
934 2147483642
1000 2147483642
999 2147483642
705 2147483642
977 2147483642
449 2147483642
3 2147483642
639 2147483642
614 2147483642
898 2147483642
575 2147483642
183 2147483642
574 2147483642
957 2147483642
78 2147483642
27 2147483642
76 2147483642
187 2147483642
862 2147483642
716 2147483642
8 2147483642
136 2147483642
355 2147483642
757 2147483642
173 2147483642
36 2147483642
973 2147483642
335 2147483642
634 2147483642
779 2147483642
915 2147483642
852 2147483642
208 2147483642
716 2147483642
361 2147483642
666 2147483642
665 2147483642
249 2147483642
616 2147483642
635 2147483642
588 2147483642
530 2147483642
441 2147483642
928 2147483642
344 2147483642
903 2147483642
126 2147483642
347 2147483642
618 2147483642
431 2147483642
983 2147483642
105 2147483642
354 2147483642
445 2147483642
24 2147483642
440 2147483642
191 2147483642
599 2147483642
670 2147483642
505 2147483642
270 2147483642
769 2147483642
972 2147483642
917 2147483642
357 2147483642
671 2147483642
34 2147483642
150 2147483642
477 2147483642
503 2147483642
390 2147483642
330 2147483642
332 2147483642
150 2147483642
490 2147483642
954 2147483642
811 2147483642
970 2147483642
640 2147483642
68 2147483642
692 2147483642
152 2147483642
410 2147483642
340 2147483642
784 2147483642
838 2147483642
637 2147483642
141 2147483643
204 2147483643
863 2147483643
374 2147483643
162 2147483643
61 2147483643
165 2147483643
863 2147483643
17 2147483643
808 2147483643
473 2147483643
365 2147483643
415 2147483643
101 2147483643
155 2147483643
38 2147483643
319 2147483643
378 2147483643
653 2147483643
859 2147483643
674 2147483643
399 2147483643
894 2147483643
757 2147483643
572 2147483643
487 2147483643
815 2147483643
20 2147483643
656 2147483643
735 2147483643
97 2147483643
472 2147483643
861 2147483643
45 2147483643
243 2147483643
752 2147483643
420 2147483643
230 2147483643
905 2147483643
87 2147483643
891 2147483643
173 2147483643
649 2147483643
728 2147483643
473 2147483643
78 2147483643
830 2147483643
628 2147483643
225 2147483643
332 2147483643
604 2147483643
908 2147483643
357 2147483643
817 2147483643
104 2147483643
783 2147483643
210 2147483643
555 2147483643
248 2147483643
302 2147483643
967 2147483643
687 2147483643
124 2147483643
791 2147483643
220 2147483643
144 2147483643
739 2147483643
917 2147483643
400 2147483643
415 2147483643
415 2147483643
394 2147483643
222 2147483643
705 2147483643
801 2147483643
513 2147483643
277 2147483643
469 2147483643
722 2147483643
995 2147483643
352 2147483643
721 2147483643
571 2147483643
12 2147483643
272 2147483643
933 2147483643
654 2147483643
95 2147483643
63 2147483643
970 2147483643
120 2147483643
308 2147483643
740 2147483643
270 2147483643
280 2147483644
436 2147483644
633 2147483644
532 2147483644
629 2147483644
685 2147483644
67 2147483644
764 2147483644
404 2147483644
662 2147483644
177 2147483644
986 2147483644
770 2147483644
747 2147483644
212 2147483644
885 2147483644
373 2147483644
459 2147483644
427 2147483644
623 2147483644
7 2147483644
148 2147483644
516 2147483644
825 2147483644
171 2147483644
30 2147483644
864 2147483644
695 2147483644
385 2147483644
357 2147483644
982 2147483644
742 2147483644
213 2147483644
530 2147483644
792 2147483644
419 2147483644
503 2147483644
434 2147483644
615 2147483644
602 2147483644
315 2147483644
490 2147483644
822 2147483644
788 2147483644
120 2147483644
707 2147483644
950 2147483644
609 2147483644
680 2147483644
937 2147483644
626 2147483644
877 2147483644
225 2147483644
559 2147483644
873 2147483644
689 2147483644
979 2147483644
907 2147483644
94 2147483644
130 2147483644
293 2147483644
548 2147483644
919 2147483644
380 2147483644
700 2147483644
107 2147483644
288 2147483644
158 2147483644
280 2147483644
395 2147483644
760 2147483644
303 2147483644
923 2147483644
348 2147483644
326 2147483644
154 2147483644
304 2147483644
19 2147483644
862 2147483644
265 2147483644
68 2147483644
822 2147483644
572 2147483644
217 2147483644
227 2147483644
278 2147483644
86 2147483645
880 2147483645
931 2147483645
881 2147483645
611 2147483645
804 2147483645
748 2147483645
445 2147483645
825 2147483645
797 2147483645
468 2147483645
476 2147483645
325 2147483645
609 2147483645
376 2147483645
945 2147483645
871 2147483645
701 2147483645
841 2147483645
381 2147483645
534 2147483645
908 2147483645
560 2147483645
543 2147483645
75 2147483645
314 2147483645
586 2147483645
368 2147483645
996 2147483645
866 2147483645
407 2147483645
950 2147483645
589 2147483645
236 2147483645
184 2147483645
486 2147483645
630 2147483645
759 2147483645
405 2147483645
322 2147483645
904 2147483645
776 2147483645
201 2147483645
286 2147483645
526 2147483645
184 2147483645
139 2147483645
939 2147483645
608 2147483645
392 2147483645
362 2147483645
135 2147483645
462 2147483645
978 2147483645
151 2147483645
6 2147483645
115 2147483645
260 2147483645
888 2147483645
447 2147483645
504 2147483645
236 2147483645
988 2147483645
181 2147483645
993 2147483645
623 2147483645
230 2147483645
587 2147483645
737 2147483645
939 2147483645
717 2147483645
460 2147483645
550 2147483645
597 2147483645
154 2147483645
973 2147483645
176 2147483645
235 2147483645
115 2147483645
362 2147483645
50 2147483645
862 2147483645
3 2147483645
637 2147483645
545 2147483645
943 2147483645
762 2147483645
902 2147483645
230 2147483645
333 2147483645
466 2147483645
611 2147483645
268 2147483646
562 2147483646
675 2147483646
913 2147483646
852 2147483646
149 2147483646
781 2147483646
717 2147483646
340 2147483646
529 2147483646
411 2147483646
183 2147483646
599 2147483646
405 2147483646
248 2147483646
519 2147483646
781 2147483646
620 2147483646
545 2147483646
336 2147483646
152 2147483646
187 2147483646
398 2147483646
879 2147483646
655 2147483646
511 2147483646
277 2147483646
73 2147483646
326 2147483646
354 2147483646
322 2147483646
361 2147483646
845 2147483646
266 2147483646
440 2147483646
40 2147483646
185 2147483646
497 2147483646
736 2147483646
543 2147483646
331 2147483646
774 2147483646
732 2147483646
146 2147483646
303 2147483646
318 2147483646
71 2147483646
735 2147483646
523 2147483646
398 2147483646
835 2147483646
753 2147483646
223 2147483646
43 2147483646
650 2147483646
517 2147483646
518 2147483646
321 2147483646
800 2147483646
971 2147483646
728 2147483646
845 2147483646
547 2147483646
597 2147483646
29 2147483646
904 2147483646
327 2147483646
75 2147483646
369 2147483646
666 2147483646
731 2147483646
410 2147483646
229 2147483646
800 2147483646
197 2147483646
308 2147483646
698 2147483646
717 2147483646
463 2147483646
396 2147483646
314 2147483646
265 2147483646
188 2147483646
19 2147483646
684 2147483646
322 2147483646
200 2147483646
295 2147483646
339 2147483646
824 2147483646
550 2147483646
463 2147483646
983 2147483646
187 2147483646
609 2147483646
699 2147483646
649 2147483646
600 2147483646
561 2147483646
411 2147483646
516 2147483646
385 2147483646
87 2147483646
544 2147483646
819 2147483647
22 2147483647
565 2147483647
967 2147483647
480 2147483647
113 2147483647
926 2147483647
812 2147483647
417 2147483647
881 2147483647
423 2147483647
981 2147483647
649 2147483647
517 2147483647
451 2147483647
647 2147483647
534 2147483647
185 2147483647
422 2147483647
775 2147483647
169 2147483647
236 2147483647
847 2147483647
124 2147483647
700 2147483647
338 2147483647
145 2147483647
911 2147483647
974 2147483647
61 2147483647
489 2147483647
134 2147483647
672 2147483647
303 2147483647
815 2147483647
861 2147483647
51 2147483647
654 2147483647
844 2147483647
449 2147483647
40 2147483647
319 2147483647
933 2147483647
631 2147483647
201 2147483647
58 2147483647
942 2147483647
420 2147483647
723 2147483647
182 2147483647
140 2147483647
153 2147483647
951 2147483647
390 2147483647
693 2147483647
414 2147483647
295 2147483647
717 2147483647
37 2147483647
44 2147483647
373 2147483647
642 2147483647
518 2147483647
567 2147483647
183 2147483647
50 2147483647
836 2147483647
506 2147483647
557 2147483647
654 2147483647
43 2147483647
815 2147483647
515 2147483647
43 2147483647
293 2147483647
430 2147483647
67 2147483647
407 2147483647
537 2147483647
932 2147483647
429 2147483647
159 2147483647
273 2147483647
138 2147483647
241 2147483647
192 2147483647
445 2147483647
533 2147483647
128 2147483647
704 2147483647
410 2147483647
156 2147483647
568 2147483647
115 2147483647
425 2147483647
487 2147483647
500 2147483647
