904
7 1
11 1
41 1
23 2
27 3
15 4
45 4
9 4
41 6
22 7
41 7
39 7
15 8
47 9
40 11
33 12
27 12
2 12
19 12
27 12
45 15
10 15
48 16
28 17
27 18
27 18
42 18
31 18
33 19
47 20
21 20
11 21
45 22
7 23
9 23
30 23
39 23
18 23
34 23
47 25
43 25
16 25
23 27
20 27
28 28
36 28
5 29
44 29
14 31
5 32
16 33
42 34
10 35
47 36
17 36
35 37
44 37
36 38
22 38
23 39
36 39
48 40
33 40
22 40
41 40
44 42
40 42
23 47
22 47
23 49
39 49
44 49
9 50
29 50
37 51
7 51
47 51
5 51
14 52
1 53
28 53
32 53
12 53
20 54
42 55
1 56
11 56
21 56
19 57
16 57
4 58
7 60
33 61
46 61
27 63
8 63
41 64
9 65
2 65
11 67
34 67
18 68
43 71
47 74
9 74
25 74
48 77
45 78
45 79
34 79
15 80
11 80
7 81
1 81
11 82
33 82
48 83
42 83
21 84
8 84
9 85
47 85
19 86
2 87
42 89
46 92
30 93
45 94
29 94
31 95
9 96
4 97
42 98
47 98
29 99
17 99
48 100
4 100
24 100
16 101
10 101
6 102
7 103
14 103
46 104
45 104
12 106
24 106
29 106
17 107
33 107
12 108
6 109
1 109
3 109
34 110
13 111
29 111
21 112
1 113
22 113
37 115
41 116
24 116
30 116
27 117
14 118
14 118
23 118
24 119
26 120
47 121
31 121
14 122
30 122
21 122
28 124
16 124
13 125
21 125
33 125
47 125
46 125
10 126
27 127
2 127
25 127
38 128
4 129
30 129
2 129
7 130
15 133
48 134
30 134
23 135
6 135
18 135
14 137
24 137
22 138
24 138
42 138
36 138
23 138
20 139
30 139
22 140
35 143
32 143
14 143
14 143
33 143
19 144
6 145
4 145
28 145
39 146
23 146
22 147
47 148
48 149
12 149
12 150
29 151
46 152
30 152
21 154
18 154
14 154
15 155
12 156
8 157
27 157
45 158
8 160
8 160
24 160
17 161
37 162
19 163
3 164
39 164
13 164
33 164
41 165
40 166
24 166
8 167
29 167
34 168
16 168
48 169
38 169
43 170
42 170
25 170
18 170
11 171
35 171
1 171
9 172
36 173
37 173
26 174
19 174
40 174
19 174
38 175
33 176
35 176
12 176
8 177
20 178
12 179
25 179
45 179
19 179
10 180
45 180
44 181
2 181
44 182
18 182
5 182
27 182
22 182
29 182
43 185
20 185
44 185
4 186
45 188
19 188
37 188
21 188
22 188
38 189
6 190
48 191
48 191
1 191
22 191
3 195
31 197
40 199
48 199
44 199
43 199
36 199
31 200
26 200
1 200
5 204
26 205
37 205
24 205
11 206
27 208
2 208
11 209
2 211
3 212
11 212
11 212
12 214
47 214
11 215
45 216
18 216
11 216
4 217
4 219
27 219
7 219
28 219
46 219
17 220
3 221
41 221
3 221
1 222
10 224
30 224
39 226
1 227
44 228
9 229
47 230
17 230
45 231
40 232
14 232
29 232
8 233
21 233
43 234
42 234
14 235
36 235
15 236
47 236
32 236
15 238
39 238
30 238
10 239
7 240
43 240
12 242
14 243
2 245
37 247
41 248
20 249
36 250
15 250
32 251
24 251
29 251
28 252
35 252
1 253
32 253
31 253
5 253
23 255
14 257
27 258
12 258
20 258
5 259
20 259
21 259
9 260
20 260
4 260
8 261
37 261
3 262
44 262
24 262
12 263
42 264
23 265
47 265
44 266
24 266
18 266
11 267
23 269
29 270
43 271
37 271
44 272
15 275
2 276
8 277
27 277
45 277
24 278
37 279
6 279
35 280
14 280
31 281
38 282
25 282
32 282
37 283
9 284
10 284
1 284
38 284
24 285
29 285
44 286
43 286
28 287
21 288
4 289
21 289
35 290
23 290
11 292
26 293
38 293
12 294
36 294
33 295
8 295
13 298
31 299
33 300
26 302
11 302
20 303
36 304
29 304
8 305
45 305
20 306
24 307
2 307
8 307
27 308
18 309
15 310
37 310
40 311
21 311
43 313
26 313
30 315
21 316
29 317
36 318
24 318
41 319
21 319
19 319
42 321
15 322
3 322
20 323
45 323
45 324
47 325
11 327
34 327
7 327
14 328
27 328
33 329
44 329
14 331
21 331
29 331
31 332
5 332
6 333
18 334
41 334
48 337
7 338
6 338
23 339
30 340
32 341
31 342
47 342
35 343
9 344
13 345
16 346
15 347
14 348
21 348
17 349
42 349
8 351
22 354
42 355
3 355
45 355
5 357
28 358
39 360
34 361
24 361
30 361
42 361
39 361
47 362
32 363
28 363
46 364
48 364
7 365
13 366
45 366
44 367
30 369
37 369
6 369
17 369
27 371
34 371
31 371
28 372
6 374
2 374
20 374
10 375
9 376
39 377
8 377
39 379
41 379
12 380
33 381
43 381
21 382
37 382
17 383
47 385
12 388
34 389
27 389
8 389
12 389
36 389
27 391
40 391
30 392
34 392
29 393
19 393
46 393
33 394
35 394
10 395
34 395
30 395
13 396
36 396
17 397
4 399
15 401
29 401
36 401
44 402
37 404
11 405
20 408
3 409
4 409
19 409
34 409
17 410
38 411
36 411
35 413
32 413
16 413
39 414
8 416
15 416
34 417
33 417
25 418
21 418
43 418
28 419
15 419
35 419
47 421
7 421
3 423
39 423
21 424
37 425
3 425
39 425
2 425
4 426
5 427
28 427
12 427
27 427
14 427
33 430
48 433
35 434
26 434
34 435
16 435
31 438
10 439
11 440
18 440
27 440
2 440
15 441
18 442
37 444
30 444
24 444
48 444
12 444
29 445
8 445
41 445
48 446
1 446
5 447
26 447
25 448
43 448
7 449
47 449
33 449
40 450
6 451
41 451
42 452
43 453
31 453
8 453
27 453
33 453
33 454
45 454
41 456
15 457
48 458
17 459
38 460
29 461
26 466
40 467
15 467
27 469
41 469
18 469
44 469
19 471
14 473
18 475
19 475
26 476
20 477
14 479
14 479
18 479
4 480
39 481
17 481
29 481
3 482
36 482
20 483
27 484
20 484
23 484
19 487
23 488
12 488
7 489
31 489
3 490
38 490
43 490
14 492
46 493
43 494
38 494
18 494
27 495
37 497
6 497
11 497
37 497
21 498
11 498
24 499
15 501
17 502
29 502
7 502
37 502
14 504
48 506
15 507
16 508
23 508
15 509
27 509
34 511
34 511
41 511
45 511
24 512
14 512
44 512
41 512
24 513
41 513
42 513
13 514
9 514
40 515
14 517
13 517
42 517
44 517
6 518
45 518
24 518
2 519
18 520
14 520
21 521
29 521
3 522
15 522
6 523
13 523
40 524
8 527
18 530
19 531
12 531
26 532
2 532
37 532
40 533
25 534
21 535
7 535
28 536
48 536
9 537
14 537
38 537
46 537
13 538
28 538
16 538
38 538
3 539
34 539
18 540
11 541
2 541
29 541
4 541
16 541
28 544
29 544
15 545
9 546
38 546
2 546
25 546
42 547
30 548
18 549
36 550
45 550
27 551
29 552
35 553
9 554
7 554
44 556
26 557
35 558
9 559
18 559
24 561
26 561
25 561
35 562
38 562
4 564
6 564
41 565
25 566
6 566
5 566
34 566
3 567
16 567
33 569
32 570
20 570
10 571
45 572
1 573
17 574
5 575
38 576
47 577
13 577
28 581
22 581
35 582
35 583
18 584
7 584
20 584
23 584
47 585
2 585
20 585
43 585
31 587
42 588
1 589
7 591
33 591
23 591
15 592
9 592
23 594
21 595
19 595
3 595
3 595
22 596
22 597
43 599
12 599
11 600
8 600
40 600
3 601
41 602
36 602
40 603
15 603
16 604
12 604
14 605
18 605
24 606
3 607
18 608
27 608
9 609
35 609
34 612
35 613
43 614
5 614
42 614
10 615
29 615
20 617
42 618
46 619
31 620
26 620
