554
937 3
969 5
411 9
68 11
257 14
504 15
237 18
986 19
379 23
253 24
163 26
392 26
564 29
112 29
132 31
468 35
16 36
828 36
195 39
838 39
943 44
461 47
999 49
271 49
810 53
14 54
197 55
760 60
322 61
462 62
130 66
928 69
225 72
555 75
432 75
164 78
510 80
486 82
145 84
494 85
6 85
445 91
925 92
261 94
320 96
408 96
67 97
903 98
607 101
773 101
535 103
146 104
606 105
849 106
655 106
156 106
705 111
365 113
831 117
350 118
764 122
3 129
655 129
174 130
991 135
838 136
369 137
444 139
438 140
64 140
455 141
353 143
613 146
284 146
140 149
391 150
989 151
134 151
987 152
98 152
234 154
121 157
536 160
930 162
662 162
161 163
690 166
284 166
555 168
827 168
207 172
312 174
606 177
839 181
229 183
956 188
224 188
768 189
169 191
772 192
621 198
817 199
865 201
786 201
311 202
831 204
956 204
133 207
655 208
517 212
321 215
786 216
459 218
606 220
282 220
823 222
167 223
581 223
152 226
737 229
41 229
680 232
650 232
383 232
180 237
374 238
307 238
963 241
677 242
704 251
322 252
298 252
629 254
552 256
855 258
342 258
461 259
37 263
925 265
330 266
205 267
216 273
185 273
359 275
420 275
884 279
483 280
576 281
463 281
762 283
199 284
498 288
147 291
396 293
303 293
574 295
446 296
271 297
857 298
729 299
536 300
401 300
73 305
554 306
825 307
582 308
462 314
355 318
620 320
900 323
268 328
299 329
851 329
275 330
737 331
777 331
502 331
287 335
280 341
607 342
608 343
347 343
750 344
958 345
534 345
50 346
782 348
631 348
422 351
316 354
227 356
826 357
342 357
116 357
623 358
691 360
308 360
750 363
886 365
256 366
770 366
804 368
674 372
823 373
432 375
156 376
659 379
206 379
15 381
189 382
891 384
554 385
348 385
869 385
883 395
148 399
572 399
304 400
339 400
766 404
399 408
393 408
474 408
648 413
257 413
382 414
477 416
482 418
806 418
82 419
356 420
52 420
500 422
568 423
193 425
910 429
542 432
55 434
36 434
389 439
369 439
521 440
766 443
492 445
407 447
723 448
319 455
952 456
214 459
38 460
84 461
98 462
208 463
484 464
322 464
927 467
121 470
885 473
556 474
593 474
66 477
104 478
306 478
221 480
279 480
929 480
208 482
440 484
798 484
41 485
444 485
695 487
467 491
864 491
985 497
604 499
661 499
629 500
165 500
95 502
628 502
89 503
515 505
94 508
955 510
325 512
84 514
557 516
546 517
319 521
317 524
881 525
285 525
742 526
704 526
478 530
433 534
740 535
551 536
517 536
14 537
488 540
814 540
668 545
578 550
238 555
740 563
106 577
547 579
488 579
683 581
310 581
289 582
699 583
446 585
382 586
977 589
762 589
172 589
608 589
812 590
48 591
774 593
98 594
522 595
477 596
105 597
477 597
901 599
887 599
533 601
42 603
64 603
736 603
79 605
462 605
703 608
262 612
315 615
404 616
89 617
81 617
985 618
412 619
851 621
180 622
787 626
495 627
37 628
758 630
416 630
66 632
520 633
264 634
75 634
995 634
90 636
535 638
404 640
854 642
551 646
202 646
554 650
808 650
854 652
244 654
200 655
642 659
996 659
484 661
235 662
187 663
541 665
854 667
405 667
534 667
57 671
271 673
737 679
400 681
40 681
708 683
972 689
247 689
20 693
603 694
58 694
369 695
51 699
846 704
296 704
375 705
753 708
515 710
301 711
807 711
828 711
306 714
463 716
738 719
244 719
445 719
965 719
318 723
828 724
87 726
83 727
277 731
781 732
876 734
257 734
250 736
994 738
224 740
218 741
545 741
261 752
172 755
78 761
157 761
387 761
984 764
564 766
772 767
106 768
353 769
714 772
514 772
60 773
783 774
941 775
721 777
719 781
730 785
2 785
15 785
230 786
436 786
967 789
940 790
59 795
27 795
385 800
298 800
791 806
622 810
443 811
473 813
869 818
941 818
845 819
583 819
285 819
502 822
674 824
930 827
681 827
119 828
55 828
857 828
234 828
474 831
726 832
831 832
755 833
637 835
758 835
137 837
671 838
183 839
634 839
762 841
959 842
536 843
932 845
896 845
134 851
280 853
862 854
722 859
199 864
903 866
714 869
390 870
764 870
578 871
324 876
151 881
25 882
623 883
833 886
823 888
893 889
315 890
207 891
338 892
816 893
132 896
844 897
790 898
556 900
723 901
796 901
50 905
25 907
481 909
799 911
209 911
29 912
471 913
62 913
445 913
324 915
267 919
196 919
112 920
530 922
702 929
445 930
980 935
830 935
864 941
365 941
241 944
571 946
713 946
353 948
227 948
423 950
901 952
853 955
969 956
467 956
461 958
577 959
644 962
828 963
761 966
293 966
287 968
301 971
71 971
109 973
220 975
410 976
543 978
40 983
798 984
762 986
295 988
373 991
311 994
721 996
443 1000
