924
428 0
803 1
627 1
15 2
666 3
179 3
22 4
141 6
354 6
619 6
519 7
403 8
5 8
854 9
178 9
171 9
340 11
647 11
286 11
480 12
919 12
24 12
96 13
90 13
300 14
64 14
585 14
583 15
657 15
351 15
96 15
712 17
796 17
792 18
111 19
650 19
62 19
330 20
822 22
705 22
583 23
933 24
527 24
545 24
302 24
342 24
795 24
4 25
128 26
12 26
312 26
902 27
168 27
793 27
190 29
649 29
236 29
385 31
229 31
573 32
305 32
285 32
35 33
229 36
920 36
438 36
609 37
156 37
113 38
818 39
931 39
659 40
71 40
666 40
120 41
563 44
915 45
778 46
631 46
249 46
225 46
84 46
802 47
755 47
470 47
158 49
824 49
938 49
54 49
527 50
789 51
925 51
350 51
668 52
150 52
48 52
252 53
161 53
457 53
567 54
258 55
762 55
384 55
858 56
366 56
453 56
6 57
708 57
516 57
452 57
867 57
877 57
363 58
632 59
808 61
454 61
349 62
644 62
425 63
332 64
187 65
509 65
281 65
778 66
772 66
150 66
825 67
890 67
905 67
661 68
583 69
912 70
36 70
437 71
800 71
766 71
658 71
80 71
346 72
240 73
619 73
371 74
458 74
288 74
385 75
254 75
409 75
575 76
649 76
473 77
223 77
270 78
752 78
255 78
564 78
750 78
744 79
369 79
731 79
160 80
510 80
853 82
511 82
639 83
915 83
85 83
442 84
927 84
275 85
24 85
453 85
416 87
598 87
49 87
681 88
459 88
806 89
225 90
17 90
503 90
236 91
634 91
226 91
866 92
477 92
526 93
178 93
250 93
829 94
662 94
739 95
665 95
698 96
740 96
765 96
490 96
532 101
717 101
419 101
84 102
940 103
839 104
187 104
434 105
927 105
398 106
281 106
798 106
718 106
715 108
761 109
51 110
759 110
521 110
414 112
541 112
567 113
552 113
808 113
234 113
275 115
715 115
615 115
397 116
275 116
415 116
869 116
366 116
883 117
541 117
251 117
585 117
710 118
168 119
791 119
326 120
355 120
269 120
789 121
724 121
136 122
499 123
380 124
15 124
186 124
193 125
61 125
367 126
731 127
612 128
855 128
334 129
526 129
733 129
863 129
313 129
538 130
311 130
183 130
90 131
49 131
615 132
371 132
405 132
553 133
602 136
492 136
24 137
270 138
308 139
297 139
425 140
389 141
722 143
793 144
3 144
643 144
196 145
227 146
83 146
513 146
931 147
309 148
921 150
43 151
686 152
699 152
321 153
51 153
328 154
878 154
64 154
80 155
642 155
381 156
661 156
640 157
172 157
71 157
282 157
531 157
94 159
619 160
931 160
612 160
253 161
220 162
163 162
547 162
61 164
145 165
242 165
425 165
647 166
553 166
131 166
319 166
643 166
803 167
601 167
390 168
364 169
875 170
829 170
884 170
364 171
840 172
738 172
530 173
208 173
897 173
520 174
8 174
307 175
487 175
759 176
642 177
598 178
276 178
769 178
216 178
533 178
650 179
392 181
134 182
528 183
350 183
937 183
32 183
732 184
595 184
82 184
877 184
202 185
171 186
396 186
442 186
547 187
113 189
213 189
844 190
898 190
780 190
777 190
389 191
477 192
740 193
529 193
346 194
930 195
771 196
27 196
733 197
215 197
1 197
74 198
571 198
745 199
132 199
106 201
218 201
655 201
263 201
833 202
885 202
293 202
563 203
560 203
120 203
275 203
316 204
756 205
604 206
672 206
404 207
391 207
243 207
184 208
673 208
661 209
375 210
436 210
794 210
396 210
908 211
852 211
390 211
190 211
118 212
623 212
883 212
940 213
660 213
97 213
50 214
586 214
648 215
280 215
916 216
38 216
616 216
491 216
681 216
662 217
910 218
792 218
664 219
375 220
216 220
867 220
153 220
747 221
405 221
45 222
484 223
108 223
307 223
708 224
244 224
467 225
207 225
609 226
525 226
555 226
579 226
903 227
893 227
45 228
187 228
506 229
900 229
828 229
16 231
115 232
895 232
635 233
618 233
296 236
172 236
562 236
683 236
763 236
115 237
447 237
641 238
285 238
429 239
575 240
413 241
503 241
275 242
370 243
178 244
815 244
193 244
289 246
797 246
44 247
701 247
150 248
556 249
329 251
698 252
739 252
722 252
341 252
574 253
910 253
103 254
102 254
26 254
424 255
135 255
170 257
34 258
767 258
924 259
392 259
876 259
190 259
922 259
177 261
633 261
457 261
102 262
671 262
706 262
49 263
431 263
141 263
789 264
336 264
646 264
761 264
205 265
357 266
806 266
774 266
264 266
644 267
440 267
727 268
779 268
847 268
635 268
740 270
518 270
64 270
839 271
219 271
730 272
881 274
288 274
296 275
163 275
299 275
157 276
430 276
940 277
275 277
23 277
705 278
579 278
41 278
185 278
389 278
591 279
175 279
905 280
91 281
409 282
819 282
619 282
836 283
674 284
165 284
396 284
384 285
314 286
505 286
696 287
187 287
693 287
20 289
19 291
196 291
91 291
870 291
725 292
698 292
299 293
74 293
288 293
709 293
737 294
8 294
686 294
647 294
740 294
601 295
494 295
607 295
255 295
628 296
229 296
372 296
723 296
642 297
663 298
486 298
405 298
389 298
122 300
530 300
376 302
493 303
854 303
644 303
116 303
613 303
49 304
609 305
677 305
77 305
162 306
558 307
819 307
660 307
397 309
370 309
854 309
115 310
444 312
824 312
270 312
574 312
282 313
625 313
564 314
716 315
641 315
355 318
157 319
321 319
403 320
614 321
575 321
161 321
114 321
297 322
133 322
232 322
128 323
256 323
764 324
544 325
914 327
416 327
829 327
522 328
247 328
506 328
673 328
85 329
45 329
526 329
681 329
851 330
128 330
97 330
364 331
568 332
838 332
351 332
930 333
194 333
716 334
283 334
156 335
413 335
71 339
844 339
341 339
79 339
179 339
509 340
696 340
124 341
938 342
61 342
406 342
586 342
125 343
23 343
426 343
259 343
627 344
675 344
571 345
181 345
122 345
860 345
57 346
255 346
382 347
107 347
818 348
666 348
709 349
77 350
89 350
6 350
308 350
905 350
315 350
379 352
825 352
438 353
153 355
538 355
739 355
846 355
42 356
296 357
858 358
455 358
894 359
881 359
711 360
903 360
331 360
112 361
830 361
216 361
859 361
939 362
549 363
216 363
129 363
12 363
242 363
231 363
566 365
389 365
147 367
30 368
847 369
189 369
79 369
112 369
475 369
741 370
151 370
495 371
254 371
917 372
464 372
727 372
915 373
359 374
648 374
182 375
296 375
880 375
587 375
673 376
95 376
716 377
625 378
644 378
105 379
257 379
87 380
721 380
10 380
350 380
434 380
685 381
198 383
102 383
431 384
769 384
680 385
52 385
309 385
135 386
817 386
771 387
930 389
530 390
404 390
502 391
23 392
680 395
66 395
481 396
281 396
747 396
577 397
914 397
773 397
688 397
288 398
689 399
874 399
891 399
30 400
920 400
888 402
216 403
931 404
356 405
458 405
302 406
109 406
432 406
140 406
505 406
868 407
465 407
455 407
532 408
872 410
722 411
220 412
232 413
860 413
169 413
807 413
926 413
786 413
395 415
310 415
243 417
698 418
212 418
206 418
54 419
106 419
930 419
28 419
271 419
646 419
624 419
930 420
434 423
46 423
788 423
610 423
128 423
726 423
757 424
80 424
907 425
515 425
189 426
201 426
910 427
514 427
111 427
39 428
403 429
390 429
773 431
434 432
656 432
611 433
196 434
19 434
537 434
92 435
285 435
895 435
839 435
718 436
395 436
405 436
904 436
249 436
560 438
757 438
613 438
372 438
714 439
570 440
913 440
51 441
371 441
734 442
28 443
284 444
394 444
291 444
570 444
926 444
458 446
275 446
859 447
804 447
401 448
914 448
838 449
184 449
190 450
56 450
762 451
366 451
407 452
85 454
139 455
600 456
245 458
579 458
654 459
499 459
813 459
691 459
165 459
38 459
4 460
643 460
48 461
849 461
833 461
425 462
668 462
701 463
269 464
614 464
32 464
652 465
836 466
63 467
749 467
889 467
421 467
414 467
169 468
557 468
697 469
480 469
897 469
243 471
746 471
