367
577 2
140 8
950 9
718 10
521 11
564 12
429 14
143 17
921 21
36 23
124 26
965 26
158 27
806 32
653 35
562 46
114 47
973 53
585 54
760 54
790 54
419 57
505 60
814 63
541 64
233 65
725 65
754 66
246 68
532 68
371 70
291 72
278 73
777 79
329 80
312 86
140 90
559 96
410 99
905 99
97 100
836 101
266 104
387 106
192 112
132 117
274 126
872 129
344 129
674 132
416 134
771 139
51 142
409 145
621 149
298 151
557 152
45 154
314 155
734 156
51 159
337 159
111 167
321 169
612 169
370 170
293 182
770 185
877 187
46 192
696 193
415 195
904 196
254 197
305 197
877 198
942 198
615 198
449 199
839 201
808 207
197 208
17 208
531 208
780 214
611 216
408 217
640 219
491 223
367 239
970 241
89 242
108 244
171 245
569 250
852 251
365 251
693 255
655 261
661 266
50 273
118 274
117 276
560 279
71 281
739 293
555 294
410 294
67 299
934 304
185 305
234 306
385 306
890 310
110 313
609 315
712 326
817 328
723 334
331 335
3 337
908 339
3 340
100 343
80 345
686 345
129 349
582 349
910 360
685 365
906 368
228 371
93 381
748 384
484 384
991 385
657 387
1000 387
452 388
924 389
137 390
486 394
883 395
935 396
941 404
954 405
819 409
815 419
216 422
928 423
159 424
85 428
488 429
987 430
444 430
412 436
810 437
252 438
654 441
719 446
529 447
794 449
909 451
602 453
758 453
201 456
789 458
420 462
690 466
837 467
984 473
961 479
550 485
847 489
66 491
515 497
956 497
605 498
465 503
773 508
878 510
813 511
240 512
661 517
441 519
638 521
960 523
255 529
216 529
688 530
49 530
304 532
491 534
781 535
942 538
275 538
674 543
470 543
25 545
314 546
134 548
457 554
411 559
360 565
556 565
1 566
61 572
449 573
500 578
946 578
709 580
122 586
124 596
762 599
860 602
377 605
794 605
954 611
520 612
484 616
63 617
242 621
647 623
516 628
428 628
968 633
847 634
539 634
987 634
943 640
408 640
557 643
577 646
431 650
161 654
821 655
341 662
819 667
972 668
72 674
323 677
699 678
721 682
716 684
762 695
60 695
933 697
597 699
637 701
719 703
693 708
546 711
779 711
316 711
756 711
643 714
257 719
920 722
610 724
136 724
411 727
552 727
291 727
372 728
622 731
850 734
136 735
721 742
119 747
89 752
812 755
340 757
425 766
443 772
300 773
974 775
263 776
287 783
856 783
665 787
810 790
532 794
465 798
653 799
291 804
939 807
299 816
370 818
69 823
536 823
376 830
337 833
958 834
986 835
455 838
492 839
979 842
858 842
406 844
99 844
893 848
766 852
961 853
582 858
996 859
687 862
332 862
740 864
166 865
265 866
594 867
729 869
602 871
429 874
668 874
235 882
1 890
934 892
8 893
235 894
726 894
18 895
990 897
427 898
32 898
585 899
198 899
257 901
990 903
209 909
782 910
169 914
899 916
910 916
708 925
10 926
43 926
152 926
151 929
613 929
20 931
759 934
226 939
667 940
538 941
117 943
26 951
398 953
596 954
221 955
777 957
808 957
219 958
848 965
378 967
590 968
876 968
970 970
827 973
147 975
301 975
793 981
921 981
276 991
645 992
950 998
213 1000
