949
47 0
2 1
50 1
110 1
56 1
122 2
10 2
26 4
51 4
137 4
121 5
128 6
46 6
100 9
135 9
70 10
96 10
144 10
1 12
114 12
114 12
62 13
26 13
11 13
23 16
60 16
57 17
32 19
110 19
138 21
61 22
106 22
86 22
51 22
13 22
149 24
22 24
109 24
72 25
151 26
84 26
112 27
101 27
71 27
126 27
74 28
113 29
107 29
92 29
39 29
78 31
101 31
13 31
73 32
6 32
133 33
73 34
57 35
77 35
144 36
137 36
137 37
55 37
15 38
44 38
86 38
109 39
31 40
16 40
136 41
10 41
6 42
81 42
23 42
32 43
92 43
7 43
32 43
111 43
121 44
75 44
62 48
12 48
152 48
90 48
94 49
86 50
105 50
18 51
102 51
146 52
87 52
8 52
12 55
28 55
39 56
99 56
75 57
76 59
32 59
91 59
1 59
72 60
116 61
53 61
17 62
131 63
25 64
30 65
116 65
63 66
74 67
122 67
130 67
28 68
140 68
39 68
31 68
60 69
62 70
36 70
89 72
99 72
128 73
12 73
109 75
46 76
153 76
32 77
66 77
53 80
18 80
4 82
152 82
38 82
55 83
148 85
1 86
9 86
6 87
57 87
65 87
80 87
72 88
48 89
103 90
75 90
59 90
49 91
53 93
148 93
148 93
135 93
106 93
29 93
109 94
87 94
139 95
107 96
7 96
46 98
67 98
44 99
110 99
145 99
74 100
91 101
131 101
150 102
28 102
66 104
147 106
132 108
103 108
70 109
126 109
129 110
95 112
28 112
138 113
85 113
51 113
16 114
115 115
109 115
102 117
62 117
121 117
98 118
5 121
113 122
31 122
118 122
136 122
119 123
113 123
81 123
43 124
151 124
128 125
94 125
126 126
48 127
113 128
117 129
138 129
12 129
36 129
108 130
42 130
80 130
10 131
31 132
38 132
126 133
65 134
122 134
103 135
134 135
2 136
14 137
151 138
8 139
77 139
102 141
90 143
113 143
4 144
59 144
2 144
50 145
102 145
29 145
118 146
130 146
103 146
23 146
11 147
143 148
144 149
109 149
66 151
140 151
96 151
85 152
48 153
32 154
54 155
27 155
110 155
126 156
80 156
51 157
28 158
100 158
94 160
106 160
88 161
68 161
107 163
118 163
56 163
75 164
84 165
107 166
81 166
69 166
74 167
60 167
116 169
57 169
114 170
86 171
124 172
66 172
32 172
73 174
153 174
93 176
138 176
23 177
46 177
87 177
92 178
107 178
133 178
87 180
108 181
64 181
113 181
78 182
147 183
42 184
90 184
40 184
73 185
30 186
61 186
131 187
40 187
32 188
127 189
41 190
145 190
108 190
59 190
50 191
84 192
86 192
91 194
134 195
76 195
16 195
25 195
29 197
6 197
109 197
146 198
36 198
112 199
56 199
42 199
40 199
11 199
2 199
34 200
151 202
150 202
88 203
85 204
13 204
29 205
126 205
137 206
11 206
15 207
90 207
39 208
77 208
130 208
64 209
116 210
92 210
4 210
61 211
78 213
128 213
146 213
148 214
34 214
116 214
10 215
3 216
58 217
51 217
22 218
133 219
110 219
81 221
7 222
72 223
51 223
61 224
142 224
145 224
43 224
103 226
128 226
80 227
46 228
24 229
100 229
48 230
21 230
117 230
14 231
124 231
48 232
18 233
58 234
61 235
91 235
110 235
106 235
113 235
129 235
81 238
134 238
8 239
83 240
34 241
125 241
116 241
83 241
51 242
11 242
37 243
14 243
122 244
66 245
29 245
77 245
69 246
146 246
98 246
59 247
68 247
25 248
125 249
152 250
73 252
106 252
117 253
41 254
43 254
31 254
124 255
147 256
66 256
144 256
139 256
120 257
66 257
15 257
60 257
76 259
22 259
102 260
104 260
22 264
152 265
23 268
93 270
21 271
136 271
80 272
13 273
81 274
4 274
93 275
30 276
71 276
40 276
67 277
85 277
21 277
57 278
93 278
4 280
113 280
146 281
113 281
112 282
104 283
71 284
126 284
69 285
13 286
109 286
28 286
118 287
40 287
48 288
143 288
153 289
30 289
48 290
24 290
6 290
94 291
36 291
31 292
64 292
65 293
76 294
136 294
91 294
84 296
130 296
56 297
83 299
69 299
68 300
39 300
148 300
11 300
110 301
45 301
4 301
39 302
111 304
104 305
70 305
74 305
120 305
52 306
123 307
16 307
152 309
153 309
28 309
75 309
115 310
56 310
11 310
85 312
88 312
85 313
19 314
35 315
149 315
146 316
122 316
56 317
49 318
67 318
106 319
61 320
22 320
39 320
133 321
25 323
27 324
20 325
47 325
141 325
153 326
132 326
35 326
105 326
69 327
129 327
25 327
82 328
37 328
26 328
14 329
39 330
99 331
89 334
113 335
81 335
93 336
104 336
90 337
144 338
47 338
57 339
53 341
38 341
34 341
64 341
50 341
112 343
146 343
6 343
99 344
33 345
4 347
105 347
58 348
77 348
49 349
81 349
110 349
153 350
136 350
93 351
100 352
86 353
123 353
105 354
145 354
117 354
128 354
29 355
78 355
146 355
66 356
22 356
111 357
47 357
140 358
100 358
15 358
67 358
74 359
134 360
147 360
92 361
36 363
27 363
11 364
113 365
58 365
111 366
112 366
103 366
76 367
14 368
17 369
122 369
32 369
109 369
90 370
20 371
15 372
89 372
96 373
54 374
125 374
83 375
72 375
130 375
141 375
8 376
129 376
44 377
107 377
19 380
82 381
98 382
113 382
98 382
51 382
7 383
77 384
7 384
11 385
100 385
70 385
14 386
107 386
4 388
24 388
86 389
78 390
35 390
50 391
83 392
6 394
137 394
89 394
129 395
67 395
34 396
112 397
143 397
88 398
98 398
79 398
23 399
63 399
147 399
2 401
133 402
152 402
101 403
47 403
30 404
148 406
17 406
145 406
107 407
86 408
91 408
4 408
126 409
79 409
131 409
46 410
28 410
32 410
12 411
12 412
31 412
108 412
59 412
75 412
71 413
39 415
115 415
12 415
53 415
38 416
47 416
106 416
60 416
122 418
137 418
53 418
126 419
38 420
15 421
26 421
150 422
45 422
54 422
152 422
106 423
27 423
3 424
121 424
49 424
47 426
69 427
35 427
77 427
33 427
60 427
118 428
95 428
22 428
93 428
32 430
19 430
76 431
117 431
85 431
90 431
83 431
73 432
50 434
95 434
59 434
55 435
65 436
80 436
112 437
54 440
96 440
51 440
82 440
128 441
41 441
134 441
67 441
22 442
111 442
91 444
116 444
133 445
90 445
115 445
112 446
44 447
11 447
153 451
103 452
102 453
14 453
47 453
31 454
60 454
116 454
42 454
109 454
137 455
60 455
125 455
41 456
47 457
81 458
13 458
55 460
112 460
88 461
2 461
28 461
6 462
54 462
33 462
69 462
145 463
51 464
117 464
73 464
74 464
51 465
86 466
40 466
11 467
88 468
121 469
79 470
13 470
28 470
85 470
116 471
142 471
97 472
121 473
9 473
99 474
2 474
121 475
21 476
32 476
103 477
31 478
55 478
110 478
31 480
20 481
64 481
104 482
24 482
136 482
48 482
20 483
87 484
129 485
8 485
145 489
47 491
140 492
39 492
68 493
51 496
81 496
135 497
88 497
78 497
35 497
82 498
35 499
4 500
20 500
105 500
44 500
134 501
149 502
15 503
9 503
138 503
8 503
63 503
37 504
8 506
44 507
122 507
23 508
117 509
85 510
15 510
1 510
91 511
58 512
145 513
12 514
88 515
122 515
99 516
31 517
131 520
67 521
79 522
77 522
27 522
106 523
5 523
40 525
102 526
14 527
33 527
52 527
144 527
23 528
21 528
7 529
11 529
52 529
95 530
25 531
47 532
113 532
28 532
62 532
5 535
12 535
80 536
110 536
74 539
38 539
58 540
111 542
7 542
41 542
38 542
128 542
80 543
18 543
100 543
143 544
20 544
48 545
73 545
89 545
98 545
5 546
7 548
31 549
7 549
11 549
152 550
80 551
40 551
109 551
117 552
42 552
92 552
58 554
69 555
2 555
13 556
145 557
81 557
121 557
57 557
110 558
114 558
107 559
64 559
78 560
48 562
140 562
139 562
95 563
64 563
89 563
57 564
118 564
146 564
95 564
150 565
131 566
129 566
144 566
23 566
137 567
74 567
56 567
126 568
140 568
56 569
97 569
46 570
14 570
52 571
