1000
265 0
723 0
594 1
613 1
342 2
523 2
82 2
313 3
82 5
501 6
652 6
65 8
200 9
280 11
881 11
693 12
586 12
72 12
99 13
878 13
255 13
674 13
769 14
199 16
654 16
690 16
990 16
770 18
644 19
495 19
954 19
526 20
559 20
432 20
60 22
915 25
376 25
143 26
99 27
348 27
180 27
8 28
821 30
706 31
688 32
172 33
140 34
506 35
929 37
858 39
963 39
306 39
659 40
729 42
486 43
470 44
565 44
484 44
797 45
978 45
989 46
587 48
567 49
884 49
488 50
880 51
438 52
249 52
3 53
845 54
15 54
809 55
371 56
491 56
797 58
48 60
142 60
142 61
503 61
980 62
533 62
569 63
462 64
888 64
182 65
43 67
610 68
447 68
813 68
379 72
826 73
848 73
867 77
467 80
738 82
80 82
466 82
93 82
511 84
825 85
952 85
121 86
559 87
806 87
53 88
908 89
806 90
498 91
856 92
961 93
109 93
222 94
847 95
293 96
504 96
900 101
333 101
805 102
840 103
392 106
911 106
361 107
759 107
926 107
559 107
548 109
676 111
394 113
867 114
951 114
38 114
135 118
528 120
101 120
989 120
788 121
832 122
687 124
254 124
621 126
186 127
31 129
869 131
368 133
592 133
476 134
810 134
336 134
904 135
438 135
75 138
953 138
848 141
957 141
140 143
479 146
781 147
243 147
242 147
446 148
733 149
296 151
925 152
710 153
250 153
209 153
833 153
146 154
99 158
9 160
333 161
10 163
628 163
34 164
157 164
811 166
978 167
716 168
99 168
422 170
859 171
382 171
272 172
99 173
860 173
403 173
115 174
498 175
644 175
406 175
353 176
946 176
853 176
991 178
977 179
341 180
405 182
801 182
887 183
821 183
673 183
779 184
444 184
39 186
992 186
915 187
202 188
569 189
823 189
715 189
29 190
485 190
184 192
362 193
831 193
682 194
604 195
946 196
828 196
134 196
568 197
625 197
203 199
768 199
499 200
331 200
268 201
512 201
830 201
656 202
180 212
79 213
732 217
3 218
167 218
481 219
50 219
127 220
354 222
413 224
539 226
845 226
709 227
409 231
716 233
32 233
375 235
103 235
534 236
567 237
518 240
412 241
910 242
728 242
268 242
235 244
672 245
815 245
800 250
344 251
731 251
447 253
548 255
337 258
29 259
766 262
931 263
248 264
89 264
218 266
744 270
24 270
650 271
95 271
739 271
853 272
602 273
541 274
458 274
880 274
489 274
171 275
463 275
951 275
192 279
755 280
527 282
284 282
156 285
348 286
338 286
68 287
430 287
517 287
843 288
576 288
802 289
948 292
387 293
88 293
506 294
796 294
434 295
487 299
131 299
981 301
339 302
927 304
787 308
371 308
423 309
23 309
344 309
631 311
693 311
838 316
96 319
491 319
353 323
79 325
471 325
848 325
379 325
502 327
910 327
926 329
126 330
790 330
913 330
737 332
580 333
427 334
731 337
316 341
667 343
587 344
455 344
692 345
591 345
918 345
145 346
975 348
986 349
495 353
771 355
93 355
628 356
484 356
506 356
128 356
403 357
333 357
234 358
346 358
63 359
905 360
398 362
526 362
875 364
589 364
335 366
943 367
136 367
767 370
549 371
626 371
941 372
626 373
291 374
356 375
354 376
631 378
821 379
424 379
948 380
821 380
363 380
88 380
154 382
650 382
699 383
160 383
950 384
291 385
531 385
715 388
642 389
812 390
881 390
400 390
716 391
537 391
675 391
791 392
813 392
431 393
171 395
989 395
666 396
522 396
150 397
929 397
868 399
582 400
231 401
109 403
120 404
989 404
742 406
607 408
280 409
602 411
515 411
610 411
161 411
406 413
731 415
291 416
861 417
369 417
923 417
607 418
636 420
134 422
44 423
925 425
779 426
382 426
951 426
505 426
223 429
519 430
271 430
696 432
863 433
181 433
77 437
575 437
252 438
840 441
486 442
301 442
503 442
194 444
87 446
650 449
94 453
934 455
144 458
865 463
251 463
511 464
260 464
794 466
978 466
139 477
524 477
112 478
144 479
105 479
285 480
442 483
643 483
992 485
804 485
259 487
180 487
229 490
221 490
652 490
450 491
642 491
278 492
755 492
141 493
235 494
754 496
914 496
692 499
176 499
722 499
463 500
510 502
380 502
811 504
803 504
141 504
638 505
323 505
610 506
837 506
174 507
568 508
348 508
220 509
613 511
507 511
320 513
968 514
547 515
708 516
327 518
159 518
428 519
874 521
47 522
486 523
158 524
969 525
803 527
376 527
314 528
149 530
245 531
10 531
322 531
294 533
625 534
106 537
401 537
122 539
26 539
20 539
711 540
990 540
694 543
710 544
643 545
937 546
50 546
138 548
758 548
453 548
384 551
589 551
811 553
709 553
283 553
574 553
698 554
837 556
601 557
399 557
841 557
14 559
68 560
921 561
283 562
769 563
19 564
888 564
14 565
970 566
732 566
42 567
649 568
691 570
608 571
835 572
226 573
54 573
355 575
768 575
477 577
602 578
727 579
18 580
96 580
559 581
63 583
760 585
456 586
52 589
860 590
915 591
426 591
991 593
333 593
227 595
137 596
618 596
447 597
494 598
518 599
848 599
700 599
871 602
872 602
967 602
313 604
331 606
617 607
205 608
558 608
593 611
79 612
991 612
256 613
211 614
115 614
548 614
368 616
999 616
722 616
366 617
589 620
966 621
241 621
711 621
632 623
409 623
391 623
104 624
460 624
176 625
885 625
183 625
339 628
499 629
653 629
799 630
83 630
853 632
63 634
733 639
145 640
319 641
932 641
378 641
688 641
657 643
492 643
674 644
315 647
112 648
457 648
592 648
16 651
799 651
146 654
468 655
751 656
2 656
250 656
30 658
263 658
741 658
28 660
949 660
63 666
404 666
908 667
387 668
354 669
681 670
467 670
282 671
72 672
781 674
42 676
691 676
481 678
864 678
893 679
532 684
939 685
916 685
735 686
363 687
855 688
732 689
598 689
461 690
462 690
705 693
283 693
955 694
815 696
868 696
654 696
901 696
244 698
20 699
214 699
581 701
208 702
178 703
791 705
769 706
806 707
868 708
9 708
410 708
481 708
165 708
108 710
907 710
464 711
762 713
549 713
908 714
970 714
302 717
249 717
806 718
365 719
584 720
451 721
298 721
27 722
297 723
711 723
511 727
598 730
745 730
969 731
215 732
338 732
69 733
716 734
850 735
454 736
684 736
379 737
786 740
628 740
539 741
912 741
737 743
857 743
431 743
363 746
606 748
193 748
30 750
907 752
96 754
472 754
904 754
287 756
676 758
531 758
382 760
918 761
30 761
25 761
251 762
289 762
175 764
255 766
442 767
44 768
906 769
19 769
871 770
391 770
377 772
448 775
272 776
970 778
891 778
706 778
287 778
788 779
276 780
992 781
866 782
745 782
451 782
95 786
52 787
640 788
407 789
850 791
383 793
52 796
686 797
258 797
33 797
592 800
566 801
400 801
719 804
731 804
6 805
275 806
19 807
273 807
783 807
694 808
422 808
163 808
414 809
686 813
151 814
151 815
375 817
233 817
768 818
881 818
356 819
544 819
277 823
730 825
607 825
397 825
48 826
179 826
401 829
523 830
722 830
995 830
478 832
410 834
710 834
713 834
199 837
414 837
435 842
190 846
880 846
695 848
503 849
132 852
882 852
941 854
564 856
658 856
64 856
116 857
365 857
608 858
716 859
219 859
142 859
243 861
424 863
526 864
870 864
477 865
55 865
489 866
33 867
769 867
438 868
854 868
1 869
652 872
383 872
688 873
177 877
234 878
589 878
206 879
155 879
572 879
354 881
716 882
600 883
911 884
97 885
599 887
777 887
667 887
258 888
293 890
382 891
923 892
265 892
275 893
864 898
144 898
208 898
757 898
959 898
206 899
479 900
622 902
647 902
361 902
188 904
16 904
284 904
679 906
660 908
804 909
531 910
529 910
361 910
497 910
833 911
126 911
115 911
766 912
779 914
190 915
324 915
366 916
929 916
491 917
856 918
155 919
15 919
4 920
970 922
308 922
479 923
819 925
528 927
549 928
525 928
683 929
17 931
927 931
4 932
710 933
795 935
553 935
554 935
948 936
219 937
141 938
772 938
265 938
247 940
59 940
855 942
174 943
931 945
193 945
437 947
427 949
746 949
46 949
111 950
36 950
664 950
479 950
465 952
682 953
42 954
430 954
490 954
909 955
670 956
979 957
912 959
608 960
929 960
764 961
269 962
68 962
746 963
713 963
834 963
467 964
126 965
70 966
298 966
81 967
404 969
790 970
74 970
520 970
772 972
993 972
903 972
272 974
767 974
253 976
911 977
574 979
591 979
409 979
248 979
673 979
112 980
390 981
283 984
524 984
99 984
942 985
162 985
790 986
142 987
337 987
726 989
232 989
264 992
282 992
239 994
796 995
100 995
305 996
844 996
403 997
290 998
166 998
626 1000
669 1000
