848
734 2
738 3
202 5
319 6
939 7
168 8
110 11
930 12
40 14
462 16
889 16
140 17
204 19
289 19
906 21
393 22
62 22
965 23
815 24
756 24
19 25
535 25
579 27
331 28
757 29
504 30
498 33
891 38
50 38
639 39
657 40
739 40
332 40
853 44
718 46
869 48
56 50
798 51
84 52
764 53
705 54
426 56
715 58
382 58
676 58
589 63
107 63
121 67
648 69
419 69
234 70
479 70
498 71
38 72
550 73
295 73
421 74
780 76
738 78
753 78
34 80
722 82
405 82
192 82
993 83
26 84
492 84
472 85
774 85
256 86
829 86
377 86
553 87
979 88
606 89
535 89
246 90
877 92
293 93
491 94
602 94
451 97
311 101
762 101
743 102
745 104
846 106
451 108
874 109
677 109
696 110
271 111
718 111
268 113
388 114
543 116
967 122
645 124
96 127
280 127
17 128
379 129
174 130
744 130
97 133
488 134
88 135
749 135
38 137
486 138
585 143
422 143
787 143
818 144
588 148
300 151
989 151
470 153
767 154
998 154
132 155
722 156
849 156
884 157
706 158
294 158
95 159
819 159
342 162
265 163
495 164
658 166
249 167
153 169
981 169
527 171
708 174
461 175
425 176
976 179
406 181
2 182
653 183
240 184
741 184
813 185
225 185
881 186
547 186
387 187
356 188
175 188
6 189
971 190
281 190
724 191
706 193
751 194
190 195
709 195
876 198
820 198
298 199
358 201
627 201
22 202
700 203
661 203
450 203
929 204
930 204
854 206
614 209
106 209
984 209
125 209
231 210
192 211
949 211
96 212
622 212
890 213
979 218
417 219
608 220
320 220
622 221
379 221
103 222
448 222
810 222
770 223
927 225
145 228
252 231
308 232
889 232
866 232
323 233
515 233
331 234
663 234
518 234
310 235
869 240
3 244
436 244
931 245
904 246
453 246
669 247
747 247
472 249
465 253
500 254
465 255
876 256
745 259
256 259
964 260
830 262
176 264
639 265
469 266
467 268
310 268
76 268
339 269
546 271
894 271
965 276
431 278
309 279
171 279
682 279
922 280
521 280
733 282
209 283
320 284
860 285
537 285
998 286
998 286
368 288
399 288
33 289
135 291
913 298
430 298
754 299
474 299
30 300
426 302
812 302
329 303
71 305
485 311
971 311
362 312
266 315
646 315
925 317
688 318
466 319
743 322
182 325
19 326
414 329
225 329
917 330
615 331
10 331
100 332
320 332
355 336
21 336
561 338
160 338
27 341
50 342
540 345
974 346
383 348
394 348
275 350
332 350
359 350
628 351
632 351
213 352
23 355
643 356
484 356
403 357
543 358
611 358
518 362
776 365
757 365
76 366
638 367
195 367
88 368
393 370
667 374
695 375
795 376
29 377
79 378
725 378
569 380
668 380
958 383
921 383
244 384
660 385
469 387
376 387
234 388
228 391
196 392
439 393
516 395
992 396
485 397
629 397
427 399
568 399
431 400
732 403
353 404
408 405
776 406
733 407
214 410
791 411
290 411
145 413
896 414
418 415
234 415
151 415
218 417
927 418
5 418
939 423
289 423
833 425
52 426
402 427
122 427
730 427
263 429
870 429
193 429
379 430
151 431
741 433
414 438
479 438
358 439
767 442
914 442
355 443
458 445
974 445
299 446
949 446
416 446
823 448
169 449
101 450
764 453
339 454
770 455
420 455
852 457
746 457
548 457
38 459
988 460
725 460
39 461
133 462
299 465
99 465
467 465
239 467
92 467
935 473
323 473
219 474
942 475
828 476
724 477
983 477
180 480
32 481
237 481
7 482
953 483
923 484
323 485
351 486
933 486
543 486
862 486
998 492
842 493
874 495
429 495
134 496
919 496
708 498
135 498
163 498
95 498
793 499
317 504
20 505
918 505
841 506
687 508
342 509
946 510
128 511
445 512
366 512
121 513
719 513
507 514
62 516
732 516
916 518
48 519
835 521
493 525
250 526
112 526
262 528
945 528
154 529
658 529
364 529
369 531
347 535
318 536
219 536
655 539
123 540
256 542
68 542
893 542
475 543
194 543
504 544
957 544
974 544
969 545
535 547
446 548
215 548
44 550
317 552
820 554
152 556
854 557
450 558
152 559
353 562
660 563
570 563
198 565
298 566
889 566
6 566
496 567
621 568
321 568
121 570
916 571
518 573
24 573
306 574
265 576
347 577
859 579
24 580
379 581
154 582
976 583
250 583
278 583
778 584
11 585
540 585
456 585
23 585
343 586
395 589
807 589
879 590
118 590
402 590
654 592
503 592
319 594
735 596
168 599
168 601
990 601
202 602
826 603
414 604
714 606
92 608
898 610
345 610
385 611
706 612
157 612
237 614
377 615
620 617
988 618
697 618
286 618
404 622
872 622
432 623
665 623
81 624
228 626
865 627
131 627
382 629
368 629
399 631
148 632
318 633
439 635
878 636
52 636
718 636
250 637
70 638
375 639
58 641
596 642
409 642
12 644
530 644
1000 644
542 645
638 645
480 645
5 646
760 651
173 651
179 652
303 653
639 653
636 654
404 654
616 658
718 659
538 659
669 660
148 661
705 665
841 667
315 669
370 670
569 671
320 672
879 672
662 672
62 673
937 674
781 675
462 677
2 677
348 679
85 679
815 681
811 681
650 682
564 682
437 684
467 684
421 689
155 689
410 690
50 691
621 691
92 693
517 693
160 696
695 696
135 700
824 700
912 703
965 703
534 706
102 708
695 708
771 709
955 711
906 712
917 713
606 713
706 714
911 714
673 715
370 718
537 719
300 721
297 722
694 724
676 724
814 724
291 725
311 725
35 725
396 727
206 729
253 729
795 729
588 730
381 731
102 734
658 736
935 739
642 739
419 741
586 743
118 743
498 743
206 745
940 746
573 746
625 747
953 748
608 749
836 753
262 754
833 757
211 757
661 758
425 759
31 759
446 760
7 761
220 763
597 765
159 768
342 768
79 769
657 772
265 773
131 777
491 780
432 780
539 781
316 783
608 785
363 788
860 789
307 790
84 792
554 793
864 796
818 799
549 802
562 802
333 804
84 804
255 805
845 806
55 806
427 808
435 810
180 811
542 812
440 812
756 814
574 814
827 815
40 816
918 819
308 819
183 821
255 823
787 824
496 826
44 828
611 829
511 830
827 831
416 835
233 835
363 836
335 837
508 838
116 839
284 840
145 840
76 840
151 841
835 843
363 844
357 845
951 846
199 847
758 848
456 849
839 849
927 849
788 849
550 850
172 851
84 854
314 855
389 856
984 857
320 858
352 858
816 859
843 860
559 861
191 862
225 863
630 863
717 865
577 866
554 867
648 869
912 869
260 870
565 873
469 873
142 874
835 875
84 876
703 876
668 877
204 878
200 879
945 882
667 882
242 883
183 883
771 887
344 887
887 888
688 890
418 891
766 892
947 897
172 897
564 899
53 903
602 903
573 905
753 905
817 905
458 905
250 905
103 905
855 907
668 907
91 907
268 908
451 908
814 908
661 909
137 910
440 910
1 910
326 911
693 911
993 914
859 914
357 915
969 916
880 916
422 918
698 918
423 920
780 922
128 927
74 927
962 929
537 932
618 932
847 933
34 934
238 935
330 937
193 940
134 941
636 942
335 944
123 944
191 945
577 946
678 949
906 949
546 953
270 954
625 954
289 955
869 956
711 958
675 960
189 960
904 960
631 961
546 961
970 961
935 964
721 964
59 965
65 966
495 966
557 968
558 971
786 972
28 973
954 973
752 975
147 977
964 979
170 982
46 983
769 984
209 984
688 988
727 990
405 993
453 996
491 996
380 998
957 999
431 999
756 1000
126 1000
