1000
585 0
839 1
871 2
622 3
264 4
903 6
873 7
702 7
406 8
232 9
406 9
353 9
187 11
576 12
521 13
13 14
694 15
250 15
977 17
922 18
733 18
447 20
602 20
610 21
199 22
900 26
282 26
734 27
375 27
154 28
330 28
100 29
640 29
277 30
916 30
753 32
1 34
52 34
522 34
719 35
954 36
569 42
115 42
238 42
339 43
232 44
370 44
884 44
973 46
907 46
3 46
378 51
553 51
995 52
544 54
29 54
487 54
644 55
480 57
785 58
6 61
163 62
135 65
589 65
591 65
333 66
211 66
439 68
751 68
203 69
400 72
835 72
598 73
504 74
481 74
476 75
61 75
754 75
717 76
273 77
167 77
769 79
986 81
967 82
774 84
523 85
345 85
646 86
219 87
257 89
789 93
917 95
622 95
39 97
906 98
438 98
263 100
54 101
912 102
150 106
620 106
64 106
450 108
296 110
860 110
875 110
852 111
348 114
726 116
792 118
561 118
176 119
812 119
835 123
26 126
385 126
914 127
413 129
286 129
70 130
253 131
944 131
553 131
658 132
615 132
340 134
501 136
719 140
227 142
77 142
337 142
829 144
2 145
45 145
501 147
616 147
40 148
978 148
184 149
31 149
639 151
713 153
9 157
673 157
24 158
392 160
804 161
854 162
226 162
978 162
61 162
898 164
114 164
493 165
892 167
47 167
372 167
590 169
284 170
868 171
680 173
73 173
704 174
161 176
767 177
68 177
551 178
305 179
916 182
977 183
642 183
583 184
599 184
280 186
682 187
972 189
56 190
945 192
506 193
660 194
159 194
746 194
380 197
289 197
865 200
107 202
728 202
792 202
834 205
450 205
340 206
263 206
486 206
836 206
613 207
841 210
33 210
233 211
360 211
175 211
659 212
148 213
962 213
121 213
136 215
850 215
86 215
471 218
675 218
657 218
150 219
34 219
377 219
145 221
884 221
115 221
127 223
591 223
530 224
6 224
21 225
496 226
852 226
91 227
864 232
14 232
206 233
618 233
328 234
562 235
556 241
526 241
896 242
875 245
674 246
920 247
874 247
223 249
69 251
462 251
405 253
773 255
433 258
93 258
414 260
587 260
999 260
480 261
658 261
778 261
619 262
502 264
175 265
73 265
721 267
421 269
50 269
470 271
645 272
125 273
144 274
591 275
981 276
713 279
104 280
75 282
198 282
495 282
45 282
209 283
711 283
943 283
146 286
940 286
295 287
534 287
642 287
134 289
227 290
834 291
333 291
59 294
119 295
468 296
131 297
998 298
413 298
69 298
36 299
806 299
470 301
101 302
725 303
202 303
46 304
130 304
789 304
643 308
280 309
861 309
693 310
654 310
887 311
953 312
808 316
120 317
457 318
344 319
288 320
164 320
788 320
805 322
873 323
877 327
677 328
977 328
900 329
254 331
702 332
407 333
325 333
372 333
898 334
377 335
68 335
548 335
790 336
700 338
764 339
750 340
430 340
346 340
972 342
142 343
257 343
226 343
822 343
973 345
848 345
462 347
78 349
667 349
806 349
530 350
23 350
202 350
63 351
463 351
597 354
456 355
948 357
546 357
76 357
864 358
939 360
588 361
832 361
84 362
616 364
471 364
74 364
359 366
162 366
298 368
947 370
635 370
83 371
444 372
935 375
361 375
305 376
117 377
149 377
666 378
204 379
654 379
415 381
607 381
925 382
73 383
897 383
794 387
737 387
142 389
736 391
200 394
182 394
551 396
484 397
363 397
878 398
33 399
468 399
835 399
9 400
218 403
434 404
868 406
75 409
606 409
110 410
395 410
511 412
55 412
644 412
497 413
88 414
9 416
824 417
837 417
510 418
149 418
86 421
895 422
87 424
513 427
527 427
352 427
782 428
339 428
898 430
395 431
800 432
8 432
581 436
186 437
912 440
673 442
281 443
224 443
636 444
783 446
241 446
385 446
625 449
718 450
44 451
228 452
469 452
159 452
229 453
365 455
264 457
755 458
491 458
732 461
890 463
786 463
737 464
189 465
550 465
665 466
575 467
715 467
9 468
520 470
252 470
751 470
974 470
39 471
439 471
783 472
617 473
776 474
375 474
128 475
428 475
22 475
704 478
409 478
985 478
980 478
342 479
357 480
615 480
709 480
744 480
234 483
462 486
338 486
831 486
894 488
431 488
76 489
343 490
435 494
479 499
688 499
805 500
34 501
958 504
102 505
577 506
336 507
349 509
382 509
235 509
594 510
684 510
757 510
974 510
874 510
647 511
121 517
982 517
777 517
380 518
403 518
951 519
458 519
478 519
266 520
979 521
426 523
60 524
297 524
885 525
974 526
838 526
467 527
998 528
499 528
579 528
796 529
841 530
274 531
618 536
832 537
190 538
13 538
753 540
885 541
68 542
594 542
379 542
753 543
57 543
148 543
712 543
440 544
987 545
423 546
610 546
778 549
688 549
251 550
827 550
43 553
303 554
303 554
532 556
898 556
774 556
896 557
937 558
731 560
268 560
545 563
168 565
370 565
554 567
56 567
445 567
623 569
607 570
729 570
25 570
586 571
766 572
75 573
904 575
999 575
826 576
817 579
407 579
848 582
831 582
984 585
351 586
231 590
555 591
840 592
402 593
924 594
791 595
115 597
100 597
41 601
592 601
686 601
691 602
130 602
412 603
214 604
111 607
358 608
853 611
450 611
391 612
378 613
88 616
319 616
573 616
956 616
921 618
160 621
5 622
58 624
163 625
924 625
666 626
866 627
76 627
16 627
941 628
436 628
617 628
27 633
744 633
867 633
84 634
38 636
467 636
718 637
258 637
924 638
103 640
292 640
788 640
800 642
221 643
786 644
20 646
262 648
370 648
305 651
266 656
719 657
578 657
17 658
170 660
577 660
318 661
444 661
16 662
374 662
540 662
954 662
127 663
487 663
122 663
897 664
486 665
848 665
701 666
414 666
229 667
977 667
261 670
263 671
907 671
340 671
840 671
10 672
76 673
973 673
805 674
750 674
528 675
84 675
810 675
69 675
623 678
197 679
968 679
249 682
437 682
103 682
875 682
816 683
772 684
956 685
947 687
751 687
325 687
877 687
622 689
352 689
659 690
631 692
461 693
879 694
50 695
917 695
175 695
197 696
159 696
588 697
576 698
383 699
821 700
733 701
923 702
141 704
62 706
9 706
145 707
441 707
333 707
15 707
178 710
235 710
238 711
715 716
119 717
357 718
173 719
627 720
60 720
906 721
433 721
432 721
353 723
263 725
294 726
576 726
341 728
736 728
256 731
963 731
91 731
620 734
385 735
157 736
546 738
372 740
245 740
970 741
310 742
530 743
342 745
717 745
548 746
915 746
163 746
268 748
517 748
910 749
72 750
849 751
839 752
907 753
191 754
717 755
830 756
149 758
469 760
954 762
241 762
971 762
756 763
592 764
649 764
797 765
829 767
709 769
798 771
369 771
115 773
491 774
728 775
396 776
335 776
733 779
289 780
864 781
305 782
673 783
767 784
135 787
629 788
206 788
69 788
736 790
563 790
620 792
440 792
273 794
714 794
526 795
649 797
35 799
313 799
877 799
930 800
196 800
597 801
564 804
471 807
83 808
430 808
853 809
70 810
544 810
752 814
97 814
475 815
237 815
16 816
364 818
51 818
74 818
105 819
812 819
758 819
716 821
818 822
150 822
553 822
239 824
928 825
598 825
948 825
195 828
734 831
923 832
451 833
849 834
577 835
331 837
745 838
496 838
811 838
619 839
132 839
655 843
792 844
839 846
974 848
978 850
478 851
747 852
181 852
973 854
510 854
559 854
626 858
458 859
934 860
626 861
369 861
929 862
37 863
890 863
308 864
801 864
905 865
417 869
826 871
277 872
52 875
928 875
862 876
181 877
384 877
258 877
453 880
197 881
102 882
762 883
54 884
326 884
718 887
6 887
688 888
980 889
135 890
590 891
365 892
255 894
782 895
189 895
306 897
734 898
735 898
559 899
845 899
976 900
661 901
759 901
177 902
113 902
135 906
45 906
271 906
957 907
949 907
709 907
364 908
683 909
914 910
925 910
231 912
804 912
905 914
85 914
485 914
418 914
74 915
363 917
53 918
348 921
61 922
944 922
842 923
448 923
887 925
253 925
368 926
619 927
763 927
713 928
456 929
447 931
413 931
381 932
185 935
240 936
277 937
424 937
234 937
442 938
673 938
303 939
496 940
784 940
756 941
424 941
190 942
256 942
378 947
577 948
486 948
742 950
903 951
987 953
570 953
506 954
815 954
549 955
71 955
511 957
261 958
645 958
68 959
841 959
265 959
240 960
707 961
269 961
402 962
980 964
112 964
116 965
419 966
665 967
781 967
61 967
928 967
786 970
778 970
722 970
547 971
425 976
536 976
512 978
778 979
402 980
243 983
890 983
740 983
585 984
350 984
239 984
722 985
217 985
47 986
127 988
520 989
179 989
368 993
238 994
802 994
894 995
645 995
832 995
824 996
799 998
668 998
56 1000
