263
258 3
365 5
636 6
378 9
639 10
987 12
355 22
416 26
123 28
321 33
618 39
5 39
136 47
407 50
633 54
869 56
561 60
60 63
929 63
752 66
196 78
92 80
639 91
465 94
714 98
854 102
223 103
131 110
982 115
837 118
975 127
618 135
48 140
164 145
352 145
340 154
872 154
583 157
474 158
799 165
423 172
602 173
897 174
839 175
447 182
43 184
276 184
878 185
301 191
373 192
1000 193
202 196
424 199
508 200
969 202
519 209
353 219
408 230
958 231
514 239
791 239
768 240
132 243
728 247
81 247
520 247
37 253
431 266
662 268
360 271
982 273
784 274
485 280
122 282
214 287
496 288
290 295
26 299
456 307
90 307
340 308
829 313
478 322
2 324
624 329
289 329
256 331
309 344
870 347
680 352
249 354
369 355
799 359
302 360
31 361
414 365
387 366
311 379
592 380
796 384
485 385
478 396
465 396
381 397
914 400
255 401
233 406
382 407
56 408
903 416
884 420
92 425
544 426
192 428
169 431
500 433
922 437
485 438
922 439
479 440
50 443
63 443
73 451
560 457
178 459
172 460
524 462
504 472
84 474
957 476
490 479
777 484
762 488
367 499
90 500
934 515
138 520
581 521
956 528
60 534
825 541
306 548
426 548
167 549
573 550
185 551
421 551
430 560
306 561
504 561
928 563
102 568
643 568
789 572
670 577
450 579
614 584
37 585
704 590
574 602
808 608
11 608
711 610
117 621
850 628
953 631
654 632
123 633
538 636
928 638
591 639
213 641
654 645
18 657
894 657
709 660
246 684
321 686
999 687
426 687
320 699
965 702
750 702
420 707
327 711
435 714
123 723
317 723
334 726
487 727
807 730
820 734
618 734
960 739
928 747
975 750
549 751
899 758
757 759
806 761
454 774
368 774
630 779
529 783
986 784
881 785
160 791
857 791
926 794
891 805
345 805
387 807
812 811
745 817
990 821
660 829
23 834
480 842
889 860
31 861
712 862
907 862
390 862
643 862
345 862
795 865
74 870
149 870
345 873
29 873
414 876
733 876
20 881
479 886
333 894
164 897
479 897
289 901
446 903
710 906
301 908
706 911
659 913
58 915
373 918
306 921
326 930
459 932
224 933
68 950
260 951
375 953
393 963
840 964
916 971
292 974
53 977
724 977
694 980
293 990
774 993
155 993
952 995
