454
970 3
690 6
894 7
635 9
51 10
355 11
622 14
840 14
357 16
756 16
752 19
494 21
77 31
523 34
437 35
834 35
25 37
451 38
916 40
367 42
991 52
314 53
685 56
905 62
783 63
587 65
846 67
309 67
730 68
625 69
323 69
368 75
453 77
752 77
91 79
495 84
761 84
191 91
137 91
659 93
18 95
88 99
988 99
271 103
496 103
973 106
861 106
372 107
970 109
476 120
543 121
870 121
79 124
346 129
625 129
339 136
167 139
319 140
989 142
566 144
67 153
702 153
437 154
14 155
312 155
2 155
858 160
209 162
306 169
556 169
365 173
485 173
684 174
16 175
633 177
579 186
945 188
937 194
564 195
375 195
713 196
573 198
957 200
84 200
621 201
183 205
798 206
33 206
869 207
961 207
264 211
493 211
776 213
902 217
162 220
213 221
25 221
566 223
551 223
676 224
179 224
703 225
580 230
419 230
343 232
39 233
619 238
276 242
563 242
263 242
133 244
854 245
914 246
546 248
81 249
492 250
667 253
227 253
932 254
699 254
789 256
938 259
600 266
818 270
578 273
696 281
632 282
698 282
1000 285
520 288
472 292
658 292
243 297
18 297
97 303
144 304
581 311
375 312
104 312
636 315
381 317
718 317
394 320
845 321
186 328
290 328
149 330
233 331
90 336
176 343
510 345
318 347
755 349
202 350
314 360
602 365
889 366
459 367
841 367
702 368
679 369
945 371
774 373
831 375
849 375
604 381
487 381
65 386
251 386
868 390
499 393
333 396
582 398
388 404
660 404
88 404
886 404
851 405
376 408
780 412
155 414
876 416
15 417
380 421
957 424
700 424
922 425
580 426
642 431
673 432
636 434
208 437
908 440
715 442
589 450
540 451
64 455
901 455
5 456
832 457
32 457
853 458
755 461
279 465
913 465
763 466
259 467
820 467
557 470
697 471
462 472
38 477
441 478
855 478
444 478
162 479
990 479
177 484
160 488
644 491
510 491
345 492
713 495
661 497
708 499
818 502
288 508
885 510
513 511
422 512
968 515
604 520
736 521
445 522
834 524
881 525
99 525
262 527
304 528
600 530
594 530
616 532
343 532
592 537
942 537
652 537
113 540
521 544
182 547
652 548
243 548
299 549
399 555
278 560
792 560
771 561
493 565
469 567
429 568
287 568
881 570
552 576
537 576
328 577
915 577
258 578
45 584
107 584
346 586
824 588
701 588
196 591
273 597
645 600
101 601
481 603
479 605
265 618
741 619
502 620
511 623
186 624
535 624
257 629
359 633
139 634
429 635
687 644
238 646
636 648
753 649
582 652
960 654
658 658
308 660
487 661
365 664
649 664
92 666
193 670
918 674
165 675
215 676
135 678
460 679
819 679
183 683
126 688
777 695
146 700
972 703
702 703
698 704
453 708
460 708
882 714
885 717
570 721
509 725
638 725
165 725
743 727
106 728
22 728
793 730
617 732
987 735
732 736
290 741
638 742
90 744
636 744
634 745
930 748
296 752
293 753
87 754
56 754
834 755
270 759
61 764
382 766
889 767
452 768
731 774
713 779
597 781
115 784
138 785
140 786
989 788
998 791
388 791
781 793
245 795
385 797
995 798
194 798
303 798
861 799
18 800
602 800
148 800
583 801
797 804
559 805
895 806
566 809
776 809
498 810
55 810
52 811
638 813
17 815
583 824
106 826
420 827
654 833
873 834
126 835
451 837
370 851
795 852
991 859
704 860
866 861
927 861
368 863
110 864
328 866
69 867
686 869
378 872
58 878
553 881
437 885
579 886
153 888
370 888
423 888
391 891
847 894
157 897
623 897
117 898
298 900
987 902
534 905
967 905
52 906
765 906
334 906
673 912
30 918
532 919
286 919
563 920
349 925
345 927
564 927
522 927
944 929
55 930
401 935
275 935
515 936
411 937
389 938
199 941
729 942
51 943
913 949
174 951
915 955
125 955
836 957
304 957
297 958
508 960
423 960
807 961
702 966
743 969
603 973
475 973
507 977
941 978
894 978
148 985
817 989
772 992
964 995
421 998
770 1000
