437
446 3
606 5
653 6
143 11
734 14
516 16
776 18
91 20
801 21
223 26
507 26
402 27
438 30
622 30
585 32
947 39
874 46
310 49
991 49
86 51
672 52
767 52
145 57
133 61
681 64
987 66
700 72
319 75
700 78
19 80
170 82
196 86
698 87
326 90
511 91
421 95
287 97
282 105
752 106
300 111
166 115
7 117
251 121
495 121
255 126
390 131
381 134
499 141
255 143
357 144
170 148
321 151
713 152
909 157
254 158
237 159
367 165
284 166
558 167
288 168
269 168
845 172
181 173
606 175
75 176
705 180
813 180
139 181
375 182
343 183
724 185
381 189
416 191
199 192
507 197
291 197
107 198
412 201
476 205
180 206
102 209
62 216
76 220
294 222
235 223
474 226
666 228
66 229
295 230
884 232
618 233
168 234
716 234
356 235
471 239
661 250
283 255
274 261
275 261
989 263
604 264
433 266
897 266
549 269
29 270
775 272
253 276
699 280
275 282
478 285
369 287
655 289
695 289
819 293
857 295
734 296
312 298
16 303
932 306
968 306
472 309
439 310
653 311
719 324
899 326
153 326
974 327
190 328
753 330
347 336
746 340
136 345
495 350
886 356
937 359
978 360
693 361
517 366
953 370
444 371
790 372
441 381
334 394
566 399
480 401
26 403
340 404
180 408
767 408
518 408
844 410
5 412
672 413
182 415
907 418
715 421
154 423
916 426
529 426
188 428
472 428
334 431
10 432
673 434
735 435
801 441
570 441
9 442
701 447
186 448
103 448
520 449
657 450
71 450
818 452
407 452
859 456
959 457
559 460
42 464
132 464
719 467
874 469
705 473
404 473
653 478
445 480
369 484
619 485
508 490
281 492
257 494
532 494
225 498
445 499
428 500
922 501
630 502
843 503
120 503
826 507
493 508
927 508
863 511
535 512
818 514
254 515
560 516
76 519
977 520
239 522
771 522
462 528
842 528
786 529
78 531
754 532
699 533
88 533
598 534
630 534
595 535
557 536
3 537
755 545
357 550
314 552
715 554
572 556
232 556
88 556
807 556
561 557
893 561
86 564
372 566
990 567
673 574
290 575
198 577
769 582
139 584
102 586
711 588
314 589
931 590
107 590
242 591
612 596
422 601
803 605
343 606
616 610
750 618
674 619
366 625
941 630
70 632
54 633
989 636
545 637
443 639
960 640
617 644
563 645
179 647
384 648
810 650
243 652
108 654
566 656
399 657
410 665
598 665
627 665
823 668
614 669
867 669
923 670
463 671
548 672
652 675
955 677
61 678
492 681
946 682
598 682
774 683
971 684
883 685
315 688
778 689
875 689
418 690
669 698
299 698
309 699
283 702
378 704
594 707
172 709
494 711
499 714
24 717
547 717
502 723
96 726
913 727
339 728
223 732
272 734
165 735
821 736
651 737
456 739
318 740
349 742
303 742
467 745
392 745
932 745
361 748
248 750
883 755
404 756
236 756
261 758
456 759
535 759
890 761
735 762
691 765
876 766
139 771
272 771
719 772
629 776
218 776
465 783
744 783
641 788
308 788
41 790
106 790
998 791
682 797
830 797
637 803
849 809
927 810
429 812
378 813
812 814
487 818
489 819
834 822
257 823
862 827
807 830
269 835
799 838
831 840
895 841
677 844
201 847
622 848
300 854
377 856
61 857
667 861
93 864
144 869
227 869
673 873
872 874
279 875
595 876
641 878
982 887
850 891
23 892
432 895
939 898
277 898
730 901
2 903
266 907
532 910
21 912
891 912
333 913
166 914
268 917
307 919
137 919
658 919
993 921
708 921
520 923
642 924
812 932
25 932
893 932
624 935
944 936
790 942
898 942
847 947
466 950
208 958
477 959
374 959
71 960
504 960
819 963
196 964
101 965
243 965
283 969
860 969
823 973
810 973
781 974
215 976
155 979
888 979
193 981
255 982
946 984
788 985
50 988
501 988
536 988
714 988
747 991
374 994
317 999
