738
591 1
656 3
614 3
972 7
461 7
458 8
314 10
934 12
46 14
180 15
679 16
178 16
655 19
112 19
414 20
603 20
208 21
496 22
19 25
611 26
462 27
877 27
801 28
31 29
168 30
556 33
478 34
587 35
102 36
107 39
850 42
646 43
375 45
148 48
335 52
253 53
550 54
285 56
236 58
475 60
754 60
391 60
880 61
369 64
584 66
434 67
357 68
657 69
396 69
811 70
354 70
958 71
664 73
90 76
77 78
222 79
524 82
901 82
807 83
561 83
844 84
915 91
996 95
540 96
872 96
229 97
712 98
694 100
362 101
831 105
4 105
570 106
321 106
545 112
409 114
612 116
538 118
432 119
367 119
291 121
271 121
249 122
661 123
594 124
444 127
855 128
846 129
669 133
63 133
173 134
95 134
124 134
95 135
2 137
50 137
242 139
263 139
312 140
282 141
692 143
945 143
987 144
372 145
169 145
86 149
710 150
100 151
478 151
513 151
809 155
568 156
940 157
596 157
632 158
678 160
176 162
753 162
376 162
643 162
344 163
497 164
131 165
582 167
139 167
769 168
113 168
242 168
946 172
977 175
804 176
395 177
329 178
704 178
986 179
503 179
594 181
864 182
29 184
97 184
251 185
458 185
139 186
784 187
287 190
201 191
157 192
183 192
361 193
621 193
294 194
82 197
260 197
435 203
589 208
49 209
425 210
43 211
669 211
164 212
98 216
871 217
569 218
755 223
512 224
403 224
342 225
138 226
976 228
362 230
619 231
673 233
734 234
111 234
833 236
495 240
465 242
635 243
390 243
629 245
430 247
995 249
328 249
891 254
353 254
758 254
638 256
132 257
795 261
362 262
420 262
377 262
784 265
65 266
267 267
668 268
663 268
774 270
400 270
143 271
962 272
899 275
991 277
485 278
729 280
570 281
653 284
294 285
187 285
116 288
276 291
365 291
628 293
573 293
16 294
499 294
773 295
662 297
707 298
171 299
742 300
784 300
532 300
501 300
657 301
622 302
636 303
699 305
493 305
605 306
122 306
731 307
221 309
41 310
185 311
733 311
936 313
684 314
755 316
276 316
146 317
42 317
526 318
406 319
851 319
981 319
976 319
436 320
16 322
551 322
116 326
850 327
500 331
833 332
625 332
484 333
224 334
909 337
503 338
963 339
409 340
841 343
139 344
981 346
679 347
879 348
238 349
795 349
945 351
214 358
995 358
18 360
874 362
40 364
768 367
374 369
315 372
123 372
538 376
714 378
525 380
648 384
968 387
59 389
671 389
635 390
526 390
411 393
917 394
229 395
533 395
890 395
76 396
602 397
656 398
632 400
164 401
881 402
730 404
879 408
208 408
856 409
314 411
54 411
607 412
307 412
101 413
188 420
660 421
456 421
175 421
424 422
842 423
462 426
486 429
106 430
468 431
834 431
214 437
196 437
334 438
414 438
689 438
216 439
168 440
315 441
303 442
986 444
907 450
8 454
759 456
665 456
714 458
436 465
308 465
611 466
744 467
494 467
570 468
666 471
932 472
554 473
978 474
489 474
773 474
597 476
850 479
860 481
765 482
658 483
95 484
630 485
506 489
380 490
738 490
114 492
43 492
458 494
730 495
971 496
430 496
562 499
602 500
115 500
74 500
966 500
973 503
521 505
859 507
30 508
274 508
722 510
393 510
315 510
16 511
227 512
81 513
444 513
991 514
978 514
613 515
139 520
34 521
294 521
454 521
567 522
671 522
744 524
897 527
337 527
648 529
880 530
991 532
359 535
424 540
849 541
379 541
191 541
195 542
724 543
322 545
236 546
188 549
137 549
548 553
665 553
125 555
983 555
861 555
987 555
501 556
290 558
543 559
897 560
539 563
854 563
258 566
955 566
97 568
697 568
167 571
23 573
904 573
545 574
487 574
337 574
536 576
204 577
507 580
613 581
728 581
621 586
298 588
625 591
846 595
645 595
552 598
575 599
628 600
22 601
886 602
497 602
177 603
732 604
612 605
328 606
893 606
446 607
39 607
59 610
108 614
832 615
448 620
264 622
285 624
813 624
972 626
449 626
990 627
698 628
649 629
530 629
550 630
521 631
923 632
313 633
767 634
97 635
420 641
914 641
605 642
364 645
540 645
891 645
650 648
854 650
85 653
752 654
82 655
719 655
384 656
196 657
766 657
437 658
542 658
97 659
73 659
969 661
825 664
408 664
390 664
680 665
15 666
995 668
214 671
598 673
291 674
380 674
810 674
354 674
875 675
337 677
809 678
461 678
532 679
545 679
231 681
493 681
747 682
497 683
182 685
90 685
567 686
663 688
499 688
948 691
181 692
735 693
321 695
289 696
623 698
380 700
154 701
62 701
788 701
195 702
865 703
352 705
98 705
739 706
711 707
383 708
963 710
775 710
820 712
66 714
480 714
852 717
426 717
405 719
718 722
151 723
74 724
663 725
90 727
767 731
4 731
105 736
555 738
542 738
732 738
382 740
405 741
812 742
330 742
880 742
134 742
9 745
821 745
129 745
974 746
24 748
241 749
113 750
300 750
737 750
938 752
394 753
914 754
297 755
442 755
931 756
815 757
565 757
802 760
503 762
542 763
782 765
523 767
288 774
81 775
922 777
194 778
316 779
76 779
567 781
869 783
357 783
962 788
457 791
79 791
433 792
361 794
442 795
554 799
503 800
117 801
453 802
654 803
520 808
866 808
972 809
596 809
552 810
412 811
414 816
884 817
449 817
376 819
711 821
257 821
386 822
508 823
983 828
887 829
680 832
392 833
264 834
929 835
828 837
29 837
938 838
508 838
431 838
407 839
434 841
259 845
459 846
126 846
830 846
186 846
759 848
600 848
303 852
149 853
996 853
822 854
510 856
37 857
955 858
109 858
542 859
590 859
226 863
135 863
846 868
613 869
97 870
155 874
546 876
915 876
136 876
24 877
962 878
23 878
266 878
515 879
890 883
422 886
721 888
586 889
415 894
841 894
276 896
711 898
276 898
380 900
829 903
876 906
177 908
239 908
73 910
922 910
177 913
214 914
893 918
923 919
8 920
114 921
310 925
92 926
40 926
194 927
987 928
761 928
298 930
151 935
426 937
38 939
403 940
144 942
976 943
277 944
505 946
787 947
488 950
689 951
921 952
18 952
278 953
455 954
130 958
23 959
961 960
550 960
561 962
969 963
480 963
583 964
841 964
560 965
88 965
242 965
411 966
304 970
540 971
117 972
278 974
402 974
497 974
387 977
565 977
124 978
699 978
628 978
353 979
979 981
868 982
439 982
859 984
513 985
510 986
250 987
440 991
524 991
89 992
208 996
648 999
429 1000
