1000
244 0
136 2
625 3
545 3
289 4
859 4
863 4
195 5
357 6
559 6
402 7
582 7
945 12
836 13
873 13
965 15
56 15
224 15
75 17
860 18
522 18
493 20
544 22
372 25
156 25
93 26
793 27
91 28
454 31
361 32
57 33
157 33
142 36
936 36
868 37
377 38
272 38
323 39
224 39
697 40
855 40
485 41
581 41
397 41
712 41
789 42
854 44
203 46
935 46
299 47
637 47
59 48
970 49
102 50
149 51
889 55
300 56
393 56
500 57
561 57
204 58
332 60
417 60
758 60
324 61
267 65
986 66
31 66
996 69
349 69
252 70
119 71
336 74
794 75
639 76
932 79
27 80
293 81
464 83
458 83
867 85
999 85
96 86
824 87
709 87
627 90
371 91
899 92
502 95
837 95
69 97
526 97
986 98
565 98
185 100
486 100
716 100
406 102
453 103
162 103
670 104
550 106
489 107
994 107
121 109
516 109
376 109
982 110
574 114
612 115
242 115
54 115
319 119
261 120
882 123
697 124
661 125
529 125
131 127
492 130
440 130
428 130
591 131
571 133
866 133
100 134
161 137
439 140
474 140
82 141
456 142
297 143
673 145
553 146
676 150
110 150
360 150
490 151
412 151
792 151
832 151
136 152
108 153
600 154
384 155
941 156
940 156
844 159
22 159
768 160
609 163
879 163
775 164
184 166
144 166
258 167
749 167
84 167
874 168
790 168
630 168
276 171
281 173
14 173
827 174
779 174
971 175
99 175
847 176
390 177
788 178
815 178
528 180
28 181
301 181
346 181
464 188
568 190
259 192
359 192
88 192
582 192
564 192
77 193
813 193
363 196
632 196
900 197
473 197
286 199
959 199
433 199
658 201
525 201
972 201
70 202
149 202
182 204
434 204
781 206
855 206
289 210
306 211
579 211
572 212
576 214
884 215
636 216
891 217
559 218
479 218
968 219
421 224
671 224
518 224
695 227
179 227
345 228
777 231
167 236
452 237
817 238
78 240
968 240
721 241
610 241
3 241
105 242
362 242
538 242
990 243
927 244
728 249
60 256
316 256
920 257
774 257
383 258
163 259
228 260
46 261
177 261
767 262
357 264
678 265
781 267
933 267
676 267
21 268
403 269
830 271
670 271
31 273
87 274
551 275
523 275
756 277
989 278
842 278
173 279
13 279
26 279
937 280
229 286
342 286
664 286
44 290
778 291
105 292
291 293
168 293
803 295
246 297
886 298
215 298
776 299
257 299
361 301
817 302
924 306
225 306
805 307
914 308
134 310
653 310
565 310
153 310
117 312
648 312
857 314
754 317
345 317
325 320
508 321
284 322
424 322
58 322
926 323
96 327
542 327
338 328
294 329
834 329
939 331
347 332
734 333
711 333
677 333
79 335
332 335
209 335
415 337
527 338
937 338
752 338
874 342
4 344
886 344
8 346
433 346
309 348
924 349
777 350
197 350
333 350
25 351
891 352
417 353
238 353
781 354
477 354
931 355
418 356
728 356
289 357
331 357
957 359
296 359
469 360
679 360
289 361
822 363
138 363
749 363
197 364
73 365
555 365
987 365
586 366
66 368
266 369
928 369
658 370
591 371
944 371
330 372
747 372
840 372
580 372
543 373
489 373
268 374
469 375
915 375
50 376
799 377
737 380
218 381
337 382
147 383
305 386
285 386
568 387
710 388
284 388
738 389
512 390
738 390
710 390
325 391
294 391
671 392
215 393
596 393
933 394
736 394
362 395
135 395
810 395
81 396
878 397
622 399
106 401
240 402
265 402
777 403
363 403
515 404
345 404
945 408
366 411
429 411
556 412
189 413
564 415
158 415
499 419
80 423
991 423
162 424
287 424
899 426
315 429
638 430
764 430
76 431
633 434
130 435
159 435
449 435
415 437
975 439
966 439
196 440
974 442
13 444
238 445
504 445
870 446
336 446
500 446
8 446
265 447
519 447
462 447
594 447
847 451
128 453
226 456
261 457
334 457
975 458
511 458
785 458
894 461
506 462
305 462
743 462
51 464
37 466
958 466
291 466
414 466
682 466
236 467
32 467
743 470
405 471
937 471
439 474
414 475
132 477
827 477
913 477
681 479
768 480
381 480
422 480
734 481
602 483
157 484
4 487
954 487
633 487
77 489
998 489
826 491
395 491
285 491
500 491
717 492
879 492
645 492
285 494
900 495
657 495
60 496
271 497
934 497
496 498
10 498
951 499
120 499
469 501
510 502
521 503
135 503
183 504
805 504
651 504
539 506
269 508
108 509
38 509
448 509
162 510
859 511
847 512
138 518
661 518
78 519
528 520
697 522
360 522
981 523
903 528
438 529
80 529
794 531
118 531
898 533
542 534
719 534
395 535
618 536
386 537
502 537
8 539
899 540
542 540
292 541
197 541
407 541
950 541
849 542
321 543
330 544
34 546
93 546
527 548
544 551
549 552
491 552
287 553
34 553
472 553
653 553
433 555
862 557
448 557
502 557
929 560
948 560
879 560
968 561
149 561
712 562
276 563
266 563
42 563
633 564
920 565
833 566
645 566
818 566
701 566
122 568
58 569
490 571
663 571
557 571
770 573
962 574
81 577
990 577
300 577
448 577
46 580
827 580
712 582
174 587
752 587
617 589
16 592
850 595
735 596
357 598
708 599
449 599
3 600
16 601
283 603
808 604
388 607
14 608
764 611
924 611
81 612
999 615
877 616
112 616
486 617
517 619
994 620
813 620
652 621
670 621
353 622
447 622
360 623
178 627
770 628
335 628
596 629
149 629
444 629
742 630
49 630
899 630
582 631
147 632
745 632
734 632
282 633
967 633
827 634
7 635
252 639
423 640
309 641
311 641
443 643
760 643
367 643
133 644
177 644
976 644
472 647
475 647
286 647
884 648
802 649
496 649
865 650
901 651
394 651
337 651
45 656
929 657
249 657
524 657
982 659
700 660
523 661
816 661
856 662
823 662
997 663
745 663
416 668
673 668
26 669
318 670
412 671
500 672
382 672
805 673
474 673
954 673
505 673
321 675
360 676
760 677
917 677
310 678
276 679
979 683
788 683
710 684
316 686
702 688
483 689
981 689
366 689
496 690
563 690
635 691
867 692
125 692
102 692
872 693
293 695
86 696
872 697
631 698
777 698
761 699
594 699
778 700
754 702
95 703
671 704
325 705
252 706
949 707
887 709
371 709
364 710
873 711
68 712
567 713
401 713
737 717
704 718
55 718
818 718
472 720
1 721
279 724
65 724
443 725
1000 727
146 729
67 730
771 733
351 734
711 734
303 737
698 737
204 738
709 738
260 738
171 740
295 741
146 742
665 743
639 744
190 744
370 744
434 745
472 746
824 747
40 748
377 748
727 749
358 750
812 750
735 751
396 753
959 754
448 754
190 754
746 755
414 755
151 755
479 759
790 759
863 759
559 760
457 761
178 766
651 767
542 767
313 767
883 768
286 769
860 770
941 774
574 774
252 775
696 776
599 777
605 778
127 779
225 780
912 781
2 783
577 783
383 784
509 785
430 785
687 787
108 788
929 789
848 790
766 790
37 792
628 793
997 793
893 794
785 794
411 796
564 797
563 799
688 800
932 800
930 800
166 800
823 801
744 801
792 802
322 802
657 803
405 803
737 806
144 807
95 807
262 807
900 809
707 809
792 810
100 810
580 811
344 811
704 812
929 813
405 813
564 813
844 813
941 814
706 814
625 814
432 814
215 814
640 817
861 817
791 817
202 818
247 821
596 822
460 823
277 824
118 825
708 826
562 828
602 828
96 830
820 831
883 832
294 834
323 834
820 836
889 837
500 839
81 839
41 843
928 843
571 843
969 843
259 844
601 847
761 849
370 850
137 852
315 853
598 854
491 856
44 856
245 856
255 859
912 859
388 860
264 861
51 862
808 862
12 863
333 864
36 864
287 872
14 872
449 872
766 874
256 877
134 879
339 881
750 881
612 881
936 881
472 883
623 886
227 886
825 887
471 888
869 891
687 892
560 892
587 892
537 893
428 893
826 894
117 896
30 898
940 899
981 899
35 900
988 900
143 901
141 901
461 904
799 905
997 906
766 907
207 907
129 909
816 911
939 912
708 912
894 915
670 915
86 918
29 918
812 919
277 921
426 922
154 922
231 923
935 924
430 926
858 927
877 927
453 927
354 928
933 928
679 929
840 930
444 931
59 932
288 936
717 937
238 937
311 937
169 938
944 938
277 938
329 939
188 940
983 944
757 945
852 948
256 950
372 950
147 951
501 952
573 953
320 953
852 954
998 960
376 962
666 962
14 962
12 963
517 964
5 964
945 965
404 965
754 966
437 966
79 969
531 969
1000 970
781 970
632 973
129 973
626 973
167 973
568 975
112 975
558 979
473 979
519 980
770 980
327 980
709 980
670 980
944 980
180 982
643 983
705 983
410 983
93 983
716 985
64 985
379 985
718 986
185 986
435 987
785 988
812 988
50 989
46 991
215 991
642 993
583 994
834 998
701 998
923 999
190 999
55 999
221 999
680 1000
