1000
821 2147483637
502 2147483637
553 2147483637
679 2147483637
514 2147483637
942 2147483637
44 2147483637
314 2147483637
8 2147483637
769 2147483637
694 2147483637
64 2147483637
632 2147483637
240 2147483637
470 2147483637
794 2147483637
722 2147483637
641 2147483637
945 2147483637
350 2147483637
338 2147483637
609 2147483637
385 2147483637
907 2147483637
676 2147483637
765 2147483637
738 2147483637
306 2147483637
629 2147483637
644 2147483637
917 2147483637
268 2147483637
498 2147483637
192 2147483637
621 2147483637
897 2147483637
686 2147483637
228 2147483637
701 2147483637
20 2147483637
160 2147483637
52 2147483637
345 2147483637
486 2147483637
412 2147483637
998 2147483637
43 2147483637
519 2147483637
798 2147483637
701 2147483637
329 2147483637
126 2147483637
358 2147483637
562 2147483637
770 2147483637
448 2147483637
124 2147483637
376 2147483637
154 2147483637
722 2147483637
402 2147483637
275 2147483637
197 2147483637
525 2147483637
948 2147483637
550 2147483637
254 2147483637
519 2147483637
290 2147483637
888 2147483637
12 2147483637
991 2147483637
865 2147483637
252 2147483637
44 2147483637
983 2147483637
293 2147483637
298 2147483637
853 2147483637
310 2147483637
173 2147483637
227 2147483637
171 2147483638
934 2147483638
171 2147483638
949 2147483638
1 2147483638
617 2147483638
101 2147483638
439 2147483638
829 2147483638
891 2147483638
132 2147483638
199 2147483638
30 2147483638
311 2147483638
38 2147483638
161 2147483638
563 2147483638
206 2147483638
776 2147483638
732 2147483638
692 2147483638
341 2147483638
666 2147483638
158 2147483638
195 2147483638
126 2147483638
620 2147483638
887 2147483638
159 2147483638
877 2147483638
694 2147483638
273 2147483638
960 2147483638
196 2147483638
869 2147483638
715 2147483638
71 2147483638
123 2147483638
194 2147483638
935 2147483638
616 2147483638
283 2147483638
921 2147483638
149 2147483638
37 2147483638
776 2147483638
290 2147483638
6 2147483638
268 2147483638
267 2147483638
232 2147483638
839 2147483638
54 2147483638
807 2147483638
633 2147483638
919 2147483638
730 2147483638
863 2147483638
375 2147483638
529 2147483638
421 2147483638
918 2147483638
383 2147483638
451 2147483638
832 2147483638
716 2147483638
865 2147483638
198 2147483638
25 2147483638
484 2147483638
615 2147483638
756 2147483638
196 2147483638
276 2147483638
998 2147483638
378 2147483638
876 2147483638
920 2147483638
367 2147483638
156 2147483638
370 2147483638
669 2147483638
247 2147483638
650 2147483638
638 2147483638
30 2147483638
851 2147483638
635 2147483638
264 2147483638
673 2147483638
865 2147483639
633 2147483639
232 2147483639
807 2147483639
503 2147483639
257 2147483639
444 2147483639
88 2147483639
232 2147483639
548 2147483639
879 2147483639
341 2147483639
317 2147483639
114 2147483639
378 2147483639
642 2147483639
4 2147483639
415 2147483639
563 2147483639
626 2147483639
509 2147483639
730 2147483639
344 2147483639
358 2147483639
649 2147483639
101 2147483639
156 2147483639
756 2147483639
585 2147483639
805 2147483639
768 2147483639
101 2147483639
659 2147483639
984 2147483639
596 2147483639
463 2147483639
548 2147483639
842 2147483639
311 2147483639
581 2147483639
643 2147483639
594 2147483639
769 2147483639
259 2147483639
203 2147483639
520 2147483639
319 2147483639
927 2147483639
22 2147483639
50 2147483639
230 2147483639
147 2147483639
195 2147483639
385 2147483639
441 2147483639
765 2147483639
844 2147483639
300 2147483639
8 2147483639
49 2147483639
761 2147483639
976 2147483639
669 2147483639
941 2147483639
273 2147483639
585 2147483639
849 2147483639
990 2147483639
52 2147483639
256 2147483639
487 2147483639
645 2147483639
209 2147483639
6 2147483639
970 2147483639
460 2147483639
184 2147483639
279 2147483639
227 2147483639
479 2147483639
255 2147483639
250 2147483639
853 2147483639
607 2147483639
507 2147483639
667 2147483639
380 2147483639
184 2147483639
957 2147483639
650 2147483639
411 2147483639
853 2147483639
947 2147483640
193 2147483640
730 2147483640
928 2147483640
114 2147483640
5 2147483640
624 2147483640
363 2147483640
390 2147483640
876 2147483640
973 2147483640
570 2147483640
975 2147483640
648 2147483640
292 2147483640
556 2147483640
306 2147483640
903 2147483640
293 2147483640
837 2147483640
579 2147483640
31 2147483640
602 2147483640
49 2147483640
398 2147483640
892 2147483640
200 2147483640
828 2147483640
526 2147483640
199 2147483640
828 2147483640
370 2147483640
583 2147483640
714 2147483640
998 2147483640
343 2147483640
849 2147483640
744 2147483640
748 2147483640
814 2147483640
732 2147483640
638 2147483640
439 2147483640
934 2147483640
252 2147483640
963 2147483640
31 2147483640
866 2147483640
968 2147483640
45 2147483640
892 2147483640
591 2147483640
224 2147483640
643 2147483640
140 2147483640
767 2147483640
288 2147483640
435 2147483640
42 2147483640
930 2147483640
256 2147483640
373 2147483640
495 2147483640
669 2147483640
826 2147483640
654 2147483640
928 2147483640
452 2147483640
778 2147483640
163 2147483640
333 2147483640
359 2147483640
731 2147483640
958 2147483640
315 2147483640
348 2147483640
66 2147483640
561 2147483640
87 2147483640
377 2147483640
251 2147483640
459 2147483640
542 2147483640
120 2147483640
729 2147483640
221 2147483640
247 2147483640
426 2147483640
981 2147483640
53 2147483640
992 2147483640
973 2147483640
287 2147483640
437 2147483641
686 2147483641
636 2147483641
509 2147483641
243 2147483641
478 2147483641
651 2147483641
264 2147483641
773 2147483641
665 2147483641
389 2147483641
749 2147483641
91 2147483641
685 2147483641
196 2147483641
731 2147483641
710 2147483641
488 2147483641
360 2147483641
219 2147483641
601 2147483641
153 2147483641
412 2147483641
927 2147483641
731 2147483641
150 2147483641
724 2147483641
475 2147483641
778 2147483641
815 2147483641
850 2147483641
163 2147483641
63 2147483641
763 2147483641
865 2147483641
607 2147483641
315 2147483641
799 2147483641
229 2147483641
584 2147483641
200 2147483641
817 2147483641
598 2147483641
181 2147483641
229 2147483641
526 2147483641
970 2147483641
640 2147483641
881 2147483641
78 2147483641
254 2147483641
728 2147483641
993 2147483641
337 2147483641
679 2147483641
906 2147483641
122 2147483641
104 2147483641
394 2147483641
569 2147483641
573 2147483641
385 2147483641
397 2147483641
516 2147483641
834 2147483641
598 2147483641
215 2147483641
250 2147483641
964 2147483641
409 2147483641
632 2147483641
113 2147483641
427 2147483641
377 2147483641
906 2147483641
509 2147483641
443 2147483641
658 2147483641
304 2147483641
831 2147483641
574 2147483641
580 2147483641
953 2147483641
750 2147483641
883 2147483641
520 2147483641
836 2147483641
974 2147483641
568 2147483641
968 2147483642
699 2147483642
586 2147483642
388 2147483642
661 2147483642
170 2147483642
261 2147483642
253 2147483642
470 2147483642
454 2147483642
264 2147483642
78 2147483642
368 2147483642
943 2147483642
112 2147483642
689 2147483642
411 2147483642
833 2147483642
228 2147483642
16 2147483642
561 2147483642
91 2147483642
42 2147483642
786 2147483642
473 2147483642
805 2147483642
484 2147483642
445 2147483642
203 2147483642
876 2147483642
55 2147483642
466 2147483642
998 2147483642
824 2147483642
894 2147483642
22 2147483642
345 2147483642
855 2147483642
132 2147483642
801 2147483642
154 2147483642
924 2147483642
65 2147483642
609 2147483642
943 2147483642
1000 2147483642
211 2147483642
691 2147483642
377 2147483642
594 2147483642
107 2147483642
170 2147483642
787 2147483642
956 2147483642
719 2147483642
277 2147483642
855 2147483642
284 2147483642
725 2147483642
629 2147483642
185 2147483642
6 2147483642
624 2147483642
930 2147483642
403 2147483642
744 2147483642
537 2147483642
245 2147483642
197 2147483642
1 2147483642
114 2147483642
241 2147483642
42 2147483642
737 2147483642
362 2147483642
404 2147483642
164 2147483642
798 2147483642
980 2147483642
494 2147483642
839 2147483642
992 2147483642
316 2147483642
497 2147483642
243 2147483642
105 2147483642
417 2147483642
312 2147483642
919 2147483642
406 2147483642
205 2147483642
220 2147483642
484 2147483642
490 2147483642
277 2147483642
638 2147483642
624 2147483642
207 2147483642
138 2147483642
406 2147483642
439 2147483642
13 2147483642
384 2147483642
607 2147483642
921 2147483642
264 2147483643
831 2147483643
418 2147483643
838 2147483643
89 2147483643
88 2147483643
544 2147483643
982 2147483643
353 2147483643
437 2147483643
559 2147483643
326 2147483643
701 2147483643
147 2147483643
668 2147483643
161 2147483643
187 2147483643
180 2147483643
703 2147483643
397 2147483643
335 2147483643
965 2147483643
410 2147483643
333 2147483643
936 2147483643
400 2147483643
779 2147483643
538 2147483643
324 2147483643
597 2147483643
1000 2147483643
932 2147483643
631 2147483643
545 2147483643
608 2147483643
28 2147483643
395 2147483643
886 2147483643
300 2147483643
640 2147483643
918 2147483643
926 2147483643
315 2147483643
695 2147483643
527 2147483643
61 2147483643
782 2147483643
690 2147483643
736 2147483643
200 2147483643
984 2147483643
486 2147483643
193 2147483643
783 2147483643
614 2147483643
87 2147483643
965 2147483643
67 2147483643
228 2147483643
379 2147483643
822 2147483643
327 2147483643
156 2147483643
770 2147483643
951 2147483643
520 2147483643
745 2147483643
918 2147483643
136 2147483643
741 2147483643
297 2147483643
491 2147483643
899 2147483643
888 2147483643
980 2147483643
679 2147483643
20 2147483643
473 2147483643
493 2147483643
738 2147483643
712 2147483643
825 2147483643
645 2147483643
400 2147483643
786 2147483643
875 2147483643
556 2147483643
729 2147483643
1000 2147483643
549 2147483643
483 2147483643
981 2147483643
269 2147483643
372 2147483643
189 2147483643
22 2147483643
733 2147483644
759 2147483644
133 2147483644
740 2147483644
475 2147483644
962 2147483644
33 2147483644
27 2147483644
714 2147483644
196 2147483644
662 2147483644
281 2147483644
591 2147483644
555 2147483644
109 2147483644
567 2147483644
160 2147483644
841 2147483644
706 2147483644
708 2147483644
328 2147483644
790 2147483644
157 2147483644
683 2147483644
536 2147483644
111 2147483644
612 2147483644
76 2147483644
678 2147483644
328 2147483644
49 2147483644
875 2147483644
805 2147483644
36 2147483644
674 2147483644
186 2147483644
655 2147483644
181 2147483644
291 2147483644
667 2147483644
402 2147483644
12 2147483644
678 2147483644
206 2147483644
178 2147483644
662 2147483644
761 2147483644
823 2147483644
699 2147483644
320 2147483644
450 2147483644
652 2147483644
792 2147483644
359 2147483644
199 2147483644
843 2147483644
356 2147483644
968 2147483644
360 2147483644
816 2147483644
264 2147483644
223 2147483644
472 2147483644
714 2147483644
600 2147483644
82 2147483644
832 2147483644
233 2147483644
425 2147483644
178 2147483644
946 2147483644
952 2147483644
768 2147483644
280 2147483644
97 2147483644
227 2147483644
275 2147483644
261 2147483644
81 2147483644
17 2147483644
359 2147483644
627 2147483644
45 2147483644
115 2147483644
995 2147483644
796 2147483644
215 2147483644
664 2147483644
773 2147483644
453 2147483644
807 2147483644
63 2147483644
529 2147483644
560 2147483645
544 2147483645
520 2147483645
73 2147483645
47 2147483645
413 2147483645
455 2147483645
301 2147483645
517 2147483645
763 2147483645
105 2147483645
360 2147483645
330 2147483645
400 2147483645
844 2147483645
483 2147483645
41 2147483645
805 2147483645
94 2147483645
617 2147483645
596 2147483645
661 2147483645
60 2147483645
50 2147483645
787 2147483645
154 2147483645
249 2147483645
821 2147483645
885 2147483645
850 2147483645
356 2147483645
237 2147483645
502 2147483645
523 2147483645
873 2147483645
474 2147483645
870 2147483645
18 2147483645
361 2147483645
182 2147483645
275 2147483645
925 2147483645
747 2147483645
523 2147483645
770 2147483645
680 2147483645
576 2147483645
351 2147483645
565 2147483645
552 2147483645
916 2147483645
390 2147483645
189 2147483645
256 2147483645
805 2147483645
496 2147483645
979 2147483645
458 2147483645
868 2147483645
710 2147483645
590 2147483645
121 2147483645
949 2147483645
471 2147483645
122 2147483645
902 2147483645
117 2147483645
596 2147483645
727 2147483645
218 2147483645
196 2147483645
436 2147483645
732 2147483645
614 2147483645
482 2147483645
543 2147483645
146 2147483645
747 2147483645
725 2147483645
239 2147483645
654 2147483646
197 2147483646
375 2147483646
996 2147483646
221 2147483646
257 2147483646
916 2147483646
77 2147483646
777 2147483646
132 2147483646
525 2147483646
888 2147483646
143 2147483646
295 2147483646
440 2147483646
346 2147483646
977 2147483646
634 2147483646
749 2147483646
355 2147483646
199 2147483646
231 2147483646
331 2147483646
340 2147483646
770 2147483646
782 2147483646
126 2147483646
920 2147483646
495 2147483646
717 2147483646
595 2147483646
240 2147483646
193 2147483646
663 2147483646
866 2147483646
857 2147483646
153 2147483646
357 2147483646
844 2147483646
138 2147483646
373 2147483646
521 2147483646
422 2147483646
848 2147483646
876 2147483646
268 2147483646
146 2147483646
773 2147483646
318 2147483646
555 2147483646
451 2147483646
131 2147483646
675 2147483646
29 2147483646
727 2147483646
547 2147483646
452 2147483646
755 2147483646
912 2147483646
266 2147483646
423 2147483646
287 2147483646
518 2147483646
919 2147483646
402 2147483646
275 2147483646
104 2147483646
924 2147483646
265 2147483646
695 2147483646
924 2147483646
140 2147483646
635 2147483646
295 2147483646
944 2147483646
773 2147483646
378 2147483646
455 2147483646
838 2147483646
628 2147483646
924 2147483646
193 2147483647
235 2147483647
759 2147483647
74 2147483647
916 2147483647
653 2147483647
991 2147483647
633 2147483647
857 2147483647
324 2147483647
287 2147483647
839 2147483647
333 2147483647
673 2147483647
555 2147483647
230 2147483647
379 2147483647
750 2147483647
980 2147483647
50 2147483647
250 2147483647
742 2147483647
376 2147483647
37 2147483647
291 2147483647
875 2147483647
982 2147483647
314 2147483647
237 2147483647
452 2147483647
142 2147483647
428 2147483647
462 2147483647
342 2147483647
937 2147483647
820 2147483647
521 2147483647
710 2147483647
204 2147483647
219 2147483647
618 2147483647
121 2147483647
155 2147483647
425 2147483647
422 2147483647
673 2147483647
816 2147483647
329 2147483647
13 2147483647
926 2147483647
373 2147483647
675 2147483647
865 2147483647
2 2147483647
445 2147483647
623 2147483647
227 2147483647
308 2147483647
252 2147483647
468 2147483647
785 2147483647
839 2147483647
854 2147483647
490 2147483647
307 2147483647
205 2147483647
108 2147483647
727 2147483647
679 2147483647
696 2147483647
127 2147483647
984 2147483647
353 2147483647
695 2147483647
674 2147483647
170 2147483647
285 2147483647
291 2147483647
655 2147483647
261 2147483647
445 2147483647
725 2147483647
267 2147483647
503 2147483647
621 2147483647
662 2147483647
244 2147483647
938 2147483647
164 2147483647
831 2147483647
685 2147483647
615 2147483647
612 2147483647
109 2147483647
506 2147483647
733 2147483647
879 2147483647
577 2147483647
661 2147483647
