344
38 0
120 3
210 5
204 6
214 6
311 9
189 9
126 10
29 11
263 11
312 11
245 11
204 13
42 14
97 15
107 15
140 16
121 17
102 18
146 19
196 20
77 21
223 22
298 23
177 24
79 25
164 26
199 26
91 27
255 27
186 28
51 29
172 30
188 32
255 34
3 35
232 35
85 35
1 40
334 40
51 43
123 44
293 45
102 46
17 46
118 46
335 46
27 47
167 50
21 53
27 53
180 54
190 54
320 54
276 54
231 56
133 56
169 57
255 58
333 58
88 60
104 61
178 66
256 67
173 69
59 70
4 75
215 76
112 77
146 78
48 79
6 80
124 80
326 82
163 87
192 95
61 96
334 97
197 100
137 103
297 103
240 104
25 107
204 108
83 108
83 110
163 113
232 114
4 114
222 114
337 115
329 115
273 116
194 117
1 120
171 121
197 123
220 124
16 129
337 132
74 133
236 133
322 135
60 135
15 136
34 136
148 139
100 140
143 140
60 141
204 141
190 142
95 146
327 146
7 147
6 150
130 151
8 152
332 155
70 156
63 157
239 162
66 164
26 165
168 168
195 171
328 174
269 176
93 178
242 179
128 180
144 181
313 183
339 188
247 188
311 191
134 192
8 192
51 193
147 196
124 197
261 198
137 199
222 200
15 201
237 205
267 207
101 207
254 209
195 213
86 215
307 217
139 218
200 219
217 220
157 222
143 223
262 223
169 225
268 226
167 226
302 227
335 229
302 230
253 230
215 231
315 234
264 237
266 237
189 238
243 241
246 243
178 247
231 249
17 251
47 254
231 256
240 256
299 259
118 263
181 265
273 265
130 281
122 281
329 282
53 284
121 284
123 286
195 287
129 292
28 292
158 293
78 295
222 296
57 297
248 297
94 300
308 302
116 302
262 303
255 304
299 305
210 306
243 309
115 310
106 314
38 315
56 316
132 324
186 326
244 326
37 328
325 328
16 337
17 338
9 341
340 343
290 344
173 348
134 349
304 349
196 350
5 350
88 355
55 356
180 359
303 360
187 361
311 364
171 365
203 365
205 366
162 367
14 369
303 369
74 370
144 370
289 373
125 373
290 377
240 378
140 381
178 382
241 382
229 384
301 385
276 385
281 387
151 389
326 389
124 391
19 392
214 393
176 394
288 397
280 400
193 401
200 401
250 403
267 404
235 406
68 408
180 409
76 411
32 412
133 412
307 416
17 418
115 418
167 421
229 421
232 423
203 426
206 427
309 443
165 449
46 451
116 454
299 456
299 461
335 461
86 461
121 465
10 467
338 472
51 475
30 476
74 476
318 476
71 477
91 478
144 479
26 479
202 483
127 484
26 484
146 488
98 493
58 493
243 495
252 497
288 499
313 502
295 503
131 505
119 505
133 505
183 507
175 510
206 511
305 511
196 512
289 513
150 517
136 518
289 518
132 519
228 519
222 519
94 520
57 521
314 525
189 527
336 531
38 532
145 532
250 533
179 533
158 536
284 537
156 538
3 538
297 539
299 540
236 540
258 541
245 542
55 545
24 545
86 546
209 546
225 547
334 549
298 549
