1000
757 0
345 1
267 4
59 4
524 5
939 6
138 7
262 10
645 10
537 10
3 11
722 12
846 15
523 15
962 17
516 19
781 19
693 20
555 23
87 23
942 24
552 25
901 25
39 27
399 27
556 28
905 28
194 29
266 29
626 29
35 31
871 32
36 33
426 33
189 35
394 35
815 35
643 35
679 35
426 36
131 37
199 39
19 39
730 40
655 44
340 46
398 47
377 47
205 49
311 50
564 51
546 51
183 52
288 54
97 57
224 57
675 58
826 59
193 60
586 60
412 61
717 63
906 64
437 67
431 68
43 69
667 69
720 69
599 70
237 75
136 77
276 77
980 78
669 79
374 82
989 84
151 86
582 89
227 89
853 90
142 91
173 91
181 91
129 91
111 92
379 92
679 93
42 96
584 96
335 97
950 97
949 100
598 100
532 100
624 101
488 101
479 102
769 102
603 104
974 106
979 109
508 110
648 111
906 111
985 111
155 113
914 114
298 115
207 116
739 117
105 118
295 118
995 119
791 119
737 122
791 125
748 125
561 126
681 127
898 128
769 128
830 128
53 129
61 129
414 132
254 132
5 133
104 137
951 138
937 139
40 140
625 140
395 140
744 141
99 142
302 142
248 144
732 144
56 144
866 144
375 146
629 146
574 150
380 150
226 150
885 151
174 151
318 151
860 152
212 153
758 154
43 156
123 157
688 157
859 157
507 159
935 159
125 160
380 160
70 160
468 161
699 162
431 162
226 162
657 163
824 165
599 166
35 167
404 167
231 168
933 169
456 173
936 173
140 174
213 175
479 177
353 177
924 181
964 182
832 182
11 182
306 183
623 184
539 185
509 185
907 186
837 186
451 190
552 191
855 195
223 195
680 196
806 197
841 198
911 198
914 199
718 200
243 202
28 202
112 204
106 204
878 205
401 205
808 207
500 207
751 211
844 211
261 211
977 212
37 214
662 215
178 215
12 215
577 217
285 218
953 218
464 218
853 219
484 221
753 221
391 221
231 221
369 222
346 223
654 223
285 224
825 225
551 225
834 225
107 228
346 230
711 231
200 232
483 232
763 233
134 234
813 235
12 235
532 236
986 237
893 238
252 238
366 239
152 241
35 241
438 243
749 243
531 244
12 244
840 245
961 245
254 246
893 247
33 247
328 251
437 253
119 254
32 255
885 255
942 256
344 258
110 259
293 260
208 261
23 262
187 263
148 264
765 264
120 264
70 264
724 264
914 264
887 264
542 265
172 265
842 265
191 266
93 267
792 268
515 268
38 268
844 269
956 270
612 270
682 270
450 270
523 271
126 273
510 274
819 274
889 275
172 275
555 276
919 278
244 279
371 281
589 283
69 283
46 285
296 285
485 285
584 286
100 287
445 288
666 288
468 289
367 291
861 294
371 294
509 297
755 298
934 300
630 301
221 302
729 302
698 305
645 306
624 306
692 309
58 309
628 310
56 310
87 311
356 311
706 311
984 312
356 313
684 314
326 314
336 314
188 316
376 316
996 318
333 319
601 319
869 322
731 322
324 322
561 324
195 324
573 325
199 328
899 328
922 329
362 329
508 331
28 332
861 332
964 332
772 334
658 335
917 335
619 336
505 339
634 339
587 339
604 341
964 344
739 346
409 346
294 348
74 348
178 349
264 351
26 352
161 352
1 352
804 353
294 354
813 354
487 355
391 356
269 358
110 359
712 360
341 360
275 362
202 363
88 364
677 364
934 364
40 364
940 367
298 369
123 369
465 369
420 370
863 371
973 371
742 372
396 372
15 372
971 373
358 376
901 377
518 378
396 380
295 382
297 382
809 383
597 384
216 385
797 386
918 386
277 386
591 387
433 387
146 389
350 390
895 392
592 392
806 392
447 393
289 393
506 394
40 395
648 396
639 396
137 397
112 399
161 401
855 402
280 403
727 403
888 404
776 406
60 406
928 407
771 407
140 407
792 408
123 409
181 409
263 410
181 410
342 410
164 410
909 412
428 416
731 419
682 420
441 421
299 422
830 423
8 424
244 425
503 425
998 427
117 429
926 430
605 430
53 431
484 432
55 433
507 433
974 436
780 438
92 439
519 440
414 440
875 441
170 441
89 442
956 445
85 448
877 449
698 451
95 452
323 452
879 453
261 453
659 453
46 454
171 456
143 457
430 458
143 460
729 460
297 461
32 461
332 462
5 463
137 465
416 466
46 468
688 468
864 470
455 471
614 473
947 473
61 474
733 475
226 475
135 476
662 477
758 478
529 482
247 484
16 486
9 486
357 487
808 487
348 488
502 489
619 490
556 490
383 492
712 493
99 494
229 495
223 495
953 496
844 498
336 500
867 500
954 500
560 501
468 502
365 503
562 504
50 504
887 505
610 505
105 506
38 508
323 509
785 509
150 513
427 514
91 515
242 515
227 516
459 517
555 517
891 517
484 519
332 520
463 522
566 522
427 522
250 522
356 523
250 525
235 526
197 527
983 529
866 529
512 531
941 534
400 534
307 535
704 536
219 538
115 539
506 542
820 542
898 543
331 543
932 544
970 545
700 547
664 547
771 547
276 548
861 549
748 550
904 550
139 551
564 551
429 552
827 552
181 554
807 554
824 555
836 555
286 556
258 556
812 557
896 558
710 559
973 563
827 565
432 570
806 578
961 578
927 580
616 582
355 584
558 584
571 586
256 587
761 587
378 588
171 589
161 592
320 592
195 593
644 594
472 595
113 597
523 597
875 597
381 597
741 598
598 600
431 602
191 605
839 606
799 607
576 607
401 607
128 613
96 614
242 614
611 615
329 616
678 617
612 617
804 618
571 619
927 619
158 620
295 620
817 624
249 624
48 624
626 624
758 624
904 629
751 630
48 631
760 632
193 633
14 633
790 634
603 634
870 635
993 635
753 635
371 637
73 638
342 638
214 638
531 639
360 640
760 641
180 642
416 642
696 644
491 645
371 647
465 648
822 649
802 649
50 650
935 650
705 651
434 652
113 653
809 653
789 653
118 654
160 654
440 654
754 656
320 657
368 658
964 658
573 660
462 661
861 661
304 662
942 663
426 665
237 668
972 669
404 669
321 669
455 672
564 672
707 672
620 673
274 674
264 676
451 678
972 679
469 679
175 680
632 681
889 681
615 682
73 682
467 682
23 682
651 683
699 684
851 685
649 685
692 687
52 687
501 691
272 691
860 694
189 694
263 695
41 696
283 697
262 698
618 698
75 700
793 701
25 701
539 702
525 703
54 704
773 704
142 706
624 706
606 708
70 710
386 711
497 711
220 711
797 712
512 713
889 713
266 713
185 714
116 714
147 715
88 716
295 716
285 717
284 717
173 719
757 720
298 725
398 727
945 727
526 728
792 729
939 731
886 734
119 737
1 737
794 740
377 740
530 741
669 741
419 742
915 744
146 745
798 747
75 749
554 749
175 752
828 755
33 755
795 756
84 756
22 757
278 759
459 760
976 760
370 760
907 762
125 763
459 763
324 764
330 766
175 766
52 766
544 767
343 768
772 770
671 771
414 773
552 774
405 774
783 775
514 777
760 778
361 781
813 782
305 782
84 783
883 784
917 784
850 786
645 787
172 788
707 791
457 792
244 792
43 792
745 792
586 792
4 794
131 794
670 794
130 794
714 794
893 795
285 795
375 796
968 796
438 797
341 800
463 801
212 802
857 802
796 802
682 802
950 804
169 808
547 808
715 809
297 810
657 810
245 810
529 814
572 814
796 814
409 815
505 815
305 816
241 817
748 818
563 820
727 822
682 822
867 823
520 823
603 823
437 825
764 827
53 827
739 827
824 828
261 829
411 829
479 829
103 830
984 830
914 832
426 833
973 835
457 835
618 835
912 837
847 837
717 838
375 839
185 841
238 841
242 842
361 843
223 845
798 846
975 846
998 846
477 847
162 848
120 849
864 852
46 854
551 854
458 854
878 855
673 856
734 856
152 856
74 857
258 857
195 860
551 860
999 861
217 862
856 863
490 864
427 864
53 865
555 865
66 865
209 866
854 867
478 868
645 870
434 870
929 870
410 872
892 872
86 874
160 875
694 875
2 876
902 877
433 878
825 881
141 881
49 884
559 884
80 885
609 886
541 887
52 888
560 888
55 891
617 896
830 897
296 898
355 901
703 901
84 903
198 903
528 905
347 906
65 906
619 906
400 908
458 910
799 911
830 912
392 913
875 916
648 916
906 920
209 920
439 923
972 923
781 925
665 926
580 927
798 927
480 928
242 928
565 928
795 928
93 932
221 933
992 934
790 935
754 936
608 936
124 937
315 937
607 939
992 940
854 942
948 942
317 943
20 944
266 945
739 945
591 945
957 945
120 946
512 948
791 949
285 952
851 953
638 958
292 958
490 958
249 959
886 960
742 961
195 962
379 964
307 964
500 964
302 966
88 967
835 968
916 968
850 971
6 972
38 972
342 975
910 977
938 977
417 978
262 978
801 981
191 981
781 981
310 982
878 982
157 982
187 983
994 983
797 983
880 984
580 986
306 987
813 990
532 995
803 995
400 995
70 1000
