372
478 6
45 6
578 7
660 14
767 16
434 17
278 18
571 20
535 21
31 21
504 21
289 22
292 24
413 27
157 29
595 30
120 36
311 38
636 38
185 40
652 43
566 43
373 44
613 47
466 48
340 49
430 52
304 55
615 57
678 59
298 60
319 62
671 64
259 67
296 68
436 70
602 70
635 71
443 71
455 74
112 76
718 77
630 81
505 83
203 84
138 87
832 88
240 90
796 92
601 92
491 95
311 96
572 96
215 99
588 99
708 100
109 101
429 102
503 104
406 105
429 113
144 115
69 116
601 117
12 120
209 123
57 126
648 128
380 130
707 134
45 136
802 138
564 141
236 141
120 143
72 147
415 154
384 155
288 158
206 162
21 165
639 167
843 168
378 170
444 171
126 172
651 178
27 182
25 184
729 185
700 186
203 189
123 194
535 195
496 197
544 198
470 202
691 202
654 206
99 207
187 207
353 210
75 211
252 212
4 217
85 221
536 221
670 222
141 225
782 225
322 228
508 229
555 229
634 231
153 231
58 231
264 231
281 231
609 237
671 237
334 238
347 238
694 239
424 239
782 240
66 245
604 248
175 260
483 263
147 265
686 265
100 267
10 269
75 270
177 275
816 279
465 280
779 281
302 283
55 285
88 288
745 289
672 292
526 296
775 298
774 302
501 302
805 306
356 307
682 309
767 310
491 311
560 314
440 318
102 320
700 322
140 322
737 330
17 331
329 331
441 335
53 338
758 341
43 342
431 349
102 351
425 352
645 353
513 358
292 361
494 362
111 367
263 367
129 369
68 370
424 371
689 373
383 374
758 376
595 376
216 378
343 382
238 384
180 385
608 386
150 387
273 389
576 391
78 393
525 394
820 402
365 405
344 410
319 411
661 415
151 416
255 420
174 421
169 421
624 423
792 423
604 424
12 425
747 428
367 433
88 434
123 436
733 437
10 441
426 444
768 445
707 446
373 448
453 450
48 452
833 452
394 453
484 456
376 458
579 458
264 460
616 462
369 463
311 465
803 466
472 468
366 468
614 470
175 476
423 477
386 481
81 485
366 485
116 485
21 487
370 491
323 491
310 493
121 493
380 494
688 495
484 499
747 500
744 501
20 502
10 502
281 506
437 508
447 509
376 512
533 528
200 528
230 533
841 534
115 538
742 542
64 542
329 542
342 545
508 546
635 550
590 551
622 551
468 552
684 562
743 562
210 563
715 563
539 566
270 566
520 568
307 568
689 569
284 571
744 579
793 582
133 585
768 585
807 587
416 590
415 590
798 593
110 595
90 597
639 598
85 598
209 598
466 599
166 600
31 600
640 600
38 601
636 601
145 605
99 605
494 608
536 610
759 610
362 612
61 612
807 615
616 616
42 619
794 621
265 625
82 630
601 631
26 632
115 635
765 636
820 637
3 638
681 639
669 639
749 643
92 643
667 644
832 646
345 647
797 649
615 650
478 656
10 657
400 659
722 660
292 664
331 664
349 666
116 667
775 671
438 672
171 673
640 674
119 677
761 681
53 683
532 683
333 687
808 687
529 692
100 694
34 696
600 699
87 706
174 709
278 713
181 713
669 715
457 717
157 718
498 719
677 720
51 724
77 727
254 731
459 732
306 734
624 735
551 737
106 738
314 739
119 740
750 743
651 746
641 746
37 747
317 747
173 749
810 752
568 753
194 757
424 760
