1000
746 0
998 1
237 2
975 2
987 3
894 4
169 4
32 5
9 5
354 6
722 7
530 7
350 8
566 9
951 9
627 9
737 10
958 11
111 13
607 14
427 15
426 17
2 17
643 18
648 19
740 20
215 21
275 23
545 25
950 26
716 30
722 30
863 32
632 35
538 36
739 37
994 37
721 38
703 40
124 41
545 41
513 43
888 43
590 44
329 45
488 45
181 46
723 46
199 47
759 47
380 48
155 48
924 51
672 52
175 53
849 54
253 55
304 58
602 60
192 60
796 60
327 61
92 62
993 62
790 63
253 65
746 66
544 68
288 68
698 69
872 69
511 72
875 73
292 74
45 74
624 76
188 76
636 77
230 78
823 78
370 79
857 80
154 81
764 85
168 86
425 87
980 87
163 88
341 92
520 94
883 95
624 96
660 96
400 97
715 99
65 99
132 99
370 100
9 100
747 101
514 101
545 105
83 110
790 110
711 112
503 113
441 115
906 117
524 118
94 118
662 122
420 122
863 123
894 123
273 123
45 124
367 127
435 127
836 128
143 129
916 129
134 130
545 130
760 131
138 131
858 131
346 132
780 133
182 136
665 137
622 137
871 139
732 139
510 140
897 141
605 141
463 141
149 142
955 143
831 143
653 143
599 146
542 146
743 146
719 147
54 147
622 149
863 150
989 151
111 151
970 152
610 158
766 158
739 159
526 159
138 161
318 161
35 161
913 164
674 165
669 166
788 167
640 169
770 170
493 170
837 172
162 173
644 173
562 174
863 178
763 178
944 178
500 182
576 183
136 184
92 184
410 184
574 185
204 186
585 186
63 189
11 189
612 190
893 191
928 195
141 196
254 197
268 199
550 201
919 201
362 201
20 202
932 204
677 206
822 206
14 208
339 208
860 209
637 209
122 210
5 210
535 212
659 213
799 214
626 215
69 215
852 216
393 217
709 218
77 219
729 220
405 224
487 225
678 226
766 228
942 230
104 232
342 233
696 233
381 234
626 235
114 235
910 235
429 236
432 237
648 238
36 240
313 240
485 241
327 241
286 242
284 242
728 243
668 245
293 246
397 249
317 250
840 251
504 253
137 255
508 255
540 255
149 256
426 256
712 257
861 257
988 257
423 258
502 258
630 258
318 258
274 263
603 263
677 263
487 264
27 265
233 267
518 269
780 270
918 271
278 272
522 272
136 273
341 275
158 277
594 278
464 278
909 281
501 281
818 281
969 282
453 284
381 284
338 284
223 286
594 287
463 290
10 291
494 292
441 293
398 293
208 294
637 297
468 299
13 300
482 301
490 301
828 304
776 306
376 308
499 309
635 309
629 311
171 313
976 318
723 318
812 319
291 321
274 322
692 323
520 325
399 327
957 327
62 329
312 333
687 335
3 335
628 335
477 336
148 337
880 337
708 340
808 340
296 342
538 342
154 344
626 345
579 346
277 347
339 349
561 350
233 350
886 351
764 353
466 354
372 355
945 358
150 358
200 358
614 360
970 360
877 361
420 361
874 362
502 362
971 363
835 364
117 364
81 365
395 366
451 367
274 368
84 368
699 369
480 369
104 370
917 372
806 373
595 375
983 375
503 376
932 377
665 377
731 380
440 381
276 382
704 383
595 384
390 385
600 386
199 387
550 387
391 388
570 389
287 390
414 392
731 392
170 392
800 393
292 393
281 394
736 394
952 395
976 395
816 395
929 400
853 401
810 401
488 403
939 404
717 406
872 409
877 411
255 411
319 413
944 417
188 418
733 419
449 419
935 420
770 420
587 422
766 422
451 423
856 424
618 425
312 425
774 427
95 427
616 427
151 429
74 431
637 431
946 432
270 432
686 433
222 434
982 435
140 436
558 439
64 441
921 441
18 444
616 448
52 451
326 452
848 452
495 453
664 456
12 456
810 456
275 457
532 458
531 458
800 458
978 461
337 462
383 463
704 463
837 465
331 466
367 467
425 468
21 468
552 470
772 470
475 470
5 471
578 471
913 472
338 472
237 474
515 474
735 476
156 478
382 478
518 479
278 482
300 484
145 485
712 487
290 487
536 487
289 489
571 491
808 491
500 492
101 494
772 495
568 495
422 496
862 497
28 497
664 497
298 497
244 497
461 498
157 498
817 498
841 499
146 501
84 503
449 504
479 504
618 507
74 507
666 508
199 508
334 509
470 511
747 512
19 513
560 513
767 514
838 514
978 514
27 514
770 516
862 516
554 518
226 519
835 520
742 520
197 522
995 523
492 524
915 526
875 526
653 526
199 527
939 531
533 531
617 534
355 534
160 535
516 537
921 538
290 540
925 540
425 544
779 544
701 545
639 545
936 546
257 546
749 547
336 547
5 549
86 550
902 551
727 552
654 553
781 554
121 556
260 556
163 556
54 557
425 557
283 558
44 558
986 560
739 561
7 562
177 563
631 565
353 566
669 568
647 568
900 569
255 569
331 569
735 570
88 570
682 571
418 571
420 571
612 572
943 574
716 574
127 575
509 576
627 577
486 578
103 580
462 581
462 581
228 581
578 583
557 584
608 584
98 584
884 584
453 585
283 586
503 586
957 587
949 587
286 589
342 592
822 593
897 594
506 596
332 596
122 596
169 596
547 597
111 597
851 599
620 599
621 601
433 604
521 608
627 609
81 609
848 610
197 611
913 613
445 614
608 616
598 617
243 618
354 619
366 619
155 622
966 622
846 624
46 624
565 624
538 625
176 626
296 629
422 629
921 630
968 630
35 631
583 632
454 632
634 633
951 633
328 634
784 635
728 636
433 636
870 638
109 641
38 642
447 642
517 642
875 643
262 644
628 644
533 645
894 646
758 646
57 647
370 649
660 649
654 650
923 650
574 650
144 652
923 652
832 652
791 653
921 653
691 654
50 654
881 655
542 655
134 655
631 658
333 659
31 660
18 662
937 663
871 663
26 663
179 663
404 663
870 664
919 664
360 665
432 666
310 666
606 668
295 672
522 672
814 676
845 678
463 678
419 679
361 680
115 681
996 681
543 685
526 687
502 692
351 693
717 694
354 694
46 694
379 696
814 696
736 697
86 697
395 699
984 700
612 702
648 702
705 703
825 703
21 704
321 705
123 705
2 706
934 708
199 708
613 708
527 709
898 710
943 712
891 713
316 713
476 714
177 714
624 715
34 717
706 717
256 717
844 719
465 719
132 719
469 721
238 722
497 726
882 727
529 727
976 732
461 734
608 734
731 735
392 737
601 738
626 739
906 742
405 745
553 746
185 749
933 751
361 751
730 751
504 751
572 751
343 752
324 752
769 752
336 754
812 754
776 754
982 756
499 757
168 757
957 758
499 760
610 761
395 762
251 764
986 764
326 765
511 765
993 767
694 768
916 769
384 769
662 769
800 770
68 770
895 771
281 775
555 775
995 776
66 778
954 779
308 780
145 781
110 782
860 782
387 783
49 783
854 786
961 787
609 787
39 788
942 788
452 789
643 789
440 791
358 793
730 795
815 795
192 796
785 796
102 797
820 797
639 798
440 798
904 798
564 799
125 799
660 800
784 801
665 801
24 801
792 802
258 803
864 804
675 804
553 805
207 805
953 807
256 808
820 808
865 809
877 810
617 811
646 812
606 813
632 813
538 815
419 817
860 817
682 818
522 820
81 822
203 823
694 825
996 825
164 826
451 826
556 826
751 828
532 828
105 828
769 828
243 829
571 830
669 830
844 830
452 830
435 831
324 832
4 833
318 833
265 835
556 835
36 836
672 836
793 837
399 837
981 838
92 838
39 841
42 842
582 845
293 845
946 848
480 849
793 850
856 851
248 851
479 852
704 853
528 853
888 853
18 854
606 855
725 859
49 861
354 861
99 861
354 862
306 862
701 863
573 864
45 864
77 865
756 867
908 867
219 868
341 868
377 869
658 870
354 871
986 872
554 872
556 873
467 877
316 879
872 880
422 880
645 880
424 881
235 881
458 881
338 882
203 882
547 883
163 883
977 883
238 883
938 885
513 885
797 887
940 888
301 890
744 891
301 892
796 892
717 893
269 896
623 897
360 897
104 898
656 899
945 905
300 907
139 908
460 908
319 908
577 909
656 910
33 910
886 910
459 911
627 912
620 913
373 914
249 915
583 917
894 917
849 918
358 921
79 921
307 922
91 926
137 927
951 928
207 928
223 930
586 930
311 932
547 932
635 936
739 936
756 936
197 938
78 939
604 939
151 940
545 941
412 941
65 943
713 945
29 947
84 947
633 947
208 948
49 948
543 949
729 949
922 950
817 950
821 950
611 950
619 952
252 954
257 956
224 957
908 957
471 957
304 957
430 961
494 961
229 963
365 964
501 964
227 964
980 965
858 965
426 969
968 969
246 969
440 969
850 970
715 970
906 971
203 972
711 973
305 974
715 975
171 976
353 976
877 976
201 976
136 977
863 977
613 979
844 980
76 980
157 980
715 981
751 981
186 981
995 983
656 983
614 984
716 985
285 985
21 987
64 987
757 988
640 990
278 991
739 992
906 993
247 996
422 996
484 996
634 997
533 1000
