810
629 0
433 0
260 0
50 2
247 3
564 5
748 7
202 7
389 7
714 8
663 9
823 10
260 10
526 11
978 12
496 12
590 13
737 15
829 15
660 17
234 19
525 20
269 20
139 21
637 24
610 26
475 28
890 29
186 29
553 29
561 32
108 34
684 34
202 37
34 38
426 41
785 45
59 45
366 47
360 48
363 48
425 48
728 49
261 49
750 51
376 51
584 52
487 52
126 52
799 53
258 54
703 56
148 57
589 60
928 63
770 64
141 64
750 65
480 66
435 67
127 67
539 68
603 72
148 73
920 73
135 74
422 74
312 76
983 76
172 76
622 77
880 79
528 83
763 84
578 85
797 86
770 88
11 88
896 90
907 92
163 95
927 98
679 102
402 104
523 104
639 105
497 105
271 106
772 106
286 107
981 109
236 112
585 115
458 116
127 117
371 119
906 121
715 121
304 126
589 127
153 128
724 128
407 128
428 128
420 129
439 130
586 131
660 131
703 132
78 133
584 134
322 135
377 135
959 136
884 139
768 141
546 141
140 142
983 144
199 144
478 145
229 146
118 146
948 148
777 150
994 151
163 152
920 152
107 152
724 154
984 155
371 155
770 155
66 156
869 156
115 159
304 162
662 163
98 164
932 164
179 165
884 166
163 166
631 166
62 167
535 167
98 170
272 173
642 174
841 175
304 178
109 178
164 178
951 180
749 181
64 181
805 182
244 192
876 193
783 194
481 195
250 196
151 197
989 197
602 198
718 198
199 199
470 199
622 206
127 206
372 218
486 218
233 220
697 221
499 222
833 222
726 224
112 225
855 227
580 228
946 228
91 228
545 229
862 230
268 231
871 232
375 233
877 237
478 242
889 244
553 248
476 248
539 250
286 250
347 252
22 254
728 257
161 257
239 258
13 259
674 260
961 260
466 261
278 262
95 262
207 262
817 263
311 263
655 267
277 272
618 273
772 274
236 275
121 277
70 278
249 278
590 278
31 279
660 285
608 285
127 285
848 286
969 286
625 287
320 288
799 291
763 292
312 293
906 293
586 295
454 297
50 301
884 301
406 302
638 304
119 305
626 308
968 308
405 308
108 309
323 310
265 310
786 314
514 316
884 317
358 318
790 320
826 322
206 324
415 324
624 326
986 327
542 328
816 330
49 334
271 339
859 340
3 342
939 343
264 344
13 345
562 345
699 345
944 346
922 346
495 348
230 348
451 349
818 350
454 350
323 352
301 352
91 352
565 353
965 354
926 354
974 355
930 356
232 358
190 359
344 360
272 364
799 366
118 366
152 367
458 367
377 368
239 369
562 370
757 372
775 372
832 373
252 373
954 374
841 377
33 383
853 384
891 385
742 387
50 388
897 388
25 389
170 390
11 392
355 396
132 396
801 396
438 398
471 399
926 400
391 401
179 401
337 403
523 404
931 409
447 412
310 414
61 416
457 416
477 417
643 417
124 418
97 418
266 420
870 423
578 423
391 424
552 426
943 427
589 427
656 429
111 431
161 431
317 432
170 433
434 436
105 437
515 437
648 437
124 438
566 439
696 439
507 439
459 440
790 441
614 442
681 446
3 448
299 449
280 450
884 450
485 450
832 450
175 451
421 453
770 454
279 455
979 455
711 456
97 458
558 460
157 461
208 461
154 461
602 462
547 462
382 462
834 464
872 464
476 465
929 468
157 469
488 469
161 471
785 474
492 476
294 478
409 480
839 480
859 481
963 481
633 484
437 485
950 487
163 490
485 491
725 492
912 493
257 494
592 494
561 496
218 497
697 498
357 499
177 499
863 501
385 502
241 502
926 503
673 504
110 506
240 507
236 510
928 511
81 513
851 513
545 515
908 516
160 516
878 520
880 521
579 521
901 522
651 523
688 524
244 525
962 526
828 529
922 530
412 531
425 531
555 536
951 539
965 542
189 543
687 543
880 543
884 544
66 544
916 545
242 548
984 549
21 549
824 550
340 551
10 552
111 552
841 553
497 553
508 557
678 560
401 561
374 561
553 562
705 562
149 564
249 564
152 564
327 564
398 568
639 569
180 572
188 577
779 577
321 578
856 579
981 579
270 580
27 580
640 581
363 581
88 581
927 581
74 581
536 582
661 582
240 582
122 584
73 584
500 586
860 588
37 588
225 589
742 592
494 594
934 597
144 598
962 598
957 599
828 600
189 603
722 604
579 604
151 610
609 611
586 612
41 612
818 612
57 614
172 615
469 618
706 619
981 619
928 620
675 621
736 622
794 622
23 624
323 627
728 628
223 629
984 631
228 632
284 634
138 635
736 637
352 637
303 638
533 638
431 639
877 639
482 639
540 640
732 641
916 641
44 645
30 651
37 651
9 653
455 657
182 658
965 659
142 661
177 661
590 661
525 663
594 663
233 667
916 668
300 669
387 670
650 671
354 672
123 673
219 674
80 677
850 677
422 677
590 677
884 678
334 680
125 681
617 683
261 684
484 686
936 689
681 691
257 692
857 693
489 696
484 698
783 699
938 699
66 700
824 700
513 700
598 702
183 702
209 703
556 704
661 704
955 708
685 709
696 709
390 711
654 713
311 715
467 715
954 715
484 717
673 718
191 718
497 718
566 720
713 720
415 720
760 723
150 724
732 725
865 726
469 726
614 727
140 727
864 727
258 730
118 731
326 731
216 733
377 737
568 739
182 741
306 742
832 742
87 748
356 750
703 750
502 750
297 753
241 754
107 754
515 754
884 757
30 758
715 761
276 762
33 763
152 767
746 768
991 770
18 771
66 771
991 774
691 774
727 774
52 775
172 775
121 777
966 779
235 780
520 781
622 783
713 783
135 783
997 785
947 785
716 785
594 787
533 788
605 788
571 789
594 789
192 790
677 791
796 791
256 791
68 792
255 792
965 794
743 794
650 794
803 794
127 796
614 797
243 797
289 798
230 799
89 803
673 805
669 805
786 805
375 805
542 806
10 806
399 806
787 807
375 808
643 808
443 810
307 811
806 813
48 815
663 815
445 815
647 816
434 817
804 817
892 819
914 820
121 820
608 821
344 823
883 825
4 826
986 827
195 827
482 828
716 832
714 832
789 833
504 833
593 835
431 835
962 835
188 837
645 838
336 838
55 841
419 842
601 842
535 843
568 844
693 846
706 847
69 847
337 848
47 848
420 849
554 851
186 851
371 852
521 855
586 855
997 856
560 856
504 858
669 859
237 859
243 859
359 859
104 860
160 862
907 862
111 864
712 865
588 866
167 867
855 870
430 877
130 879
816 880
884 883
942 884
718 885
438 885
191 886
573 888
275 888
246 888
572 894
638 895
544 896
640 899
665 901
128 903
164 903
861 903
797 905
864 907
673 908
650 908
876 909
862 909
56 910
135 914
323 914
665 914
200 916
850 916
639 917
214 917
320 917
576 919
492 920
991 921
724 922
144 923
66 924
441 924
787 927
502 929
698 929
484 930
57 931
339 932
832 934
332 935
724 935
792 936
909 936
919 936
85 937
61 937
242 939
807 941
509 943
713 944
648 946
668 948
289 948
844 948
775 952
739 954
600 954
859 955
938 958
947 958
60 959
920 963
267 965
340 967
504 967
200 968
5 970
628 972
401 976
860 978
410 979
865 979
943 980
30 980
357 981
672 981
591 983
797 983
690 986
405 990
467 991
212 991
438 997
650 998
