336
194 0
95 8
102 9
299 12
288 14
115 15
114 15
235 16
26 16
55 18
281 19
188 20
79 21
251 22
186 22
138 24
73 24
113 25
6 26
87 27
231 28
253 32
81 33
112 35
272 35
37 35
112 35
144 37
170 37
288 39
7 40
23 40
266 42
49 44
222 44
41 50
12 52
76 55
35 58
159 60
59 61
237 65
64 66
84 68
58 69
246 69
129 70
270 71
127 72
300 78
25 80
24 81
76 81
278 81
146 81
130 87
135 88
31 91
52 91
81 91
118 94
177 96
192 98
226 100
174 102
157 102
26 106
196 107
217 108
16 108
228 111
22 116
134 116
196 120
185 122
191 128
48 129
198 130
218 132
72 133
54 133
187 141
128 142
265 144
30 145
63 149
259 150
143 154
284 156
284 156
14 157
135 158
3 160
41 161
116 161
62 162
258 162
106 164
245 165
123 172
56 172
218 173
216 174
132 175
223 176
282 182
37 182
74 184
86 188
268 188
230 189
161 191
78 191
17 193
233 197
59 202
100 204
87 207
177 210
207 211
221 216
187 222
90 224
62 226
24 232
245 233
252 234
153 234
30 234
41 235
238 236
72 237
110 237
207 239
136 242
205 243
19 243
255 244
262 244
195 245
107 246
31 253
122 256
177 258
238 264
206 265
200 265
226 266
237 266
44 271
63 272
134 274
88 278
53 278
44 281
78 282
173 286
178 286
121 287
168 296
251 299
40 301
238 304
103 304
245 305
84 305
149 305
279 306
140 306
66 322
104 323
144 324
7 326
70 326
54 328
103 329
256 330
129 332
294 332
190 335
277 336
269 336
252 337
129 339
250 339
48 340
300 341
173 346
188 347
12 347
156 348
221 349
199 349
252 355
151 359
238 360
203 361
142 363
95 372
45 373
295 378
12 380
168 381
109 382
157 384
146 385
38 386
213 387
23 388
284 392
240 393
220 395
220 398
64 405
72 407
100 411
238 412
118 412
157 414
165 414
265 424
270 425
281 428
74 430
274 430
44 434
133 434
249 434
141 435
173 435
6 440
72 441
249 441
23 442
157 444
236 445
128 445
202 448
276 455
199 456
264 458
298 458
139 459
152 459
140 465
109 465
292 467
179 471
256 471
150 471
297 472
7 472
51 472
277 473
125 473
220 473
212 474
138 475
248 476
278 476
270 477
175 477
153 481
268 481
25 482
107 482
173 484
137 489
243 494
279 497
252 498
259 499
253 499
291 501
287 502
275 503
211 503
191 504
168 505
227 506
227 506
172 506
158 509
11 511
167 515
241 519
91 520
91 521
220 525
134 531
290 535
97 536
34 537
36 537
127 539
120 539
147 540
239 543
235 545
156 549
140 549
297 550
204 550
146 553
164 553
31 554
206 556
140 556
299 557
262 558
268 558
115 560
139 560
50 560
246 560
60 563
271 564
177 564
256 566
161 571
105 572
118 578
164 579
117 579
228 581
81 582
295 582
81 583
189 586
50 586
228 595
26 601
115 602
110 602
260 603
31 603
