1000
89 0
959 0
820 0
747 0
798 0
132 1
152 2
931 7
736 11
130 12
766 13
643 14
706 14
408 14
317 15
257 16
338 19
814 20
356 21
881 21
877 22
17 22
688 22
89 24
665 24
29 26
181 26
955 27
37 27
660 27
94 27
743 30
434 30
147 30
625 31
789 32
421 32
678 32
558 33
389 33
930 34
141 34
85 35
661 35
451 36
300 36
810 37
196 41
263 41
671 42
616 43
753 45
492 45
3 46
734 46
498 46
763 47
684 47
550 47
403 48
330 48
911 49
779 52
681 53
579 56
218 58
656 59
927 65
959 66
329 66
484 69
248 70
827 71
262 71
643 73
471 73
618 75
895 76
59 77
393 78
869 79
803 82
628 86
5 87
268 88
51 88
71 89
345 89
669 90
623 91
309 92
988 93
999 93
361 94
931 96
140 96
434 98
991 98
263 98
779 98
668 98
557 100
248 102
806 103
148 103
929 108
516 109
960 110
482 111
645 115
352 116
254 116
749 117
126 121
730 124
891 126
945 127
496 127
435 128
919 129
589 130
829 131
660 131
429 133
983 133
926 134
823 135
319 136
989 137
463 137
919 138
742 139
558 140
373 141
758 142
143 143
571 143
950 145
778 145
990 146
851 147
810 147
961 148
282 148
250 151
461 152
648 154
84 156
47 159
892 159
637 160
112 160
954 160
427 163
327 164
334 164
723 165
873 166
105 169
477 171
250 171
451 171
533 172
942 173
344 174
776 175
159 179
935 181
556 181
269 183
485 183
811 183
542 183
781 184
483 184
903 186
250 190
912 190
313 191
161 191
779 192
995 193
330 193
691 195
763 196
195 196
769 196
345 197
455 198
289 199
643 199
298 199
305 200
394 201
78 201
378 206
276 207
288 208
987 208
539 209
885 210
263 210
870 210
185 211
683 212
758 213
183 213
62 215
699 216
752 216
487 217
963 217
155 218
210 218
419 219
145 220
749 220
827 221
191 224
568 226
72 227
734 227
149 228
993 230
509 230
999 231
326 232
518 233
548 233
110 234
416 235
323 236
803 238
135 239
934 239
65 239
703 241
414 242
690 248
259 250
853 252
52 252
379 254
298 256
332 256
622 257
400 259
14 260
180 261
538 261
688 262
250 262
558 263
501 263
270 264
699 267
363 267
1000 267
851 268
493 268
969 269
364 270
110 271
47 274
638 275
964 277
708 279
627 279
516 280
710 282
191 282
361 282
387 283
221 283
747 283
646 284
392 285
736 287
314 288
750 290
664 291
190 291
276 292
689 293
567 293
231 294
824 294
63 294
187 294
762 294
953 295
345 295
260 297
835 297
331 298
467 300
105 301
799 301
259 302
648 302
256 304
639 304
974 304
614 305
24 305
828 306
587 306
48 307
519 307
554 307
745 310
715 311
287 311
927 312
355 312
954 312
396 313
518 314
467 315
127 316
27 316
943 317
955 317
427 318
630 319
874 320
125 320
843 321
331 322
297 323
454 323
200 326
823 326
650 327
932 328
484 329
858 329
111 330
533 331
20 331
370 331
393 331
291 332
674 334
385 334
689 334
113 335
885 336
202 338
695 339
801 341
852 342
301 343
603 348
14 348
697 348
808 349
931 353
701 355
572 355
584 355
730 356
93 357
994 360
751 361
390 362
134 362
346 362
39 362
568 363
624 364
528 365
270 365
255 365
271 366
710 366
843 367
149 367
579 372
631 373
83 374
229 374
322 377
433 380
140 381
806 381
110 381
975 382
537 386
523 386
821 387
961 389
518 390
793 392
602 392
768 393
93 393
597 394
117 394
31 395
72 397
903 397
987 397
997 399
319 400
784 401
61 409
824 410
925 410
764 411
748 411
268 411
420 415
629 416
626 416
521 417
312 417
444 419
548 419
516 421
785 422
247 424
155 424
912 425
548 425
610 426
105 427
827 429
961 430
968 431
211 431
387 432
877 432
925 433
393 433
408 434
986 434
715 436
444 436
643 436
552 437
266 437
912 439
54 441
602 441
450 444
656 445
127 446
423 447
862 447
608 449
315 451
475 452
419 452
988 453
640 453
534 457
611 457
257 458
189 461
357 461
690 462
886 464
126 465
330 468
511 469
840 469
401 470
742 471
809 471
295 472
450 473
653 473
60 473
221 478
728 479
601 480
393 480
175 481
211 482
577 482
944 482
200 482
489 484
389 485
734 486
332 487
964 487
488 488
429 489
129 489
718 490
142 497
290 498
852 502
456 504
375 504
208 505
185 505
93 506
260 506
441 506
256 506
433 508
804 509
494 511
40 512
688 513
189 515
551 516
814 517
939 522
710 523
691 525
724 525
760 525
810 526
228 527
194 527
834 529
397 529
157 530
500 531
501 532
615 532
309 533
987 533
297 541
369 541
719 543
794 545
622 548
68 548
622 548
376 549
617 549
627 551
733 551
484 551
746 552
954 554
336 555
914 555
473 555
657 557
746 558
348 559
817 560
387 560
607 562
985 563
427 563
186 565
737 565
458 567
327 568
619 568
140 568
443 569
848 572
597 574
192 575
337 576
3 576
531 577
79 581
846 582
957 583
184 585
759 586
716 587
222 587
951 588
655 589
121 590
740 592
390 594
215 595
913 595
179 597
838 599
466 600
946 601
738 603
12 603
701 603
786 604
526 605
697 606
384 608
272 609
441 609
146 610
543 612
81 612
44 613
494 614
377 614
607 617
489 617
52 617
477 617
456 618
804 618
583 619
154 619
535 620
163 621
876 622
454 623
644 624
991 625
796 626
766 626
470 627
706 628
849 629
926 629
714 630
603 632
706 632
787 634
503 636
938 636
166 636
491 638
205 638
705 640
20 642
625 643
936 644
721 644
474 645
873 646
891 648
698 648
652 649
959 654
359 656
319 656
428 657
913 657
321 657
57 658
645 658
965 662
995 663
2 664
165 664
331 665
91 667
74 667
122 667
105 668
668 669
581 670
679 672
672 672
228 674
896 674
939 674
907 679
289 680
403 680
331 683
492 683
693 684
913 686
262 686
87 689
462 689
347 691
372 693
176 693
773 693
875 694
428 696
568 696
399 696
455 697
939 698
686 700
567 700
389 701
669 702
684 704
230 704
633 704
370 705
485 705
90 711
352 713
809 714
322 715
432 715
284 715
846 716
368 718
976 718
811 718
220 718
665 719
786 720
681 722
316 722
167 723
962 725
351 727
651 728
108 728
116 729
271 729
770 730
504 730
920 733
483 733
946 734
429 735
447 738
569 741
255 743
407 743
682 745
240 746
58 747
356 748
85 749
83 750
983 750
194 750
528 751
737 751
253 753
380 755
576 755
111 755
910 756
254 756
367 756
39 760
476 760
935 761
577 761
498 762
789 762
324 762
579 763
663 764
940 765
922 766
158 768
190 768
971 769
547 769
858 769
150 770
937 771
488 771
17 772
674 772
673 773
336 773
204 773
357 774
574 774
493 775
282 776
34 778
131 779
836 779
278 780
184 780
164 781
278 783
308 784
966 784
293 785
555 785
626 786
632 790
801 792
839 793
882 794
52 794
176 794
736 796
988 796
375 797
483 797
409 798
821 801
673 801
419 804
185 805
985 806
474 806
953 807
796 807
20 808
454 809
397 809
268 810
401 810
257 811
88 811
455 812
906 812
29 813
261 813
833 813
893 814
141 815
422 818
895 818
281 819
208 821
589 824
820 824
790 825
448 825
701 825
925 826
327 826
286 829
334 830
527 831
898 831
800 834
467 834
116 835
650 838
834 838
309 840
304 840
511 841
763 841
882 842
510 843
13 843
672 844
731 844
688 844
721 845
396 845
148 845
494 846
138 847
367 847
93 847
278 847
195 849
65 850
319 850
476 850
469 851
430 851
312 852
616 856
96 857
952 858
240 860
595 861
572 861
236 862
536 862
349 862
198 863
849 864
182 865
566 866
222 868
713 870
192 871
778 872
601 874
462 876
194 877
729 878
780 878
104 879
509 879
207 882
296 882
914 883
629 885
865 889
940 891
717 894
968 895
366 895
953 896
884 897
711 897
189 897
960 899
226 900
892 901
11 901
32 902
504 902
649 902
157 905
225 906
390 907
421 907
597 908
276 908
617 908
635 909
394 911
222 914
87 914
560 914
826 916
779 916
704 917
637 918
677 919
519 919
579 919
592 920
724 923
416 924
589 924
92 925
151 926
280 927
853 927
977 927
443 928
900 928
792 929
808 931
109 932
596 933
285 934
357 936
391 939
275 944
367 945
34 946
904 947
668 949
314 949
258 950
16 951
248 952
663 952
657 953
732 953
686 954
109 955
61 956
262 957
490 957
736 958
161 958
940 958
763 959
523 960
709 961
626 961
693 962
90 962
752 964
716 965
656 965
755 965
284 966
617 966
264 968
75 969
299 971
667 971
569 973
707 974
75 974
709 975
408 975
747 979
122 979
115 981
177 982
678 982
169 983
591 983
977 987
452 987
545 987
564 988
79 993
679 993
187 994
636 995
18 996
589 997
687 997
721 998
52 998
110 999
