317
277 1
684 2
489 3
922 3
451 4
888 4
626 5
551 7
330 7
744 7
582 9
75 10
477 11
900 13
538 16
723 18
51 18
851 24
736 26
795 27
514 30
203 31
58 33
546 36
517 37
498 38
520 41
948 45
934 47
706 47
950 50
207 53
388 54
563 55
506 55
581 57
360 57
49 65
23 67
303 69
121 70
715 70
611 71
898 72
67 73
742 73
712 75
44 79
753 80
951 83
94 83
186 88
268 89
857 89
69 92
224 96
185 97
352 99
135 101
528 102
658 103
170 107
571 107
928 109
499 111
564 113
839 114
209 114
313 114
147 115
954 115
336 116
916 118
595 120
265 120
690 121
49 122
215 123
54 124
765 128
343 134
163 140
736 145
541 149
251 149
136 151
426 152
187 155
232 158
884 164
963 165
312 171
195 171
239 176
269 176
610 179
776 180
747 182
707 182
941 190
446 192
788 192
212 194
269 194
806 196
597 196
797 199
107 199
323 199
807 200
716 201
814 202
292 203
911 206
513 208
208 210
362 211
283 211
942 215
451 216
353 220
908 220
148 220
712 220
957 221
286 221
91 224
4 229
670 230
705 230
622 230
822 232
366 233
771 233
567 233
630 237
741 243
140 249
490 253
327 254
147 256
252 259
516 259
508 262
279 266
460 269
817 269
327 270
332 270
12 270
535 271
793 275
163 275
48 278
6 281
177 282
447 282
557 283
822 286
366 287
720 288
616 288
332 291
654 299
363 303
271 305
683 310
374 311
657 311
945 311
900 313
798 316
693 317
813 318
390 318
677 318
673 321
96 326
953 330
134 330
734 334
83 335
929 338
553 339
71 341
758 343
688 346
739 346
5 347
608 351
365 352
289 352
718 355
272 355
332 356
367 358
159 362
381 365
123 367
609 369
598 369
518 370
650 372
249 373
835 375
312 377
339 378
463 380
62 381
691 381
546 381
123 384
659 385
55 385
927 385
372 386
236 387
5 387
616 392
698 393
20 394
44 396
311 399
177 400
465 401
533 402
398 402
584 407
418 411
577 412
625 413
406 414
120 417
820 420
144 420
454 422
346 429
336 431
224 431
875 431
464 432
905 433
315 434
550 440
626 441
61 441
580 441
953 449
286 450
573 454
172 454
918 454
620 455
331 456
424 458
110 460
854 462
294 465
339 475
895 475
673 478
935 479
753 480
466 480
8 480
434 482
549 488
707 489
601 490
73 490
795 491
82 491
418 492
718 493
414 495
967 498
241 499
854 501
793 502
708 506
445 517
183 523
596 524
568 525
456 526
945 527
779 527
310 534
161 534
772 535
939 537
170 538
185 542
211 542
557 545
434 547
818 549
193 550
88 550
918 552
18 558
821 564
838 567
390 567
92 568
346 572
11 574
15 579
579 585
357 585
634 586
753 586
684 592
916 594
114 596
883 607
640 610
