1000
392 0
305 0
212 2
185 3
825 4
657 6
86 6
691 7
39 8
781 9
865 9
338 9
278 9
533 10
879 12
959 12
438 13
825 14
38 18
614 18
126 18
167 19
808 21
57 22
959 22
280 23
461 24
521 25
728 27
98 28
503 30
867 31
974 32
667 32
458 36
502 37
944 38
104 38
924 40
355 41
680 41
965 42
190 43
950 45
492 45
577 45
369 47
696 52
429 54
610 54
978 54
593 58
605 59
844 59
551 59
788 61
195 61
215 62
634 63
419 65
494 66
993 66
503 67
614 67
321 67
813 67
817 68
632 69
330 71
601 71
423 72
262 72
699 72
927 73
860 74
672 74
295 78
494 79
888 81
320 81
791 81
587 82
131 82
947 82
326 84
142 86
593 86
237 87
888 87
137 87
790 88
195 90
424 91
537 92
457 93
955 94
273 94
376 98
148 99
916 99
748 100
33 101
522 104
50 105
316 106
511 109
716 110
986 110
153 111
429 114
99 115
281 116
85 117
453 124
570 126
280 126
924 127
391 128
415 129
882 129
606 130
822 131
956 132
453 133
384 134
356 135
168 137
896 138
680 140
234 140
338 141
67 141
857 142
118 142
232 143
520 145
469 145
125 146
928 146
133 147
235 147
1000 149
392 150
260 151
886 153
245 153
50 153
704 153
169 155
336 155
570 157
338 158
102 159
164 159
621 161
11 161
361 163
782 165
152 165
451 165
750 167
893 168
657 170
646 173
766 173
914 174
193 175
949 176
304 179
164 184
544 184
709 184
983 184
460 185
439 185
670 185
70 190
542 190
627 191
637 193
563 195
12 196
649 198
7 198
562 198
599 199
844 200
630 201
88 201
253 204
188 204
434 205
815 205
624 205
452 206
592 206
519 207
731 209
447 209
621 209
32 210
215 210
211 210
281 211
103 211
362 212
739 213
29 216
499 217
501 217
943 218
976 219
763 220
966 221
136 221
882 223
149 224
841 225
577 226
357 227
171 229
508 230
340 230
30 231
123 233
242 234
311 235
183 237
493 237
738 238
953 238
398 239
369 239
10 239
544 239
43 240
351 241
164 242
541 245
356 246
995 247
406 249
205 249
877 249
426 250
621 251
196 253
573 260
693 261
170 261
297 261
820 263
959 263
784 264
942 268
569 268
4 269
411 272
925 272
374 273
406 275
124 276
624 277
357 278
778 279
984 282
544 285
584 285
226 286
624 288
712 288
119 289
577 290
618 290
726 291
404 295
938 295
257 295
742 295
103 296
143 296
607 297
559 297
971 298
860 298
317 299
270 299
56 300
541 301
400 306
799 312
206 312
599 312
548 314
360 314
153 318
664 318
497 321
832 323
17 323
90 325
441 325
101 326
258 326
590 329
804 329
137 329
346 332
48 333
464 334
186 334
24 334
518 335
687 335
563 335
450 337
168 337
893 337
18 338
758 338
624 340
721 344
356 344
1000 345
36 348
559 349
79 354
660 355
427 356
615 356
127 357
34 358
133 358
373 359
793 359
985 361
781 366
750 367
559 367
393 368
71 368
854 368
798 371
179 374
323 377
611 379
849 383
820 385
889 385
554 385
65 387
514 387
605 387
81 389
39 389
198 391
641 391
183 392
481 392
814 392
878 393
639 393
321 395
776 395
812 397
905 397
576 398
535 398
512 399
342 399
776 399
439 399
375 400
145 400
981 401
616 402
307 403
742 406
501 407
130 409
423 409
164 410
333 412
868 412
457 412
447 412
282 412
381 413
671 415
390 415
235 415
536 415
296 416
213 416
680 416
179 417
258 420
83 421
742 422
552 422
258 423
270 425
522 425
805 428
644 429
241 430
360 430
674 430
375 430
628 430
823 431
395 431
956 434
847 434
785 435
975 436
500 436
850 438
675 438
345 439
550 441
788 441
334 441
564 442
107 443
505 445
750 446
795 450
76 450
772 450
98 452
422 453
155 455
695 458
539 458
288 458
730 461
77 461
445 462
420 462
891 462
568 462
214 463
455 464
128 465
767 465
158 466
360 466
804 467
874 468
99 468
392 469
822 470
137 470
982 471
621 472
415 472
802 475
671 482
683 482
874 482
371 484
951 484
913 487
957 487
355 490
586 490
678 490
113 491
354 491
819 491
531 493
810 493
965 494
968 494
522 495
463 496
655 496
357 497
171 498
109 499
336 500
665 501
153 503
7 503
618 504
798 505
87 505
736 506
476 507
471 507
423 509
462 509
543 510
146 512
875 512
611 516
107 520
21 522
638 522
730 525
92 526
712 527
809 527
983 528
454 529
779 529
785 531
411 533
56 533
527 534
691 535
365 538
817 539
704 539
485 540
385 543
123 544
308 546
620 547
177 548
844 548
144 549
779 552
869 552
218 554
76 555
539 560
738 560
633 560
702 561
741 561
927 561
879 563
428 563
155 564
823 564
351 564
339 565
628 565
395 566
904 568
382 569
468 570
321 572
537 574
756 574
610 574
350 574
982 576
362 578
855 580
872 580
346 580
633 581
834 581
220 584
263 586
441 590
319 592
548 592
763 592
607 593
160 594
769 595
265 596
981 597
435 598
113 598
603 599
339 599
135 599
853 600
389 600
191 601
149 601
691 601
653 603
65 604
987 605
465 606
491 606
47 607
531 608
509 608
861 608
230 608
435 609
912 611
10 611
949 611
424 612
962 613
832 613
414 613
778 615
279 617
537 617
91 618
773 618
348 618
284 620
984 622
304 623
711 623
776 623
452 624
842 626
166 628
836 631
524 631
4 631
740 632
862 634
430 635
1000 637
454 638
961 639
9 640
224 641
281 641
411 643
662 643
342 643
954 644
405 645
772 646
349 648
997 650
521 651
174 652
202 653
958 654
708 654
976 656
42 656
355 657
588 658
119 660
804 664
715 665
81 665
980 665
6 667
94 667
524 669
702 669
471 671
936 671
839 675
688 676
540 677
866 678
993 678
498 679
823 680
183 680
686 680
870 680
590 680
996 681
578 681
207 681
453 683
974 684
726 684
876 685
108 687
386 687
737 688
586 690
575 690
717 692
723 692
759 693
122 694
883 694
104 695
851 695
844 696
531 696
824 697
83 698
355 698
218 699
514 700
459 701
830 702
941 705
801 706
391 706
477 707
569 709
290 709
27 710
989 711
950 712
113 712
473 715
361 716
115 717
203 718
917 721
503 721
703 721
984 722
627 723
94 724
677 724
298 724
912 727
200 729
711 731
654 731
860 731
116 732
59 733
688 733
69 738
857 738
361 740
813 740
182 741
360 743
169 744
262 744
230 747
935 747
698 750
588 753
71 755
303 756
127 757
573 758
938 759
347 759
771 762
912 763
147 765
135 766
126 766
26 766
786 767
519 767
851 768
545 768
506 773
537 774
84 776
450 777
319 777
799 779
736 781
643 782
502 783
772 783
697 784
250 788
452 789
729 790
187 791
806 792
742 796
122 798
992 798
84 800
907 801
806 801
89 801
396 801
419 802
931 806
485 807
758 807
607 807
245 808
654 808
913 809
341 809
479 810
275 811
520 811
968 812
54 814
193 815
703 816
422 816
838 816
300 816
89 817
184 819
792 819
702 820
74 820
292 821
130 821
717 821
94 822
218 823
841 824
346 824
740 824
324 825
246 827
978 828
630 830
914 830
600 831
694 831
910 832
606 832
658 835
289 835
340 836
6 837
690 837
934 839
689 839
181 840
151 840
902 843
796 844
939 845
781 845
974 845
188 846
201 846
359 849
941 849
195 849
782 850
280 851
359 852
698 853
543 854
513 854
325 855
362 856
874 856
975 857
725 858
978 859
269 859
102 861
487 862
921 863
241 863
456 865
761 868
14 868
511 868
602 871
866 872
447 873
240 873
568 873
935 874
262 875
458 875
196 875
74 877
660 881
247 882
586 884
982 884
230 884
730 884
203 886
832 887
417 888
378 888
725 889
879 889
308 889
837 890
32 892
857 892
481 893
852 895
205 895
321 895
235 897
284 898
947 899
466 899
30 900
813 901
362 901
979 901
481 901
363 902
615 903
646 903
83 904
446 904
380 906
852 907
100 907
566 908
68 908
618 912
208 912
207 913
46 913
119 914
732 914
797 915
258 916
984 917
481 917
212 918
800 918
493 919
160 920
467 921
80 921
788 921
741 921
991 922
111 922
138 923
119 923
359 925
34 925
56 928
863 928
383 929
547 929
980 930
352 930
27 931
535 931
395 933
50 933
4 934
656 936
238 937
259 938
299 938
84 940
333 940
112 941
406 943
857 943
402 943
550 943
402 945
973 946
735 948
381 948
856 949
323 949
730 949
638 949
347 949
685 950
39 951
778 952
342 953
514 953
9 956
678 957
411 959
470 960
758 960
388 960
989 961
321 962
756 964
336 965
698 966
826 966
28 967
949 967
874 967
534 967
100 970
426 972
666 974
642 975
438 975
704 976
677 977
37 977
993 982
621 985
300 986
23 987
671 987
249 989
88 989
451 990
919 990
210 992
618 993
225 994
352 995
763 996
45 998
399 999
