1000
451 0
826 2
13 2
114 3
518 3
490 5
70 5
255 6
453 6
837 7
807 8
215 9
341 10
845 15
942 15
261 16
604 17
377 18
416 19
633 20
125 20
721 21
680 23
170 25
102 26
409 27
135 27
185 29
812 30
23 31
868 31
976 31
632 34
781 34
637 36
973 37
351 38
819 41
470 45
666 45
847 46
332 46
197 48
16 48
581 52
728 53
797 53
211 53
822 56
283 56
287 56
736 57
30 57
759 60
129 61
572 61
660 62
272 63
598 64
618 66
565 67
164 69
712 69
632 69
810 69
22 70
968 70
777 71
733 72
915 74
874 75
860 76
342 79
617 79
960 86
295 86
26 90
745 90
242 91
484 91
13 91
884 92
865 92
177 94
827 95
772 97
42 97
998 97
894 101
959 102
189 103
747 103
668 104
208 105
104 105
463 106
455 106
992 107
239 107
404 107
752 108
377 109
872 110
808 110
818 110
70 112
269 113
914 116
706 117
289 117
2 117
740 118
539 119
112 121
585 122
48 122
99 122
385 124
28 125
852 126
383 126
788 126
825 127
257 127
67 129
724 129
140 130
356 130
786 130
393 130
439 130
147 132
74 133
180 133
32 135
644 135
778 135
248 136
704 138
509 139
996 140
748 141
424 141
511 142
717 143
140 143
464 146
281 147
380 147
203 148
259 152
10 153
589 154
320 155
105 156
809 156
812 156
383 157
914 158
495 159
121 160
335 161
885 162
959 163
234 163
253 163
144 165
943 168
360 168
161 169
842 169
41 171
512 172
559 172
235 173
458 174
413 175
88 176
768 179
126 180
604 180
617 180
123 182
278 184
654 185
224 185
819 185
538 187
262 189
727 190
343 190
158 191
525 191
452 192
277 193
16 193
608 193
694 193
813 196
540 198
349 199
843 199
81 202
124 203
179 205
713 205
23 206
826 206
692 208
652 209
72 210
879 211
18 212
129 212
544 214
682 215
344 215
465 218
739 219
491 220
578 221
290 222
44 223
658 223
483 224
913 225
674 226
625 228
395 228
656 228
584 229
410 230
418 232
64 233
443 234
736 239
425 239
360 240
754 240
156 240
77 241
573 242
802 244
722 244
592 250
850 252
487 253
399 254
418 255
844 256
491 257
76 259
760 262
780 263
738 263
525 265
769 265
616 266
599 266
876 267
784 269
238 271
29 272
990 273
586 274
220 275
345 276
957 276
141 277
892 281
274 282
338 283
25 286
481 286
587 286
422 287
741 287
226 287
263 289
50 290
701 291
915 292
460 294
12 294
82 296
89 296
207 297
413 299
469 299
227 299
330 299
682 299
269 301
354 301
600 301
796 301
962 302
553 303
471 304
547 305
8 305
987 306
101 307
223 308
336 308
132 309
928 312
915 313
212 314
947 315
228 315
29 317
708 319
231 320
983 321
421 321
772 321
930 325
793 329
477 330
146 332
525 333
924 336
996 337
215 337
783 342
898 343
443 344
886 345
674 345
305 347
998 348
333 350
835 350
421 350
483 351
601 352
427 352
102 354
676 354
63 355
668 355
318 356
31 357
549 358
689 359
548 359
48 360
421 363
911 364
695 366
678 367
636 367
189 367
873 368
333 368
568 368
536 368
967 368
430 369
205 371
50 371
302 372
865 375
2 376
135 377
270 378
912 378
988 379
618 380
347 382
277 383
650 383
905 385
918 386
153 388
923 388
298 388
182 389
328 389
652 389
25 389
547 391
154 391
226 392
111 392
199 393
617 394
793 396
335 398
665 400
873 401
219 402
708 405
887 407
483 408
557 409
537 413
958 413
51 415
101 415
33 417
954 417
965 419
149 420
697 420
31 421
664 422
568 422
400 423
909 427
426 428
773 429
760 429
201 430
962 433
646 434
604 434
396 436
383 437
442 437
568 438
308 438
385 441
442 442
791 443
295 444
397 444
680 445
801 446
139 448
932 449
58 451
418 451
61 452
244 454
60 454
97 454
628 456
828 457
946 457
994 457
442 458
816 459
196 459
193 459
842 460
136 461
901 462
268 462
226 464
277 464
9 465
114 466
68 466
796 466
144 469
941 470
926 470
755 471
842 471
705 472
540 474
854 475
6 475
78 476
346 478
958 479
441 480
364 480
81 480
498 481
815 481
918 481
421 482
742 483
398 484
88 486
598 488
468 489
873 492
106 493
442 495
368 495
906 495
468 495
122 499
186 499
495 500
470 500
725 501
219 504
453 505
220 506
322 508
345 508
473 509
321 511
841 512
890 512
773 514
657 516
692 517
499 517
365 517
319 518
606 518
17 519
506 523
127 523
4 523
796 525
789 525
503 526
33 526
683 527
207 527
353 530
517 532
102 534
577 535
570 536
98 538
137 539
238 539
424 540
471 540
585 543
69 543
20 544
462 544
101 546
61 546
411 547
558 548
761 552
307 554
870 554
873 554
333 558
288 559
788 561
269 562
465 563
611 564
886 564
127 565
976 566
452 568
8 570
913 570
239 572
514 572
992 572
848 573
200 575
586 575
697 576
661 578
877 580
146 580
375 581
233 582
486 583
477 583
598 584
336 584
854 584
710 587
576 589
717 590
403 593
22 595
950 595
375 595
205 595
784 596
934 597
408 597
403 600
891 601
792 601
830 602
90 604
942 604
387 605
151 606
14 606
49 608
71 608
776 609
278 611
537 612
478 613
868 613
227 613
666 613
521 614
888 615
190 615
499 616
770 616
353 617
334 617
263 617
280 618
227 619
995 619
437 621
700 622
866 623
151 623
857 624
711 624
149 625
556 626
394 627
326 628
738 628
604 631
800 635
337 635
346 635
855 635
61 636
320 638
974 638
596 639
87 640
607 641
255 642
50 642
69 645
239 646
594 648
119 650
943 651
965 652
509 652
353 653
720 653
194 655
299 655
669 658
644 658
37 659
564 660
913 661
176 663
329 664
259 664
529 665
890 666
75 666
853 666
828 666
665 667
47 669
521 671
607 671
572 672
716 673
915 674
195 676
669 676
911 678
604 679
178 679
470 681
180 682
472 686
328 686
550 686
824 687
273 694
167 694
667 694
597 695
100 696
624 696
903 697
248 699
167 700
230 700
149 700
349 701
40 702
639 704
737 704
850 705
517 706
568 706
226 707
498 708
943 710
968 710
102 710
235 710
166 712
924 714
706 715
234 715
643 715
631 717
209 718
565 718
932 720
936 723
275 723
603 724
805 726
378 726
976 727
176 727
364 728
81 728
409 732
894 734
518 736
289 736
766 737
889 738
574 739
669 739
293 740
753 740
62 740
319 740
985 742
100 744
658 746
466 747
103 747
664 747
140 748
111 749
447 751
985 753
542 754
476 754
761 754
768 754
61 755
854 755
582 757
221 758
370 759
780 761
654 762
555 764
573 765
444 765
762 767
109 767
982 768
126 770
605 770
244 771
639 771
483 773
797 774
60 775
957 776
530 776
287 776
278 777
438 778
853 779
618 779
458 779
469 780
440 783
153 783
741 784
937 785
126 788
959 788
990 789
231 789
161 790
982 790
100 791
354 791
323 795
938 797
866 798
712 800
438 801
171 802
751 803
930 804
583 804
645 806
86 806
571 808
868 808
14 809
304 810
721 810
971 811
521 812
835 812
454 814
905 814
345 814
559 816
921 817
560 818
259 819
332 821
209 824
646 827
416 827
359 827
16 827
768 830
289 830
963 830
749 831
979 831
509 832
288 832
857 833
147 835
921 836
537 836
225 838
756 839
394 839
966 840
918 840
800 841
635 842
298 843
399 844
237 846
772 846
432 848
29 849
77 850
784 851
509 852
19 852
362 854
633 855
485 855
344 858
246 859
792 860
490 861
100 861
582 863
488 863
394 863
761 863
779 864
853 865
943 866
590 866
253 867
240 868
690 868
552 868
86 870
38 871
882 873
419 874
873 874
54 876
646 877
520 878
319 878
867 878
111 878
195 880
345 880
749 882
555 882
542 883
316 883
331 884
162 884
46 885
799 886
180 887
204 887
497 889
105 889
272 890
554 890
576 892
888 893
617 894
483 896
4 897
953 899
788 899
412 901
962 904
963 904
743 905
675 906
721 906
28 907
852 907
648 907
674 908
422 911
161 912
274 912
927 913
707 914
421 914
438 915
166 916
147 916
681 917
993 917
63 917
437 919
15 920
111 920
316 921
722 921
723 923
540 925
108 925
291 925
328 927
262 928
985 929
419 930
518 931
385 932
992 932
311 933
600 935
652 935
281 936
491 936
387 937
249 938
156 940
249 941
760 941
482 941
18 941
712 942
235 942
832 942
726 942
167 943
390 943
529 944
116 947
456 947
505 948
713 950
431 951
650 952
299 952
560 954
550 956
60 960
525 961
719 961
10 961
845 961
464 962
542 964
651 965
747 965
93 966
132 967
347 967
529 969
125 969
710 971
707 973
859 973
644 975
884 975
591 978
477 978
326 980
870 980
542 981
485 981
673 983
172 983
530 987
407 987
309 987
269 987
546 990
197 991
924 992
371 995
901 997
56 999
