1000
99 2147483637
79 2147483637
804 2147483637
321 2147483637
619 2147483637
968 2147483637
411 2147483637
15 2147483637
491 2147483637
978 2147483637
520 2147483637
376 2147483637
729 2147483637
423 2147483637
350 2147483637
601 2147483637
43 2147483637
263 2147483637
258 2147483637
16 2147483637
511 2147483637
542 2147483637
70 2147483637
13 2147483637
689 2147483637
467 2147483637
417 2147483637
892 2147483637
228 2147483637
151 2147483637
389 2147483637
957 2147483637
830 2147483637
194 2147483637
923 2147483637
524 2147483637
191 2147483637
983 2147483637
128 2147483637
691 2147483637
841 2147483637
867 2147483637
888 2147483637
935 2147483637
396 2147483637
558 2147483637
709 2147483637
363 2147483637
796 2147483637
151 2147483637
217 2147483637
313 2147483637
803 2147483637
981 2147483637
492 2147483637
274 2147483637
174 2147483637
377 2147483637
507 2147483637
163 2147483637
490 2147483637
686 2147483637
656 2147483637
522 2147483637
963 2147483637
55 2147483637
444 2147483637
117 2147483637
661 2147483637
21 2147483637
208 2147483637
111 2147483637
694 2147483637
610 2147483637
53 2147483637
686 2147483637
10 2147483637
39 2147483637
606 2147483637
104 2147483637
228 2147483637
897 2147483637
989 2147483637
874 2147483637
865 2147483637
608 2147483637
108 2147483637
154 2147483637
584 2147483637
447 2147483637
905 2147483637
289 2147483637
505 2147483637
837 2147483638
339 2147483638
538 2147483638
309 2147483638
274 2147483638
390 2147483638
161 2147483638
349 2147483638
72 2147483638
710 2147483638
842 2147483638
951 2147483638
597 2147483638
253 2147483638
511 2147483638
560 2147483638
242 2147483638
270 2147483638
989 2147483638
261 2147483638
811 2147483638
25 2147483638
651 2147483638
915 2147483638
597 2147483638
490 2147483638
957 2147483638
760 2147483638
377 2147483638
770 2147483638
932 2147483638
885 2147483638
733 2147483638
829 2147483638
391 2147483638
282 2147483638
311 2147483638
136 2147483638
39 2147483638
493 2147483638
595 2147483638
594 2147483638
246 2147483638
648 2147483638
955 2147483638
65 2147483638
20 2147483638
862 2147483638
920 2147483638
290 2147483638
258 2147483638
887 2147483638
778 2147483638
465 2147483638
406 2147483638
73 2147483638
770 2147483638
988 2147483638
493 2147483638
125 2147483638
715 2147483638
283 2147483638
480 2147483638
606 2147483638
410 2147483638
606 2147483638
179 2147483638
414 2147483638
680 2147483638
491 2147483638
262 2147483638
148 2147483638
299 2147483638
865 2147483638
397 2147483638
772 2147483638
251 2147483638
659 2147483638
446 2147483638
982 2147483638
890 2147483638
854 2147483638
257 2147483638
123 2147483638
749 2147483638
824 2147483638
567 2147483638
844 2147483639
939 2147483639
764 2147483639
863 2147483639
714 2147483639
360 2147483639
804 2147483639
477 2147483639
996 2147483639
849 2147483639
812 2147483639
342 2147483639
767 2147483639
769 2147483639
541 2147483639
160 2147483639
975 2147483639
949 2147483639
846 2147483639
774 2147483639
309 2147483639
546 2147483639
582 2147483639
590 2147483639
800 2147483639
991 2147483639
348 2147483639
681 2147483639
492 2147483639
971 2147483639
932 2147483639
214 2147483639
568 2147483639
665 2147483639
626 2147483639
28 2147483639
374 2147483639
779 2147483639
756 2147483639
844 2147483639
293 2147483639
264 2147483639
869 2147483639
807 2147483639
241 2147483639
512 2147483639
953 2147483639
263 2147483639
263 2147483639
682 2147483639
575 2147483639
401 2147483639
263 2147483639
411 2147483639
903 2147483639
716 2147483639
686 2147483639
835 2147483639
295 2147483639
328 2147483639
8 2147483639
354 2147483639
614 2147483639
625 2147483639
773 2147483639
724 2147483639
833 2147483639
616 2147483639
555 2147483639
527 2147483639
545 2147483639
498 2147483639
645 2147483639
249 2147483639
446 2147483639
614 2147483639
926 2147483639
494 2147483639
984 2147483639
332 2147483639
559 2147483639
623 2147483639
144 2147483639
546 2147483639
221 2147483639
146 2147483639
648 2147483639
636 2147483639
166 2147483639
863 2147483639
406 2147483639
93 2147483639
543 2147483639
391 2147483639
155 2147483639
655 2147483639
48 2147483639
397 2147483639
963 2147483639
688 2147483639
190 2147483639
423 2147483639
814 2147483639
883 2147483639
914 2147483639
448 2147483640
988 2147483640
655 2147483640
344 2147483640
543 2147483640
23 2147483640
47 2147483640
315 2147483640
399 2147483640
395 2147483640
700 2147483640
146 2147483640
403 2147483640
697 2147483640
399 2147483640
61 2147483640
106 2147483640
577 2147483640
194 2147483640
873 2147483640
776 2147483640
155 2147483640
698 2147483640
621 2147483640
621 2147483640
42 2147483640
922 2147483640
924 2147483640
74 2147483640
272 2147483640
782 2147483640
842 2147483640
30 2147483640
95 2147483640
746 2147483640
292 2147483640
756 2147483640
372 2147483640
112 2147483640
929 2147483640
890 2147483640
422 2147483640
943 2147483640
564 2147483640
885 2147483640
248 2147483640
46 2147483640
222 2147483640
729 2147483640
649 2147483640
788 2147483640
778 2147483640
158 2147483640
610 2147483640
940 2147483640
520 2147483640
665 2147483640
29 2147483640
324 2147483640
14 2147483640
666 2147483640
154 2147483640
262 2147483640
205 2147483640
557 2147483640
874 2147483640
675 2147483640
419 2147483640
977 2147483640
8 2147483640
564 2147483640
947 2147483640
399 2147483640
352 2147483640
209 2147483640
373 2147483640
474 2147483640
488 2147483640
992 2147483640
5 2147483640
43 2147483640
370 2147483640
306 2147483640
748 2147483640
665 2147483640
952 2147483640
465 2147483640
892 2147483640
219 2147483640
929 2147483640
219 2147483641
116 2147483641
496 2147483641
915 2147483641
814 2147483641
495 2147483641
906 2147483641
901 2147483641
789 2147483641
966 2147483641
403 2147483641
667 2147483641
942 2147483641
402 2147483641
126 2147483641
797 2147483641
612 2147483641
24 2147483641
867 2147483641
116 2147483641
47 2147483641
47 2147483641
671 2147483641
55 2147483641
237 2147483641
437 2147483641
94 2147483641
255 2147483641
817 2147483641
967 2147483641
536 2147483641
415 2147483641
195 2147483641
134 2147483641
504 2147483641
954 2147483641
51 2147483641
283 2147483641
670 2147483641
965 2147483641
705 2147483641
591 2147483641
397 2147483641
624 2147483641
945 2147483641
603 2147483641
724 2147483641
466 2147483641
891 2147483641
258 2147483641
596 2147483641
928 2147483641
541 2147483641
85 2147483641
859 2147483641
682 2147483641
67 2147483641
485 2147483641
997 2147483641
470 2147483641
729 2147483641
877 2147483641
344 2147483641
120 2147483641
803 2147483641
377 2147483641
263 2147483641
691 2147483641
509 2147483641
45 2147483641
217 2147483641
426 2147483641
913 2147483641
34 2147483641
313 2147483641
341 2147483641
887 2147483641
662 2147483641
428 2147483641
36 2147483641
904 2147483641
580 2147483641
874 2147483641
239 2147483641
506 2147483641
122 2147483641
822 2147483641
410 2147483641
514 2147483641
532 2147483641
570 2147483641
439 2147483641
139 2147483641
319 2147483641
571 2147483641
154 2147483641
787 2147483641
995 2147483641
803 2147483641
465 2147483641
786 2147483641
687 2147483641
642 2147483641
169 2147483641
153 2147483641
89 2147483641
190 2147483641
113 2147483641
589 2147483641
413 2147483641
632 2147483641
922 2147483642
947 2147483642
612 2147483642
754 2147483642
514 2147483642
379 2147483642
259 2147483642
957 2147483642
32 2147483642
340 2147483642
298 2147483642
965 2147483642
468 2147483642
477 2147483642
538 2147483642
264 2147483642
318 2147483642
473 2147483642
717 2147483642
100 2147483642
133 2147483642
943 2147483642
823 2147483642
375 2147483642
193 2147483642
461 2147483642
443 2147483642
768 2147483642
924 2147483642
969 2147483642
983 2147483642
632 2147483642
596 2147483642
423 2147483642
542 2147483642
711 2147483642
520 2147483642
182 2147483642
187 2147483642
562 2147483642
383 2147483642
463 2147483642
389 2147483642
944 2147483642
177 2147483642
491 2147483642
725 2147483642
974 2147483642
261 2147483642
517 2147483642
221 2147483642
675 2147483642
180 2147483642
795 2147483642
909 2147483642
792 2147483642
88 2147483642
730 2147483642
819 2147483642
140 2147483642
327 2147483642
414 2147483642
438 2147483642
188 2147483642
451 2147483642
885 2147483642
567 2147483642
559 2147483642
811 2147483642
788 2147483642
601 2147483642
656 2147483642
169 2147483642
882 2147483642
578 2147483642
777 2147483643
466 2147483643
421 2147483643
332 2147483643
298 2147483643
977 2147483643
645 2147483643
535 2147483643
921 2147483643
426 2147483643
964 2147483643
778 2147483643
144 2147483643
81 2147483643
83 2147483643
253 2147483643
292 2147483643
696 2147483643
591 2147483643
99 2147483643
209 2147483643
960 2147483643
28 2147483643
245 2147483643
47 2147483643
129 2147483643
938 2147483643
848 2147483643
528 2147483643
343 2147483643
836 2147483643
720 2147483643
886 2147483643
6 2147483643
459 2147483643
536 2147483643
938 2147483643
617 2147483643
196 2147483643
832 2147483643
87 2147483643
519 2147483643
165 2147483643
187 2147483643
967 2147483643
947 2147483643
256 2147483643
965 2147483643
778 2147483643
994 2147483643
334 2147483643
894 2147483643
839 2147483643
536 2147483643
859 2147483643
632 2147483643
500 2147483643
944 2147483643
805 2147483643
109 2147483643
521 2147483643
139 2147483643
503 2147483643
87 2147483643
741 2147483643
427 2147483643
693 2147483643
551 2147483643
289 2147483643
793 2147483643
646 2147483643
115 2147483643
466 2147483643
361 2147483643
414 2147483643
823 2147483643
623 2147483643
427 2147483644
925 2147483644
996 2147483644
495 2147483644
494 2147483644
803 2147483644
237 2147483644
465 2147483644
425 2147483644
891 2147483644
653 2147483644
577 2147483644
731 2147483644
184 2147483644
442 2147483644
684 2147483644
652 2147483644
556 2147483644
443 2147483644
903 2147483644
597 2147483644
190 2147483644
127 2147483644
946 2147483644
718 2147483644
752 2147483644
962 2147483644
921 2147483644
883 2147483644
732 2147483644
469 2147483644
752 2147483644
657 2147483644
678 2147483644
828 2147483644
879 2147483644
867 2147483644
383 2147483644
627 2147483644
257 2147483644
792 2147483644
693 2147483644
486 2147483644
380 2147483644
781 2147483644
271 2147483644
934 2147483644
555 2147483644
180 2147483644
663 2147483644
90 2147483644
624 2147483644
177 2147483644
546 2147483644
604 2147483644
41 2147483644
729 2147483644
616 2147483644
877 2147483644
827 2147483644
586 2147483644
18 2147483644
584 2147483644
252 2147483644
673 2147483644
460 2147483644
942 2147483644
852 2147483644
76 2147483644
758 2147483644
175 2147483644
560 2147483644
670 2147483644
87 2147483644
260 2147483644
116 2147483644
742 2147483644
696 2147483644
203 2147483644
149 2147483644
350 2147483644
909 2147483644
21 2147483644
797 2147483644
491 2147483644
151 2147483644
218 2147483644
757 2147483644
241 2147483644
404 2147483644
855 2147483644
292 2147483644
626 2147483644
243 2147483644
292 2147483644
712 2147483644
6 2147483644
457 2147483644
790 2147483644
10 2147483644
897 2147483644
137 2147483644
902 2147483645
484 2147483645
50 2147483645
379 2147483645
394 2147483645
62 2147483645
457 2147483645
703 2147483645
950 2147483645
349 2147483645
283 2147483645
866 2147483645
448 2147483645
608 2147483645
77 2147483645
292 2147483645
449 2147483645
30 2147483645
226 2147483645
902 2147483645
717 2147483645
443 2147483645
124 2147483645
887 2147483645
345 2147483645
199 2147483645
285 2147483645
864 2147483645
949 2147483645
696 2147483645
573 2147483645
853 2147483645
523 2147483645
773 2147483645
807 2147483645
510 2147483645
695 2147483645
945 2147483645
506 2147483645
856 2147483645
953 2147483645
896 2147483645
786 2147483645
333 2147483645
54 2147483645
936 2147483645
6 2147483645
516 2147483645
892 2147483645
15 2147483645
993 2147483645
221 2147483645
389 2147483645
574 2147483645
319 2147483645
950 2147483645
808 2147483645
33 2147483645
847 2147483645
251 2147483645
870 2147483645
961 2147483645
50 2147483645
537 2147483645
246 2147483645
346 2147483645
584 2147483645
1000 2147483645
957 2147483645
528 2147483645
901 2147483645
413 2147483645
32 2147483645
670 2147483645
360 2147483645
740 2147483645
69 2147483645
48 2147483645
811 2147483645
962 2147483645
48 2147483645
670 2147483645
256 2147483645
112 2147483645
692 2147483645
413 2147483645
638 2147483645
504 2147483645
553 2147483645
516 2147483645
582 2147483645
642 2147483646
886 2147483646
106 2147483646
493 2147483646
832 2147483646
317 2147483646
655 2147483646
77 2147483646
284 2147483646
742 2147483646
676 2147483646
404 2147483646
548 2147483646
270 2147483646
382 2147483646
668 2147483646
440 2147483646
115 2147483646
435 2147483646
985 2147483646
18 2147483646
584 2147483646
43 2147483646
254 2147483646
517 2147483646
735 2147483646
66 2147483646
576 2147483646
309 2147483646
237 2147483646
223 2147483646
803 2147483646
206 2147483646
6 2147483646
952 2147483646
186 2147483646
121 2147483646
357 2147483646
633 2147483646
975 2147483646
90 2147483646
519 2147483646
52 2147483646
207 2147483646
992 2147483646
824 2147483646
505 2147483646
708 2147483646
970 2147483646
67 2147483646
707 2147483646
693 2147483646
873 2147483646
450 2147483646
283 2147483646
581 2147483646
850 2147483646
150 2147483646
432 2147483646
464 2147483646
717 2147483646
375 2147483646
851 2147483646
438 2147483646
290 2147483646
794 2147483646
423 2147483646
817 2147483646
812 2147483646
25 2147483646
283 2147483646
893 2147483646
668 2147483646
544 2147483646
253 2147483646
716 2147483646
451 2147483646
21 2147483646
581 2147483646
357 2147483646
620 2147483646
957 2147483646
439 2147483646
242 2147483646
292 2147483646
823 2147483646
995 2147483646
641 2147483646
142 2147483646
318 2147483646
261 2147483646
978 2147483647
86 2147483647
561 2147483647
511 2147483647
641 2147483647
180 2147483647
964 2147483647
689 2147483647
50 2147483647
632 2147483647
286 2147483647
974 2147483647
619 2147483647
211 2147483647
812 2147483647
22 2147483647
292 2147483647
827 2147483647
98 2147483647
202 2147483647
399 2147483647
393 2147483647
362 2147483647
147 2147483647
629 2147483647
640 2147483647
891 2147483647
633 2147483647
346 2147483647
902 2147483647
475 2147483647
526 2147483647
635 2147483647
363 2147483647
248 2147483647
721 2147483647
33 2147483647
216 2147483647
965 2147483647
731 2147483647
885 2147483647
921 2147483647
190 2147483647
733 2147483647
155 2147483647
487 2147483647
38 2147483647
161 2147483647
407 2147483647
82 2147483647
494 2147483647
143 2147483647
826 2147483647
272 2147483647
896 2147483647
391 2147483647
92 2147483647
567 2147483647
866 2147483647
782 2147483647
420 2147483647
267 2147483647
378 2147483647
911 2147483647
697 2147483647
849 2147483647
305 2147483647
143 2147483647
691 2147483647
626 2147483647
730 2147483647
906 2147483647
996 2147483647
369 2147483647
102 2147483647
122 2147483647
990 2147483647
739 2147483647
