848
121 0
102 0
50 0
120 0
74 1
23 3
117 3
136 3
56 4
105 4
18 5
35 5
65 5
36 5
145 6
84 7
8 8
105 8
98 8
141 8
50 8
149 9
98 11
125 12
101 12
134 13
72 13
10 14
131 14
91 14
97 14
34 15
110 15
22 16
129 16
155 16
12 17
77 17
36 18
61 18
15 18
130 18
146 19
44 20
37 20
82 21
144 21
31 22
12 22
88 23
25 24
94 24
134 24
39 25
59 25
121 25
13 25
129 26
152 26
151 26
161 27
112 27
80 28
50 28
77 28
118 29
71 30
65 30
127 30
114 31
12 31
154 32
52 33
6 33
5 33
156 34
76 35
2 36
118 36
79 37
55 37
3 38
157 38
118 39
76 39
116 39
9 39
154 41
113 42
103 43
11 44
95 45
142 46
81 47
93 49
121 49
123 49
146 49
160 49
156 50
162 50
83 51
18 52
37 52
7 53
47 55
110 55
99 56
14 58
12 58
85 58
95 58
152 59
125 59
6 60
124 60
156 61
12 61
75 63
31 63
142 64
41 64
21 64
88 64
140 64
81 65
13 65
157 69
56 69
136 70
51 70
141 70
117 71
77 71
9 71
130 72
26 72
69 72
98 73
52 75
142 75
38 75
139 76
35 76
11 77
100 77
134 78
129 78
140 78
162 79
109 79
162 79
98 80
46 81
37 81
151 82
2 82
8 83
63 83
124 84
105 84
71 85
35 85
60 86
78 86
19 87
91 87
28 88
45 88
63 90
23 91
133 93
34 93
35 94
14 94
28 94
101 95
160 96
8 97
128 97
99 98
144 98
79 99
100 100
128 101
11 101
126 103
34 103
144 104
83 104
60 105
43 105
55 106
161 107
107 109
141 109
80 110
143 111
2 113
47 113
63 114
114 115
7 115
62 117
50 117
128 118
133 118
63 118
26 119
143 120
21 121
64 123
133 123
7 123
106 125
45 126
28 127
151 128
73 128
16 128
10 129
78 131
144 131
119 132
138 134
26 134
17 134
114 135
41 136
16 137
100 138
108 139
87 139
66 140
86 140
135 141
155 141
133 141
94 144
90 144
62 144
76 145
69 147
108 147
79 147
1 147
152 148
3 148
119 149
124 151
78 152
24 155
142 156
29 156
77 156
63 156
24 157
5 157
124 158
97 159
82 159
155 160
99 160
1 161
159 161
109 162
93 163
157 163
136 163
52 164
149 164
34 164
121 165
68 165
157 165
95 166
61 166
9 166
162 166
53 166
19 166
119 167
45 167
88 167
73 170
118 170
59 171
121 171
98 172
49 172
106 172
44 173
8 173
16 175
139 175
123 175
145 175
104 175
159 175
161 175
109 176
69 176
25 176
156 176
48 177
27 178
67 179
26 179
60 180
141 180
12 180
42 181
68 182
98 182
149 183
76 183
117 183
21 184
17 185
89 186
109 187
100 188
42 188
59 189
14 190
13 190
12 190
13 191
139 192
114 193
154 193
30 193
135 194
9 194
65 194
65 194
149 194
1 194
61 195
90 195
47 196
90 197
152 198
85 199
40 199
12 200
75 200
106 201
64 201
34 202
112 202
19 202
116 202
132 204
158 204
153 205
125 205
38 206
133 206
18 207
50 207
3 209
45 210
70 211
13 212
63 213
98 213
72 213
81 213
133 213
134 214
105 215
136 216
156 216
6 216
68 216
58 217
61 218
5 218
55 218
111 219
86 220
162 220
90 220
34 221
90 221
11 221
39 221
139 223
150 224
28 224
117 224
10 224
7 225
44 225
64 226
120 226
1 226
133 226
57 227
56 227
107 228
37 228
123 228
105 229
17 229
119 229
55 230
96 230
19 230
85 231
133 231
18 231
43 231
69 233
97 235
77 235
139 236
83 237
161 237
144 239
12 240
91 240
126 240
127 240
4 241
139 243
19 245
52 245
148 246
119 246
22 246
63 247
141 250
87 251
19 251
131 252
66 252
56 254
144 254
118 255
24 255
83 256
127 257
13 258
90 259
93 259
65 260
124 260
5 260
132 261
96 261
119 261
77 261
89 262
9 263
92 264
45 265
44 265
102 267
90 267
69 268
31 268
39 271
34 272
55 273
14 274
46 274
92 275
156 276
60 277
18 277
42 277
93 278
60 278
82 278
61 279
99 279
71 279
34 279
146 280
108 281
44 281
36 281
82 282
151 282
63 283
137 283
122 284
42 285
45 285
67 285
68 287
128 287
117 288
152 289
51 289
102 291
44 292
73 292
19 292
33 293
2 293
111 294
119 294
89 295
45 295
25 296
55 297
14 297
118 297
142 297
84 299
108 299
55 300
114 301
83 301
127 302
144 302
146 302
89 303
148 304
75 306
19 307
70 307
32 307
118 309
14 310
41 310
93 310
66 311
62 311
107 311
34 311
147 314
25 314
155 315
50 316
156 316
101 317
134 317
32 317
87 318
111 319
121 320
48 320
146 321
66 323
134 324
73 324
23 324
66 326
99 326
83 327
100 327
42 329
112 329
67 329
136 331
50 331
7 332
78 332
19 333
5 334
66 334
111 335
146 335
107 336
68 336
108 336
22 337
152 337
75 337
110 337
49 337
79 339
78 340
99 340
48 344
155 344
70 344
56 344
32 345
99 345
27 345
130 345
62 346
126 346
147 348
16 348
117 348
22 348
4 348
63 349
55 350
143 350
51 350
91 351
2 351
79 352
91 352
82 353
161 354
91 354
8 354
20 355
134 356
82 359
6 359
31 360
139 361
136 361
143 361
113 361
125 363
41 364
44 364
156 364
114 365
46 365
97 365
125 365
46 366
3 367
154 367
21 367
131 369
52 369
52 369
149 370
126 371
19 372
144 372
70 372
25 373
32 373
150 373
117 373
138 373
134 374
6 374
105 375
103 375
65 376
13 376
71 377
48 378
73 378
58 378
7 379
43 379
146 380
23 381
44 381
75 381
31 381
67 381
147 381
32 382
20 383
108 383
114 383
155 383
125 384
79 384
38 384
82 384
121 385
43 385
39 386
140 386
61 386
30 387
6 388
135 388
14 389
27 389
134 389
116 390
134 391
14 393
71 393
42 395
61 395
38 396
21 396
60 397
35 397
86 397
124 398
1 399
15 399
82 401
146 403
4 403
117 404
137 404
151 404
35 405
44 405
63 406
22 408
108 408
98 409
93 409
24 410
20 410
90 410
92 410
113 410
90 411
33 412
40 412
68 412
48 412
48 413
24 414
142 415
121 415
153 416
15 416
136 417
156 417
118 418
102 418
147 419
68 419
124 420
141 420
119 421
124 421
56 422
72 423
23 423
47 425
22 426
153 426
105 427
47 427
81 427
134 428
42 428
120 430
126 431
104 431
141 433
66 433
57 433
78 434
133 434
8 434
104 435
146 436
20 436
99 437
101 437
23 438
75 438
33 438
7 439
136 440
7 443
67 444
19 444
122 446
14 446
9 446
86 447
80 447
160 447
85 447
106 447
72 447
4 448
126 449
121 450
18 450
95 450
43 450
139 451
106 452
47 453
102 453
31 454
148 454
111 454
125 454
159 455
63 456
149 456
68 457
148 458
6 458
148 459
160 460
73 460
40 461
148 461
139 461
86 461
20 464
79 465
55 465
52 465
114 466
59 466
94 466
112 467
51 467
134 467
29 468
139 468
113 469
137 469
119 470
85 470
118 471
108 472
66 472
5 473
81 473
149 474
6 474
91 474
137 474
108 475
159 476
71 477
87 477
77 477
85 477
83 478
4 479
136 479
24 480
128 480
144 480
127 480
154 481
150 481
95 481
127 481
122 481
4 482
104 483
99 483
40 486
143 486
