1000
816 1
618 1
40 1
873 2
801 3
492 4
184 4
470 5
849 6
322 6
938 6
348 7
11 8
770 9
690 9
291 9
118 10
694 12
516 13
814 14
259 15
265 15
782 16
52 17
287 18
666 20
280 20
648 21
424 21
595 24
18 25
421 25
313 26
191 26
843 28
207 29
894 30
436 32
247 32
766 32
612 32
13 32
145 32
617 38
28 39
909 40
577 40
996 42
73 43
124 43
695 44
541 44
605 45
642 45
976 47
397 47
690 47
529 51
206 54
845 55
580 55
293 55
813 56
530 56
640 56
158 56
45 56
367 57
918 57
33 58
518 59
550 60
942 61
274 62
879 63
683 63
357 63
221 63
61 63
699 66
267 68
660 68
289 68
230 69
61 73
872 73
616 74
931 75
318 77
353 77
726 78
788 79
570 79
389 80
551 80
901 82
255 87
726 89
878 89
784 90
942 91
847 91
252 91
547 92
327 93
320 94
190 96
940 98
506 98
403 99
504 99
742 99
348 101
714 101
119 101
628 101
704 103
922 103
757 104
834 105
511 105
840 106
968 108
323 109
108 109
491 114
95 115
561 116
267 118
703 118
648 119
750 119
713 119
898 120
453 123
836 124
903 126
640 126
608 127
440 130
33 134
363 134
458 137
804 138
285 138
16 141
629 141
368 142
494 143
338 144
634 146
642 147
16 147
205 147
310 148
583 154
184 157
751 157
896 157
897 158
945 159
470 159
52 159
660 160
723 160
417 161
158 162
284 162
92 165
964 167
392 169
940 170
700 171
99 171
954 171
99 171
929 172
43 172
109 174
874 176
199 181
860 182
403 183
34 184
478 186
494 186
546 186
741 189
212 190
228 190
845 190
49 190
988 190
832 190
899 193
349 195
587 197
524 197
898 197
248 197
965 198
742 198
50 198
286 198
601 200
577 201
594 201
437 202
426 203
597 205
343 205
754 205
168 205
373 205
910 209
76 210
514 212
185 213
464 213
984 213
361 218
805 218
105 219
766 219
735 221
767 222
803 222
105 223
239 223
103 223
403 226
345 227
418 227
703 229
313 229
376 229
713 230
268 230
350 230
621 230
266 232
490 233
334 234
652 234
648 234
697 234
761 235
355 235
675 237
610 238
954 238
327 241
682 241
332 241
80 242
917 244
447 244
722 246
726 247
577 247
153 247
865 250
898 251
188 254
467 256
626 258
693 258
657 258
222 259
721 260
560 262
544 262
471 263
209 264
269 265
355 265
651 266
896 266
455 269
83 270
656 271
943 271
366 271
566 271
508 272
816 273
871 274
516 275
693 277
817 277
708 277
780 278
727 278
553 278
898 278
610 279
529 280
679 280
94 281
472 284
55 285
993 286
884 287
854 288
668 288
153 290
287 291
616 293
452 294
68 294
770 295
527 297
121 299
209 299
774 303
643 303
828 303
341 304
454 305
784 306
568 308
921 308
4 310
18 310
403 310
511 312
879 312
87 313
915 314
18 320
930 320
633 321
91 321
399 321
504 322
689 322
318 322
572 324
964 326
620 327
512 328
399 328
832 329
580 331
299 332
327 334
358 336
957 337
684 337
618 340
866 344
993 345
50 346
86 346
816 347
897 349
678 350
244 351
859 351
577 352
182 353
989 354
625 355
190 355
102 356
48 357
518 358
112 359
928 361
89 363
613 363
182 364
704 364
83 368
587 369
151 370
83 371
666 371
892 372
6 372
42 374
948 375
84 377
618 377
556 379
366 380
919 380
565 381
428 381
973 382
708 382
202 383
33 384
985 385
809 386
881 386
397 386
233 388
574 388
918 389
635 391
40 392
261 392
216 392
350 392
172 392
313 395
148 395
202 396
291 397
664 401
723 403
995 405
889 405
252 410
808 411
226 411
545 412
13 412
667 414
660 415
961 416
910 416
750 417
869 418
4 418
76 418
789 419
964 421
331 421
482 422
122 423
122 423
244 424
938 426
535 427
134 428
419 428
512 430
929 430
610 431
70 431
756 432
408 432
699 433
247 433
144 436
38 436
68 436
45 437
81 440
978 441
95 441
266 441
353 442
154 443
500 443
939 445
925 447
40 449
646 450
45 451
45 451
545 452
973 452
759 455
765 455
822 456
102 456
517 459
271 459
510 462
392 462
510 463
381 464
749 465
394 466
970 467
957 469
868 469
764 469
626 470
420 470
316 470
49 472
550 472
964 472
242 475
47 478
676 479
251 480
628 482
321 483
353 484
635 484
340 487
170 491
959 491
638 493
543 494
395 494
459 494
72 497
648 497
585 501
578 502
775 503
940 506
416 506
614 507
264 509
922 509
831 512
269 512
543 513
571 515
575 515
844 515
659 515
172 518
40 519
630 521
889 523
639 526
232 526
844 526
763 527
818 527
899 528
268 529
673 529
487 532
25 533
979 533
555 533
743 534
853 536
984 537
817 537
651 540
763 541
879 541
579 543
486 544
190 544
888 544
1 545
34 546
288 547
160 549
325 549
759 550
968 552
62 553
804 553
668 554
282 556
367 559
290 559
708 560
560 560
105 561
389 563
374 563
965 567
99 568
61 568
817 569
924 570
988 571
21 572
683 573
185 574
660 574
937 575
677 576
995 576
128 576
184 577
641 579
193 580
353 581
610 582
130 584
739 589
623 592
879 592
837 593
283 593
441 593
914 594
799 599
948 599
879 601
390 601
543 602
202 603
943 603
704 604
477 606
704 606
175 608
52 609
727 611
170 611
976 612
634 616
919 617
55 617
917 618
932 618
929 619
936 619
335 621
717 622
300 625
172 625
806 626
334 627
953 628
124 629
480 629
312 630
277 633
749 638
796 638
164 638
773 639
98 640
219 641
499 642
330 643
729 644
336 646
573 649
536 650
4 651
871 653
399 654
495 655
829 656
918 656
725 656
601 658
758 660
722 660
496 661
664 661
483 662
113 664
703 665
461 665
471 666
301 666
167 667
747 667
992 668
505 669
162 669
723 670
25 673
636 674
497 674
689 675
293 676
281 680
900 681
772 681
793 682
979 684
976 685
284 686
841 686
887 687
789 687
586 687
653 687
1 689
600 691
521 693
951 693
445 693
37 696
482 696
969 697
740 699
828 699
174 700
581 702
547 702
896 702
117 702
999 703
715 708
257 709
676 712
510 712
1000 713
365 715
412 715
349 715
603 716
761 719
984 719
588 720
726 724
260 725
318 726
988 727
734 728
333 730
42 730
306 732
971 732
400 732
784 733
967 733
612 734
417 734
125 736
811 739
445 741
503 744
803 744
932 745
717 745
710 746
225 746
548 748
193 749
449 750
65 753
145 754
617 754
875 754
677 757
28 758
730 758
1000 758
731 759
165 759
579 761
973 762
759 763
222 765
545 765
10 766
824 766
205 767
14 768
837 768
975 769
492 771
219 772
365 773
847 774
486 776
275 776
672 778
830 779
603 780
398 781
749 782
875 783
580 784
812 786
654 786
562 786
133 787
443 787
24 787
903 787
978 788
760 790
473 790
808 791
978 791
63 791
924 793
504 793
789 795
923 796
782 797
380 797
624 800
320 802
256 803
196 803
755 804
650 806
343 806
177 808
367 812
435 814
833 814
883 814
473 817
193 817
338 818
893 818
103 818
777 820
250 820
362 821
698 823
610 824
223 828
543 828
611 828
313 829
448 830
660 834
726 835
578 836
944 837
882 837
919 837
525 838
43 838
952 839
224 840
113 842
522 842
689 843
951 843
315 843
271 844
984 844
623 844
722 845
168 847
544 847
58 847
812 848
35 848
142 849
140 851
675 851
369 852
465 852
682 852
270 852
644 852
613 852
926 853
957 853
690 855
740 855
700 858
375 858
642 858
979 858
280 859
945 861
523 862
146 863
463 863
966 864
399 864
656 864
711 865
69 867
663 868
198 869
436 871
813 872
80 872
355 872
861 873
364 874
393 874
888 875
180 875
874 875
775 876
276 876
79 877
5 877
414 880
592 880
867 882
829 882
417 883
979 883
517 884
101 885
918 886
447 886
117 886
795 887
339 888
292 889
809 891
931 891
678 892
27 892
236 893
817 894
647 895
475 898
20 899
224 899
255 900
695 900
3 901
258 902
838 907
443 907
78 908
727 908
189 910
569 910
883 911
586 912
308 915
994 915
354 916
941 916
959 918
405 919
545 921
882 921
464 924
10 924
304 928
82 929
882 930
153 930
705 930
923 931
291 931
758 932
263 932
595 935
883 938
705 938
57 939
940 940
440 941
581 942
502 943
649 943
749 943
874 944
929 944
560 945
95 945
336 945
63 945
565 946
22 948
262 949
992 951
185 951
869 951
617 953
795 954
86 957
764 957
191 958
930 958
231 958
684 959
492 959
560 960
957 960
324 962
963 965
171 965
647 966
811 968
335 970
584 971
300 971
882 975
690 977
799 977
246 977
721 978
234 978
991 978
441 981
648 983
53 983
801 984
113 985
701 988
854 989
394 989
396 990
978 993
854 994
433 995
598 995
702 996
133 996
687 996
86 997
533 999
623 999
