589
69 0
71 1
10 1
35 1
24 1
75 3
31 4
11 4
57 6
33 8
44 9
19 9
43 9
37 10
8 11
18 12
41 12
72 12
28 16
18 17
39 18
65 19
69 19
54 20
58 20
24 20
25 22
54 23
5 24
53 24
73 25
74 25
65 25
63 26
4 27
29 28
9 28
52 28
65 30
31 30
58 30
12 31
36 32
45 32
48 33
10 33
5 33
23 34
37 34
21 35
66 35
55 35
51 36
31 37
42 38
41 39
55 39
74 40
71 40
8 40
11 41
32 41
51 42
50 42
58 43
26 45
54 47
53 50
38 52
49 52
72 53
37 54
47 54
65 54
46 55
11 56
38 56
75 57
7 57
39 57
65 57
63 58
60 58
43 59
29 60
7 62
11 64
24 64
43 65
29 67
66 70
4 70
53 70
50 70
67 71
24 72
22 74
50 75
44 76
74 76
1 77
51 77
73 78
17 79
61 79
62 80
59 81
51 82
27 83
57 84
6 85
67 86
57 88
62 88
8 88
65 88
15 90
8 92
44 93
6 93
16 93
60 93
7 94
75 95
53 95
30 96
23 96
66 98
9 98
16 98
34 98
50 98
16 100
26 101
50 103
10 104
65 104
54 104
23 104
8 104
2 105
49 105
65 107
3 107
56 107
4 109
38 109
11 109
30 110
8 112
11 113
40 113
73 113
13 115
27 118
42 120
43 120
32 121
55 123
37 123
41 124
47 126
35 128
13 128
45 130
20 132
47 132
28 132
49 132
41 134
37 134
66 135
34 135
62 137
75 137
72 137
9 140
6 142
2 143
39 144
28 144
63 144
63 145
38 145
60 146
21 146
37 147
65 147
25 147
14 148
21 148
56 149
69 149
2 150
13 150
70 151
12 151
16 151
41 151
13 152
29 153
22 153
52 153
69 154
15 156
15 157
4 158
49 158
50 159
55 159
48 161
8 162
61 162
41 163
32 165
70 169
17 170
55 171
69 172
11 173
74 173
65 173
16 174
35 174
14 175
50 176
31 177
25 177
46 177
33 177
56 178
25 178
67 179
52 179
23 180
61 181
58 181
40 183
33 184
72 184
32 185
14 185
64 186
12 188
33 189
67 191
1 191
61 193
5 194
45 194
17 194
18 195
70 198
33 199
36 199
9 200
16 200
35 201
47 201
21 201
23 202
6 202
73 204
68 204
54 206
71 207
43 207
71 207
3 207
49 209
32 212
73 213
62 214
65 214
36 214
35 215
17 215
25 216
45 217
27 220
1 220
45 220
43 220
32 221
29 223
64 224
67 225
66 225
73 228
49 229
28 229
39 231
32 233
49 233
66 234
39 234
10 235
43 236
66 236
58 236
12 237
12 239
29 240
44 241
53 241
9 241
36 242
36 243
25 243
35 244
25 244
6 246
28 247
17 247
44 248
28 249
54 251
43 251
22 251
66 251
1 251
55 253
72 254
37 255
36 256
55 258
53 258
29 260
43 261
45 262
58 263
39 264
28 264
45 265
38 265
23 266
39 267
15 271
9 271
6 274
20 276
17 276
68 277
73 279
12 280
10 281
5 282
13 283
65 283
6 283
49 284
52 284
19 286
14 287
71 288
61 288
16 288
31 290
8 290
47 290
65 292
2 293
45 293
64 295
2 297
13 299
12 299
54 299
21 300
40 301
46 301
34 302
63 302
21 304
15 305
75 309
11 309
54 309
50 310
50 311
7 313
68 313
10 315
14 316
29 316
47 316
30 317
29 317
11 318
74 318
13 319
67 319
51 321
58 321
41 321
1 321
2 321
14 322
15 323
23 323
17 324
36 327
75 327
27 328
18 329
62 329
8 330
71 331
61 332
58 335
12 335
19 337
66 337
72 337
52 338
42 339
45 339
8 339
70 341
53 341
6 341
74 341
60 342
62 344
26 346
16 347
8 348
47 348
30 348
10 351
56 352
43 353
34 353
54 353
75 355
7 356
74 356
68 357
18 358
49 359
59 360
21 362
73 363
7 364
48 364
65 364
69 366
15 368
11 369
53 369
45 370
24 370
6 370
36 371
58 373
1 373
9 375
15 375
4 376
2 376
5 377
2 378
75 382
19 383
58 385
39 387
44 387
75 388
53 388
72 389
48 389
25 389
7 390
6 390
40 391
62 392
45 393
56 395
66 396
72 400
36 400
42 401
35 401
15 401
37 404
33 406
8 406
32 407
21 407
26 407
30 407
38 409
44 411
31 412
63 415
66 415
29 415
46 416
1 417
59 417
31 418
25 419
34 419
58 420
41 420
23 420
27 421
52 422
60 422
14 423
37 424
30 425
59 427
69 428
39 428
18 431
37 431
27 432
8 435
24 437
29 437
4 438
45 439
18 440
27 440
59 441
5 442
21 442
54 443
13 444
66 445
49 446
55 446
28 449
51 450
16 452
39 453
7 453
60 454
9 454
56 456
34 457
74 457
71 459
20 459
66 460
11 461
10 461
71 462
65 463
12 463
30 464
23 464
65 465
12 465
53 465
64 465
34 465
67 466
28 467
66 469
47 469
71 470
60 471
27 471
67 473
39 473
68 474
18 474
56 475
68 477
16 478
39 478
10 479
43 479
28 481
5 482
4 482
55 482
13 482
13 486
28 486
25 486
33 486
49 488
21 489
25 489
75 490
49 491
