1000
302 0
161 0
181 1
104 1
129 2
877 4
739 5
418 6
259 6
752 8
609 9
22 9
669 10
655 11
272 12
818 12
849 13
688 17
465 18
255 20
358 21
527 23
301 23
991 24
456 26
644 26
163 27
159 27
14 27
884 29
819 30
724 32
452 33
796 36
840 36
593 37
89 39
809 39
426 41
422 41
917 41
320 41
813 43
975 43
662 43
683 44
497 44
142 45
453 47
72 48
54 48
124 50
447 50
938 50
507 50
289 51
430 51
697 51
253 53
150 53
87 55
856 55
457 56
390 56
904 57
35 57
387 58
570 59
834 63
317 63
774 64
924 65
245 66
362 66
718 66
360 67
931 68
572 68
779 69
852 69
237 71
953 72
480 75
377 75
333 76
829 76
249 77
502 77
399 77
687 77
872 78
343 78
235 79
408 80
136 80
228 81
128 81
100 85
569 85
334 87
320 87
940 88
34 88
237 91
926 92
348 94
872 96
215 97
449 97
269 97
849 98
836 99
875 101
145 102
213 102
97 103
7 104
894 104
924 105
806 106
741 106
307 107
923 108
751 108
381 108
117 109
392 111
498 111
448 112
956 112
387 112
358 113
978 113
465 115
448 117
154 118
472 118
13 129
960 129
722 129
656 129
727 129
850 130
999 133
22 133
543 133
322 133
97 135
284 137
414 139
949 142
113 143
951 143
972 143
266 144
553 145
789 145
566 145
922 146
411 149
757 150
643 150
553 151
139 152
753 154
899 155
624 156
803 156
894 158
299 158
384 159
208 161
991 162
136 162
729 162
602 162
664 163
143 163
56 165
858 165
13 165
699 166
603 167
10 169
845 170
775 171
452 172
451 173
432 173
143 174
426 175
816 176
558 176
132 176
94 177
726 177
381 177
860 179
353 180
419 181
998 182
917 183
284 185
593 186
533 186
130 187
721 190
444 192
318 193
266 194
353 194
631 194
656 197
332 198
860 201
184 203
868 203
220 204
706 204
123 204
747 205
61 206
950 207
619 209
970 209
876 210
217 211
972 213
389 216
321 218
981 218
522 219
999 219
8 219
58 220
782 225
36 225
274 228
924 228
261 230
234 231
514 232
105 233
786 236
28 238
387 239
960 240
297 241
34 242
847 242
678 242
334 244
569 244
255 245
740 248
1 249
654 249
769 251
269 254
93 254
427 254
704 258
792 259
943 259
683 259
608 261
839 261
813 261
566 265
684 271
625 273
658 273
759 274
724 275
215 277
606 278
710 278
218 278
44 278
992 279
936 279
209 280
389 280
137 281
908 282
826 283
443 283
112 283
32 283
968 283
421 283
836 284
600 286
17 286
628 288
516 288
712 289
655 290
892 290
229 296
31 296
420 297
357 297
287 298
531 298
157 298
122 300
37 300
266 301
439 304
509 305
308 305
830 305
495 306
463 310
738 310
540 315
793 315
495 320
859 320
917 320
876 321
619 322
628 322
598 322
975 323
603 324
490 324
374 324
451 325
896 328
270 328
626 330
46 330
44 331
345 333
798 333
183 336
347 336
70 337
945 338
39 338
297 339
453 340
509 341
407 341
131 342
985 343
810 343
422 344
409 347
256 348
671 348
476 349
786 350
763 351
539 352
32 353
764 355
252 355
155 355
146 355
47 356
514 357
586 357
907 357
905 357
133 360
543 360
354 363
31 363
106 363
501 364
753 366
357 368
356 368
78 369
725 370
979 371
370 374
728 375
591 377
442 377
388 378
632 378
212 379
106 380
812 381
338 381
383 382
125 383
946 383
557 385
412 386
865 387
15 388
678 389
741 390
761 390
728 390
957 392
448 392
839 393
536 394
692 395
585 395
841 402
922 402
621 403
701 405
840 406
225 406
985 407
299 407
397 407
94 407
52 408
830 409
209 409
863 409
112 409
375 411
727 413
819 414
533 414
550 414
453 416
353 416
415 417
929 417
274 418
619 418
626 419
25 419
235 420
262 420
76 421
659 423
495 423
428 424
716 424
967 425
25 428
667 430
400 433
505 434
52 434
259 435
884 437
215 438
473 438
928 439
573 440
148 441
929 442
178 442
686 442
632 442
143 442
115 442
270 443
821 444
517 445
885 445
673 447
752 447
665 448
516 449
338 449
814 451
148 451
60 453
503 455
698 457
189 459
493 459
946 459
546 460
603 461
31 462
659 462
834 463
273 464
920 467
389 468
661 470
907 470
10 470
888 471
621 472
317 473
972 475
980 476
819 477
526 477
188 478
274 478
695 478
905 480
995 481
244 483
886 483
340 484
55 486
944 487
514 488
991 489
768 490
887 490
647 490
650 491
38 491
315 495
946 496
535 500
812 501
572 501
299 502
478 504
597 505
709 505
940 506
36 507
922 508
586 508
23 510
447 510
941 510
627 511
393 511
963 511
529 513
116 513
970 515
283 517
403 517
522 519
889 522
693 524
831 524
986 524
164 524
214 528
490 528
888 529
814 530
7 531
581 533
200 533
990 534
530 535
114 535
909 535
338 539
248 539
496 542
818 543
435 543
969 543
218 545
296 546
961 548
688 550
833 551
243 552
293 553
842 554
716 555
399 558
439 559
574 560
767 560
505 563
514 563
940 564
438 565
356 566
249 567
482 569
883 571
769 575
98 579
14 580
892 581
802 581
978 584
395 587
861 589
786 589
734 590
86 591
723 593
848 594
912 594
643 594
568 594
788 595
758 595
872 595
58 597
705 599
763 601
517 602
883 602
881 604
225 605
370 605
749 606
685 607
323 607
689 610
308 611
80 611
269 611
158 612
154 615
785 616
985 617
598 617
533 618
55 620
767 621
88 623
874 623
702 624
564 627
522 627
874 628
928 628
359 629
418 633
469 633
676 633
532 633
395 634
650 634
725 634
432 634
285 635
560 635
414 635
814 637
92 638
912 639
553 640
995 640
156 641
831 641
718 641
813 642
465 642
841 642
982 643
684 644
629 645
226 645
770 646
312 646
453 647
820 649
928 649
856 649
114 650
979 650
724 654
880 655
255 655
303 655
345 656
856 658
452 659
489 660
552 660
926 661
224 661
361 663
746 664
517 664
663 666
612 666
942 668
889 668
551 669
248 670
496 672
863 673
867 674
19 675
132 675
194 675
944 676
391 678
938 679
547 679
399 680
61 681
180 682
85 682
254 683
499 684
2 685
790 686
161 687
539 688
927 689
607 691
537 691
634 692
922 694
575 695
886 696
271 698
878 701
403 701
39 702
167 703
468 704
353 705
121 705
251 706
200 711
927 713
917 714
112 716
945 717
887 718
973 719
664 720
458 721
199 721
451 721
240 721
890 724
972 725
974 726
484 727
21 727
938 729
428 730
449 730
504 731
551 731
733 731
574 731
914 732
225 734
353 734
285 740
951 741
505 742
669 742
7 744
490 745
548 747
540 748
594 749
100 750
836 753
366 754
778 754
557 754
61 756
540 758
658 759
525 760
136 761
668 762
75 762
94 762
570 763
490 763
425 764
111 764
243 764
374 768
163 768
568 768
926 770
609 770
646 771
823 772
559 773
163 773
968 777
597 778
965 779
953 779
279 779
400 780
565 780
813 781
160 782
328 785
969 786
235 786
882 789
485 792
641 792
907 794
497 794
419 794
514 797
865 798
961 798
88 799
330 799
6 801
755 803
912 803
950 805
797 805
199 807
527 807
505 809
875 810
51 812
499 812
209 812
278 814
264 815
50 817
801 817
59 817
620 818
902 819
874 820
904 820
357 822
29 825
221 826
388 826
981 827
747 827
270 828
534 828
397 829
992 829
452 830
436 830
320 831
224 834
603 835
434 835
178 838
232 839
558 839
343 840
106 841
93 844
857 844
169 844
283 846
423 848
13 850
443 853
562 853
147 855
977 856
599 857
34 859
347 859
265 860
671 860
887 863
459 865
930 865
809 866
576 867
901 867
313 867
508 869
964 869
376 871
589 876
871 876
195 878
457 878
45 878
563 879
822 879
392 879
532 880
275 881
106 882
682 883
402 884
485 886
469 887
241 888
539 888
484 889
972 890
483 890
325 890
256 891
19 891
624 896
897 896
348 898
905 899
405 900
815 900
842 901
900 901
631 901
771 901
640 902
618 905
238 906
303 907
333 909
662 910
277 910
811 910
492 911
465 917
239 918
265 919
370 919
140 919
985 920
762 920
694 922
531 923
837 924
674 925
921 925
458 927
469 930
934 931
440 931
870 932
491 933
960 934
238 936
888 936
138 936
486 938
409 939
259 940
573 941
75 941
782 945
173 945
547 946
391 947
209 948
720 949
886 950
89 955
92 956
109 956
202 957
906 958
920 959
792 960
843 961
619 961
97 962
542 962
30 964
844 964
731 965
528 965
708 966
688 966
894 967
570 967
201 967
595 969
572 969
276 970
181 971
232 971
502 971
466 971
449 972
891 973
900 973
259 978
713 981
622 982
141 983
37 985
918 985
4 987
970 987
269 987
513 989
582 990
122 991
973 991
76 993
719 994
264 995
346 995
739 996
224 998
387 999
12 1000
