249
461 2
59 3
97 9
312 18
295 22
26 25
446 34
94 38
236 43
433 48
360 49
269 57
135 62
443 63
389 64
290 69
472 70
440 72
11 87
370 99
349 100
270 106
465 106
371 116
263 120
398 123
173 130
153 133
27 136
139 136
351 137
298 138
290 139
251 148
282 156
3 160
361 169
90 169
168 171
201 172
286 173
454 177
23 178
319 179
138 181
282 182
497 183
332 183
176 185
37 189
125 191
489 197
473 198
343 203
358 208
229 211
425 212
415 213
341 218
262 221
167 225
439 227
123 227
188 230
260 234
492 234
208 234
307 236
449 237
146 238
14 240
260 249
299 258
3 263
188 264
431 266
140 268
191 273
205 279
393 286
457 286
176 290
279 291
471 295
42 302
251 307
444 314
145 323
469 327
357 340
176 351
416 352
107 359
27 361
404 361
215 368
248 369
420 370
202 373
214 373
43 373
227 375
123 381
274 382
230 383
69 401
337 409
218 411
310 425
141 426
218 428
301 440
253 445
332 447
60 460
10 465
29 473
123 475
326 476
330 481
28 482
83 483
384 488
457 489
97 490
179 494
138 497
43 497
257 499
166 512
154 519
9 524
352 529
280 531
249 535
226 536
264 540
388 544
285 553
304 555
132 556
97 558
196 561
372 562
296 569
263 569
97 569
251 572
102 576
423 588
302 590
80 602
479 604
248 606
291 612
317 624
473 625
206 630
166 640
328 645
77 648
82 650
196 656
259 659
185 659
118 660
335 671
474 673
469 674
364 675
248 675
399 677
382 680
161 682
374 686
429 693
98 694
51 701
420 704
410 704
142 705
257 705
25 706
250 707
436 713
353 717
434 720
282 720
204 722
476 734
108 741
122 745
112 753
468 755
143 764
192 765
486 766
138 768
75 774
173 780
8 783
302 783
472 785
81 788
243 791
459 794
430 796
156 797
269 800
447 800
323 804
152 814
119 818
493 821
488 827
221 835
432 837
330 842
31 843
28 847
385 848
361 849
191 863
303 877
420 884
348 884
394 886
135 887
446 887
286 905
171 907
226 910
46 916
452 918
484 920
315 924
336 924
180 930
463 931
152 932
440 937
11 945
312 947
172 948
80 966
94 967
49 968
127 968
35 970
