1000
220 1
922 1
192 2
154 2
923 3
656 3
629 4
997 4
402 4
959 7
73 7
412 8
293 9
472 12
723 15
117 17
582 19
710 19
106 21
895 21
353 23
387 26
29 27
557 28
444 29
693 30
729 30
654 31
858 32
435 32
151 33
71 33
495 34
163 35
231 36
636 37
613 39
303 39
610 41
575 41
117 42
228 43
41 43
180 43
379 44
14 45
91 45
930 45
232 46
732 47
900 48
739 49
219 50
755 51
808 52
920 52
688 53
399 53
910 54
357 55
937 55
305 55
117 55
546 57
541 58
866 58
773 58
619 59
394 61
438 61
189 63
111 63
98 64
545 65
949 67
758 67
662 67
668 67
808 68
460 68
555 70
864 70
223 71
388 75
15 76
460 77
337 77
286 78
103 78
490 79
354 80
60 80
163 82
299 83
960 86
292 86
459 87
315 88
45 91
363 92
434 95
142 97
956 99
794 99
425 100
427 102
13 107
922 108
918 109
616 109
152 110
514 111
586 111
560 111
3 112
507 113
895 113
125 113
439 113
960 117
432 117
222 122
208 122
187 123
707 126
970 126
113 129
18 131
663 133
388 135
852 136
860 137
626 138
873 140
913 141
874 144
562 144
466 144
495 145
979 147
518 149
915 149
173 150
681 151
793 151
769 151
205 153
854 153
116 154
161 154
647 156
768 156
649 156
126 157
459 158
527 158
628 159
907 159
480 160
770 161
119 162
732 162
237 162
388 168
783 168
480 168
860 169
685 170
665 170
416 171
405 174
612 174
756 178
154 178
411 179
388 180
801 180
154 181
235 182
705 191
227 192
70 192
119 194
236 195
34 196
594 196
771 197
476 197
423 198
107 198
521 201
280 202
632 203
352 203
61 204
952 204
211 204
731 205
780 205
135 205
287 206
821 206
173 207
571 207
367 207
783 208
46 209
242 209
234 209
221 210
938 210
610 211
445 211
247 212
495 212
789 213
471 214
392 214
260 215
578 217
587 219
638 221
502 221
266 223
652 224
40 224
600 225
817 225
983 225
486 225
825 226
657 227
80 227
858 228
846 229
160 229
377 230
793 230
707 233
695 234
32 235
265 238
587 240
301 241
1 241
553 241
374 244
488 246
381 246
241 247
885 248
480 249
69 252
590 252
928 252
678 253
86 253
913 255
44 256
208 257
456 259
699 260
622 260
916 263
131 265
365 268
255 270
26 270
355 271
76 271
14 272
844 273
649 274
983 276
904 277
87 277
638 277
518 278
282 279
942 280
9 280
605 281
581 283
880 283
925 283
77 283
21 284
383 284
158 285
82 286
638 287
38 287
530 287
458 290
192 291
824 291
917 293
160 293
840 294
205 295
729 295
242 295
440 295
619 298
33 298
515 299
341 299
110 299
672 300
858 302
783 302
809 302
584 303
205 304
724 304
701 310
427 311
656 311
560 312
534 312
693 312
641 313
455 313
100 313
854 314
683 315
322 315
229 315
503 316
578 316
73 317
137 318
32 319
805 320
644 320
998 322
348 324
671 324
976 325
842 329
386 329
527 330
176 331
479 332
458 333
811 333
540 335
713 335
524 337
46 337
870 340
437 341
101 344
8 345
944 345
396 345
52 346
362 346
587 346
139 348
821 348
813 349
344 350
881 350
335 351
993 352
310 356
315 359
345 359
341 361
839 362
289 363
202 364
617 365
783 368
162 372
541 372
259 373
636 379
145 381
558 381
583 383
623 384
321 386
51 386
847 387
979 388
167 388
629 388
431 388
418 389
881 390
64 390
936 391
451 392
143 393
73 396
786 396
164 397
843 397
550 398
415 399
888 403
415 404
265 406
457 406
76 408
297 408
148 409
998 411
5 411
614 414
701 414
181 415
557 416
67 416
979 417
567 420
691 421
62 423
334 423
843 423
377 423
157 424
409 425
810 425
144 428
888 428
67 429
360 430
338 431
714 432
569 432
554 432
905 433
813 433
28 434
553 435
241 435
977 435
907 436
663 437
154 437
955 439
102 440
827 441
552 444
197 444
204 447
322 448
58 451
843 451
973 452
624 453
921 453
102 455
166 455
856 458
275 461
711 465
154 468
390 468
617 470
435 471
282 471
529 472
82 473
119 474
634 477
860 479
60 479
815 480
938 482
66 483
675 485
280 486
543 488
116 489
723 491
681 492
637 492
531 493
940 493
694 493
911 493
748 493
940 495
367 496
758 498
369 498
81 499
464 499
364 500
526 500
631 500
701 500
171 502
900 505
469 506
770 506
741 506
818 506
951 508
960 508
64 510
295 511
722 511
652 513
841 513
161 514
581 515
958 515
366 515
174 515
748 516
709 517
189 518
18 519
892 519
743 519
892 521
257 521
263 522
477 523
299 524
848 525
705 526
459 527
362 528
67 528
402 530
623 531
609 531
408 534
414 534
598 535
798 536
458 536
149 538
826 538
819 545
1000 550
878 551
589 553
850 554
237 554
77 554
317 556
332 556
210 557
990 558
498 558
856 560
803 562
216 563
308 563
264 563
22 566
133 566
927 566
958 567
510 567
446 568
1 569
955 569
761 569
693 570
790 573
92 573
915 573
709 574
356 574
102 574
915 575
709 575
167 577
378 577
233 581
391 582
888 585
874 587
932 587
30 587
581 590
365 590
26 592
204 595
945 597
56 599
45 603
199 603
280 604
740 604
834 604
739 606
318 607
586 610
643 612
793 612
806 613
869 614
47 617
977 618
811 621
929 621
598 622
638 622
493 622
794 623
220 623
260 625
99 625
44 626
404 626
407 626
590 628
457 629
100 631
549 631
270 632
641 634
919 635
283 638
414 638
988 640
223 641
118 642
276 643
549 645
290 645
78 646
138 649
33 650
305 650
663 651
517 652
530 653
441 654
485 654
372 654
755 656
961 657
101 657
904 657
884 658
544 658
318 660
456 660
44 661
966 661
18 662
434 663
30 666
948 669
111 669
80 671
194 674
637 675
658 677
133 678
101 678
28 679
280 679
176 679
164 680
310 680
49 681
915 682
40 682
315 683
885 684
920 684
192 685
329 686
175 686
811 687
456 690
993 691
506 691
112 693
45 694
112 694
736 697
919 697
807 698
883 698
520 698
587 698
826 698
761 700
775 701
42 702
132 704
884 705
326 706
578 708
284 710
317 710
681 710
643 710
873 711
762 711
894 712
154 712
773 714
534 714
326 715
980 715
311 716
46 717
327 717
2 719
542 720
149 721
84 722
193 723
393 723
612 723
359 727
421 728
34 728
325 729
378 732
896 733
490 734
937 735
63 735
89 736
174 736
833 738
978 739
941 741
843 742
206 744
9 744
486 745
223 747
732 747
962 748
922 748
405 750
161 751
17 752
346 753
379 754
584 755
53 755
776 756
410 756
678 756
364 757
676 757
190 759
744 759
65 760
300 762
581 765
60 767
999 768
843 768
563 769
615 770
233 771
234 771
194 773
482 773
233 774
290 775
8 776
54 776
430 776
535 778
673 779
353 779
925 779
842 782
30 785
750 785
904 785
19 789
334 790
184 790
978 790
349 790
734 791
615 793
728 793
895 794
314 795
719 796
167 797
400 798
167 798
182 799
483 799
877 800
195 800
50 802
602 802
195 803
93 805
617 805
875 806
994 811
44 811
739 812
722 812
773 813
126 814
891 815
111 816
49 817
568 818
383 818
62 818
333 818
271 819
652 819
39 819
55 820
980 820
95 820
435 820
991 821
520 821
714 822
310 822
161 824
697 824
994 825
405 825
869 829
534 831
320 833
517 833
962 833
435 834
53 834
340 834
398 835
641 835
552 837
274 837
171 838
972 839
953 840
896 841
305 841
413 841
567 842
43 844
369 847
560 847
932 849
136 849
717 849
421 851
549 851
316 851
839 852
497 855
843 855
967 855
541 855
601 859
516 859
678 860
290 860
795 862
202 862
94 862
894 862
402 864
419 866
940 866
946 867
52 869
393 870
334 870
316 871
294 872
363 873
387 874
39 874
677 875
578 876
445 876
71 876
707 877
38 878
275 879
992 879
575 882
81 884
860 884
308 884
528 885
860 887
588 887
910 889
126 894
543 896
541 896
454 897
941 897
305 899
343 900
360 906
760 907
340 908
290 908
307 908
320 913
63 913
661 914
407 914
793 914
804 915
498 920
3 923
990 923
58 925
496 926
887 926
650 927
452 928
610 929
226 930
862 931
697 931
597 931
45 932
187 932
733 933
573 934
318 934
67 934
222 935
112 937
983 939
782 940
892 943
328 943
13 944
904 944
826 947
414 948
802 950
267 953
12 953
630 954
771 955
174 955
537 955
786 955
705 956
91 956
861 957
417 958
158 959
109 959
89 959
601 960
633 961
245 962
736 962
789 964
908 964
416 965
109 966
423 967
394 968
640 970
653 974
165 974
559 974
729 974
169 977
168 977
194 978
208 979
819 980
644 980
841 981
284 981
466 982
400 983
576 984
241 984
940 985
959 988
193 988
661 989
489 990
861 992
205 992
466 997
883 997
141 999
587 1000
