266
158 0
115 0
63 1
605 1
245 1
146 2
351 2
50 3
785 3
445 3
258 3
361 3
58 3
686 4
661 4
14 4
615 4
265 4
190 5
293 5
471 5
506 5
76 6
219 7
500 7
726 8
668 8
49 8
334 8
806 9
285 9
398 9
175 9
719 9
595 9
627 10
150 10
114 10
68 11
330 11
493 11
609 11
571 11
218 12
144 12
281 12
250 12
724 13
556 13
76 13
289 13
321 14
595 14
45 14
43 15
493 15
809 16
599 16
206 16
144 16
184 17
556 17
434 17
753 17
775 17
562 17
354 17
49 17
414 17
353 18
205 19
375 19
13 19
301 19
764 19
521 20
175 21
322 21
79 21
592 21
349 21
81 22
218 22
470 23
38 23
522 24
159 24
154 25
328 25
222 25
201 25
745 26
803 26
742 26
717 26
737 26
567 27
349 27
407 28
729 28
120 29
728 29
287 29
280 29
696 30
349 30
418 30
723 31
609 31
756 31
356 31
483 31
234 31
76 32
38 32
46 33
59 33
734 34
739 34
706 34
680 34
452 34
444 35
678 35
31 35
627 35
124 35
621 36
441 36
475 36
560 37
700 37
208 37
65 37
47 37
494 37
152 37
215 38
500 38
298 38
657 39
32 40
367 40
656 41
710 41
72 41
702 41
221 41
370 41
377 43
65 43
511 43
754 43
486 44
505 44
288 44
699 44
758 44
558 44
332 45
286 45
218 45
447 47
319 47
474 47
545 48
5 49
682 49
514 49
568 50
54 50
463 51
764 51
625 51
38 52
383 52
402 53
645 53
31 53
391 53
536 54
436 54
770 54
718 55
537 55
569 55
690 55
234 55
436 56
342 56
67 56
410 56
672 56
344 57
526 57
88 58
193 58
449 58
793 58
7 58
255 58
791 58
708 59
142 59
424 59
113 59
791 59
581 59
493 59
262 59
769 60
459 60
183 60
184 61
683 61
367 61
172 62
774 64
484 64
389 64
800 64
118 64
193 65
631 65
642 65
234 66
639 66
753 66
125 66
491 66
575 66
161 67
48 67
756 67
498 67
413 67
261 67
75 68
240 68
705 68
804 69
103 69
358 70
18 70
603 70
113 70
507 70
573 71
295 71
270 71
487 71
507 71
359 72
595 72
181 72
439 73
48 73
438 74
252 74
711 74
62 75
24 75
417 75
310 75
464 76
668 77
