440
251 4
78 6
854 6
198 7
559 9
762 10
221 12
492 14
264 21
50 23
82 23
490 25
610 32
520 40
8 43
175 47
990 50
475 51
514 54
284 57
648 59
23 65
609 66
200 68
37 69
793 70
488 74
731 75
723 78
333 79
993 83
131 84
454 84
777 87
716 87
666 89
335 92
446 92
301 95
649 95
308 98
841 98
753 100
958 101
651 101
533 103
80 109
916 112
302 112
644 113
555 113
626 116
312 118
19 118
573 120
428 121
792 122
151 128
792 131
39 134
289 135
168 138
816 138
324 140
3 150
585 150
638 154
610 155
51 155
994 155
671 160
310 162
23 163
782 164
185 165
211 166
977 168
135 172
65 173
710 173
857 174
380 176
364 179
215 182
810 182
567 184
897 187
65 192
382 192
39 192
960 193
788 198
657 198
640 199
357 199
309 202
529 205
534 205
590 207
194 207
338 207
618 208
131 210
524 210
170 214
203 216
863 223
390 224
478 230
360 231
178 231
93 233
339 237
819 239
627 239
573 240
476 241
274 242
190 243
688 249
347 250
144 250
26 257
820 262
677 264
711 265
865 267
644 267
210 268
253 269
864 271
491 274
554 274
329 286
169 287
257 288
294 289
384 293
213 293
839 297
919 303
519 304
793 305
363 308
841 315
229 315
999 318
559 318
907 320
352 321
784 322
659 323
141 324
465 324
326 325
421 326
809 331
965 332
691 333
972 336
620 336
710 343
733 350
320 357
376 357
854 358
14 361
661 362
894 363
868 369
570 374
229 376
873 377
644 381
725 385
510 387
748 390
159 392
769 401
56 401
29 403
8 411
340 411
632 414
373 414
507 415
426 417
679 417
184 417
483 419
751 425
575 427
283 429
324 429
954 431
499 432
127 433
205 434
309 435
375 436
170 440
295 442
70 448
122 450
433 457
116 459
450 462
756 468
216 472
153 480
227 492
5 493
134 493
903 494
546 494
471 496
212 499
750 501
988 503
336 506
21 508
617 510
914 511
594 511
781 511
539 512
452 512
729 518
56 518
405 527
961 529
819 532
921 533
612 533
93 534
303 536
834 539
982 542
994 543
731 546
739 546
270 547
847 547
910 550
69 551
863 552
554 555
701 560
461 563
469 564
269 566
276 568
801 569
764 571
180 571
621 573
54 574
178 574
975 575
4 577
326 578
244 581
492 584
155 592
623 592
395 593
698 594
21 596
190 600
192 601
307 602
972 604
366 606
10 606
49 609
980 612
71 613
126 614
886 616
892 620
329 621
839 622
413 623
37 627
914 629
75 630
352 632
851 633
107 633
602 633
668 634
597 636
441 637
512 639
2 640
365 642
537 645
700 645
818 647
308 650
445 653
720 655
408 656
50 659
173 660
798 662
70 666
50 669
430 669
873 676
615 679
474 681
259 682
422 683
885 684
320 684
543 684
483 685
960 692
833 692
441 695
101 697
572 697
616 700
659 701
884 703
692 705
995 707
516 709
989 711
804 716
361 717
652 717
558 717
12 720
103 722
434 723
888 724
504 725
269 725
520 726
223 727
234 727
322 728
427 731
490 734
249 735
219 740
294 740
96 742
528 751
506 756
544 759
854 759
357 761
904 762
845 763
760 768
939 772
542 783
170 786
560 791
574 793
181 793
889 794
976 795
869 799
832 803
803 803
935 807
881 807
876 812
31 813
379 813
792 818
598 822
490 822
416 822
930 825
639 825
46 826
663 829
393 832
398 833
35 833
14 838
793 840
877 843
903 843
357 846
788 847
390 847
229 850
74 851
407 864
526 865
74 868
500 870
987 876
218 896
297 897
944 899
995 899
879 903
134 907
818 908
73 911
647 914
426 918
916 923
503 925
632 927
917 927
271 929
637 931
730 933
366 934
133 935
979 940
529 940
887 941
667 943
562 947
173 949
601 954
902 957
502 961
195 964
267 965
622 965
618 970
966 980
513 981
676 987
614 989
414 989
370 993
231 994
639 994
440 1000
