91
205 0
28 0
181 0
465 1
476 1
33 2
259 3
298 3
446 3
410 4
382 4
201 5
28 5
530 5
286 6
240 6
339 6
173 9
370 10
99 11
485 11
291 12
329 12
461 13
293 15
376 15
317 16
163 18
269 18
344 18
258 18
93 19
141 19
99 19
235 20
418 20
128 20
277 20
451 21
493 21
138 22
239 22
284 23
126 23
505 23
377 24
416 24
499 25
253 25
136 26
193 27
185 27
416 28
85 28
177 29
47 29
228 31
106 31
175 31
16 32
489 32
227 32
300 33
362 34
288 35
330 35
189 36
406 36
229 37
245 37
414 38
48 38
469 39
384 41
260 43
50 44
318 46
382 47
466 47
474 48
505 49
360 50
253 51
184 51
449 51
223 51
476 52
403 52
491 53
21 55
124 55
