771
514 0
219 1
382 1
140 1
242 3
574 6
548 6
382 8
644 9
234 10
614 17
399 17
611 18
511 19
862 20
524 20
529 21
282 22
364 23
447 26
409 27
863 27
59 39
578 39
976 41
809 43
774 43
260 44
450 47
509 47
802 49
377 51
223 52
161 52
63 55
233 55
995 55
780 57
14 57
604 57
427 58
175 58
948 63
283 63
842 65
375 67
486 69
457 70
75 71
261 71
780 71
580 71
21 72
144 72
497 72
524 73
445 75
747 75
794 76
48 76
555 76
401 79
84 83
574 83
212 84
994 87
654 89
590 90
119 91
992 91
885 92
973 93
799 94
268 96
493 96
868 96
75 97
698 98
870 101
238 101
213 103
520 105
731 106
446 108
856 108
360 110
248 111
937 112
709 113
225 115
177 115
332 115
856 121
485 122
882 122
259 123
859 123
608 123
802 123
812 124
329 130
545 130
15 131
249 132
789 133
946 133
332 134
292 136
521 137
560 139
44 139
82 140
303 142
891 145
317 146
921 147
978 150
32 153
492 153
557 153
244 154
27 155
955 156
175 156
706 156
636 157
158 157
413 159
378 160
344 161
507 167
848 167
277 169
316 169
724 171
199 172
973 173
38 173
64 175
321 176
126 176
65 178
532 183
273 183
775 184
964 184
834 185
793 185
108 191
544 192
331 194
657 194
340 195
534 195
217 196
868 197
406 198
158 199
953 199
262 199
188 202
734 203
528 204
74 204
130 205
727 206
215 206
328 208
764 210
410 211
389 214
952 214
759 218
136 218
604 219
265 219
686 219
343 221
140 221
171 223
63 225
680 226
890 226
692 227
68 228
696 230
982 230
69 232
618 238
756 240
230 241
868 242
974 243
991 245
739 248
911 248
756 248
187 256
636 256
458 258
693 258
341 258
10 261
17 262
882 266
945 266
405 267
211 267
693 269
19 271
290 271
6 272
105 276
394 277
641 279
514 281
951 285
715 290
965 292
346 294
375 295
834 296
129 302
142 302
486 305
165 307
254 309
734 312
680 313
245 317
644 317
339 318
256 318
985 319
173 320
330 321
62 323
655 326
753 327
512 331
364 332
745 332
4 332
702 333
443 333
282 334
551 334
216 335
51 335
279 336
567 337
568 337
839 340
674 341
975 343
437 344
89 344
69 345
590 349
671 351
505 351
74 353
255 353
233 355
554 355
875 356
777 362
472 364
782 365
599 366
518 366
129 367
886 367
794 367
937 369
709 369
52 371
7 373
698 373
163 376
717 378
596 379
501 380
989 380
89 380
60 380
49 381
935 381
642 383
372 384
963 389
206 393
581 394
30 395
180 396
800 396
295 396
992 397
944 403
198 404
705 406
342 409
659 411
540 414
250 419
731 421
823 427
485 428
833 428
355 431
129 432
421 432
351 434
25 435
279 437
289 439
712 439
307 443
935 444
449 448
323 448
492 450
191 455
442 455
894 459
915 460
184 460
433 460
557 461
793 461
717 461
3 463
157 463
278 463
845 468
742 469
526 469
434 471
32 477
699 477
31 478
237 478
187 480
184 480
391 482
896 483
678 484
807 484
31 486
543 486
474 487
817 490
550 493
477 494
980 496
160 496
932 497
270 498
169 500
940 500
296 500
676 501
191 502
999 503
447 503
544 503
35 503
120 505
748 506
913 507
741 507
511 508
345 509
946 510
953 511
666 511
658 512
819 512
715 516
617 519
757 519
324 521
769 523
954 523
512 523
855 524
63 525
341 526
192 526
576 526
919 527
791 527
988 528
521 529
44 529
964 530
652 530
50 536
664 537
424 541
650 543
90 545
227 545
272 545
337 548
805 549
662 550
935 551
790 554
749 556
417 556
871 559
901 559
357 559
288 560
161 561
654 564
215 565
792 569
651 570
788 573
485 574
799 574
683 575
803 576
726 577
276 578
95 579
273 580
178 580
590 580
655 580
811 581
844 582
811 584
721 584
411 585
146 587
214 587
537 591
960 592
778 593
37 595
642 596
637 596
369 596
734 598
824 598
240 599
446 600
186 603
748 605
59 606
417 610
823 611
565 613
494 613
507 613
612 616
150 618
492 621
692 622
355 624
400 625
689 627
860 628
290 629
973 631
358 632
323 633
988 633
335 633
469 634
247 634
277 634
743 635
975 638
397 639
466 639
121 641
510 645
483 645
731 645
561 646
124 646
796 647
662 647
549 652
892 654
205 655
482 656
710 656
194 656
954 657
117 658
958 658
65 664
102 665
335 665
708 666
380 668
579 669
178 669
830 669
151 670
25 671
401 671
294 671
386 672
864 672
821 673
946 673
378 674
518 675
423 675
580 679
812 680
44 681
988 688
11 688
123 689
28 693
946 694
910 695
148 696
479 697
722 697
942 701
54 702
543 705
447 706
799 709
440 710
720 713
552 714
80 715
79 717
508 717
897 717
234 718
902 720
31 720
131 725
807 726
431 727
164 727
261 729
618 731
807 734
44 735
746 735
508 735
820 737
458 738
390 740
978 741
452 743
641 745
336 746
447 749
732 752
826 752
736 753
779 756
826 756
537 759
971 760
557 760
250 762
844 763
464 764
118 764
459 766
206 767
499 774
221 775
162 780
592 781
53 782
352 782
286 783
645 783
144 785
591 786
861 788
735 791
917 792
528 792
500 793
669 793
733 794
711 796
161 797
456 801
471 802
233 802
453 802
425 802
586 806
214 806
17 808
535 809
453 811
349 812
854 812
949 814
348 815
263 816
156 816
542 818
505 820
579 820
126 822
928 822
605 822
700 823
529 825
882 825
837 825
760 826
419 827
467 829
195 830
337 831
530 833
86 834
119 835
545 837
208 837
130 837
995 840
748 843
854 844
655 846
722 847
196 849
141 850
401 850
337 851
90 853
369 854
985 855
684 857
47 857
437 860
673 860
63 861
240 861
307 862
779 862
500 865
670 865
807 866
694 867
396 867
984 868
297 870
458 871
64 875
117 875
111 875
147 875
396 876
696 876
894 877
422 878
487 878
94 881
846 882
285 882
604 882
414 883
717 883
628 887
3 887
857 888
976 889
106 891
818 891
739 891
316 891
131 892
336 892
360 892
369 893
5 893
48 894
403 897
443 899
7 901
567 903
898 903
321 904
773 905
511 905
148 905
205 905
94 908
955 910
729 912
661 913
920 913
3 913
599 916
479 916
896 917
612 919
865 920
170 921
874 922
905 922
535 924
43 926
592 927
327 928
345 930
565 931
50 932
149 934
460 940
513 940
370 941
423 943
711 946
245 946
744 947
531 948
759 951
91 953
107 955
825 958
725 959
245 960
580 960
865 963
70 965
123 965
71 965
480 966
467 966
90 967
685 968
185 969
686 970
182 971
254 973
956 974
674 975
783 975
169 976
130 977
998 978
708 979
141 979
55 979
70 980
46 984
436 984
90 985
7 986
153 986
172 987
667 989
397 989
892 989
706 990
972 992
452 992
994 994
571 998
24 1000
