451
1 0
1 0
5 1
4 1
5 1
2 1
3 1
2 1
4 1
5 2
5 2
5 2
4 2
1 3
5 3
5 3
5 3
3 4
1 4
1 4
5 4
1 4
5 4
1 5
3 5
2 5
1 5
1 5
4 5
4 6
2 6
3 6
3 6
4 6
3 6
5 6
1 6
3 6
5 7
2 7
1 7
3 7
3 7
1 8
5 8
5 8
1 8
5 9
2 9
4 9
4 10
2 10
1 10
5 10
2 11
1 12
5 12
3 12
5 12
3 12
5 12
5 13
5 13
3 13
4 14
1 14
1 14
5 14
5 15
3 15
5 15
2 15
5 16
4 16
5 16
4 16
4 16
2 16
1 16
3 17
3 17
5 17
4 17
3 18
5 18
4 18
5 18
2 18
1 19
5 19
4 19
5 19
4 20
5 20
3 20
5 20
2 20
4 20
3 21
3 21
2 21
4 21
2 21
5 22
1 22
3 23
2 23
4 23
5 23
5 23
1 23
3 23
1 24
3 24
1 24
3 24
5 24
5 24
1 24
2 25
1 25
2 25
3 25
3 25
5 26
4 26
1 26
5 26
5 26
1 27
2 28
1 28
4 28
1 28
4 29
4 29
3 29
5 29
1 29
1 30
4 30
3 30
2 30
2 30
1 30
2 30
3 31
4 31
4 31
3 31
2 31
2 32
3 32
3 32
1 32
5 32
3 33
5 34
3 34
1 34
5 34
4 34
2 35
1 35
5 35
2 36
4 36
4 36
3 36
5 36
3 36
3 37
1 37
2 37
2 37
3 38
1 38
2 38
4 38
4 39
1 39
2 39
4 40
1 40
1 41
5 41
2 41
3 41
1 42
1 42
3 42
1 42
5 43
5 44
1 44
1 44
4 45
2 45
2 45
5 45
4 45
2 45
3 45
3 47
3 47
4 47
5 47
2 47
3 47
1 48
4 48
2 48
3 50
4 50
5 50
3 50
4 50
4 50
1 51
4 51
2 51
3 51
5 51
3 51
3 52
1 52
3 52
1 52
2 52
1 52
1 52
1 52
1 52
2 52
2 52
1 53
2 53
2 54
3 54
4 54
1 54
5 54
5 54
5 54
1 54
4 54
2 54
2 54
3 54
3 54
5 55
3 55
1 55
2 55
3 55
3 55
4 55
3 55
3 56
4 56
3 57
1 57
4 57
3 57
5 57
5 57
3 58
4 58
3 58
4 58
4 58
4 58
3 58
4 58
1 58
2 58
3 59
5 59
1 59
2 60
5 60
1 60
5 60
3 60
4 60
2 61
3 62
5 62
4 62
5 63
1 63
4 63
3 63
2 64
1 64
4 65
4 65
2 65
1 65
1 65
4 65
1 65
5 66
3 66
4 66
5 66
3 66
4 66
3 67
2 67
2 67
2 67
3 68
3 68
4 68
1 68
4 68
4 68
4 68
5 68
4 68
3 69
3 69
2 70
3 70
1 71
1 71
2 71
2 71
3 71
4 71
5 72
4 72
2 72
2 72
4 72
4 72
5 73
3 73
4 73
3 73
2 73
1 73
2 73
4 73
5 73
4 73
4 74
1 74
1 74
5 74
2 74
3 74
1 74
3 74
5 74
4 75
3 75
4 75
1 75
3 76
3 76
3 76
3 77
5 77
5 77
5 77
2 77
2 77
5 78
3 78
1 78
1 78
2 78
2 78
1 78
1 78
2 79
4 79
2 79
4 79
1 79
5 79
4 80
1 80
2 80
1 80
3 80
2 80
1 80
4 80
3 81
3 81
5 81
1 82
3 82
3 82
4 82
5 82
4 82
1 82
2 82
2 83
3 83
5 83
3 83
3 83
2 84
2 84
2 84
4 84
3 84
1 84
1 85
3 85
3 85
2 85
4 85
2 86
2 86
1 86
3 86
5 87
1 87
2 87
3 87
2 87
3 87
1 87
1 88
5 88
3 88
4 88
4 88
5 88
4 89
1 89
1 89
1 89
2 89
4 90
3 90
4 91
4 91
3 91
3 91
2 91
5 91
3 92
5 92
2 92
