1000
55 0
202 2
413 2
100 5
806 6
836 6
489 7
616 7
349 7
991 8
565 8
34 11
405 11
442 11
802 11
33 12
495 13
914 13
596 15
11 16
971 16
262 17
419 18
493 20
856 21
571 21
629 21
717 21
185 22
502 24
430 27
356 28
462 30
982 30
291 32
444 33
431 33
586 33
59 36
264 37
927 37
856 40
276 41
679 43
682 44
100 47
994 49
274 49
139 50
391 51
723 51
675 52
559 52
312 53
777 54
166 54
277 56
168 57
858 57
162 58
661 60
578 60
671 62
219 63
682 64
250 66
352 66
266 67
659 67
472 69
851 71
559 72
985 72
724 73
283 73
208 74
390 76
150 78
700 78
5 78
335 79
495 79
617 79
713 79
845 80
152 82
397 83
337 84
347 87
233 87
642 88
128 89
354 89
6 91
674 92
156 92
409 93
883 95
158 96
300 96
495 96
27 97
617 97
858 97
127 97
133 99
913 100
447 100
532 102
884 103
397 105
61 105
527 105
950 107
350 108
104 108
912 108
862 110
750 112
281 112
399 113
387 113
100 115
791 116
741 117
942 118
997 122
746 122
575 123
638 124
644 127
203 130
333 130
727 131
301 131
786 132
305 136
842 137
193 137
193 141
943 141
247 141
662 144
298 145
594 146
424 147
660 149
926 152
251 153
728 154
982 154
337 154
386 154
482 155
32 155
420 156
673 156
743 156
841 158
864 158
677 160
283 160
109 161
274 162
688 163
903 164
424 165
350 167
215 168
254 168
472 170
198 171
105 171
607 172
280 173
902 173
513 173
429 173
800 174
639 176
855 182
547 183
712 184
894 185
241 186
515 187
954 187
791 190
376 192
530 193
770 193
254 195
905 197
164 197
11 198
309 198
401 202
446 202
32 203
895 203
543 204
369 204
550 204
877 206
290 206
974 206
730 206
743 212
270 213
856 214
402 214
249 214
305 214
294 215
730 220
485 222
234 223
857 223
395 225
87 226
971 227
787 227
333 229
319 230
200 232
472 232
709 233
513 233
862 234
776 235
698 236
154 239
552 239
209 240
10 241
377 242
214 243
391 243
619 244
279 244
934 245
32 245
447 246
412 246
383 247
705 248
915 249
80 250
518 251
678 251
118 251
736 252
521 254
423 254
162 255
176 256
153 256
994 257
194 257
849 259
752 259
768 260
248 260
136 260
121 260
620 261
452 261
808 261
759 262
817 263
979 264
433 264
999 264
764 265
41 265
362 271
382 275
914 276
451 278
654 279
254 280
249 284
359 284
701 284
643 285
487 287
833 288
287 289
6 289
228 290
663 290
835 291
61 291
122 292
166 293
96 294
835 295
793 297
922 297
244 298
589 301
471 303
711 304
815 307
190 307
896 307
264 308
69 309
435 311
152 311
350 311
388 312
115 312
281 314
879 314
648 318
793 318
545 318
769 318
75 319
923 320
41 320
866 320
73 321
914 322
166 322
192 328
558 329
40 329
39 330
373 331
293 333
955 334
442 335
586 337
624 339
990 342
248 344
155 346
437 347
412 347
318 348
434 348
899 348
578 351
367 353
470 353
589 354
35 355
283 355
225 356
495 357
900 357
277 357
252 359
980 360
740 360
885 361
660 362
301 363
475 365
546 365
371 366
315 367
479 367
994 369
100 369
555 370
540 371
70 372
771 372
30 374
157 375
60 376
974 379
860 382
715 384
622 385
838 387
165 389
460 391
937 393
790 393
259 393
645 393
104 394
968 397
6 398
151 400
454 400
88 401
213 401
169 401
95 403
726 404
155 404
714 405
772 405
707 406
154 407
716 407
937 410
133 412
219 414
43 414
497 415
120 415
989 417
867 417
495 418
983 420
608 422
431 423
87 426
221 426
575 427
667 427
64 430
754 430
476 432
288 432
423 433
892 434
758 435
190 436
747 438
20 438
470 438
994 440
457 441
83 442
895 442
141 443
387 444
249 446
243 447
291 447
596 448
667 448
204 449
716 450
227 454
413 454
969 454
250 454
739 455
8 455
203 458
33 458
774 458
864 458
405 458
210 462
472 464
411 465
921 466
765 466
362 467
808 468
245 470
117 471
996 473
157 474
868 476
582 477
757 478
325 479
985 481
889 481
319 481
752 481
637 482
732 483
209 483
802 483
69 483
982 484
865 484
225 484
459 484
568 485
542 486
518 486
241 487
698 489
335 489
97 492
640 492
799 497
588 497
517 498
229 501
644 502
830 503
210 503
723 503
264 503
596 504
895 504
748 504
277 505
689 505
507 505
473 505
636 506
344 506
208 508
885 509
476 509
45 509
821 510
37 510
650 510
941 510
946 511
105 511
660 512
37 517
413 517
666 518
917 519
47 519
197 523
698 524
363 524
459 525
275 527
285 528
835 529
375 529
126 529
68 529
733 531
138 532
330 532
529 532
124 532
524 535
318 535
622 535
676 536
264 536
370 537
779 539
562 540
959 541
378 542
49 542
719 543
554 543
115 544
85 544
762 544
910 545
286 548
899 548
930 549
97 549
240 553
574 554
261 555
68 556
457 556
739 556
206 558
486 558
672 558
553 560
153 566
443 566
713 567
478 569
390 571
974 572
485 573
180 573
185 574
249 575
70 575
833 575
798 575
880 576
252 576
261 576
803 578
263 578
473 579
722 579
376 580
894 580
656 580
90 580
144 581
474 582
176 583
85 583
972 583
462 584
46 584
464 585
116 586
272 586
149 587
683 587
218 588
454 589
326 590
147 590
579 590
453 591
252 592
138 592
469 592
504 593
671 595
79 595
581 596
128 597
374 605
459 607
285 609
637 610
402 610
658 610
349 611
166 613
510 613
979 614
223 617
88 618
279 621
831 623
659 625
80 625
240 625
87 626
387 626
371 626
241 628
221 629
981 631
645 632
602 632
658 633
762 633
470 638
167 639
388 639
6 639
812 641
645 643
934 643
833 647
217 648
626 649
813 650
360 650
838 650
398 652
434 652
350 655
992 656
352 656
463 657
21 658
926 658
259 659
509 660
496 662
452 664
147 667
85 668
461 669
753 669
284 670
895 673
240 675
273 678
235 679
863 680
998 681
182 681
304 682
443 685
39 685
773 686
691 686
987 686
46 688
212 689
821 690
680 690
582 690
709 690
121 692
503 695
642 696
508 697
407 697
880 699
177 700
778 702
674 705
165 706
378 706
525 707
935 707
259 708
647 708
184 710
628 710
951 711
749 712
903 712
41 713
449 713
789 716
133 716
835 717
216 717
291 721
790 722
763 723
838 723
42 724
563 725
719 726
710 726
997 726
576 727
975 728
15 728
350 729
227 729
104 730
765 730
607 734
709 735
350 736
934 736
309 738
5 741
364 741
593 745
397 745
616 746
162 747
912 747
775 748
418 750
793 751
962 752
215 753
366 753
622 753
193 753
689 754
759 754
248 755
26 758
74 758
960 758
484 759
522 759
477 760
201 762
407 763
150 763
644 764
750 765
799 765
301 766
118 767
192 769
482 770
108 771
580 771
485 772
986 773
183 777
130 778
112 778
369 778
892 779
78 779
454 779
102 781
614 781
814 781
803 783
313 784
786 784
332 784
315 784
746 785
975 786
939 786
459 787
767 788
961 789
677 790
998 790
821 794
733 796
500 797
250 797
668 798
758 799
224 801
783 802
72 803
135 804
964 806
779 806
371 807
673 807
397 810
41 811
441 812
738 813
184 813
565 813
375 816
585 817
963 817
11 818
401 819
93 819
125 819
100 821
707 821
697 822
689 823
454 824
980 825
205 827
611 827
372 827
922 828
32 830
80 831
285 831
407 832
850 832
534 832
796 832
814 833
178 834
580 834
214 834
979 836
563 837
570 838
219 839
49 841
502 842
770 844
305 844
456 846
261 847
850 849
837 850
100 852
167 856
424 858
851 858
466 858
389 858
762 859
453 861
219 861
178 863
779 863
428 864
387 865
585 865
3 865
477 865
932 866
573 867
183 867
570 871
257 871
594 875
725 876
837 878
361 878
116 882
882 882
589 882
66 884
161 885
812 885
29 887
67 890
990 891
527 892
609 892
523 896
674 898
552 898
717 899
495 901
792 901
989 901
981 901
732 903
423 903
461 905
560 905
157 905
877 907
579 907
721 909
626 910
225 910
344 911
629 911
751 912
701 912
999 912
132 913
21 914
468 915
68 915
919 916
717 917
594 920
198 921
232 922
844 923
107 924
308 924
905 925
754 927
386 928
538 928
330 928
217 931
246 933
295 934
954 935
606 935
703 936
92 939
916 941
114 941
807 943
132 944
782 946
437 946
337 947
688 947
891 950
204 951
499 951
295 952
617 954
919 954
143 954
926 956
471 958
622 960
171 962
691 962
403 962
763 965
881 965
271 967
739 968
377 969
494 969
449 970
446 971
378 971
40 972
620 973
653 974
153 974
667 978
765 978
643 979
878 980
373 980
370 980
217 981
342 986
532 987
628 990
906 992
718 992
669 992
850 993
433 995
651 997
945 997
112 998
50 999
299 1000
226 1000
