157
473 3
325 7
429 9
369 10
365 11
463 11
412 13
266 14
265 18
277 19
119 20
383 23
418 28
448 31
203 32
285 32
323 34
77 35
296 35
109 38
96 44
174 46
201 49
242 49
426 51
439 57
29 63
416 64
507 68
324 70
205 71
86 71
413 74
311 75
213 80
131 83
276 92
182 97
42 98
91 111
416 117
308 118
95 119
326 119
45 120
412 122
359 129
77 129
144 130
373 131
485 132
21 133
219 136
115 138
521 138
498 138
244 140
335 147
66 148
383 150
321 152
224 153
37 154
101 156
215 157
381 159
118 160
167 160
432 162
389 167
54 171
207 173
133 173
494 175
130 185
263 185
350 190
154 191
421 192
193 194
408 195
401 204
82 206
166 212
440 217
423 220
150 224
434 225
340 226
506 226
446 231
276 234
523 234
403 236
101 240
370 241
117 250
256 252
270 258
19 258
72 261
375 262
188 263
405 267
326 272
460 273
89 273
498 273
15 280
83 281
407 282
132 286
378 291
82 291
344 294
438 294
407 295
248 295
479 299
341 303
117 304
239 305
228 305
342 310
104 313
490 313
38 317
76 320
184 325
255 326
469 326
383 328
274 329
1 336
306 345
381 355
435 358
330 362
468 366
476 373
184 375
509 376
346 377
88 380
398 382
217 388
211 388
281 392
493 393
269 395
369 395
209 396
453 399
220 400
44 403
302 403
297 409
