1000
341 2147483637
502 2147483637
889 2147483637
289 2147483637
105 2147483637
727 2147483637
599 2147483637
821 2147483637
983 2147483637
276 2147483637
8 2147483637
62 2147483637
40 2147483637
512 2147483637
795 2147483637
486 2147483637
761 2147483637
16 2147483637
928 2147483637
919 2147483637
429 2147483637
102 2147483637
169 2147483637
407 2147483637
426 2147483637
980 2147483637
901 2147483637
250 2147483637
142 2147483637
405 2147483637
583 2147483637
369 2147483637
465 2147483637
548 2147483637
728 2147483637
935 2147483637
29 2147483637
693 2147483637
442 2147483637
685 2147483637
854 2147483637
170 2147483637
311 2147483637
737 2147483637
71 2147483637
938 2147483637
828 2147483637
853 2147483637
890 2147483637
810 2147483637
821 2147483637
854 2147483637
628 2147483637
117 2147483637
72 2147483637
605 2147483637
873 2147483637
388 2147483637
360 2147483637
555 2147483637
178 2147483637
246 2147483637
733 2147483637
466 2147483637
349 2147483637
531 2147483637
500 2147483637
273 2147483637
269 2147483637
73 2147483637
78 2147483637
605 2147483637
241 2147483637
178 2147483637
890 2147483637
437 2147483637
314 2147483637
116 2147483637
42 2147483637
295 2147483637
30 2147483637
896 2147483637
989 2147483637
924 2147483637
20 2147483638
708 2147483638
757 2147483638
222 2147483638
323 2147483638
1 2147483638
853 2147483638
353 2147483638
944 2147483638
557 2147483638
828 2147483638
647 2147483638
310 2147483638
303 2147483638
560 2147483638
937 2147483638
628 2147483638
821 2147483638
139 2147483638
962 2147483638
739 2147483638
958 2147483638
662 2147483638
497 2147483638
417 2147483638
998 2147483638
69 2147483638
139 2147483638
859 2147483638
406 2147483638
264 2147483638
979 2147483638
481 2147483638
399 2147483638
572 2147483638
7 2147483638
212 2147483638
331 2147483638
676 2147483638
412 2147483638
439 2147483638
293 2147483638
139 2147483638
78 2147483638
630 2147483638
963 2147483638
907 2147483638
93 2147483638
48 2147483638
515 2147483638
495 2147483638
299 2147483638
381 2147483638
319 2147483638
829 2147483638
759 2147483638
198 2147483638
294 2147483638
452 2147483638
850 2147483638
848 2147483638
975 2147483638
684 2147483638
751 2147483638
984 2147483638
656 2147483638
780 2147483638
18 2147483638
241 2147483638
180 2147483638
71 2147483638
953 2147483638
475 2147483638
598 2147483638
469 2147483638
259 2147483638
164 2147483638
659 2147483638
260 2147483638
754 2147483638
18 2147483638
328 2147483638
809 2147483638
995 2147483638
282 2147483638
317 2147483638
329 2147483638
860 2147483638
731 2147483638
553 2147483638
452 2147483638
295 2147483638
323 2147483638
377 2147483638
493 2147483639
741 2147483639
615 2147483639
745 2147483639
89 2147483639
394 2147483639
769 2147483639
693 2147483639
378 2147483639
721 2147483639
878 2147483639
366 2147483639
941 2147483639
229 2147483639
325 2147483639
647 2147483639
111 2147483639
260 2147483639
98 2147483639
219 2147483639
802 2147483639
828 2147483639
373 2147483639
879 2147483639
429 2147483639
262 2147483639
535 2147483639
633 2147483639
231 2147483639
457 2147483639
536 2147483639
985 2147483639
990 2147483639
145 2147483639
33 2147483639
237 2147483639
645 2147483639
353 2147483639
998 2147483639
296 2147483639
564 2147483639
630 2147483639
569 2147483639
673 2147483639
618 2147483639
388 2147483639
264 2147483639
145 2147483639
713 2147483639
858 2147483639
557 2147483639
173 2147483639
468 2147483639
349 2147483639
164 2147483639
328 2147483639
194 2147483639
263 2147483639
146 2147483639
960 2147483639
475 2147483639
680 2147483639
769 2147483639
799 2147483639
521 2147483639
942 2147483639
469 2147483639
947 2147483639
85 2147483639
56 2147483639
199 2147483639
412 2147483639
552 2147483639
676 2147483639
604 2147483639
507 2147483639
687 2147483639
942 2147483639
506 2147483639
166 2147483639
990 2147483639
573 2147483639
293 2147483639
152 2147483639
214 2147483639
693 2147483639
222 2147483639
606 2147483639
953 2147483639
572 2147483640
953 2147483640
702 2147483640
688 2147483640
842 2147483640
64 2147483640
589 2147483640
987 2147483640
292 2147483640
999 2147483640
933 2147483640
580 2147483640
527 2147483640
757 2147483640
109 2147483640
576 2147483640
416 2147483640
832 2147483640
792 2147483640
808 2147483640
759 2147483640
726 2147483640
445 2147483640
876 2147483640
900 2147483640
995 2147483640
246 2147483640
260 2147483640
154 2147483640
268 2147483640
826 2147483640
620 2147483640
367 2147483640
658 2147483640
265 2147483640
93 2147483640
763 2147483640
253 2147483640
202 2147483640
676 2147483640
225 2147483640
100 2147483640
975 2147483640
993 2147483640
668 2147483640
908 2147483640
126 2147483640
177 2147483640
866 2147483640
772 2147483640
823 2147483640
723 2147483640
622 2147483640
389 2147483640
163 2147483640
268 2147483640
406 2147483640
552 2147483640
455 2147483640
657 2147483640
438 2147483640
437 2147483640
6 2147483640
975 2147483640
617 2147483640
895 2147483640
630 2147483640
821 2147483640
156 2147483640
854 2147483640
759 2147483640
413 2147483640
460 2147483640
570 2147483640
127 2147483640
632 2147483640
95 2147483640
924 2147483640
275 2147483640
320 2147483640
464 2147483640
292 2147483640
491 2147483640
760 2147483640
364 2147483640
772 2147483640
748 2147483640
66 2147483640
338 2147483640
474 2147483640
632 2147483640
664 2147483641
447 2147483641
432 2147483641
477 2147483641
431 2147483641
440 2147483641
649 2147483641
661 2147483641
67 2147483641
861 2147483641
431 2147483641
188 2147483641
124 2147483641
288 2147483641
971 2147483641
266 2147483641
359 2147483641
696 2147483641
153 2147483641
595 2147483641
4 2147483641
374 2147483641
415 2147483641
259 2147483641
368 2147483641
967 2147483641
750 2147483641
337 2147483641
767 2147483641
208 2147483641
554 2147483641
775 2147483641
618 2147483641
127 2147483641
177 2147483641
366 2147483641
562 2147483641
978 2147483641
295 2147483641
383 2147483641
196 2147483641
56 2147483641
220 2147483641
812 2147483641
663 2147483641
130 2147483641
232 2147483641
150 2147483641
615 2147483641
618 2147483641
660 2147483641
497 2147483641
673 2147483641
314 2147483641
947 2147483641
901 2147483641
948 2147483641
283 2147483641
601 2147483641
202 2147483641
734 2147483641
406 2147483641
428 2147483641
524 2147483641
330 2147483641
477 2147483641
935 2147483641
435 2147483641
176 2147483641
671 2147483641
935 2147483641
832 2147483641
534 2147483641
746 2147483641
27 2147483641
674 2147483641
664 2147483641
426 2147483641
269 2147483641
14 2147483641
929 2147483641
438 2147483641
124 2147483641
561 2147483641
909 2147483641
170 2147483641
522 2147483641
719 2147483641
567 2147483641
460 2147483641
878 2147483641
576 2147483641
853 2147483641
605 2147483641
890 2147483641
128 2147483641
651 2147483641
255 2147483641
246 2147483641
350 2147483641
383 2147483641
273 2147483642
388 2147483642
503 2147483642
728 2147483642
41 2147483642
51 2147483642
958 2147483642
326 2147483642
162 2147483642
102 2147483642
412 2147483642
630 2147483642
41 2147483642
166 2147483642
332 2147483642
779 2147483642
496 2147483642
303 2147483642
406 2147483642
28 2147483642
90 2147483642
876 2147483642
383 2147483642
758 2147483642
732 2147483642
294 2147483642
5 2147483642
64 2147483642
421 2147483642
284 2147483642
161 2147483642
49 2147483642
500 2147483642
14 2147483642
452 2147483642
493 2147483642
989 2147483642
83 2147483642
396 2147483642
380 2147483642
400 2147483642
852 2147483642
558 2147483642
557 2147483642
112 2147483642
787 2147483642
408 2147483642
968 2147483642
350 2147483642
614 2147483642
41 2147483642
726 2147483642
12 2147483642
201 2147483642
704 2147483642
728 2147483642
148 2147483642
224 2147483642
580 2147483642
695 2147483642
773 2147483642
58 2147483642
204 2147483642
860 2147483642
978 2147483642
308 2147483642
322 2147483642
271 2147483642
113 2147483642
609 2147483642
630 2147483642
713 2147483642
700 2147483642
377 2147483642
75 2147483642
705 2147483642
174 2147483642
54 2147483642
900 2147483642
663 2147483642
954 2147483642
267 2147483642
820 2147483642
419 2147483642
18 2147483642
335 2147483642
441 2147483642
235 2147483642
939 2147483642
96 2147483642
438 2147483642
734 2147483642
61 2147483642
937 2147483643
799 2147483643
731 2147483643
464 2147483643
402 2147483643
982 2147483643
687 2147483643
716 2147483643
171 2147483643
520 2147483643
18 2147483643
865 2147483643
636 2147483643
455 2147483643
547 2147483643
718 2147483643
162 2147483643
364 2147483643
492 2147483643
416 2147483643
273 2147483643
592 2147483643
266 2147483643
779 2147483643
875 2147483643
481 2147483643
571 2147483643
806 2147483643
713 2147483643
901 2147483643
547 2147483643
810 2147483643
819 2147483643
800 2147483643
507 2147483643
283 2147483643
755 2147483643
664 2147483643
203 2147483643
146 2147483643
454 2147483643
190 2147483643
713 2147483643
462 2147483643
581 2147483643
998 2147483643
679 2147483643
700 2147483643
787 2147483643
296 2147483643
580 2147483643
949 2147483643
969 2147483643
129 2147483643
191 2147483643
477 2147483643
431 2147483643
453 2147483643
339 2147483643
771 2147483643
141 2147483643
95 2147483643
825 2147483643
402 2147483643
146 2147483643
679 2147483643
425 2147483643
101 2147483643
147 2147483643
960 2147483643
910 2147483643
860 2147483643
717 2147483643
422 2147483643
711 2147483643
497 2147483643
765 2147483643
24 2147483643
410 2147483644
593 2147483644
149 2147483644
481 2147483644
703 2147483644
46 2147483644
396 2147483644
510 2147483644
632 2147483644
920 2147483644
920 2147483644
236 2147483644
984 2147483644
930 2147483644
893 2147483644
417 2147483644
97 2147483644
500 2147483644
420 2147483644
53 2147483644
944 2147483644
925 2147483644
221 2147483644
242 2147483644
588 2147483644
422 2147483644
938 2147483644
361 2147483644
490 2147483644
887 2147483644
219 2147483644
422 2147483644
683 2147483644
981 2147483644
368 2147483644
222 2147483644
437 2147483644
703 2147483644
317 2147483644
418 2147483644
808 2147483644
666 2147483644
592 2147483644
920 2147483644
329 2147483644
283 2147483644
804 2147483644
455 2147483644
95 2147483644
515 2147483644
106 2147483644
975 2147483644
800 2147483644
804 2147483644
668 2147483644
551 2147483644
625 2147483644
162 2147483644
158 2147483644
11 2147483644
795 2147483644
464 2147483644
251 2147483644
803 2147483644
632 2147483644
905 2147483644
741 2147483644
837 2147483644
774 2147483644
43 2147483644
341 2147483644
332 2147483644
503 2147483644
368 2147483644
422 2147483644
425 2147483644
919 2147483644
979 2147483644
237 2147483644
840 2147483644
961 2147483644
835 2147483644
974 2147483644
476 2147483644
801 2147483644
560 2147483644
424 2147483644
903 2147483644
712 2147483644
740 2147483644
79 2147483644
881 2147483644
914 2147483644
197 2147483644
387 2147483644
568 2147483644
67 2147483644
553 2147483644
529 2147483644
65 2147483644
180 2147483644
861 2147483644
679 2147483645
560 2147483645
348 2147483645
906 2147483645
599 2147483645
988 2147483645
946 2147483645
335 2147483645
895 2147483645
612 2147483645
376 2147483645
257 2147483645
126 2147483645
262 2147483645
75 2147483645
812 2147483645
260 2147483645
562 2147483645
979 2147483645
343 2147483645
815 2147483645
601 2147483645
156 2147483645
98 2147483645
141 2147483645
615 2147483645
902 2147483645
871 2147483645
641 2147483645
900 2147483645
688 2147483645
567 2147483645
188 2147483645
567 2147483645
597 2147483645
627 2147483645
386 2147483645
696 2147483645
721 2147483645
314 2147483645
857 2147483645
860 2147483645
69 2147483645
589 2147483645
379 2147483645
773 2147483645
968 2147483645
368 2147483645
635 2147483645
11 2147483645
788 2147483645
565 2147483645
969 2147483645
595 2147483645
161 2147483645
247 2147483645
74 2147483645
102 2147483645
198 2147483645
219 2147483645
287 2147483645
885 2147483645
515 2147483645
743 2147483645
410 2147483645
836 2147483645
545 2147483645
969 2147483645
649 2147483645
247 2147483645
197 2147483645
385 2147483645
476 2147483645
187 2147483646
805 2147483646
738 2147483646
54 2147483646
122 2147483646
538 2147483646
553 2147483646
242 2147483646
837 2147483646
419 2147483646
512 2147483646
389 2147483646
388 2147483646
657 2147483646
581 2147483646
451 2147483646
696 2147483646
806 2147483646
99 2147483646
520 2147483646
303 2147483646
425 2147483646
381 2147483646
27 2147483646
780 2147483646
510 2147483646
777 2147483646
603 2147483646
987 2147483646
889 2147483646
118 2147483646
876 2147483646
877 2147483646
506 2147483646
510 2147483646
140 2147483646
128 2147483646
631 2147483646
535 2147483646
664 2147483646
216 2147483646
222 2147483646
313 2147483646
671 2147483646
608 2147483646
877 2147483646
153 2147483646
734 2147483646
889 2147483646
168 2147483646
763 2147483646
911 2147483646
495 2147483646
73 2147483646
251 2147483646
129 2147483646
337 2147483646
586 2147483646
938 2147483646
997 2147483646
335 2147483646
415 2147483646
317 2147483646
676 2147483646
569 2147483646
99 2147483646
314 2147483646
836 2147483646
417 2147483646
527 2147483646
838 2147483646
906 2147483646
450 2147483646
176 2147483646
362 2147483646
240 2147483646
332 2147483646
755 2147483646
996 2147483646
310 2147483646
754 2147483646
978 2147483646
761 2147483646
266 2147483646
756 2147483646
791 2147483646
74 2147483646
269 2147483646
58 2147483646
920 2147483646
297 2147483646
5 2147483646
477 2147483647
266 2147483647
605 2147483647
108 2147483647
376 2147483647
998 2147483647
805 2147483647
625 2147483647
363 2147483647
458 2147483647
182 2147483647
570 2147483647
782 2147483647
528 2147483647
728 2147483647
248 2147483647
480 2147483647
834 2147483647
884 2147483647
712 2147483647
414 2147483647
720 2147483647
495 2147483647
384 2147483647
524 2147483647
487 2147483647
998 2147483647
856 2147483647
404 2147483647
983 2147483647
827 2147483647
856 2147483647
618 2147483647
995 2147483647
172 2147483647
402 2147483647
932 2147483647
129 2147483647
252 2147483647
822 2147483647
905 2147483647
593 2147483647
20 2147483647
44 2147483647
969 2147483647
761 2147483647
53 2147483647
712 2147483647
241 2147483647
960 2147483647
702 2147483647
725 2147483647
996 2147483647
111 2147483647
637 2147483647
429 2147483647
369 2147483647
200 2147483647
274 2147483647
285 2147483647
672 2147483647
229 2147483647
196 2147483647
670 2147483647
328 2147483647
350 2147483647
172 2147483647
368 2147483647
938 2147483647
220 2147483647
921 2147483647
899 2147483647
129 2147483647
236 2147483647
948 2147483647
613 2147483647
574 2147483647
950 2147483647
489 2147483647
143 2147483647
444 2147483647
349 2147483647
32 2147483647
26 2147483647
516 2147483647
81 2147483647
344 2147483647
873 2147483647
566 2147483647
690 2147483647
369 2147483647
567 2147483647
724 2147483647
622 2147483647
386 2147483647
38 2147483647
535 2147483647
84 2147483647
456 2147483647
66 2147483647
536 2147483647
711 2147483647
875 2147483647
