702
189 1
94 1
449 1
234 2
380 6
87 6
336 7
231 7
269 8
249 9
108 9
151 9
377 10
3 11
171 12
88 13
446 14
266 14
260 14
357 16
70 16
26 19
122 19
30 19
134 20
381 20
192 21
32 22
460 23
316 23
367 25
314 26
403 26
447 26
81 27
405 28
15 28
322 28
110 28
106 29
154 30
341 33
39 34
273 34
418 34
275 36
221 37
278 37
168 38
352 38
163 38
292 38
423 40
158 41
437 43
375 43
208 44
122 44
218 46
464 48
259 48
72 48
487 49
79 49
415 50
336 50
145 52
421 56
251 57
313 58
276 59
201 60
247 62
28 64
50 66
96 68
470 68
284 68
76 70
60 70
384 72
310 73
313 74
402 74
428 76
77 76
268 77
33 77
351 77
28 81
228 83
34 84
314 87
235 88
293 93
427 94
476 96
124 96
201 97
261 98
460 98
217 101
378 101
127 104
253 105
242 105
327 105
292 105
306 109
377 110
448 111
108 113
360 113
226 113
126 114
460 115
407 117
281 119
481 120
341 121
98 122
40 123
368 125
422 129
361 129
423 129
113 129
272 130
146 131
152 131
332 132
205 132
344 134
428 135
52 139
226 140
246 140
186 141
429 142
3 142
187 144
177 144
175 144
280 144
285 147
171 149
111 151
429 153
19 153
143 154
35 154
126 155
105 158
447 159
283 161
406 162
479 163
417 163
384 163
82 165
237 165
337 165
47 165
186 166
213 166
61 166
142 167
227 167
61 168
253 169
250 169
83 170
272 172
383 174
465 175
75 175
158 176
349 176
306 177
346 178
275 178
357 179
100 179
416 180
446 180
147 182
452 188
437 189
135 189
456 189
433 190
334 190
158 190
36 190
83 194
347 196
118 196
210 197
337 199
29 200
345 206
384 206
294 206
326 210
361 210
133 210
121 211
173 212
367 213
459 214
293 216
266 219
356 219
32 220
270 220
405 221
325 222
190 224
336 230
9 232
352 235
84 237
181 238
239 240
53 240
139 241
309 241
244 242
78 243
136 243
335 244
4 244
291 245
154 246
260 246
20 246
251 247
77 247
53 249
52 251
265 253
227 256
84 256
199 257
229 257
267 258
294 259
387 259
284 259
438 261
5 263
336 265
96 265
344 266
126 266
205 269
277 269
206 270
36 271
159 271
70 271
225 273
45 273
297 273
188 273
436 275
328 275
211 275
421 279
329 280
442 280
309 282
377 284
8 285
250 285
170 285
177 286
194 287
376 287
276 288
362 289
105 289
277 290
351 291
80 292
344 292
291 294
222 294
104 294
119 296
384 297
70 299
257 306
275 309
27 310
308 311
241 312
454 313
212 316
93 318
283 318
243 319
406 323
338 325
407 327
339 327
123 328
248 329
424 330
451 330
319 332
52 332
293 333
41 334
6 335
74 335
399 336
338 336
365 339
1 340
160 341
252 343
62 343
443 344
333 345
470 348
444 348
93 351
136 352
460 354
20 354
305 354
419 355
57 355
360 358
465 359
351 359
215 360
139 361
126 362
43 363
222 364
323 366
285 370
168 370
4 371
485 371
426 372
396 372
6 372
52 372
294 373
99 373
302 373
157 374
332 377
442 379
105 379
276 379
63 380
132 380
339 382
308 382
254 383
374 383
460 383
452 383
374 385
66 385
169 386
418 386
206 389
322 389
22 390
249 390
73 391
426 391
428 392
95 393
187 393
5 397
251 398
175 398
345 400
149 401
465 402
146 402
130 403
485 403
351 403
47 403
405 403
26 403
347 405
249 407
300 410
298 412
43 412
281 415
50 416
438 418
325 418
304 419
451 419
397 420
156 421
114 422
458 423
213 423
313 425
194 426
345 426
482 427
425 428
302 428
261 429
379 430
179 432
203 434
455 434
387 435
78 436
315 438
327 439
449 440
285 440
385 440
107 440
339 440
87 441
255 442
439 442
128 442
429 445
34 447
354 448
421 448
116 448
361 451
345 453
449 454
246 454
316 455
322 455
449 456
356 460
37 460
308 460
117 461
8 461
379 463
268 464
255 464
196 465
178 465
86 467
298 468
328 468
459 470
173 473
247 474
215 475
314 477
69 477
482 479
445 483
162 484
54 485
464 486
360 488
147 489
91 490
141 491
291 491
42 493
117 495
393 495
10 498
413 498
461 499
116 499
449 501
199 501
250 501
435 502
262 503
439 505
467 506
103 506
383 507
80 509
49 509
318 510
27 511
40 513
348 514
130 515
409 516
451 517
426 519
41 519
329 520
113 520
79 521
171 521
171 522
57 523
336 524
311 525
60 526
412 528
39 528
88 528
31 529
64 531
421 535
176 536
319 537
232 539
83 540
296 540
304 541
342 541
87 545
250 546
237 546
410 547
76 550
126 550
423 550
480 554
399 554
136 556
461 556
211 557
228 558
38 559
108 560
289 561
201 562
443 563
266 563
263 563
235 564
437 564
62 565
308 566
267 566
4 567
137 568
100 568
69 569
330 569
450 570
455 570
168 572
326 572
305 574
254 574
99 574
21 574
50 575
127 577
146 578
161 578
60 579
149 580
234 581
38 582
83 582
20 585
61 585
176 585
49 585
94 586
468 588
211 588
105 591
393 593
286 595
64 597
183 599
301 600
381 601
372 601
26 602
442 602
458 603
119 603
81 604
27 605
32 609
143 610
50 610
90 611
263 611
322 611
440 612
362 612
126 613
97 614
236 616
144 617
431 617
487 617
185 620
317 623
350 623
417 625
255 625
398 625
125 626
333 626
29 629
373 631
246 632
487 632
75 635
429 636
185 636
37 637
191 639
201 640
187 640
172 641
380 645
364 647
380 647
205 647
309 647
139 648
12 648
424 650
277 651
270 652
70 653
146 654
402 656
243 656
210 657
136 657
46 657
415 657
217 658
355 658
262 658
271 659
319 660
351 661
16 662
400 662
325 663
149 663
327 663
189 664
290 667
448 667
375 667
409 672
169 672
372 674
390 676
244 677
406 678
64 680
265 681
222 682
37 682
21 683
396 683
261 685
96 686
42 687
267 688
98 692
235 692
128 693
163 693
300 693
305 694
59 694
99 696
299 696
219 697
466 697
330 698
370 698
28 699
326 699
383 702
273 703
463 704
299 704
200 707
214 709
145 710
35 711
194 713
236 713
458 713
454 715
42 715
