1000
825 1
890 4
471 5
622 7
534 8
801 8
887 10
822 10
228 11
961 11
184 11
296 12
548 16
305 17
852 18
285 19
426 20
661 20
746 22
622 22
566 24
230 25
474 25
991 25
521 26
102 28
835 28
172 29
398 29
934 31
782 31
916 31
60 32
148 32
942 32
391 33
345 34
574 34
240 35
44 36
531 37
244 38
631 39
216 40
788 40
112 41
384 42
817 42
284 42
415 43
546 44
775 45
76 46
129 46
399 46
528 46
963 49
49 50
802 50
3 52
542 54
649 54
268 55
127 59
398 65
861 65
672 66
268 67
703 69
310 69
881 70
533 71
224 72
335 74
681 74
48 77
430 77
967 81
612 83
670 84
973 85
968 86
891 88
266 89
543 90
541 91
644 91
51 91
614 92
667 92
360 92
193 94
758 94
226 95
856 97
251 97
385 101
443 101
948 101
105 102
792 103
816 103
400 105
430 108
695 109
523 110
474 110
300 111
183 111
154 114
855 114
819 114
72 115
338 115
439 116
234 118
765 118
814 119
581 120
617 120
323 121
264 124
641 125
471 128
971 129
33 129
639 130
704 131
596 133
402 134
683 134
868 134
194 135
28 135
87 136
634 136
116 137
748 139
815 141
335 142
883 143
664 144
556 147
222 148
387 148
123 150
459 150
861 151
473 151
795 152
393 152
845 152
78 154
801 158
444 160
172 161
734 163
523 163
480 164
473 167
949 167
810 168
131 169
478 169
949 170
670 172
314 172
992 173
69 173
898 174
263 175
643 175
995 175
780 177
245 178
952 178
201 178
909 180
732 180
717 180
764 181
914 183
779 185
748 189
754 189
794 191
840 193
664 197
829 199
612 200
860 200
66 201
665 201
132 201
151 202
226 202
630 203
881 204
632 204
728 206
825 206
41 208
248 208
669 210
251 211
465 211
255 212
958 212
602 213
890 214
845 215
677 215
697 215
616 221
101 221
165 221
413 222
654 223
677 223
383 224
192 224
414 225
325 226
223 226
31 227
618 227
863 228
919 228
793 229
75 229
718 229
373 230
83 232
750 234
278 235
464 237
9 238
609 239
505 242
310 242
678 242
905 243
364 243
720 244
339 245
328 245
314 246
268 246
546 247
496 247
260 248
339 248
779 248
728 249
313 249
527 251
238 251
581 251
838 251
792 253
328 254
757 254
889 255
160 256
460 256
704 257
24 257
306 257
540 258
437 259
60 259
770 260
311 262
237 263
220 265
846 265
982 266
957 266
195 266
185 266
471 268
754 270
93 271
886 272
721 273
733 277
732 278
358 281
561 282
651 283
822 283
567 284
595 285
718 285
762 286
318 286
734 286
52 289
197 289
945 290
145 290
892 293
215 293
304 294
201 295
249 296
857 296
884 297
496 297
195 300
325 300
712 301
90 302
444 302
373 303
666 303
465 304
781 304
364 306
749 306
472 306
535 308
640 308
190 309
84 310
263 312
961 314
541 315
963 318
321 318
860 320
816 320
349 323
446 323
464 324
872 326
894 327
636 327
853 329
574 330
583 330
365 332
108 335
443 336
528 338
480 341
618 341
720 341
215 344
159 344
989 344
304 344
375 347
841 349
586 349
668 350
338 351
431 355
936 355
588 356
15 357
871 359
855 363
314 364
927 364
996 364
801 364
25 366
342 366
440 367
462 368
367 369
555 370
838 371
105 371
807 371
660 371
657 372
957 372
149 373
376 373
599 374
797 374
572 375
868 375
217 375
555 376
257 376
898 377
580 378
181 379
506 381
328 382
392 382
315 383
114 383
702 384
214 384
710 385
781 387
491 387
297 388
262 389
618 392
151 392
614 395
355 395
829 399
214 401
564 401
348 402
171 405
818 407
601 410
111 411
338 411
428 411
172 412
979 413
132 414
398 416
945 417
985 418
673 418
691 422
918 422
134 423
121 424
536 424
105 424
124 424
938 425
290 426
378 426
415 426
542 426
148 427
287 428
15 429
526 429
572 430
659 430
637 431
833 434
818 435
464 435
67 437
451 437
270 438
462 439
21 447
605 448
945 449
204 449
648 451
360 452
113 453
458 453
211 453
335 453
809 454
662 455
380 456
358 456
184 457
785 459
684 460
993 463
558 463
971 464
101 465
668 470
765 471
944 473
906 474
199 474
453 474
566 474
692 476
418 476
270 477
594 478
813 478
207 480
546 480
112 483
543 484
686 484
507 485
624 488
44 488
247 489
885 489
812 491
206 492
400 493
813 494
270 494
496 495
272 495
703 496
659 497
273 499
312 501
854 501
998 503
562 503
132 503
428 504
141 506
382 508
879 509
524 510
603 511
595 512
366 513
349 516
59 516
819 517
682 518
363 519
931 521
380 521
305 521
387 522
729 522
606 522
314 523
613 526
106 527
314 527
674 528
888 529
286 531
75 533
894 533
661 534
167 535
532 536
133 537
583 537
905 540
879 542
482 543
141 544
621 545
446 549
609 551
69 551
135 552
734 552
946 555
421 556
616 559
733 560
202 561
574 562
86 563
578 563
414 564
344 565
253 566
949 567
282 567
571 567
57 569
692 569
956 571
922 571
561 572
853 573
471 573
677 574
442 578
737 578
366 579
706 580
304 581
349 582
77 583
38 583
303 584
162 585
841 586
258 586
586 587
39 587
29 588
714 588
416 589
358 589
609 591
963 592
679 592
114 594
754 594
531 594
748 595
822 596
694 596
639 597
978 601
9 602
704 602
340 606
600 609
920 610
232 610
154 611
897 611
496 612
62 612
719 612
481 613
450 615
164 615
500 615
492 616
341 619
632 619
551 619
512 620
424 620
226 620
184 621
803 622
446 622
595 623
367 624
735 627
832 629
272 629
259 629
200 629
239 630
297 632
741 634
772 635
835 642
154 643
29 645
640 646
534 647
832 647
683 651
818 651
595 652
480 654
660 656
79 658
185 661
757 662
34 665
174 665
890 670
526 671
420 671
964 672
585 672
320 672
388 675
10 677
46 677
314 678
697 680
671 680
833 680
776 681
89 681
477 681
516 681
853 682
840 684
825 684
489 684
761 684
412 684
605 684
587 692
780 693
221 695
937 695
63 695
758 698
206 700
353 701
944 702
165 702
69 705
661 705
794 705
251 707
894 709
986 711
681 711
440 712
245 712
683 714
868 715
639 717
283 718
392 720
538 720
767 721
819 724
715 726
147 727
952 727
488 729
797 729
31 729
608 730
282 732
215 734
24 735
110 735
826 739
986 739
752 739
506 740
507 742
738 742
936 743
586 745
591 746
490 746
972 747
500 747
350 748
242 750
61 752
161 752
295 753
135 753
553 754
530 754
712 755
154 755
493 755
335 756
304 756
434 759
318 760
339 760
840 762
578 762
516 764
576 765
97 766
656 766
671 768
806 768
448 769
104 770
235 771
542 772
677 772
349 773
280 775
602 775
862 776
333 776
512 776
669 777
307 779
143 780
411 781
49 781
252 781
32 782
30 783
870 783
839 783
146 783
138 784
917 786
525 786
363 786
378 786
838 787
218 788
524 789
320 789
296 790
381 791
893 791
353 792
899 792
767 792
672 795
389 795
749 795
859 797
968 799
725 800
889 800
452 800
691 802
778 803
471 804
892 805
898 805
496 806
165 807
235 807
534 808
493 808
116 809
323 811
785 812
222 812
403 813
956 813
377 813
687 814
308 814
804 815
544 816
611 817
59 818
816 820
185 825
655 826
90 826
932 827
482 828
990 829
527 830
973 833
983 834
420 836
929 837
819 837
310 837
744 838
453 840
137 841
254 841
607 842
767 845
886 845
62 848
727 849
275 849
885 851
166 851
245 852
1000 853
212 853
785 854
532 855
884 856
547 857
684 857
988 859
584 860
966 862
939 863
308 863
684 867
433 867
38 868
524 868
630 869
347 871
378 874
655 875
565 876
568 876
607 879
100 879
917 880
357 880
52 880
682 882
280 883
224 884
229 884
941 886
916 886
813 886
175 887
371 887
326 889
409 890
650 892
585 892
199 893
944 893
916 894
106 895
880 897
479 900
209 901
673 902
87 902
420 903
821 903
413 904
871 905
265 905
556 907
958 908
139 908
884 909
465 909
288 912
525 912
832 912
105 915
61 915
804 917
367 917
130 918
56 919
365 919
42 920
79 922
868 924
903 926
597 926
537 927
584 928
512 933
904 933
957 935
476 936
854 936
408 936
252 937
848 938
410 938
118 938
674 939
515 940
652 941
891 941
533 941
772 941
58 943
817 943
878 943
149 945
583 946
587 947
839 948
787 948
328 949
382 950
27 951
598 951
426 951
558 951
737 952
957 952
886 952
380 954
525 955
402 957
393 957
199 958
363 961
315 961
280 962
502 963
96 966
354 966
746 966
607 968
19 969
705 970
952 971
303 973
56 974
235 975
790 975
160 975
943 975
367 979
564 979
788 979
70 980
165 982
130 984
452 985
691 985
541 986
761 988
53 989
676 989
974 990
173 992
333 993
971 995
56 995
194 997
139 997
932 998
510 999
662 999
