972
543 0
296 2
746 3
294 4
357 4
628 6
617 6
883 7
737 7
175 9
1 10
677 11
173 13
104 14
122 14
767 19
489 20
501 22
360 22
505 23
607 23
250 23
762 24
740 24
131 24
150 25
577 27
575 30
476 32
815 32
147 34
390 36
17 38
211 38
100 39
136 39
800 40
398 40
944 44
483 44
263 46
189 47
189 48
259 48
456 48
418 49
827 52
51 53
939 55
12 58
557 58
164 58
905 60
18 60
836 60
519 61
487 63
50 64
884 64
126 70
478 71
743 72
913 72
837 73
764 73
529 73
200 74
217 76
695 76
135 78
373 79
777 79
353 80
933 81
106 84
992 85
183 86
297 86
640 90
360 93
821 97
839 97
603 97
330 98
866 99
547 100
405 101
144 104
272 104
23 105
76 105
849 108
761 108
557 109
539 109
563 109
177 110
557 111
448 111
777 112
930 112
485 113
276 113
73 113
624 113
128 114
198 115
484 115
421 116
867 116
613 117
936 118
253 118
362 119
860 119
793 121
765 123
883 124
874 124
63 125
90 127
81 128
887 129
978 130
778 130
421 130
392 131
485 131
753 131
643 132
535 134
407 135
640 135
434 135
350 135
385 140
142 142
168 143
590 145
397 146
774 146
244 147
300 148
483 148
337 148
361 149
382 149
389 149
235 151
756 151
344 151
44 152
507 153
78 155
776 156
878 157
486 157
313 158
870 158
886 160
558 161
73 162
447 162
958 162
706 165
846 165
139 167
936 168
361 168
767 169
331 170
20 170
589 172
997 172
617 173
699 173
482 174
49 175
528 175
531 176
727 179
310 181
431 182
394 183
49 184
267 184
134 186
752 187
268 187
573 187
19 189
1000 192
654 194
847 195
820 196
914 197
192 198
639 198
124 199
15 200
560 202
23 203
326 203
263 205
380 206
265 206
482 207
555 208
457 208
973 211
69 212
708 212
420 213
81 213
295 214
808 214
454 214
652 214
134 215
559 216
764 218
123 218
968 218
923 219
416 219
580 220
178 221
934 221
277 222
500 226
25 228
848 228
359 228
314 229
354 230
889 231
587 231
793 236
442 236
156 237
167 238
158 239
83 240
606 240
26 242
305 242
46 243
365 244
757 245
165 246
708 248
705 248
325 248
839 248
364 249
644 250
839 250
982 251
254 251
507 251
884 253
482 257
532 258
884 259
545 260
547 260
527 260
143 260
502 261
101 262
666 262
116 265
306 265
595 267
96 268
300 268
117 268
662 273
944 275
798 276
594 279
562 280
306 280
689 282
776 283
148 283
298 283
887 284
378 285
39 288
838 290
284 290
215 290
190 291
954 292
406 293
321 293
977 296
909 297
854 297
324 297
157 297
268 301
268 301
217 302
900 303
99 306
335 307
461 308
37 310
471 311
804 313
907 313
514 314
771 314
518 315
951 316
648 317
630 318
407 319
845 320
257 320
404 322
901 322
179 323
856 325
790 326
497 328
954 330
517 333
604 333
306 334
235 334
738 334
537 335
6 337
851 338
377 339
261 343
664 347
512 347
518 348
594 349
400 351
613 352
733 353
532 354
958 356
170 356
464 357
838 359
378 360
809 363
491 364
859 366
434 367
592 367
798 368
19 369
91 370
836 373
500 375
314 375
176 377
757 377
406 378
815 380
508 381
448 382
471 382
32 384
976 385
844 386
167 386
119 386
778 387
913 390
790 390
665 392
446 392
78 395
907 395
804 395
536 395
981 396
27 397
71 398
385 398
884 399
822 399
30 402
977 403
467 405
505 405
165 407
846 407
334 408
150 411
384 411
356 413
643 414
906 415
769 416
331 417
695 418
200 418
297 418
643 419
139 419
492 419
533 419
583 420
124 421
438 422
656 422
482 424
743 425
222 426
663 426
216 426
607 429
339 429
488 431
933 434
79 434
501 434
553 435
383 437
315 438
728 440
399 441
285 442
365 442
937 442
483 444
528 444
943 445
814 447
765 447
453 451
275 451
809 452
32 454
698 455
562 456
189 457
358 458
527 458
38 460
124 461
205 462
264 462
291 464
463 464
635 464
100 465
828 465
830 468
980 469
92 471
178 471
686 472
53 473
726 474
173 475
289 475
524 477
363 478
490 478
400 480
34 480
117 481
479 483
87 483
979 485
559 485
175 485
63 486
110 486
848 488
440 488
438 488
547 488
71 488
779 492
484 497
738 497
210 498
811 499
334 500
619 501
625 501
589 501
886 501
754 501
23 503
355 504
866 504
28 506
197 507
816 508
279 510
828 510
24 511
804 512
243 513
627 514
264 515
644 519
830 519
607 520
850 520
386 522
141 522
900 523
775 524
689 524
488 524
666 528
314 534
323 535
352 535
97 537
768 539
583 540
485 540
288 540
854 542
17 542
911 545
273 546
125 546
201 547
463 548
790 551
320 551
924 552
364 553
8 553
488 553
474 554
9 554
171 556
692 557
835 557
414 557
647 561
354 562
102 564
457 565
266 565
149 566
603 566
938 571
881 571
155 572
611 575
905 577
20 577
395 577
452 578
750 578
12 580
927 581
711 583
977 583
483 583
521 584
801 585
605 586
680 586
435 587
705 587
791 594
994 594
251 594
140 595
479 596
702 596
45 597
469 598
499 598
868 599
638 599
908 600
873 602
722 603
901 603
517 604
347 604
6 605
972 606
30 606
478 607
228 608
931 609
97 610
930 611
182 613
564 614
936 615
209 617
404 617
663 618
38 623
550 626
965 630
980 630
541 631
828 632
691 633
198 634
694 634
271 635
801 635
29 635
39 636
537 638
404 638
39 638
796 639
536 640
173 640
222 642
162 643
692 645
94 645
280 647
401 648
517 650
956 650
333 651
876 651
843 651
76 653
981 653
359 653
412 654
323 655
111 655
979 655
551 655
911 657
343 658
174 658
550 659
872 659
136 660
825 661
445 665
627 666
46 666
724 667
7 668
735 672
62 673
671 674
314 674
789 675
278 675
707 676
828 677
852 679
646 679
94 681
464 681
756 681
363 682
29 684
353 684
628 685
127 685
637 687
468 688
547 689
144 690
325 691
584 692
205 692
511 694
480 694
910 695
177 696
675 697
207 699
316 700
727 700
455 701
901 701
594 701
963 702
887 703
718 703
799 704
3 704
341 707
69 708
98 708
537 709
704 710
321 711
793 712
150 715
613 715
186 716
111 717
969 717
533 718
423 719
75 720
107 720
813 721
458 723
279 723
852 724
258 725
327 726
342 732
407 735
599 736
726 737
674 737
376 739
471 739
459 741
936 741
158 742
407 746
226 747
72 747
140 748
495 750
652 751
79 752
128 752
104 752
32 755
614 756
924 756
795 758
376 758
584 758
311 759
863 760
593 760
253 761
229 761
681 762
941 766
269 766
378 766
831 767
68 767
326 767
77 769
428 770
626 772
493 773
267 776
545 777
883 777
432 779
338 779
891 780
170 780
370 781
717 781
124 781
219 781
400 782
565 782
925 790
69 790
262 791
752 791
654 792
132 792
925 792
301 792
420 794
863 796
606 797
347 799
376 801
384 802
562 803
220 806
913 808
992 810
598 812
180 813
433 814
647 817
409 817
614 818
435 820
283 820
808 820
13 821
62 822
542 823
913 825
702 825
867 829
297 829
171 833
578 838
631 839
105 845
47 847
521 847
231 848
423 850
698 850
102 850
102 851
345 852
818 852
46 855
322 855
607 856
549 858
663 859
63 859
850 860
175 862
913 865
547 866
443 867
650 869
931 869
498 871
904 872
29 874
695 875
29 876
692 876
404 878
337 878
848 879
882 879
997 879
858 882
558 882
628 882
411 883
528 883
854 884
307 885
828 885
99 887
812 891
366 892
502 893
526 895
231 898
267 899
128 900
773 900
742 900
535 901
210 901
297 903
470 903
300 906
574 906
873 907
258 908
581 908
900 909
439 909
5 909
507 911
634 911
779 914
242 915
834 915
543 915
815 916
820 918
933 918
612 919
233 920
350 920
929 921
259 923
652 923
237 924
456 925
258 925
508 925
408 927
369 927
708 929
124 931
156 931
262 932
431 933
484 935
654 935
157 937
721 937
290 937
669 937
812 938
784 939
932 940
763 941
630 941
342 942
653 943
243 944
984 944
94 944
697 945
664 945
185 949
170 950
590 950
532 950
218 951
733 951
610 952
423 953
85 954
867 957
871 957
619 957
176 958
237 958
565 960
154 963
917 963
871 966
864 966
237 967
569 969
667 969
684 971
955 972
472 974
771 975
706 977
84 979
705 979
749 980
580 981
6 982
370 982
33 982
5 983
326 983
335 983
995 984
285 985
399 985
929 986
528 986
445 987
148 988
139 990
626 991
213 994
13 994
195 994
178 995
118 995
124 996
614 996
593 997
743 998
77 1000
