203
943 6
522 6
598 18
917 19
876 25
986 27
696 27
912 36
31 38
905 46
935 47
520 47
77 48
774 50
561 70
852 71
316 72
388 95
344 97
40 98
497 99
859 104
678 104
254 114
458 119
486 121
705 122
939 124
341 125
942 130
73 148
854 150
808 151
874 155
807 165
283 168
390 182
239 183
949 183
834 194
737 203
532 204
523 208
213 209
214 213
162 218
215 220
693 225
63 225
528 231
750 232
654 233
234 236
642 236
111 245
788 248
174 257
45 264
847 264
785 265
934 279
557 279
895 282
871 282
221 284
80 287
26 288
355 294
484 297
554 306
900 306
948 312
287 314
456 316
495 320
933 321
59 323
891 341
157 353
816 354
967 356
613 369
995 373
54 388
943 393
827 393
701 397
739 397
906 403
764 410
809 414
914 433
342 439
807 439
923 441
57 441
883 446
703 452
548 453
234 453
390 460
309 469
420 483
799 487
350 491
248 492
32 511
384 530
139 533
610 534
698 545
412 551
236 554
17 566
155 576
320 576
460 590
533 601
755 608
965 612
571 620
844 626
409 630
847 635
373 636
615 642
158 642
916 643
229 647
576 654
832 654
940 668
164 669
993 674
167 674
380 675
853 679
584 685
814 690
742 692
145 692
757 693
537 703
325 706
704 708
621 710
470 711
997 713
182 720
874 721
35 723
179 728
258 730
195 734
423 746
205 764
617 765
916 768
344 770
318 772
264 784
146 788
400 802
575 806
911 813
815 819
413 819
847 821
48 828
458 840
353 840
756 846
928 848
148 850
34 852
278 853
596 854
270 854
289 860
859 870
177 892
699 893
497 893
245 898
345 903
829 904
101 913
574 915
601 921
261 926
779 931
457 935
16 937
208 944
904 954
929 958
891 962
918 972
132 975
589 978
500 983
139 984
825 997
