308
227 0
36 0
164 0
2 1
563 1
677 1
713 2
716 3
266 3
620 3
168 5
413 5
659 7
628 7
625 8
33 9
251 9
199 9
56 9
116 9
222 10
255 10
583 10
465 10
119 10
449 11
350 12
2 12
509 13
188 14
136 14
614 15
343 15
138 15
436 16
47 18
696 18
377 19
246 19
381 20
582 21
647 22
133 22
275 23
157 23
61 24
624 24
30 24
325 25
542 25
183 25
585 25
605 26
492 26
259 26
203 26
400 27
312 28
188 29
235 29
470 29
355 29
157 30
684 30
475 31
688 31
65 32
609 32
549 33
72 33
447 33
420 33
597 36
572 36
624 36
297 36
410 37
27 38
189 40
288 41
232 41
299 41
634 41
546 43
151 43
335 44
525 44
683 46
439 46
693 47
639 47
701 47
677 47
455 48
568 48
256 48
202 48
34 49
577 49
257 50
4 50
168 50
624 50
461 51
124 51
413 51
629 52
555 53
584 53
289 53
180 53
498 54
110 54
264 54
652 55
148 55
159 55
325 56
42 57
518 59
297 59
26 59
262 59
424 60
386 60
137 60
9 61
320 61
50 62
175 62
149 62
715 62
106 63
322 63
275 63
306 64
66 64
515 65
161 66
4 66
718 66
296 67
408 67
582 68
284 68
281 69
682 69
69 69
608 70
550 70
697 70
193 71
607 72
648 72
616 72
226 73
159 73
295 74
38 74
648 75
715 75
327 76
657 76
69 76
31 76
98 77
702 77
81 78
65 78
352 78
186 79
326 79
639 80
454 80
331 82
56 82
337 83
74 83
126 85
319 85
120 86
47 86
457 87
37 87
645 87
539 87
247 87
618 88
656 88
570 88
440 88
380 88
262 89
211 89
374 90
624 90
270 90
158 90
241 90
713 91
130 91
299 92
681 92
74 92
702 93
195 93
205 93
191 94
98 94
362 94
531 94
707 95
579 96
461 96
234 96
507 96
447 96
399 97
321 97
685 98
248 99
468 99
350 99
108 101
375 102
346 102
717 102
529 103
352 103
461 103
375 104
654 105
83 105
425 106
483 107
431 107
223 107
337 109
595 110
170 111
655 112
244 112
393 112
617 113
607 113
131 114
101 114
15 114
643 114
213 114
513 114
198 115
195 116
620 117
499 117
25 118
298 119
198 119
463 119
372 119
704 120
79 120
657 120
102 120
392 120
685 120
450 120
224 121
291 121
508 121
158 121
507 121
479 121
429 121
673 122
480 122
376 122
701 122
95 123
668 123
174 124
285 124
354 124
114 125
30 125
344 125
669 125
653 126
285 126
203 127
465 127
621 127
562 127
377 128
35 128
260 129
2 129
612 130
557 131
652 131
485 131
580 132
342 133
556 133
350 133
4 133
611 134
544 134
