1000
687 0
978 0
917 1
264 2
404 3
416 4
888 4
628 4
293 5
107 6
645 6
271 8
511 8
284 10
277 10
885 12
997 16
182 17
96 19
3 19
399 25
674 27
533 27
103 27
128 28
825 28
1000 30
87 32
375 33
444 33
90 33
37 35
241 37
412 38
877 38
520 39
275 39
562 40
482 40
696 40
984 40
435 43
906 44
259 44
73 45
576 45
827 46
258 47
567 47
98 48
375 48
252 49
335 49
221 50
161 51
509 52
159 53
580 54
420 54
865 54
169 54
518 55
663 55
334 56
247 56
926 57
716 58
802 59
235 59
848 61
170 63
170 63
56 65
322 65
458 65
270 66
981 67
149 67
626 68
948 70
170 72
771 73
755 73
291 74
23 74
600 75
725 76
379 77
785 78
572 80
240 80
513 80
497 83
945 84
913 84
966 86
377 89
847 90
760 91
586 91
742 92
497 93
135 94
64 95
681 96
400 98
617 102
399 102
446 104
361 105
285 106
175 106
423 109
480 110
933 110
776 113
968 113
825 114
435 114
594 114
281 115
829 115
141 115
199 117
391 117
712 117
117 117
71 118
284 118
913 121
514 122
501 122
454 122
332 122
579 123
429 126
352 126
837 126
89 127
575 127
154 128
92 128
922 128
262 128
258 129
248 130
136 131
850 132
599 132
214 133
103 134
166 134
391 134
63 137
940 140
759 141
536 141
932 142
14 143
394 144
810 145
547 145
511 146
192 147
68 150
971 154
664 154
178 157
889 158
507 159
326 161
859 161
467 162
543 163
618 164
577 165
741 167
471 168
712 169
517 170
65 170
71 171
773 173
399 173
496 177
849 178
664 179
88 181
571 181
313 182
307 182
79 182
396 182
996 183
1 186
726 186
744 187
153 187
161 187
49 188
74 189
236 189
493 190
945 190
736 190
683 190
582 191
45 192
136 192
226 195
833 196
62 196
123 199
748 199
71 199
692 199
49 201
745 201
367 203
212 204
348 205
938 207
104 207
923 210
574 212
443 215
27 219
830 220
572 224
450 224
522 225
993 227
328 228
136 229
397 229
583 233
479 234
226 235
723 235
457 235
513 237
194 239
321 239
701 240
479 244
890 244
289 244
652 245
805 245
434 247
860 247
605 248
88 248
469 248
533 248
559 248
752 248
22 252
680 252
325 252
98 253
519 253
335 255
353 255
772 256
171 256
590 256
711 259
459 259
36 260
362 260
206 262
751 262
176 264
38 265
135 269
292 271
597 275
999 276
952 278
423 278
617 279
653 280
946 281
617 282
506 282
839 283
75 284
512 284
408 286
580 286
24 287
261 288
793 290
801 292
707 293
229 295
602 295
213 296
32 297
43 297
649 299
621 300
788 301
973 304
665 305
694 305
630 307
864 307
261 308
988 308
671 310
96 310
726 311
605 312
653 312
747 313
467 313
388 317
700 319
708 319
295 319
809 319
914 322
50 324
141 324
605 326
84 328
162 328
529 330
129 330
464 331
433 331
263 333
292 333
234 335
431 337
393 337
264 340
18 340
400 341
991 341
10 341
355 341
633 342
70 344
315 344
427 345
611 346
109 347
478 348
82 349
109 349
592 349
158 351
70 351
805 351
130 351
376 352
764 352
985 353
326 353
579 353
742 353
763 354
537 355
715 355
346 355
103 355
115 356
304 357
506 357
539 358
936 360
363 361
403 362
539 364
608 364
98 366
436 366
305 368
627 368
986 369
132 369
711 372
86 374
842 376
795 378
977 378
891 380
882 382
176 385
270 387
265 387
624 388
526 389
907 390
836 392
880 395
212 395
833 396
222 396
158 397
718 398
446 399
466 400
945 402
433 403
525 404
839 404
608 405
973 405
699 406
682 406
866 407
602 408
69 408
539 410
207 410
891 411
607 412
795 416
416 417
842 418
289 418
76 418
80 420
265 420
686 422
25 422
815 422
780 423
854 425
1000 426
338 430
452 431
675 433
71 434
765 435
284 436
538 437
794 437
702 437
192 438
469 438
166 439
345 440
957 441
216 441
264 443
37 443
129 447
28 448
106 449
500 450
777 453
670 453
704 454
413 454
921 455
977 456
905 457
637 457
419 458
250 461
325 463
746 463
216 464
977 464
452 465
611 465
83 466
606 466
474 468
985 468
589 468
69 468
426 471
429 472
17 473
852 474
6 474
235 475
170 475
53 477
243 477
402 481
308 481
437 483
809 484
209 484
295 486
776 487
830 488
500 491
223 491
222 492
829 492
386 493
823 494
555 499
515 500
12 502
649 502
430 505
450 506
910 506
440 507
66 507
464 508
722 509
28 510
292 510
835 510
728 510
874 511
223 514
305 516
315 517
412 519
668 521
833 521
195 523
103 524
547 525
917 525
156 528
489 528
639 529
428 529
858 531
829 533
832 534
789 535
125 536
625 537
854 538
149 539
365 541
7 542
325 543
595 545
913 545
898 545
725 547
716 549
702 550
871 550
902 551
802 551
436 552
222 552
156 552
551 553
737 553
698 555
664 557
175 557
260 557
976 557
40 559
932 559
548 561
206 561
346 562
311 563
31 563
459 564
243 565
619 567
477 570
514 571
408 571
173 572
279 573
309 573
345 574
801 576
929 577
542 578
525 578
469 579
496 579
665 581
70 581
837 582
968 582
516 584
181 584
797 586
163 586
510 586
678 587
514 588
254 590
188 590
863 590
351 594
992 595
550 595
187 595
357 595
285 599
409 599
763 599
382 600
952 600
110 601
751 601
736 603
12 604
368 605
646 605
353 608
907 608
361 609
205 610
466 611
657 612
484 612
408 613
820 615
338 616
785 617
932 619
935 621
791 621
420 621
414 623
65 625
909 625
764 627
66 629
496 629
325 630
465 630
376 632
698 633
156 633
590 634
941 634
327 634
41 634
409 636
211 636
13 636
146 638
496 638
582 639
481 639
870 643
663 644
281 644
999 645
425 647
103 650
548 653
288 654
433 654
373 655
602 655
234 655
55 655
46 656
583 657
781 657
39 658
656 658
57 659
596 660
150 661
559 661
198 662
906 665
723 666
388 666
838 667
828 667
483 668
872 669
180 669
848 670
290 673
592 675
74 675
410 676
944 677
805 679
972 680
681 681
194 682
244 685
484 686
894 686
363 690
81 691
212 691
821 692
387 693
833 694
28 695
218 696
381 696
683 697
759 697
855 697
254 698
41 698
881 698
779 702
507 703
759 705
892 707
782 707
570 708
357 708
157 709
166 709
229 710
256 712
353 712
275 713
537 716
711 716
582 717
492 719
896 720
630 720
19 724
901 724
479 727
85 727
514 731
256 732
788 732
165 733
196 734
817 740
119 741
273 741
414 743
806 743
475 743
577 744
339 744
989 746
574 747
961 748
681 748
672 748
873 749
304 750
751 751
36 753
763 753
964 754
79 759
515 759
26 759
804 761
679 761
576 763
634 763
210 765
282 768
644 768
645 769
482 769
993 772
296 775
826 779
31 780
988 780
829 781
981 781
957 781
748 782
628 784
799 786
87 786
896 787
502 787
301 788
802 788
801 790
59 791
468 794
235 795
649 796
89 797
91 797
708 797
629 797
415 798
567 799
189 799
200 799
50 800
671 800
165 800
434 800
219 801
748 802
661 806
500 807
940 807
838 807
709 808
281 810
998 811
120 813
326 813
924 813
440 813
955 814
989 815
509 815
561 816
685 816
855 816
31 817
186 817
279 819
498 823
157 827
782 827
533 828
916 829
626 830
562 830
470 830
615 830
604 830
321 832
43 832
701 835
841 835
962 836
492 838
264 838
345 841
738 842
377 843
357 843
591 844
257 847
87 849
986 850
1000 850
278 851
346 852
901 853
355 855
630 855
34 856
64 859
173 859
879 862
662 862
662 862
9 862
27 864
380 867
339 869
548 870
660 871
984 872
801 873
167 873
538 874
918 874
152 877
829 878
786 878
936 880
311 880
878 881
79 881
239 882
307 884
306 884
883 886
974 887
175 887
147 891
887 891
164 891
793 892
70 892
923 892
799 893
19 893
408 894
17 894
114 895
363 895
72 896
517 897
42 897
110 898
974 898
461 898
363 900
217 902
256 903
912 903
559 903
891 905
162 905
872 905
461 906
830 907
858 908
340 909
578 910
285 910
510 913
94 915
431 916
700 916
530 917
282 921
331 923
464 924
581 925
877 926
208 927
316 928
752 928
107 929
391 930
237 930
826 932
741 940
551 940
18 940
727 941
402 943
163 943
381 943
383 945
136 945
633 946
310 946
878 946
341 946
823 946
215 947
371 948
944 948
903 948
320 949
667 949
743 950
269 952
948 954
319 959
742 961
825 962
720 962
83 964
804 966
595 966
728 966
146 967
847 967
214 967
929 967
520 968
206 969
780 971
606 971
232 971
416 974
481 976
807 977
903 977
762 980
616 981
99 981
269 981
160 983
618 983
368 983
585 983
401 985
78 985
349 986
115 991
448 992
259 993
619 993
404 995
186 995
393 995
855 996
660 997
921 999
851 1000
255 1000
