1000
705 2
282 4
722 5
978 5
769 5
93 5
90 6
718 9
315 9
696 11
200 13
634 14
451 15
723 16
526 17
95 17
676 17
426 19
563 19
653 20
520 20
113 21
922 22
675 22
897 23
568 23
473 23
156 24
699 25
850 27
929 28
906 29
755 30
89 32
684 35
712 36
380 36
344 37
83 37
905 39
228 39
355 39
851 39
673 39
324 41
469 42
634 42
973 42
178 43
872 43
805 45
860 46
621 46
206 46
758 47
445 47
811 50
470 51
203 51
140 52
247 52
996 52
991 53
415 54
694 55
143 56
580 56
743 56
88 57
458 59
912 59
172 60
815 60
465 61
212 61
303 63
236 63
430 64
157 65
8 65
261 67
682 67
916 72
966 72
568 72
857 73
186 74
952 74
733 75
841 75
450 75
369 77
502 81
514 81
998 82
232 82
315 83
855 84
295 84
46 85
920 86
524 90
181 91
37 91
215 91
600 92
89 94
311 96
530 96
689 97
735 97
812 98
644 100
654 102
942 102
905 105
504 106
989 106
631 107
732 107
945 108
530 108
203 110
541 110
735 112
505 113
32 114
105 114
97 116
473 118
645 118
548 118
85 119
668 119
907 120
396 120
619 122
213 123
764 124
512 126
914 127
125 128
186 128
236 129
855 129
69 130
465 130
615 130
647 131
417 131
170 132
43 133
440 136
805 140
910 141
351 141
336 141
226 142
115 142
516 143
583 145
438 147
99 148
71 148
653 148
790 149
643 150
929 150
395 151
752 151
799 152
530 152
448 155
750 158
832 159
721 159
52 163
365 163
597 165
111 167
189 168
90 168
251 170
281 171
834 173
820 174
752 175
907 175
854 176
697 179
161 179
204 179
492 180
92 182
940 184
108 184
753 185
770 185
323 186
464 191
742 191
391 192
674 192
370 195
719 195
381 196
363 198
969 198
20 199
245 199
891 200
180 201
714 201
312 202
430 202
188 203
390 205
140 205
49 205
956 206
849 208
232 213
975 213
219 214
786 216
882 217
442 218
383 218
363 218
874 222
126 223
63 223
424 223
856 223
823 224
267 225
793 225
848 225
615 226
421 227
657 228
851 229
634 229
729 229
541 230
787 231
925 232
62 232
717 233
853 235
783 235
365 236
383 236
402 236
107 237
820 239
764 239
854 240
74 240
252 240
346 242
256 242
906 244
926 245
990 245
360 246
148 247
582 248
654 250
621 252
110 257
291 257
14 257
137 259
989 260
836 261
925 261
929 262
954 264
238 265
750 266
256 266
953 266
475 267
479 267
792 268
790 269
738 269
83 270
890 272
442 277
598 278
563 279
922 281
307 281
172 281
937 282
652 282
256 283
140 283
372 283
141 284
243 285
787 287
895 288
128 288
31 289
205 290
515 290
937 291
1 292
636 295
291 295
325 296
821 296
957 296
972 297
96 297
729 298
451 299
103 299
119 300
76 300
970 300
320 301
340 301
494 302
148 302
661 302
143 303
33 306
83 307
642 307
281 307
776 308
138 308
141 308
607 309
928 310
436 314
501 316
607 316
124 317
855 318
975 324
531 324
135 326
641 328
951 330
739 330
618 330
996 331
263 331
588 332
646 333
787 334
55 335
866 336
15 338
820 339
173 342
921 343
151 343
350 344
991 349
598 355
591 355
381 356
757 359
920 359
185 359
456 360
878 361
799 361
633 362
411 365
295 366
415 366
616 366
181 368
965 368
984 369
432 369
340 372
266 373
334 374
545 375
95 375
264 375
915 376
864 376
720 377
184 379
533 379
505 379
85 381
745 381
930 382
718 383
748 384
649 385
453 385
416 387
238 387
219 388
253 390
149 393
797 393
265 396
55 396
80 396
285 397
514 397
999 398
495 399
886 399
475 400
914 400
37 401
719 401
476 402
612 405
339 406
346 407
795 408
631 408
568 411
345 412
459 412
355 413
887 413
693 415
680 416
712 418
45 419
436 419
797 420
86 421
45 425
673 426
524 431
378 431
780 432
836 432
893 432
930 433
426 433
429 433
947 434
572 435
697 435
442 435
997 436
3 437
697 438
948 439
383 439
979 440
173 441
943 441
544 441
959 443
20 444
751 444
577 445
935 445
455 447
629 452
4 453
450 454
799 455
786 456
751 456
539 457
410 458
65 458
193 463
686 463
672 464
246 464
514 465
213 466
579 466
256 467
694 469
768 469
303 472
503 474
888 475
358 477
266 478
97 478
213 479
675 479
534 479
245 479
851 480
631 483
544 484
130 484
791 485
347 485
79 485
356 487
53 487
908 488
681 488
22 488
369 489
961 490
262 490
144 491
933 492
620 493
569 496
83 500
538 500
349 503
320 504
459 504
618 505
751 507
325 508
11 511
57 513
677 514
45 514
440 515
825 516
942 517
366 519
757 521
189 522
757 522
122 523
226 523
423 525
928 526
250 528
82 528
488 528
636 528
871 528
655 529
434 530
106 531
654 532
273 532
345 533
342 534
304 535
136 537
619 537
110 537
494 538
830 539
899 539
202 541
904 545
15 545
666 550
507 550
650 550
229 553
377 553
755 554
135 556
264 558
226 558
888 559
415 559
539 563
505 563
413 563
674 564
122 565
414 566
145 567
830 567
292 567
293 568
201 570
832 571
302 571
640 571
344 571
851 572
193 573
861 574
884 575
962 576
234 576
179 579
468 579
909 580
557 581
505 581
373 581
61 582
692 583
175 584
64 585
345 586
660 586
87 588
315 589
200 590
235 590
834 592
673 592
90 594
964 595
411 596
971 596
486 596
51 597
674 598
394 599
576 599
149 600
527 601
552 601
256 602
845 606
3 608
550 608
278 608
335 611
1000 611
778 615
890 616
483 617
511 617
408 619
504 620
796 620
373 620
674 621
990 622
232 623
800 623
890 626
991 626
643 626
932 628
746 629
327 629
778 630
862 630
359 630
830 631
929 633
304 634
351 634
767 635
928 638
592 639
155 640
366 641
554 642
826 642
337 644
72 644
330 645
162 646
136 650
817 651
940 653
125 653
652 653
61 655
820 662
124 663
851 664
408 666
464 668
616 669
602 670
883 670
122 670
880 671
883 672
161 673
110 673
262 673
954 677
798 678
207 678
831 681
824 681
847 682
423 684
267 685
602 685
886 685
207 685
772 686
485 691
317 692
387 695
719 695
580 696
975 696
293 700
190 701
456 702
983 702
360 703
915 705
902 705
400 706
994 706
456 706
603 707
340 708
387 708
587 709
947 710
411 710
516 710
807 711
321 711
59 712
634 713
249 714
6 714
453 714
643 715
449 716
480 719
594 719
529 720
376 721
560 721
272 721
181 724
80 725
475 728
969 730
436 731
834 735
345 736
76 738
213 739
866 739
757 740
263 740
910 741
120 742
653 743
467 744
337 744
881 746
348 748
399 749
812 751
26 756
343 757
382 759
875 763
171 765
202 766
791 767
385 767
171 768
643 769
265 769
156 776
546 777
890 777
403 777
75 777
310 778
508 778
90 779
992 779
901 779
766 779
225 780
443 780
878 781
790 783
778 783
894 786
598 787
751 789
37 790
249 791
641 791
880 792
218 794
604 798
95 800
201 801
843 802
163 802
421 803
542 803
365 804
976 805
393 805
840 806
385 808
876 810
639 812
538 814
604 816
221 817
867 817
322 818
26 819
35 819
257 819
250 822
541 822
326 823
275 825
186 825
348 826
556 827
499 828
964 830
913 830
470 831
385 831
642 833
400 833
757 834
156 834
600 834
74 835
562 835
544 835
693 836
115 836
336 837
95 838
133 838
351 839
441 839
795 840
710 842
433 843
454 843
906 843
111 846
833 847
903 848
217 850
263 851
5 852
98 853
968 854
910 854
931 855
981 858
51 858
540 859
651 860
908 863
692 864
608 865
813 865
622 870
532 871
450 873
269 875
428 875
283 875
38 876
663 878
948 879
61 880
494 880
614 881
964 882
908 883
180 884
432 885
832 886
74 889
543 889
750 890
453 890
950 890
561 891
710 891
758 895
541 895
463 896
885 897
861 898
757 898
247 901
334 902
531 902
54 906
543 906
725 907
502 907
977 909
99 909
638 911
454 912
77 912
17 913
505 913
398 914
466 915
386 915
919 916
630 916
43 916
657 919
122 919
231 919
94 920
410 921
207 922
875 923
598 923
148 923
924 923
970 926
294 927
29 927
877 928
180 930
66 931
686 932
512 933
435 934
76 935
33 935
987 936
75 937
412 938
679 939
412 939
405 940
700 941
953 944
420 945
866 945
251 947
266 948
277 949
464 949
983 953
896 953
481 954
532 954
115 954
54 955
564 955
852 955
119 955
185 959
130 961
285 964
890 964
158 965
320 965
801 965
569 965
366 967
222 968
761 969
13 970
439 972
118 973
91 974
695 974
639 974
345 975
714 978
466 978
562 978
560 979
132 979
499 980
678 980
764 983
596 983
951 985
45 986
945 986
593 986
791 987
177 988
739 989
134 989
879 991
585 991
611 992
792 993
90 994
392 995
104 1000
189 1000
