119
932 5
351 13
115 14
580 17
810 20
511 20
237 23
389 41
500 49
688 61
292 68
792 81
441 83
8 119
215 139
26 168
853 172
58 200
243 204
972 205
931 211
984 211
58 220
194 222
726 222
804 226
358 246
436 269
319 279
855 299
14 305
87 307
725 319
34 331
359 345
808 346
235 348
549 355
217 370
163 404
123 407
305 422
280 434
346 442
292 446
366 457
934 458
526 459
366 463
799 466
37 470
817 481
160 483
715 489
597 489
314 503
86 503
905 503
826 511
712 530
96 534
692 538
553 543
815 546
23 546
68 546
163 549
19 558
969 562
648 563
750 596
271 609
362 632
372 647
930 647
581 648
757 654
936 658
449 661
582 661
602 664
873 665
841 685
142 688
673 711
591 711
521 722
760 723
181 733
121 751
643 762
324 767
118 782
510 791
138 803
415 806
895 815
385 816
407 823
699 840
553 844
245 861
181 867
644 877
10 878
672 885
181 908
314 911
944 919
492 932
487 932
681 963
460 966
759 967
96 971
786 976
873 994
789 995
612 999
