775
238 1
309 1
511 1
508 6
594 7
308 7
843 7
85 12
272 15
760 15
850 15
358 16
109 18
109 19
213 19
84 21
273 21
947 22
340 24
1000 24
920 25
791 27
593 27
399 28
587 28
736 29
369 30
364 31
388 32
436 32
599 33
769 34
752 36
721 36
516 36
617 41
660 42
693 45
798 46
912 48
659 48
986 49
606 50
982 50
595 53
473 53
129 53
284 54
535 57
432 57
495 57
362 57
632 57
190 59
325 60
175 60
476 61
174 61
568 61
125 62
861 62
613 63
901 63
35 74
774 75
779 77
523 77
54 78
15 80
556 81
218 82
27 83
558 84
971 85
960 87
825 87
42 88
16 89
271 90
280 91
878 92
190 92
382 93
309 95
492 95
682 96
96 97
742 98
620 99
492 101
336 102
667 104
360 105
344 107
630 111
568 111
698 113
889 117
858 117
579 119
961 123
602 124
814 129
403 129
411 129
331 131
132 132
694 132
218 136
826 137
214 139
934 139
130 140
371 142
179 142
525 143
151 144
487 145
272 145
987 147
610 147
741 147
642 150
363 153
935 154
79 155
527 155
770 156
440 157
804 159
585 160
658 163
662 163
781 167
951 172
3 172
785 172
982 173
978 173
780 174
521 175
259 175
214 176
760 177
132 178
541 178
330 183
274 183
550 184
941 186
591 187
514 190
743 194
820 194
822 196
414 198
444 199
250 201
313 201
80 208
374 208
154 208
73 209
595 211
611 211
352 212
401 213
484 215
177 216
826 216
707 218
190 221
481 228
234 230
124 230
655 232
880 234
265 236
383 238
636 239
470 239
68 239
379 239
168 242
976 243
257 252
884 253
761 254
85 254
428 254
841 257
429 257
870 259
349 259
632 259
413 260
904 262
776 264
941 270
484 272
949 273
962 276
234 278
696 278
306 281
506 281
104 281
213 282
30 284
554 284
815 285
22 285
819 287
337 287
524 289
303 289
360 290
240 296
798 297
718 299
171 299
141 299
551 301
233 303
563 303
876 306
898 307
921 307
422 307
730 309
909 309
543 310
720 311
545 314
332 317
490 320
890 320
819 321
892 322
147 324
246 324
117 326
240 328
422 328
768 329
611 334
625 335
104 336
889 337
772 337
336 338
552 340
142 340
782 340
926 340
573 341
468 348
339 348
793 349
326 349
491 350
798 352
109 353
309 354
851 355
127 355
934 355
528 357
379 357
635 357
842 362
557 362
612 366
179 367
123 367
392 369
356 369
898 369
711 369
806 370
347 372
189 372
850 372
509 373
754 373
538 374
599 376
217 376
248 377
431 377
226 377
718 379
175 383
331 383
977 383
510 385
409 387
258 388
232 389
340 392
510 392
946 393
963 395
954 399
811 404
526 405
236 405
965 408
949 408
7 411
136 412
752 414
502 415
610 416
86 417
883 417
995 418
665 419
979 420
827 420
790 422
191 423
675 423
934 424
934 425
900 427
399 428
12 428
986 431
91 431
865 431
395 433
903 436
984 441
330 443
945 446
33 447
8 448
505 448
512 449
509 450
808 451
343 452
439 454
400 454
432 456
729 457
53 457
519 457
242 460
927 463
873 465
761 466
254 467
459 467
121 468
328 468
874 468
947 470
68 471
429 472
496 473
851 473
94 475
886 475
966 476
670 476
531 478
563 479
453 481
559 483
146 489
503 489
561 490
108 491
276 491
952 492
419 493
495 494
179 498
75 499
836 499
123 500
918 500
585 501
734 501
142 505
426 507
635 507
808 507
727 508
756 508
401 514
862 514
238 514
409 516
979 517
68 517
546 520
325 521
463 522
369 523
831 524
592 525
565 527
835 528
674 530
971 531
789 531
362 532
506 532
993 535
478 536
832 536
136 536
741 538
221 544
986 544
911 544
637 544
366 545
649 545
825 549
372 550
818 553
10 555
736 555
622 556
315 556
921 558
157 559
367 560
12 563
126 563
697 563
612 563
365 564
747 565
499 565
207 570
79 570
407 570
22 571
763 572
479 572
569 573
379 578
113 579
546 580
740 580
262 581
109 585
659 588
675 589
708 590
892 591
116 592
57 593
53 594
322 595
470 596
83 596
268 597
97 602
383 605
11 606
209 607
616 608
144 608
369 609
626 611
182 612
455 612
902 613
381 614
585 615
499 616
329 616
912 617
839 621
237 621
702 622
387 625
69 625
311 627
83 627
239 630
700 632
393 632
491 632
932 634
323 634
711 634
202 636
784 636
337 639
998 640
318 641
20 642
970 643
789 644
312 647
760 650
280 651
234 651
390 654
292 656
561 658
777 658
92 659
129 659
691 662
558 664
772 665
914 665
981 665
881 665
939 666
542 667
170 667
622 669
273 671
75 671
739 671
474 672
149 675
808 675
544 677
218 678
726 679
46 680
525 680
884 684
803 685
226 686
32 689
743 689
918 689
711 690
949 691
305 692
466 692
845 693
538 693
331 693
731 694
881 696
194 696
355 696
239 697
56 697
441 701
205 705
921 705
403 706
630 706
261 706
389 708
781 708
341 709
245 710
749 712
283 714
420 715
322 718
815 718
670 719
647 722
34 723
127 724
838 724
653 728
922 728
395 729
580 729
101 730
476 730
769 730
993 731
261 732
515 732
574 733
141 734
954 736
162 738
610 738
498 738
275 741
225 742
728 743
903 744
351 744
836 746
793 746
173 749
28 749
318 749
675 749
68 750
325 751
544 753
714 753
486 754
322 756
245 758
326 759
503 761
836 761
344 761
966 762
899 764
366 767
901 768
995 768
713 770
455 772
773 772
329 772
731 774
280 776
853 777
902 778
177 779
453 779
651 779
349 781
603 781
113 783
427 783
253 784
376 785
971 790
335 790
181 790
393 792
619 792
177 794
345 794
625 794
685 795
411 797
918 798
505 799
39 799
471 800
738 800
989 806
612 807
858 808
629 808
808 809
262 812
807 813
55 813
579 815
523 816
787 817
11 817
566 820
436 822
894 822
515 824
671 828
195 828
327 828
212 828
977 829
748 831
312 834
223 835
555 836
731 836
904 837
404 838
527 840
672 848
590 850
257 851
986 853
730 854
346 858
981 858
674 859
862 860
864 861
4 862
668 863
322 863
142 863
235 864
353 865
742 865
161 868
355 868
995 870
512 871
889 871
585 872
106 873
674 874
722 877
862 878
345 878
303 879
645 884
260 885
892 892
237 893
908 894
652 894
780 895
263 896
231 898
761 902
242 905
712 905
960 905
452 906
833 906
930 911
868 912
822 912
973 914
29 918
165 918
176 919
676 921
252 923
174 923
777 925
868 927
153 931
672 931
533 931
512 939
518 941
399 944
658 944
382 945
382 946
484 952
44 953
480 953
919 953
741 954
887 954
432 955
919 958
402 960
846 964
976 965
57 967
260 967
514 968
451 968
714 969
486 970
868 970
677 971
961 974
348 975
825 976
141 978
893 978
692 980
847 985
130 986
305 988
437 989
519 991
512 995
616 995
105 996
15 1000
340 1000
