1000
349 4
72 6
710 8
842 9
951 10
597 11
253 11
511 12
560 13
242 15
270 15
989 17
261 19
811 19
25 20
651 22
915 22
597 22
490 24
957 24
760 27
377 28
770 29
932 30
885 32
733 33
829 34
391 34
282 35
311 35
136 37
39 37
493 38
595 39
594 39
246 40
648 41
955 42
65 43
20 45
862 45
920 46
290 47
258 50
887 50
778 51
465 52
406 52
73 52
770 53
988 54
493 55
125 56
715 57
283 59
480 61
606 62
410 65
606 66
179 66
414 67
680 67
491 69
262 70
148 70
299 71
865 71
397 74
772 74
251 74
659 74
446 76
982 77
890 77
854 80
257 81
123 81
749 81
824 81
567 82
844 84
939 86
764 88
863 92
714 92
360 94
804 95
477 95
996 97
849 97
812 99
342 99
767 100
769 101
541 103
160 104
975 106
949 107
846 107
774 109
309 109
546 110
582 112
590 112
800 114
991 116
348 119
681 121
492 122
971 122
932 123
214 123
568 123
665 123
626 124
28 125
374 125
779 126
756 128
844 128
293 128
264 129
869 129
807 130
241 130
512 132
953 132
263 133
263 133
682 133
575 134
401 134
263 136
411 136
903 137
716 139
686 139
835 142
295 143
328 143
8 144
354 144
614 144
625 146
773 146
724 147
833 147
616 147
555 147
527 149
545 150
498 150
645 152
249 152
446 152
614 153
926 154
494 155
984 156
332 156
559 158
623 159
144 161
546 163
221 164
146 164
648 165
636 165
166 165
863 166
406 166
93 167
543 167
391 168
155 169
655 170
48 170
397 172
963 174
688 176
190 177
423 178
814 178
883 181
914 181
448 182
988 184
655 185
344 185
543 187
23 187
47 188
315 191
399 191
395 191
700 191
146 193
403 196
697 197
399 198
61 200
106 201
577 201
194 201
873 201
776 201
155 202
698 202
621 203
621 204
42 204
922 205
924 211
74 213
272 214
782 214
842 215
30 215
95 217
746 217
292 218
756 220
372 220
112 221
929 222
890 222
422 223
943 224
564 227
885 227
248 227
46 227
222 228
729 229
649 231
788 231
778 233
158 234
610 235
940 235
520 236
665 237
29 238
324 240
14 240
666 240
154 240
262 240
205 242
557 243
874 243
675 244
419 244
977 245
8 245
564 249
947 250
399 252
352 252
209 254
373 254
474 255
488 256
992 256
5 258
43 261
370 261
306 262
748 262
665 263
952 264
465 265
892 266
219 266
929 267
219 267
116 267
496 268
915 269
814 270
495 270
906 273
901 273
789 274
966 277
403 277
667 279
942 280
402 281
126 282
797 283
612 286
24 287
867 287
116 288
47 288
47 288
671 290
55 291
237 293
437 293
94 293
255 294
817 294
967 295
536 297
415 299
195 299
134 300
504 300
954 301
51 301
283 302
670 305
965 305
705 307
591 307
397 309
624 309
945 310
603 310
724 311
466 311
891 315
258 316
596 317
928 318
541 319
85 320
859 320
682 320
67 321
485 322
997 323
470 323
729 325
877 326
344 326
120 326
803 327
377 328
263 329
691 330
509 331
45 331
217 332
426 333
913 334
34 335
313 336
341 337
887 338
662 338
428 338
36 340
904 341
580 345
874 346
239 348
506 349
122 349
822 352
410 352
514 354
532 356
570 357
439 357
139 363
319 364
571 369
154 370
787 372
995 374
803 376
465 378
786 379
687 379
642 380
169 381
153 382
89 383
190 383
113 386
589 388
413 389
632 392
922 393
947 394
612 396
754 396
514 397
379 399
259 400
957 400
32 400
340 404
298 405
965 407
468 408
477 409
538 410
264 410
318 411
473 412
717 412
100 413
133 413
943 414
823 418
375 418
193 420
461 420
443 421
768 422
924 426
969 427
983 428
632 430
596 430
423 430
542 431
711 431
520 432
182 435
187 437
562 437
383 438
463 441
389 441
944 442
177 442
491 442
725 444
974 447
261 449
517 451
221 453
675 455
180 456
795 456
909 457
792 458
88 459
730 461
819 462
140 463
327 464
414 464
438 466
188 467
451 468
885 470
567 473
559 474
811 475
788 476
601 478
656 479
169 480
882 482
578 482
777 487
466 487
421 488
332 489
298 491
977 491
645 493
535 494
921 494
426 494
964 495
778 495
144 496
81 497
83 497
253 498
292 502
696 503
591 503
99 503
209 503
960 504
28 505
245 505
47 506
129 509
938 510
848 510
528 510
343 510
836 511
720 512
886 513
6 516
459 516
536 517
938 518
617 520
196 522
832 522
87 523
519 523
165 524
187 526
967 527
947 529
256 529
965 531
778 532
994 532
334 535
894 535
839 536
536 538
859 539
632 540
500 540
944 541
805 541
109 542
521 542
139 543
503 543
87 545
741 545
427 546
693 547
551 548
289 548
793 549
646 550
115 550
466 551
361 551
414 552
823 552
623 554
427 554
925 554
996 554
495 555
494 556
803 557
237 557
465 557
425 557
891 560
653 561
577 563
731 564
184 564
442 565
684 566
652 567
556 567
443 568
903 569
597 571
190 571
127 573
946 573
718 574
752 579
962 579
921 580
883 580
732 581
469 582
752 586
657 586
678 588
828 590
879 591
867 593
383 593
627 593
257 594
792 597
693 598
486 600
380 600
781 601
271 601
934 603
555 604
180 606
663 608
90 609
624 609
177 611
546 611
604 611
41 612
729 613
616 616
877 617
827 617
586 617
18 617
584 618
252 619
673 619
460 619
942 620
852 620
76 621
758 622
175 625
560 628
670 629
87 631
260 632
116 634
742 634
696 634
203 634
149 635
350 636
909 637
21 637
797 639
491 640
151 642
218 642
757 642
241 642
404 643
855 646
292 646
626 648
243 650
292 651
712 651
6 651
457 651
790 652
10 653
897 654
137 654
902 654
484 657
50 657
379 660
394 663
62 665
457 667
703 667
950 667
349 668
283 669
866 670
448 671
608 672
77 673
292 673
449 675
30 677
226 677
902 678
717 678
443 680
124 680
887 680
345 680
199 681
285 682
864 682
949 683
696 683
573 683
853 685
523 687
773 687
807 688
510 690
695 690
945 691
506 695
856 695
953 697
896 698
786 698
333 699
54 701
936 702
6 702
516 704
892 704
15 704
993 707
221 707
389 709
574 710
319 712
950 712
808 716
33 717
847 717
251 717
870 719
961 720
50 720
537 720
246 720
346 721
584 721
1000 722
957 722
528 722
901 725
413 726
32 726
670 727
360 727
740 728
69 729
48 729
811 730
962 731
48 731
670 732
256 734
112 735
692 737
413 737
638 738
504 739
553 742
516 743
582 743
642 744
886 744
106 745
493 747
832 754
317 755
655 755
77 757
284 757
742 757
676 758
404 759
548 760
270 761
382 761
668 761
440 761
115 762
435 763
985 763
18 763
584 765
43 766
254 766
517 766
735 767
66 767
576 769
309 773
237 774
223 775
803 777
206 778
6 779
952 781
186 782
121 784
357 784
633 787
975 788
90 789
519 790
52 790
207 792
992 792
824 793
505 793
708 793
970 794
67 794
707 795
693 795
873 796
450 796
283 797
581 797
850 798
150 798
432 798
464 800
717 802
375 803
851 804
438 804
290 805
794 807
423 807
817 807
812 808
25 809
283 811
893 812
668 813
544 813
253 814
716 814
451 814
21 817
581 817
357 817
620 819
957 819
439 820
242 821
292 821
823 821
995 822
641 823
142 824
318 824
261 825
978 825
86 826
561 827
511 828
641 829
180 829
964 830
689 830
50 831
632 831
286 833
974 837
619 837
211 838
812 839
22 839
292 840
827 841
98 843
202 845
399 846
393 846
362 852
147 853
629 854
640 854
891 855
633 856
346 857
902 857
475 858
526 860
635 860
363 860
248 861
721 861
33 862
216 862
965 862
731 862
885 863
921 866
190 868
733 870
155 872
487 873
38 877
161 877
407 879
82 880
494 880
143 884
826 885
272 887
896 888
391 890
92 890
567 892
866 893
782 893
420 893
267 894
378 894
911 897
697 897
849 898
305 898
143 898
691 898
626 899
730 900
906 900
996 902
369 904
102 904
122 906
990 907
739 908
848 910
461 911
576 912
304 913
469 913
172 913
956 916
352 916
521 916
243 917
978 919
188 920
664 921
829 921
942 921
199 921
125 924
291 926
13 927
996 928
108 928
931 929
548 929
906 929
441 931
786 933
884 937
918 937
165 937
317 938
441 939
806 941
607 942
570 943
105 943
902 944
924 945
632 945
570 946
127 946
696 950
285 951
263 952
250 953
446 953
841 954
992 954
241 956
952 958
172 959
23 959
257 959
319 960
853 961
732 961
675 961
934 961
861 963
990 965
146 965
364 966
875 966
322 967
429 968
971 968
392 970
864 971
389 971
249 972
736 973
817 975
388 975
449 977
658 977
772 977
237 977
810 977
883 978
243 978
752 978
461 981
634 981
140 982
296 983
144 984
383 984
751 985
905 988
46 989
163 990
461 990
183 991
758 991
87 993
205 994
548 994
146 995
76 999
351 999
919 1000
