1000
86 0
474 0
451 2
961 2
818 2
651 3
745 3
82 4
536 10
343 10
581 11
852 11
42 11
967 14
640 15
78 18
102 19
826 20
273 20
881 21
59 21
705 21
726 22
241 22
688 23
692 23
857 24
662 25
987 25
279 26
585 27
521 27
111 29
864 31
865 31
831 32
84 34
236 35
269 35
381 37
330 37
581 37
389 38
249 38
365 39
965 40
132 43
740 43
848 45
142 46
739 47
68 49
518 52
602 52
282 52
529 55
709 55
51 57
963 57
618 58
272 59
952 60
325 60
144 62
508 63
289 64
138 64
190 65
134 66
579 66
460 66
141 69
338 71
497 71
382 78
312 81
915 83
555 83
320 83
867 83
146 83
676 84
350 84
956 84
729 84
829 84
985 87
216 87
671 87
342 89
216 89
919 90
27 91
46 92
776 92
236 94
676 95
204 95
410 98
125 99
640 103
61 104
678 105
178 108
98 108
751 110
651 111
721 114
503 114
958 115
640 116
848 117
205 117
584 117
492 120
426 120
78 121
465 121
922 122
221 125
51 125
101 125
219 128
238 128
123 129
391 130
16 130
741 131
947 132
581 132
57 132
436 133
129 133
732 139
804 140
216 141
313 143
344 143
370 144
274 145
914 147
784 148
970 148
933 148
321 148
770 151
23 154
202 154
80 154
220 155
635 155
12 157
44 157
628 157
424 157
349 157
141 157
673 158
144 159
860 159
93 159
9 161
906 161
23 162
977 162
822 162
566 163
469 165
888 165
536 166
796 167
280 167
113 167
930 167
638 169
880 170
387 171
895 173
490 174
411 175
685 177
554 177
638 178
551 179
145 180
532 180
332 184
343 184
733 185
188 185
232 186
718 187
341 187
411 188
416 190
306 191
948 192
574 195
471 196
922 197
712 200
42 201
456 201
910 202
249 202
871 203
618 203
633 206
195 207
114 207
926 207
839 207
51 209
178 211
679 211
194 212
961 213
865 216
476 216
593 218
981 219
797 219
199 221
855 222
928 222
162 224
405 224
845 225
133 226
446 227
647 227
501 229
699 230
996 230
61 232
632 232
835 232
304 233
361 234
895 234
518 234
774 239
927 240
162 240
345 241
327 241
463 241
984 241
90 243
811 245
202 245
160 246
1 246
846 248
721 249
166 249
289 250
19 251
706 253
352 253
329 254
56 256
806 257
384 258
907 258
194 258
651 259
2 261
130 263
516 263
680 263
873 264
780 269
845 269
186 270
168 271
905 275
26 276
835 276
590 277
82 277
196 278
468 279
668 281
429 281
962 283
135 283
782 283
634 285
124 286
387 287
798 288
234 289
960 289
827 289
539 289
991 290
464 291
706 291
787 292
538 292
673 292
543 294
650 294
27 295
139 295
834 296
750 296
637 298
724 298
527 299
9 301
434 301
917 301
28 302
291 303
902 303
818 308
997 308
489 308
493 309
905 310
391 310
221 312
32 313
309 315
488 317
846 317
362 321
174 321
52 324
980 324
238 324
430 324
986 325
295 325
903 325
346 326
22 326
148 328
521 330
934 331
947 332
528 332
930 333
380 334
446 335
300 335
299 336
875 336
377 337
537 341
961 345
715 346
192 346
232 347
661 349
541 350
83 350
787 352
382 354
553 356
342 357
740 357
14 359
661 359
697 360
336 361
674 363
291 364
28 365
640 365
378 367
113 367
60 368
603 368
10 371
685 371
785 373
513 373
687 374
620 374
639 375
541 377
118 378
640 380
466 381
502 381
310 383
735 384
515 385
11 386
606 387
763 387
704 387
612 389
716 390
508 390
529 390
673 391
362 391
712 392
441 393
791 394
492 394
845 394
131 394
858 395
111 396
468 397
855 397
168 397
59 398
652 398
840 399
144 400
33 400
608 401
160 404
102 404
10 405
585 407
393 407
633 408
129 408
829 409
945 409
202 411
250 412
832 412
953 414
748 417
254 417
309 420
788 420
784 422
397 423
403 423
578 424
519 426
193 427
354 427
231 428
937 429
198 429
795 430
144 430
270 432
141 432
158 434
36 434
34 436
899 438
455 439
848 439
9 439
6 439
280 440
974 440
443 441
320 442
772 442
209 444
732 446
390 447
271 451
490 452
460 453
228 454
147 454
347 454
949 455
952 455
552 460
875 460
924 463
975 464
672 464
446 465
538 467
556 468
192 468
235 469
622 470
6 470
526 471
751 473
221 473
1 474
264 475
472 475
463 476
382 477
640 477
627 478
280 478
143 478
703 478
210 479
688 479
646 481
266 483
414 486
752 487
380 488
974 489
71 489
628 489
802 490
423 490
373 490
389 491
977 493
924 494
95 495
196 496
660 500
344 502
774 503
648 503
143 505
699 507
629 507
486 509
668 509
188 512
58 514
805 515
271 515
304 515
245 516
910 517
358 521
283 521
279 521
391 522
376 523
575 523
804 526
899 526
877 527
750 528
538 529
589 529
626 531
521 532
10 534
247 537
901 543
621 543
999 544
481 544
848 546
443 546
88 547
55 547
689 548
903 548
622 548
911 548
786 550
697 551
596 552
475 553
601 554
36 554
263 554
625 555
2 555
652 555
507 557
924 558
393 559
719 561
34 561
532 561
533 562
820 562
820 563
58 565
282 566
872 567
919 567
133 567
931 568
520 568
384 569
960 570
385 571
351 571
354 573
584 574
506 577
541 577
720 577
299 579
782 579
399 580
583 581
611 581
501 582
860 583
762 584
575 584
817 585
913 585
634 587
248 590
615 591
983 592
687 593
585 594
732 595
899 596
83 596
207 596
507 598
649 599
286 599
768 602
839 602
745 603
357 603
742 603
874 604
328 604
570 604
34 605
126 605
779 607
430 607
320 607
376 607
532 608
83 608
385 608
981 609
417 611
28 613
663 615
407 618
419 618
389 619
131 622
943 624
758 625
859 625
788 627
857 627
32 628
671 628
767 633
512 634
709 634
909 636
134 637
420 637
679 639
505 641
626 643
412 644
311 644
125 644
404 645
78 646
528 649
633 652
404 654
912 654
465 654
906 655
222 657
951 657
394 658
733 658
976 661
981 663
109 664
366 664
501 665
713 665
784 672
927 672
53 673
978 675
56 676
312 676
552 678
519 679
929 679
883 679
572 681
460 682
477 682
936 686
253 686
80 687
891 689
295 689
831 690
51 690
459 693
257 694
942 696
194 696
495 699
315 699
994 703
834 706
521 707
998 708
656 709
8 710
392 711
804 711
321 712
512 713
983 713
321 715
385 716
420 717
179 717
690 717
846 717
709 718
581 718
790 721
157 723
243 724
595 724
819 724
909 726
917 727
977 731
239 733
528 733
99 735
987 737
921 737
4 738
193 739
598 739
352 742
38 742
903 743
625 743
417 744
920 745
190 746
62 746
923 749
34 749
200 750
516 751
334 752
522 753
272 755
21 757
998 757
64 759
489 759
532 761
14 762
557 762
110 764
861 765
636 768
339 769
645 769
679 770
760 770
278 774
243 774
577 774
751 774
645 775
763 776
645 777
817 778
512 778
658 783
253 783
999 783
746 783
64 783
663 783
925 784
659 785
937 787
19 789
748 790
108 791
863 792
152 792
727 793
39 794
126 796
888 796
71 798
555 798
776 799
625 799
936 799
666 800
780 803
579 804
856 806
724 806
755 807
196 808
705 808
179 809
536 812
676 813
77 814
316 814
990 815
779 815
944 815
820 816
13 818
1 819
487 820
537 821
345 823
489 825
78 826
780 827
42 828
503 830
875 830
119 832
647 834
76 834
235 835
12 838
28 840
449 840
646 843
468 844
879 844
589 846
621 847
920 847
895 850
613 851
108 851
961 855
396 856
979 856
798 858
836 859
387 860
365 860
713 860
662 861
391 861
394 861
109 862
829 862
555 862
443 863
664 865
383 865
760 867
332 867
818 869
327 870
853 871
201 871
313 872
78 873
612 873
623 875
702 875
436 876
523 877
648 877
828 878
966 878
166 880
183 881
601 881
330 881
265 882
527 884
496 885
330 885
457 886
274 886
270 887
368 887
899 887
654 889
864 892
147 895
582 897
693 901
937 901
229 901
541 902
881 905
250 906
459 907
526 908
626 908
755 909
505 910
167 911
918 912
65 912
118 914
379 915
886 917
177 917
918 918
461 918
134 918
134 919
753 921
459 921
340 921
361 921
404 923
517 923
851 925
81 925
183 926
256 926
498 927
465 929
168 930
691 931
396 932
515 932
163 935
646 936
710 937
335 937
96 937
816 939
172 940
318 941
216 941
659 941
144 944
423 944
317 946
669 948
326 949
388 953
513 955
406 957
108 958
388 958
571 959
491 960
434 961
965 962
565 963
286 963
5 964
20 965
864 965
91 965
279 966
450 966
204 967
195 971
195 972
475 973
737 974
181 975
586 976
571 977
565 977
31 978
658 980
136 980
471 981
476 981
511 981
69 982
15 984
819 984
147 985
255 985
840 991
65 992
812 993
473 994
710 995
467 996
225 996
445 996
59 997
956 998
873 998
647 998
977 999
