881
287 0
266 1
93 2
86 2
2 2
218 4
250 5
275 6
158 8
2 9
185 9
3 9
182 9
178 11
288 12
39 13
113 13
103 14
268 15
85 15
267 17
281 22
77 25
254 26
183 26
56 28
233 29
114 32
245 34
202 34
12 35
169 35
12 35
195 35
125 35
202 42
134 44
88 48
132 48
125 48
130 49
25 53
126 54
174 54
126 56
276 58
208 59
97 59
256 61
59 62
123 62
243 66
159 66
85 66
33 67
113 67
171 68
275 70
254 71
161 72
277 72
150 73
153 73
122 73
257 73
207 75
62 76
45 76
95 77
243 77
182 78
52 79
24 79
197 81
80 83
182 83
37 83
48 84
238 85
177 85
118 85
45 87
196 88
132 88
34 89
165 89
164 90
80 90
68 92
200 93
261 93
180 93
1 94
76 95
160 96
101 96
4 97
283 97
67 97
179 97
201 98
73 98
211 98
199 99
169 100
25 101
210 101
276 101
170 104
226 104
13 106
267 106
155 107
193 107
273 107
169 107
105 109
154 110
196 110
224 111
72 112
96 112
216 114
284 114
45 114
183 114
14 115
277 116
33 118
254 118
240 118
205 122
248 123
73 125
17 125
14 126
264 127
101 128
34 128
10 129
291 130
34 131
67 133
208 133
240 135
276 135
83 135
263 136
186 136
172 137
140 138
68 138
221 139
88 140
133 144
121 145
90 145
65 145
210 146
260 146
122 148
111 150
118 151
255 151
257 151
207 153
209 154
18 155
158 156
224 156
59 157
119 157
277 157
253 158
194 159
86 160
289 161
197 162
249 162
137 162
11 163
132 163
80 166
128 166
48 166
175 168
225 168
263 169
176 169
196 170
100 171
242 173
292 173
248 173
187 174
213 174
216 175
277 176
10 177
49 177
208 178
169 179
59 180
124 182
181 184
92 185
177 189
222 189
82 189
218 190
17 191
110 192
140 193
105 193
290 193
105 193
197 194
176 195
22 195
107 197
264 197
37 197
78 197
25 198
250 198
39 199
107 199
106 204
223 206
136 207
183 210
181 214
105 214
167 216
198 216
18 216
131 216
139 216
36 216
204 218
207 218
278 219
151 220
226 221
273 222
287 222
177 222
88 223
236 223
216 224
50 225
131 225
129 226
223 226
108 227
278 229
233 229
80 229
73 231
236 233
250 234
292 235
192 236
169 236
99 236
292 241
214 242
291 243
22 243
110 244
146 245
45 245
3 245
16 246
154 247
140 247
86 248
13 248
218 248
111 249
39 249
171 249
240 249
288 251
168 251
159 252
182 254
205 255
277 256
161 256
292 256
135 256
23 257
140 257
157 258
284 258
80 259
1 259
153 261
265 263
210 264
205 264
167 264
110 264
162 266
216 267
282 268
207 268
31 268
161 268
14 270
93 272
20 272
110 273
68 273
162 274
121 274
60 274
233 274
218 275
219 278
244 278
41 279
250 279
189 279
252 280
278 282
146 283
134 283
224 283
244 284
130 285
129 286
28 287
146 287
175 288
35 289
79 291
2 293
290 293
10 294
80 294
5 295
16 296
42 297
219 298
191 298
39 298
108 299
115 299
275 299
2 300
118 302
221 305
138 306
218 307
286 308
41 308
243 309
286 312
111 316
104 318
92 319
39 321
241 322
177 322
231 325
63 327
57 327
185 327
91 327
184 328
123 328
27 329
190 329
62 331
26 333
125 334
248 334
265 335
284 335
1 336
293 337
220 337
90 337
217 338
245 338
112 339
283 340
287 340
156 341
84 341
177 341
260 341
177 343
83 343
165 343
33 344
178 345
161 345
62 346
121 346
269 347
292 350
79 350
280 350
239 352
85 352
190 353
101 354
268 354
93 354
31 355
262 356
90 356
26 356
72 356
234 357
194 357
262 357
203 357
246 358
27 358
66 358
269 360
247 360
101 361
276 361
123 361
166 361
138 362
189 362
129 362
29 363
25 363
124 363
159 364
60 364
15 364
100 365
88 367
17 367
189 367
129 369
152 371
281 373
179 374
102 374
45 374
290 377
290 378
290 379
172 380
29 381
104 381
34 383
224 385
197 386
241 387
88 387
222 389
186 389
37 389
83 389
191 389
283 390
95 390
44 392
196 393
130 394
206 396
86 396
109 396
235 396
234 397
96 397
30 397
245 398
175 398
259 399
192 399
53 399
289 400
242 402
175 403
56 404
84 406
229 408
124 408
293 410
91 410
177 410
131 412
277 413
87 414
192 416
103 416
260 417
7 418
208 419
150 420
138 420
267 420
93 423
187 423
76 424
150 424
112 425
194 426
281 427
58 427
174 428
32 430
136 430
168 433
236 434
98 434
49 434
111 435
88 435
38 437
242 437
219 437
214 439
66 440
292 442
276 443
103 444
11 444
143 446
145 447
280 448
243 450
176 451
207 453
36 453
89 455
30 456
18 456
102 456
272 457
207 457
92 457
193 457
136 458
63 459
188 459
144 459
83 460
229 460
101 460
105 461
203 462
101 462
253 462
98 462
204 463
176 463
181 463
66 464
236 464
124 465
276 466
220 466
173 468
279 469
193 469
55 470
279 470
244 470
18 473
158 473
110 473
219 473
24 475
74 475
286 475
68 477
89 478
97 478
61 480
182 480
117 481
214 482
58 483
150 483
206 484
97 484
255 484
287 484
121 485
84 485
98 486
218 487
193 487
30 488
155 488
281 488
139 489
74 490
282 491
119 491
271 491
123 492
1 493
118 493
140 493
193 494
32 495
102 496
90 496
273 497
127 500
280 501
194 501
74 503
121 503
161 503
175 504
54 505
165 508
103 509
281 509
14 510
171 511
232 511
203 512
155 512
100 512
54 513
29 513
108 514
285 514
104 517
24 518
101 518
234 518
260 521
217 522
248 523
85 523
260 524
130 524
111 524
250 526
186 526
137 527
186 527
254 528
273 528
157 529
267 529
206 530
66 531
1 531
53 531
167 531
137 531
251 532
160 533
30 534
58 534
4 534
221 534
18 535
133 536
200 537
171 537
153 537
283 537
100 538
234 539
249 539
127 540
40 540
66 540
222 541
29 541
73 541
197 542
292 545
148 545
132 546
265 546
267 546
242 548
50 549
114 550
189 550
51 552
185 553
190 553
7 554
77 555
7 556
91 558
117 559
139 560
182 560
266 560
40 560
69 560
100 561
123 561
127 563
52 563
287 564
186 565
61 565
153 566
213 567
37 567
279 571
22 571
97 571
188 571
17 572
213 573
241 573
269 575
107 576
254 577
22 577
89 578
16 578
208 579
92 579
66 581
167 583
287 583
84 585
256 585
192 585
282 586
26 586
144 587
147 588
201 588
201 590
110 591
273 592
159 592
241 592
103 593
167 594
255 595
65 596
207 597
131 599
264 599
223 599
150 600
249 600
74 600
186 600
3 601
227 601
218 601
190 602
232 602
128 602
123 603
90 604
165 607
172 610
46 610
100 612
140 612
158 613
228 613
23 618
268 618
158 619
8 619
50 619
53 620
252 621
65 621
41 621
5 622
293 623
257 623
50 623
6 624
259 624
90 625
31 625
146 627
274 627
95 627
198 628
55 629
247 630
102 630
187 631
269 631
162 631
247 632
8 632
263 632
281 633
102 633
287 634
130 634
218 634
13 635
21 635
221 635
274 636
26 637
292 637
19 640
226 641
94 641
99 643
235 645
225 645
26 646
256 647
74 649
105 649
182 649
12 649
12 650
284 650
235 653
286 655
168 656
77 656
138 657
71 657
170 658
9 658
212 659
81 661
24 662
287 662
269 664
16 665
239 665
96 667
253 667
215 667
211 667
36 667
66 669
268 669
80 670
28 670
92 671
62 672
215 672
129 674
180 675
39 675
59 676
132 677
255 677
244 677
53 677
244 677
260 678
66 678
246 679
220 679
278 679
190 680
124 681
102 682
19 682
241 683
157 683
293 684
230 684
230 685
281 686
264 686
75 687
32 687
129 688
228 688
