796
251 0
240 1
216 4
71 5
798 8
154 11
721 11
650 12
178 13
633 14
6 15
275 20
708 21
598 21
765 22
842 23
493 24
689 25
280 26
134 28
155 29
473 30
945 30
318 31
324 32
985 33
752 34
802 35
432 36
443 37
735 38
123 38
765 39
68 39
836 44
835 45
148 45
656 46
858 49
697 49
944 49
639 50
388 52
616 54
230 55
469 55
645 55
62 56
661 57
697 57
980 58
917 59
349 59
276 59
203 60
60 60
207 63
215 64
798 64
198 64
903 67
43 68
428 69
750 71
674 71
865 72
924 73
443 75
890 77
158 78
35 81
718 84
125 88
161 88
457 88
141 89
699 90
862 91
500 91
433 93
558 93
258 95
1000 97
879 98
488 98
872 101
212 103
773 104
734 105
235 106
950 108
513 109
371 110
680 114
276 115
458 116
692 118
475 121
255 121
265 124
378 125
625 125
790 127
572 129
11 132
936 132
96 134
422 134
850 135
169 136
793 137
291 138
330 139
93 140
631 141
976 144
972 147
425 147
418 147
572 147
393 149
28 150
160 150
731 150
200 154
765 154
196 154
69 154
467 155
629 155
631 155
980 156
43 157
568 159
148 159
352 160
68 160
559 161
141 163
490 165
492 167
602 168
320 169
397 170
294 170
387 173
665 174
296 174
257 176
75 177
567 178
122 178
300 179
283 180
213 180
449 181
235 181
460 185
412 188
331 188
679 189
699 190
175 191
391 191
79 192
867 194
978 195
118 197
134 198
113 199
518 200
341 200
703 201
382 201
263 205
784 206
333 207
789 207
353 207
97 209
478 210
243 211
199 211
384 212
282 213
69 214
920 215
374 215
165 216
643 217
749 223
638 224
319 226
206 227
293 229
151 230
680 230
840 232
403 233
488 233
958 235
215 237
957 239
114 242
249 243
597 243
620 244
919 247
861 247
309 251
377 253
551 255
97 255
962 255
342 258
286 261
515 261
343 262
503 262
857 264
601 268
369 268
543 269
913 269
120 269
309 270
323 271
962 272
104 273
231 273
336 276
149 277
546 278
298 279
444 280
886 281
684 284
599 287
590 289
798 290
704 290
433 292
74 293
823 293
484 294
196 296
961 296
398 297
16 298
387 299
345 302
826 302
367 303
571 303
719 303
838 304
516 305
963 306
154 307
327 312
911 314
971 314
456 317
529 317
790 318
540 320
539 322
370 322
568 325
602 325
137 326
475 327
370 327
441 327
423 332
272 335
186 335
441 336
394 338
95 339
365 340
204 341
258 341
682 342
778 342
212 344
863 345
864 347
847 347
999 347
939 350
951 354
423 356
806 357
677 358
106 358
163 359
176 359
199 360
429 362
56 362
902 364
621 366
47 367
114 367
597 367
904 372
469 373
507 377
339 378
292 378
517 379
837 382
363 382
457 382
489 384
249 385
209 388
230 389
778 390
177 392
438 393
977 396
83 396
758 396
988 398
114 398
161 398
152 399
708 400
806 401
786 403
782 404
805 405
278 405
151 406
524 407
580 408
71 410
548 411
152 412
943 413
878 413
645 415
834 416
330 416
165 416
320 418
579 418
469 418
342 419
652 420
908 421
181 426
362 426
473 427
954 428
467 430
520 430
353 431
865 432
238 433
76 433
742 434
830 435
109 435
309 436
907 436
87 437
859 438
518 439
788 439
836 441
766 442
3 443
428 443
939 445
567 445
525 447
216 448
715 448
924 449
228 450
221 452
479 452
21 454
808 454
771 456
797 457
216 459
482 463
131 464
29 464
174 465
495 467
132 468
749 471
916 471
195 473
78 473
432 473
482 473
550 476
642 477
718 478
907 478
361 478
564 479
497 480
81 484
280 486
483 487
897 487
187 489
329 490
864 493
522 493
611 494
917 494
375 495
459 495
431 496
393 498
198 498
911 499
905 499
691 502
901 503
699 503
314 505
426 506
738 508
40 509
600 513
275 513
117 517
930 518
133 518
113 518
484 521
642 524
291 524
808 525
46 525
513 527
38 528
112 531
562 535
683 536
514 538
137 539
702 545
517 546
397 547
394 548
882 549
525 549
924 550
517 550
878 552
108 552
840 552
852 554
375 556
745 560
488 561
758 563
139 564
508 565
688 566
858 567
639 567
27 570
774 573
781 576
632 577
574 578
70 579
891 580
200 583
507 584
935 585
59 586
604 586
130 586
30 586
447 587
705 588
67 588
597 589
985 591
379 592
262 592
617 593
586 594
201 594
627 595
428 595
985 596
242 597
284 598
69 598
696 600
55 603
406 604
390 604
312 605
571 605
651 607
357 608
226 610
732 610
444 614
224 615
780 615
179 616
469 616
778 617
768 617
340 618
86 619
209 619
397 621
27 621
760 622
961 628
382 630
464 632
795 632
659 634
830 636
484 637
966 637
931 638
458 638
527 640
999 643
758 644
713 644
305 644
741 645
593 648
474 648
24 649
921 650
489 650
517 651
561 654
820 655
871 655
163 658
278 660
735 660
686 663
455 669
693 671
287 671
494 675
990 679
970 680
678 680
134 681
897 682
163 684
13 684
882 685
62 688
75 689
396 689
365 690
916 694
539 696
994 697
262 697
690 699
973 705
949 706
898 709
332 709
930 710
974 711
649 712
934 714
979 716
673 717
952 719
675 720
541 725
530 725
925 726
268 726
413 727
719 729
662 730
775 732
799 732
254 733
710 734
354 734
7 735
396 736
166 736
209 738
184 740
225 742
149 743
741 744
431 745
810 746
541 746
569 747
912 748
8 752
381 752
686 752
107 757
142 760
612 761
792 762
764 763
830 764
881 765
126 766
747 767
589 767
928 768
864 774
14 775
97 777
283 777
787 778
944 779
978 782
767 783
77 790
919 790
21 793
796 795
960 797
695 797
958 797
514 798
225 798
28 798
884 801
736 801
461 801
266 802
981 803
695 803
554 806
807 806
798 806
306 806
18 807
78 813
510 814
683 815
84 817
339 817
188 818
507 819
892 823
276 823
1 826
312 826
272 828
9 828
624 830
877 832
162 832
710 833
500 834
358 835
787 836
777 836
135 839
137 839
545 840
56 840
22 840
189 842
31 842
329 844
354 845
449 845
467 849
358 849
753 853
250 854
819 854
400 858
643 861
336 862
397 863
743 865
41 865
165 866
24 866
822 866
62 866
527 867
48 867
516 869
906 870
835 873
799 875
3 877
432 879
110 882
358 882
979 887
293 887
137 887
843 888
786 890
583 890
351 891
556 892
873 896
768 896
840 897
61 898
173 899
886 899
399 901
472 903
107 903
205 903
671 905
763 909
161 909
97 910
509 911
472 917
955 921
160 922
515 924
95 927
206 927
73 927
133 928
283 930
794 931
483 934
98 935
496 938
623 938
950 939
425 941
881 942
486 943
550 943
176 944
370 945
400 946
301 949
944 950
558 953
580 954
427 957
929 959
260 959
487 960
823 961
404 961
486 963
503 964
780 965
843 969
325 972
28 972
382 973
840 973
624 976
528 976
197 978
850 978
441 979
18 980
652 981
202 983
861 983
274 984
76 984
362 984
985 985
432 986
921 986
529 989
584 990
422 996
186 999
125 1000
703 1000
758 1000
