1000
550 1
967 2
447 2
243 4
221 5
799 6
397 6
1 7
220 7
87 8
857 8
761 8
216 9
618 9
295 9
643 12
851 12
372 13
282 14
452 14
100 17
549 19
140 20
12 20
636 21
365 23
792 23
362 24
543 25
455 26
202 27
758 27
851 27
646 27
266 29
819 30
110 30
430 33
42 33
540 35
972 36
638 40
947 40
137 41
776 41
446 41
362 41
935 42
699 43
722 43
173 43
217 43
298 44
319 44
792 45
540 45
149 45
26 46
814 46
698 48
210 48
469 49
94 50
31 51
714 51
798 53
63 55
67 56
21 56
808 57
108 57
111 58
222 59
62 60
290 61
787 63
976 65
443 66
388 66
672 68
800 68
269 69
516 69
679 70
926 71
552 71
501 73
535 74
730 75
924 75
984 75
302 75
590 76
991 76
58 77
772 77
390 78
638 79
810 80
323 81
432 81
295 82
968 83
29 84
720 85
216 87
636 88
977 90
829 91
656 91
246 91
443 92
761 92
983 92
199 93
154 94
866 96
752 96
860 97
41 97
953 97
357 98
246 101
926 102
312 103
680 103
855 104
896 104
718 104
722 106
822 106
190 108
792 109
81 111
859 112
542 112
848 112
749 113
933 114
760 114
28 115
632 115
645 115
331 116
382 116
949 116
685 117
478 117
247 118
538 122
914 122
711 123
102 125
679 126
420 127
514 128
454 128
322 128
940 128
37 129
344 129
287 130
860 130
903 133
440 133
532 133
92 134
879 135
16 136
810 137
566 139
671 143
802 144
638 144
336 144
578 144
389 145
292 145
980 146
958 149
857 151
595 152
566 152
755 152
975 155
466 156
267 158
838 158
478 162
697 162
18 163
618 163
828 163
593 163
663 164
802 165
922 165
328 166
790 166
880 167
133 167
335 169
871 172
63 172
721 173
481 175
528 176
637 177
749 178
940 179
715 180
126 180
829 180
530 182
821 183
361 184
785 185
936 186
229 186
188 186
479 188
822 189
827 190
797 190
683 194
468 194
316 194
570 197
832 197
883 198
308 203
950 203
650 204
707 204
635 205
472 208
835 208
618 209
14 209
190 210
822 210
206 212
807 212
22 214
452 216
366 216
361 216
244 216
199 217
407 218
623 218
83 218
936 218
127 219
266 219
938 220
263 221
866 223
585 223
596 223
120 224
162 225
296 225
647 227
823 228
928 229
891 231
175 231
410 232
87 235
689 236
901 240
73 241
142 241
780 242
476 242
402 244
639 245
388 248
965 249
902 249
44 250
811 250
228 251
517 251
754 253
560 253
91 254
305 254
272 257
881 258
844 258
576 259
530 259
658 259
721 259
917 261
18 261
826 261
69 262
945 263
266 264
149 265
194 267
542 268
317 269
379 271
657 272
582 273
947 273
341 274
1 274
679 274
360 277
243 277
111 278
966 278
938 279
527 280
175 281
393 282
401 283
775 283
639 285
546 287
266 288
543 288
664 289
853 291
743 291
68 292
950 296
543 296
186 298
212 298
108 300
966 300
74 302
810 303
528 304
221 305
3 305
889 305
633 306
84 307
572 310
242 318
415 319
835 320
696 320
829 320
948 322
381 322
343 323
676 324
70 324
620 324
177 324
719 325
204 325
436 325
126 325
360 326
832 331
933 331
444 333
321 333
146 333
890 334
264 334
718 335
353 337
539 337
569 338
808 338
85 339
990 339
409 340
335 340
286 341
14 341
786 342
37 344
782 344
419 348
888 353
700 354
137 354
999 355
543 356
306 356
107 357
199 357
86 360
961 360
46 360
914 361
596 362
844 363
890 363
172 363
502 364
462 364
390 364
525 364
491 366
345 367
282 368
250 368
327 369
718 370
329 371
357 372
574 373
44 374
747 375
552 377
384 377
505 378
484 378
35 378
794 379
730 380
935 380
693 381
227 382
507 382
709 383
604 383
929 383
946 385
733 386
622 388
124 388
33 388
94 390
684 391
966 391
26 392
498 393
324 393
909 394
163 395
317 396
599 397
691 399
448 401
530 402
909 402
910 405
389 405
270 405
697 406
273 407
820 407
387 407
547 408
33 408
874 409
928 409
67 409
967 411
889 411
31 413
70 414
818 416
507 417
368 417
355 419
843 419
77 421
124 422
454 423
385 423
403 424
964 424
352 426
738 428
423 429
161 430
439 430
630 431
279 431
425 432
627 432
392 432
227 435
56 436
549 438
946 438
510 438
528 438
50 439
308 440
569 442
569 442
71 442
117 443
777 443
377 444
647 447
536 448
860 452
129 452
525 454
988 455
303 455
905 457
864 457
886 459
577 459
233 460
942 462
671 464
859 470
999 471
698 472
987 473
1000 473
237 476
924 476
328 477
787 477
30 478
965 479
916 480
531 483
676 483
326 483
680 484
569 486
652 487
727 487
774 487
898 488
816 489
188 489
447 489
760 490
484 490
31 491
502 495
40 496
863 497
599 498
859 498
22 500
517 500
771 500
685 501
344 501
421 504
203 505
29 508
291 508
289 510
648 512
649 514
918 514
112 516
959 517
266 517
53 518
778 518
562 519
694 519
333 521
166 521
797 521
932 521
333 521
43 522
140 522
223 524
980 524
613 525
482 525
745 528
238 528
163 528
29 528
546 529
172 530
775 530
407 532
749 533
922 534
152 535
685 535
174 535
949 535
782 539
130 540
145 541
494 542
765 543
102 546
319 549
190 549
744 550
833 550
376 550
947 552
939 552
625 553
975 554
869 554
302 555
161 555
181 555
104 559
129 560
877 561
739 563
418 563
259 564
752 565
609 565
22 566
669 567
655 568
272 569
818 570
849 572
688 573
465 573
255 575
358 575
527 577
301 582
991 582
456 583
644 583
163 583
159 584
14 587
884 589
819 590
724 590
452 593
796 594
840 594
593 595
89 597
809 602
426 605
422 605
917 607
320 607
813 608
975 609
662 610
683 611
497 611
142 612
453 612
72 614
54 616
124 616
447 617
938 619
507 619
289 619
430 620
697 620
253 621
150 623
87 627
856 627
457 627
390 630
904 633
35 634
387 637
570 638
834 640
317 641
774 641
924 642
245 642
362 643
718 645
360 646
931 647
572 649
779 649
852 650
237 650
953 653
480 654
377 655
333 655
829 656
249 659
502 660
399 660
687 663
872 664
343 665
235 667
408 668
136 668
228 668
128 669
100 672
569 674
334 674
320 674
940 676
34 676
237 676
926 676
348 676
872 677
215 678
449 680
269 680
849 682
836 683
875 684
145 685
213 686
97 690
7 691
894 691
924 693
806 694
741 695
307 696
923 698
751 698
381 698
117 700
392 701
498 703
448 703
956 703
387 704
358 704
978 704
465 707
448 707
154 707
472 711
13 714
960 715
722 719
656 721
727 721
850 721
999 723
22 726
543 726
322 727
97 727
284 727
414 728
949 728
113 729
951 729
972 730
266 730
553 731
789 734
566 734
922 734
411 737
757 739
643 740
553 740
139 742
753 743
899 745
624 747
803 747
894 751
299 753
384 754
208 754
991 754
136 754
729 754
602 756
664 758
143 758
56 760
858 760
13 761
699 763
603 764
10 764
845 764
775 767
452 768
451 768
432 771
143 772
426 772
816 773
558 774
132 775
94 776
726 780
381 780
860 781
353 781
419 783
998 784
917 784
284 785
593 785
533 786
130 787
721 789
444 791
318 792
266 793
353 794
631 794
656 794
332 797
860 797
184 798
868 799
220 803
706 803
123 805
747 806
61 807
950 807
619 810
970 811
876 812
217 814
972 814
389 815
321 815
981 816
522 817
999 818
8 820
58 820
782 820
36 822
274 825
924 825
261 827
234 827
514 827
105 828
786 830
28 830
387 840
960 841
297 841
34 842
847 843
678 843
334 843
569 844
255 844
740 844
1 844
654 844
769 847
269 847
93 848
427 848
704 849
792 849
943 853
683 855
608 856
839 858
813 858
566 858
684 860
625 862
658 863
759 864
724 865
215 865
606 866
710 867
218 867
44 868
992 868
936 869
209 869
389 869
137 872
908 875
826 876
443 876
112 877
32 877
968 879
421 879
836 881
600 882
17 884
628 885
516 886
712 887
655 888
892 889
229 890
31 890
420 890
357 892
287 894
531 895
157 895
122 896
37 897
266 898
439 899
509 900
308 901
830 902
495 905
463 906
738 908
540 908
793 909
495 909
859 910
917 911
876 911
619 916
628 917
598 918
975 919
603 920
490 920
374 920
451 920
896 920
270 922
626 925
46 926
44 928
345 930
798 931
183 932
347 932
70 934
945 935
39 935
297 937
453 939
509 939
407 940
131 940
985 940
810 940
422 941
409 942
256 943
671 946
476 946
786 946
763 947
539 948
32 948
764 951
252 952
155 955
146 956
47 956
514 957
586 959
907 960
905 960
133 963
543 965
354 967
31 967
106 967
501 967
753 968
357 971
356 972
78 973
725 973
979 974
370 983
728 985
591 986
442 989
388 989
632 991
212 991
106 992
812 993
338 994
383 994
125 996
946 998
557 1000
