392
669 0
342 0
647 0
679 1
24 1
201 1
290 2
705 2
614 2
718 3
11 3
120 3
263 3
135 4
347 4
611 4
529 5
327 5
174 5
228 5
486 6
422 8
73 8
132 8
562 8
551 8
662 8
266 8
236 8
318 8
53 8
318 9
166 9
712 10
327 10
538 10
33 10
205 10
443 10
548 11
133 11
478 11
474 11
727 11
86 12
522 13
76 13
118 13
55 14
627 14
715 14
709 14
48 15
6 15
176 15
133 15
666 15
162 15
494 15
384 15
153 15
15 16
567 16
589 18
660 18
412 18
351 20
267 20
426 20
704 20
229 20
51 21
446 21
582 21
522 21
108 21
344 22
380 22
337 22
401 22
724 23
552 23
672 24
596 24
37 24
254 25
63 26
264 26
515 26
527 27
650 27
229 27
298 27
87 27
168 28
680 28
457 28
333 28
402 28
387 29
614 29
695 29
580 29
654 29
213 30
361 30
229 30
547 30
371 31
8 31
205 31
727 32
290 32
449 32
306 33
169 33
314 34
68 34
423 34
677 35
362 36
364 37
412 37
284 37
399 37
197 38
673 39
602 39
196 40
262 40
549 40
311 40
352 41
194 41
366 42
483 42
50 42
516 43
700 43
392 44
296 44
298 44
181 45
486 46
504 46
627 47
195 47
490 47
64 47
34 48
623 48
550 48
57 49
514 49
305 50
366 51
220 52
176 52
679 53
571 53
698 53
307 53
271 54
337 54
170 54
321 54
524 54
485 54
257 56
420 56
708 57
248 57
446 57
297 57
228 57
300 58
511 58
275 58
78 58
63 59
60 59
679 59
110 59
11 60
97 60
451 60
449 61
184 61
472 61
542 61
406 61
668 61
662 61
634 61
507 62
75 62
179 63
490 63
11 63
633 63
473 63
521 64
543 64
534 64
634 64
465 65
243 65
56 65
76 66
644 66
92 67
617 68
7 68
176 68
189 68
300 69
38 69
312 69
662 69
145 70
183 70
27 71
341 71
182 71
521 71
240 71
324 71
288 71
640 72
678 73
350 73
334 73
244 74
517 74
217 75
433 75
296 75
342 76
535 76
126 76
551 76
1 76
109 77
404 77
123 77
12 78
191 78
215 78
673 79
482 79
155 79
463 79
118 79
548 80
203 80
323 80
424 80
331 80
328 81
608 81
536 81
458 81
312 81
35 81
542 81
644 82
314 83
192 83
521 84
430 84
283 84
120 84
225 84
73 84
180 85
200 86
654 86
472 86
381 86
300 87
442 87
703 87
167 87
343 87
724 87
631 87
196 88
120 88
390 88
572 89
10 90
320 90
395 90
638 91
727 91
606 91
719 91
313 91
401 92
62 93
107 93
122 93
103 94
120 94
547 94
507 94
124 95
451 95
468 95
44 96
191 96
208 97
66 97
399 97
110 98
730 98
364 98
463 98
1 98
485 99
430 101
449 101
457 101
177 101
258 101
205 102
357 102
411 102
183 103
591 103
386 103
462 103
134 103
308 103
258 104
465 104
5 104
359 104
352 105
612 106
97 106
137 107
68 107
74 108
515 108
400 108
348 109
58 109
241 110
327 110
150 110
157 112
166 112
595 113
617 113
645 113
502 115
695 115
604 116
219 116
644 116
689 117
208 117
576 117
293 118
565 118
44 119
560 119
412 119
203 120
583 120
494 120
124 120
615 120
238 121
251 122
106 122
573 122
315 123
7 124
254 124
131 124
491 124
473 125
731 125
676 126
163 126
156 127
438 127
248 127
525 127
698 127
