1000
799 3
325 3
123 4
625 4
705 4
688 5
306 6
221 8
704 9
839 10
683 10
871 11
981 12
206 14
11 14
836 16
279 16
276 17
786 17
46 17
392 17
78 18
894 20
762 21
98 21
135 22
65 22
833 24
223 25
753 25
314 28
226 28
739 29
733 30
758 31
70 32
425 34
93 34
282 35
996 35
11 35
449 39
360 43
42 43
453 46
708 46
293 47
818 48
729 49
370 51
96 51
517 51
289 51
540 51
830 52
355 53
957 54
75 55
886 58
472 59
93 60
284 61
914 62
954 65
525 65
840 66
805 69
657 69
888 71
344 72
522 72
791 72
794 74
848 74
132 77
158 77
782 78
59 79
611 80
965 80
306 81
593 82
322 84
561 85
687 86
231 86
315 86
197 94
340 94
315 94
990 95
492 95
973 95
595 95
500 96
78 96
464 97
691 99
157 99
742 99
988 100
437 100
339 100
213 101
818 102
634 104
501 106
49 109
557 109
710 110
371 111
434 112
893 114
862 114
837 115
308 116
163 117
441 118
144 118
543 118
999 120
70 121
855 121
812 121
621 126
971 127
730 128
218 132
699 132
446 133
508 133
352 133
534 134
552 134
688 135
517 136
661 136
695 136
502 136
282 140
741 140
534 141
142 141
337 141
371 144
933 146
201 150
833 150
328 151
575 152
594 153
719 154
663 156
259 157
344 157
298 157
720 158
28 158
804 158
376 160
752 160
32 161
612 162
284 163
694 163
217 163
440 164
557 164
622 166
140 166
724 167
1 167
681 168
665 169
951 170
198 173
158 173
707 174
399 177
668 177
575 177
639 178
971 183
833 183
291 183
190 184
11 184
259 186
939 186
566 187
435 188
801 189
594 190
305 191
95 191
646 193
510 193
516 194
513 194
225 194
966 194
983 195
300 196
237 197
203 198
310 202
816 203
935 203
425 205
328 206
365 207
121 210
359 210
372 212
858 213
962 213
150 215
67 217
480 217
684 217
345 217
531 218
36 218
848 218
151 220
846 221
190 221
132 222
421 222
813 223
295 225
173 226
374 226
687 228
759 230
813 234
664 235
594 235
498 237
116 237
548 237
538 237
635 238
351 238
83 238
694 240
287 240
630 241
764 242
662 243
816 244
250 247
885 248
580 252
268 253
771 253
623 254
440 255
7 256
844 258
997 259
574 260
462 260
582 263
258 263
103 264
688 266
776 266
228 269
934 269
539 269
165 271
265 271
480 272
532 272
789 273
785 275
221 277
488 277
570 277
176 278
894 279
313 281
528 283
156 283
937 284
631 284
433 285
155 285
241 286
272 286
17 289
633 290
303 290
892 292
4 292
174 293
71 294
342 297
683 299
811 300
254 300
619 301
416 303
745 305
1000 305
593 305
664 306
710 307
880 310
492 311
523 312
535 313
983 314
308 314
791 315
207 317
769 317
549 317
555 318
771 319
407 321
12 321
405 322
174 322
626 322
765 324
696 325
231 326
651 327
605 329
669 330
53 331
585 333
604 334
580 334
763 336
303 337
305 340
402 341
355 341
184 342
556 343
487 344
629 345
998 346
106 349
158 350
889 350
128 350
889 351
368 351
598 352
421 354
280 355
497 355
154 355
471 356
436 356
14 356
646 358
636 359
43 362
178 362
623 362
507 362
585 362
229 363
977 363
658 363
284 364
384 364
235 367
615 367
731 367
533 370
734 370
542 371
291 371
248 371
320 376
258 377
188 377
687 378
955 378
900 378
44 379
196 379
100 380
976 381
354 382
835 383
68 384
409 384
322 384
108 385
248 385
57 385
791 387
936 388
698 389
938 389
199 389
350 391
945 391
514 395
126 396
259 396
446 396
733 396
561 397
955 398
919 399
220 399
642 402
846 403
809 405
857 405
264 408
770 409
496 409
806 410
642 412
575 413
160 415
834 416
625 416
756 416
43 418
109 419
165 422
705 423
355 423
812 425
535 426
998 426
400 429
611 429
391 429
992 430
547 432
996 438
347 439
495 440
524 440
644 442
533 444
88 448
727 449
354 449
263 450
606 453
513 453
696 453
121 454
915 454
766 455
626 456
768 457
433 459
486 463
986 465
619 466
258 467
74 468
781 468
808 469
485 469
575 470
973 471
218 472
870 474
432 474
772 475
576 475
768 476
928 476
658 476
88 478
714 478
276 478
339 479
690 479
492 480
863 481
89 483
995 484
469 484
398 486
114 488
744 488
331 489
859 490
17 490
331 492
566 494
373 494
861 496
190 498
874 499
790 499
284 501
204 501
52 503
640 503
535 504
878 506
37 510
800 511
963 514
705 516
295 517
101 518
119 519
593 519
184 520
733 521
159 525
932 525
400 528
360 528
48 529
347 531
529 531
652 531
848 533
979 534
743 536
584 537
814 539
275 540
962 542
826 545
77 545
744 546
299 546
351 547
289 548
752 549
232 550
114 552
665 552
951 552
15 553
818 553
511 554
158 555
295 560
34 561
737 561
606 561
353 564
84 565
619 565
235 565
762 565
382 570
553 571
211 572
91 572
234 573
777 574
532 574
607 574
400 575
596 576
764 576
61 577
392 578
140 580
600 580
892 580
636 582
492 582
745 583
316 583
556 584
474 585
10 586
20 587
158 589
626 591
838 592
702 592
180 592
814 592
654 597
594 598
346 604
66 605
512 607
967 608
784 611
360 613
884 613
648 617
986 617
530 618
938 620
416 620
915 620
271 623
293 623
683 624
495 624
217 625
703 625
123 628
758 630
781 630
443 632
594 633
285 634
54 634
406 635
301 638
336 639
505 639
773 640
637 641
214 642
776 642
965 642
998 644
756 645
989 646
628 646
631 649
766 649
783 651
308 652
395 655
935 655
511 655
398 656
350 656
905 657
655 657
264 657
881 658
632 659
696 659
358 662
223 664
985 664
107 665
842 667
73 668
269 669
472 670
369 671
96 672
490 673
44 675
130 676
55 676
662 677
301 677
322 678
455 678
512 678
532 679
493 679
74 679
506 681
439 683
877 684
267 684
357 684
451 686
998 689
635 691
909 691
106 691
468 692
711 692
581 695
88 696
186 698
459 698
534 698
834 699
437 701
485 701
7 702
768 705
543 711
294 712
260 712
896 713
310 714
292 714
587 720
721 720
920 722
323 724
474 725
681 725
567 727
685 727
828 729
626 730
963 730
448 732
486 734
287 735
515 736
424 737
726 738
702 738
998 738
153 739
41 739
554 739
912 742
281 742
140 743
183 743
630 745
731 746
302 748
842 748
43 748
636 749
900 749
709 749
163 749
819 751
335 751
438 752
873 754
790 754
887 755
61 755
282 755
788 756
248 759
565 760
120 761
590 761
543 762
611 763
55 766
625 766
287 767
193 767
459 768
959 768
791 771
326 773
367 774
393 774
422 774
509 774
342 775
234 776
327 777
773 779
296 779
498 780
538 781
477 782
473 782
265 783
693 783
654 784
780 785
754 786
507 786
615 788
782 788
963 789
676 789
961 791
648 792
16 793
180 794
178 794
110 795
236 795
244 795
717 795
879 796
493 796
391 797
12 797
446 800
809 800
782 800
685 802
95 802
75 802
655 803
565 804
430 805
516 805
425 808
413 808
996 809
770 811
353 811
446 814
493 815
487 815
180 815
100 815
809 817
739 818
935 819
383 819
518 820
983 820
293 821
431 821
110 823
762 824
743 826
810 827
126 827
564 827
537 829
672 830
170 831
320 832
207 832
951 832
584 836
427 836
516 838
777 838
100 839
423 841
568 842
131 843
821 843
912 845
788 848
943 849
994 850
927 850
954 851
723 853
944 853
816 856
590 856
292 856
904 856
580 857
828 857
626 857
790 858
132 858
36 859
654 860
715 861
110 861
424 861
407 862
545 863
417 863
719 864
109 864
221 865
270 866
19 867
155 867
509 870
821 870
561 872
103 875
346 876
670 876
534 877
487 879
919 879
273 880
217 882
452 882
934 884
943 884
953 885
476 887
815 888
527 888
191 888
934 889
290 890
845 890
378 890
533 890
656 891
520 892
173 892
162 893
801 895
335 895
149 898
717 899
7 900
703 901
683 902
253 902
496 902
524 905
539 907
726 909
540 911
810 912
909 916
645 917
567 918
291 919
713 920
339 920
649 921
923 923
556 923
163 923
759 923
651 924
415 924
53 925
741 926
915 927
518 929
370 930
510 931
641 933
93 933
982 935
492 936
853 938
210 939
723 940
555 942
520 942
694 943
994 944
523 944
35 945
923 946
929 946
51 947
430 948
330 949
731 951
8 951
126 954
885 956
587 957
50 960
546 960
171 961
913 962
430 963
808 963
513 963
900 964
710 965
619 965
719 967
904 968
399 969
45 969
743 971
685 972
457 974
586 974
793 975
516 975
120 975
748 976
884 976
329 977
180 977
85 978
967 979
581 980
806 980
559 980
900 980
14 981
820 981
619 981
59 983
782 983
608 983
124 984
834 984
774 984
272 988
215 990
88 991
882 992
595 992
873 992
507 993
247 993
35 995
475 998
