198
91 0
26 2
129 6
117 7
22 10
2 19
129 24
76 29
131 32
41 37
72 40
118 43
59 45
24 45
49 46
24 46
43 47
112 52
37 52
29 53
3 61
62 64
10 67
103 68
5 76
70 77
44 83
83 88
12 93
35 94
30 98
35 101
48 101
123 106
62 133
32 135
6 136
118 137
102 142
17 151
130 152
26 153
114 161
19 166
34 168
26 171
121 176
49 179
124 187
51 191
87 192
41 193
71 194
108 200
14 205
38 205
112 207
89 210
17 211
71 218
109 218
101 223
26 225
134 225
3 232
77 233
131 238
36 248
62 248
20 249
61 257
34 261
97 268
54 270
32 271
42 271
102 275
67 277
41 277
86 279
121 279
43 279
22 279
14 280
54 285
105 289
115 298
5 303
48 305
70 307
25 309
1 313
46 321
97 321
44 328
35 331
69 333
101 333
21 336
99 340
78 344
52 345
29 347
27 349
72 349
61 353
111 364
70 367
5 375
53 387
101 392
134 398
15 398
53 407
77 411
62 420
67 420
10 432
16 433
71 435
14 436
5 436
43 441
113 447
121 447
93 449
107 450
72 453
81 465
87 467
36 469
134 472
11 475
112 477
34 480
102 481
108 482
85 483
39 485
77 486
124 492
131 501
95 501
16 506
115 520
15 521
107 522
34 524
104 530
89 531
2 536
4 538
8 539
39 543
77 545
15 553
19 563
9 565
128 566
129 570
94 572
4 575
86 578
62 580
127 591
11 594
76 601
105 604
36 605
116 611
63 612
73 616
14 627
110 630
96 635
2 636
126 641
33 642
7 656
103 662
71 664
101 667
82 668
21 672
130 673
111 675
34 677
35 679
58 688
19 693
104 695
88 697
63 704
80 704
71 705
28 714
85 716
62 719
