1000
993 2147483637
984 2147483637
57 2147483637
982 2147483637
623 2147483637
857 2147483637
746 2147483637
981 2147483637
791 2147483637
406 2147483637
109 2147483637
380 2147483637
626 2147483637
525 2147483637
672 2147483637
80 2147483637
75 2147483637
807 2147483637
346 2147483637
299 2147483637
579 2147483637
972 2147483637
17 2147483637
760 2147483637
721 2147483637
682 2147483637
262 2147483637
212 2147483637
117 2147483637
782 2147483637
245 2147483637
654 2147483637
948 2147483637
795 2147483637
119 2147483637
537 2147483637
938 2147483637
815 2147483637
545 2147483637
716 2147483637
895 2147483637
762 2147483637
593 2147483637
249 2147483637
689 2147483637
182 2147483637
227 2147483637
498 2147483637
349 2147483637
200 2147483637
381 2147483637
387 2147483637
289 2147483637
521 2147483637
591 2147483637
374 2147483637
618 2147483637
99 2147483637
214 2147483637
108 2147483637
821 2147483637
479 2147483637
915 2147483637
128 2147483637
540 2147483637
84 2147483637
585 2147483637
848 2147483637
633 2147483637
676 2147483637
365 2147483637
381 2147483637
208 2147483637
808 2147483637
175 2147483637
75 2147483637
493 2147483637
586 2147483637
727 2147483637
138 2147483637
788 2147483637
444 2147483637
43 2147483637
198 2147483637
573 2147483637
620 2147483637
217 2147483637
549 2147483637
258 2147483637
237 2147483637
383 2147483637
296 2147483637
893 2147483637
962 2147483637
494 2147483637
952 2147483637
788 2147483637
414 2147483637
449 2147483637
43 2147483637
300 2147483637
520 2147483637
411 2147483637
739 2147483637
7 2147483637
432 2147483637
185 2147483637
117 2147483637
23 2147483637
440 2147483637
664 2147483637
732 2147483637
495 2147483637
318 2147483638
139 2147483638
771 2147483638
60 2147483638
290 2147483638
253 2147483638
935 2147483638
402 2147483638
107 2147483638
606 2147483638
20 2147483638
202 2147483638
158 2147483638
814 2147483638
225 2147483638
970 2147483638
315 2147483638
800 2147483638
227 2147483638
567 2147483638
344 2147483638
213 2147483638
407 2147483638
984 2147483638
638 2147483638
354 2147483638
789 2147483638
636 2147483638
398 2147483638
637 2147483638
473 2147483638
184 2147483638
872 2147483638
465 2147483638
813 2147483638
331 2147483638
202 2147483638
884 2147483638
844 2147483638
244 2147483638
47 2147483638
92 2147483638
796 2147483638
352 2147483638
254 2147483638
988 2147483638
831 2147483638
607 2147483638
597 2147483638
922 2147483638
335 2147483638
113 2147483638
756 2147483638
982 2147483638
782 2147483638
854 2147483638
121 2147483638
715 2147483638
274 2147483638
568 2147483638
88 2147483638
841 2147483638
66 2147483638
678 2147483638
702 2147483638
408 2147483638
659 2147483638
101 2147483638
412 2147483638
513 2147483638
805 2147483638
628 2147483639
168 2147483639
114 2147483639
975 2147483639
831 2147483639
906 2147483639
105 2147483639
779 2147483639
946 2147483639
114 2147483639
994 2147483639
460 2147483639
15 2147483639
75 2147483639
547 2147483639
898 2147483639
1 2147483639
635 2147483639
945 2147483639
963 2147483639
416 2147483639
335 2147483639
334 2147483639
520 2147483639
51 2147483639
301 2147483639
333 2147483639
581 2147483639
665 2147483639
302 2147483639
823 2147483639
915 2147483639
827 2147483639
126 2147483639
337 2147483639
756 2147483639
540 2147483639
817 2147483639
7 2147483639
102 2147483639
653 2147483639
867 2147483639
631 2147483639
287 2147483639
483 2147483639
126 2147483639
579 2147483639
315 2147483639
155 2147483639
9 2147483639
76 2147483639
822 2147483639
590 2147483639
846 2147483639
18 2147483639
289 2147483639
561 2147483639
871 2147483639
506 2147483639
428 2147483639
514 2147483639
564 2147483639
540 2147483639
244 2147483639
511 2147483639
829 2147483639
39 2147483639
563 2147483639
113 2147483639
617 2147483639
182 2147483639
365 2147483639
508 2147483639
384 2147483639
607 2147483639
911 2147483639
334 2147483639
994 2147483639
767 2147483639
432 2147483639
416 2147483639
284 2147483639
77 2147483639
798 2147483639
817 2147483639
966 2147483639
330 2147483639
201 2147483640
531 2147483640
785 2147483640
2 2147483640
802 2147483640
964 2147483640
206 2147483640
16 2147483640
926 2147483640
554 2147483640
174 2147483640
994 2147483640
761 2147483640
773 2147483640
43 2147483640
556 2147483640
640 2147483640
362 2147483640
474 2147483640
129 2147483640
916 2147483640
344 2147483640
247 2147483640
914 2147483640
789 2147483640
681 2147483640
904 2147483640
889 2147483640
81 2147483640
810 2147483640
700 2147483640
238 2147483640
725 2147483640
738 2147483640
346 2147483640
24 2147483640
378 2147483640
70 2147483640
156 2147483640
112 2147483640
307 2147483640
48 2147483640
725 2147483640
370 2147483640
136 2147483640
107 2147483640
892 2147483640
347 2147483640
549 2147483640
526 2147483640
42 2147483640
461 2147483640
455 2147483640
16 2147483640
692 2147483640
849 2147483640
799 2147483640
913 2147483640
388 2147483640
614 2147483640
580 2147483640
733 2147483640
34 2147483640
153 2147483640
936 2147483640
227 2147483640
586 2147483640
788 2147483640
38 2147483640
655 2147483640
280 2147483640
762 2147483640
356 2147483640
728 2147483640
402 2147483640
281 2147483640
227 2147483640
975 2147483640
720 2147483640
308 2147483640
440 2147483640
599 2147483640
579 2147483640
523 2147483640
458 2147483640
220 2147483640
434 2147483640
291 2147483640
25 2147483640
231 2147483640
644 2147483640
438 2147483640
195 2147483640
496 2147483640
751 2147483640
763 2147483640
1 2147483640
248 2147483640
139 2147483640
690 2147483640
912 2147483640
519 2147483640
913 2147483641
813 2147483641
225 2147483641
917 2147483641
22 2147483641
203 2147483641
96 2147483641
200 2147483641
97 2147483641
612 2147483641
334 2147483641
373 2147483641
670 2147483641
311 2147483641
334 2147483641
453 2147483641
818 2147483641
650 2147483641
404 2147483641
376 2147483641
759 2147483641
178 2147483641
92 2147483641
527 2147483641
26 2147483641
889 2147483641
175 2147483641
139 2147483641
23 2147483641
570 2147483641
746 2147483641
695 2147483641
659 2147483641
26 2147483641
436 2147483641
594 2147483641
336 2147483641
718 2147483641
793 2147483641
345 2147483641
661 2147483641
257 2147483641
455 2147483641
706 2147483641
502 2147483641
305 2147483641
101 2147483641
411 2147483641
624 2147483641
747 2147483641
111 2147483641
940 2147483641
918 2147483641
548 2147483641
750 2147483641
522 2147483641
283 2147483641
682 2147483641
967 2147483641
452 2147483641
741 2147483641
773 2147483641
337 2147483641
977 2147483641
988 2147483641
592 2147483641
657 2147483641
936 2147483641
630 2147483641
564 2147483641
485 2147483641
742 2147483641
628 2147483641
360 2147483641
845 2147483641
66 2147483641
258 2147483641
92 2147483641
762 2147483641
869 2147483641
367 2147483641
766 2147483641
964 2147483641
247 2147483641
734 2147483641
166 2147483641
24 2147483641
492 2147483641
490 2147483641
750 2147483641
233 2147483641
527 2147483641
902 2147483641
201 2147483642
327 2147483642
798 2147483642
733 2147483642
437 2147483642
204 2147483642
898 2147483642
895 2147483642
922 2147483642
471 2147483642
950 2147483642
639 2147483642
24 2147483642
947 2147483642
367 2147483642
909 2147483642
678 2147483642
392 2147483642
683 2147483642
871 2147483642
425 2147483642
950 2147483642
927 2147483642
873 2147483642
160 2147483642
559 2147483642
904 2147483642
883 2147483642
395 2147483642
600 2147483642
111 2147483642
895 2147483642
439 2147483642
253 2147483642
633 2147483642
817 2147483642
14 2147483642
599 2147483642
828 2147483642
497 2147483642
141 2147483642
904 2147483642
614 2147483642
579 2147483642
249 2147483642
707 2147483642
966 2147483642
867 2147483642
344 2147483642
816 2147483642
730 2147483642
410 2147483642
856 2147483642
53 2147483642
389 2147483642
62 2147483642
157 2147483642
209 2147483642
233 2147483642
478 2147483642
260 2147483642
965 2147483642
574 2147483642
427 2147483642
567 2147483642
372 2147483642
546 2147483642
840 2147483642
826 2147483642
106 2147483642
499 2147483642
94 2147483642
176 2147483642
243 2147483642
539 2147483642
518 2147483642
787 2147483642
900 2147483642
993 2147483642
335 2147483642
376 2147483642
150 2147483642
204 2147483642
209 2147483643
386 2147483643
326 2147483643
117 2147483643
305 2147483643
441 2147483643
472 2147483643
88 2147483643
713 2147483643
260 2147483643
966 2147483643
111 2147483643
757 2147483643
697 2147483643
345 2147483643
515 2147483643
182 2147483643
72 2147483643
693 2147483643
380 2147483643
88 2147483643
99 2147483643
476 2147483643
935 2147483643
765 2147483643
960 2147483643
801 2147483643
636 2147483643
747 2147483643
748 2147483643
103 2147483643
378 2147483643
951 2147483643
664 2147483643
199 2147483643
483 2147483643
930 2147483643
603 2147483643
813 2147483643
424 2147483643
635 2147483643
934 2147483643
84 2147483643
454 2147483643
202 2147483643
518 2147483643
545 2147483643
60 2147483643
695 2147483643
403 2147483643
662 2147483643
844 2147483643
86 2147483643
609 2147483643
186 2147483643
743 2147483643
880 2147483643
738 2147483643
418 2147483643
558 2147483643
149 2147483643
651 2147483643
307 2147483643
496 2147483643
642 2147483643
97 2147483643
219 2147483643
413 2147483643
904 2147483643
304 2147483643
693 2147483643
505 2147483643
554 2147483643
747 2147483643
497 2147483643
824 2147483643
337 2147483643
610 2147483643
529 2147483643
201 2147483643
551 2147483643
588 2147483643
63 2147483643
265 2147483643
591 2147483643
210 2147483644
675 2147483644
496 2147483644
557 2147483644
673 2147483644
142 2147483644
79 2147483644
299 2147483644
117 2147483644
671 2147483644
61 2147483644
895 2147483644
43 2147483644
432 2147483644
763 2147483644
704 2147483644
734 2147483644
736 2147483644
122 2147483644
781 2147483644
336 2147483644
598 2147483644
744 2147483644
289 2147483644
159 2147483644
139 2147483644
204 2147483644
901 2147483644
68 2147483644
704 2147483644
17 2147483644
441 2147483644
248 2147483644
322 2147483644
811 2147483644
867 2147483644
538 2147483644
200 2147483644
100 2147483644
680 2147483644
963 2147483644
661 2147483644
19 2147483644
210 2147483644
647 2147483644
197 2147483644
298 2147483644
50 2147483644
179 2147483644
222 2147483644
767 2147483644
353 2147483644
613 2147483644
646 2147483644
918 2147483644
716 2147483644
950 2147483644
447 2147483644
70 2147483644
267 2147483644
553 2147483644
338 2147483644
529 2147483644
454 2147483644
385 2147483644
543 2147483644
730 2147483644
472 2147483644
367 2147483644
241 2147483644
463 2147483644
917 2147483644
11 2147483644
695 2147483644
562 2147483644
142 2147483644
417 2147483644
42 2147483644
687 2147483644
952 2147483644
984 2147483644
666 2147483644
174 2147483644
852 2147483644
114 2147483644
599 2147483644
167 2147483645
78 2147483645
258 2147483645
271 2147483645
404 2147483645
639 2147483645
891 2147483645
312 2147483645
99 2147483645
443 2147483645
81 2147483645
927 2147483645
829 2147483645
85 2147483645
842 2147483645
916 2147483645
219 2147483645
201 2147483645
204 2147483645
641 2147483645
91 2147483645
941 2147483645
991 2147483645
439 2147483645
513 2147483645
461 2147483645
412 2147483645
39 2147483645
438 2147483645
706 2147483645
769 2147483645
376 2147483645
960 2147483645
264 2147483645
549 2147483645
565 2147483645
970 2147483645
389 2147483645
282 2147483645
204 2147483645
469 2147483645
929 2147483645
316 2147483645
705 2147483645
285 2147483645
995 2147483645
686 2147483645
950 2147483645
793 2147483645
396 2147483645
365 2147483645
883 2147483645
104 2147483645
194 2147483645
242 2147483645
422 2147483645
468 2147483645
99 2147483645
844 2147483645
733 2147483645
924 2147483645
104 2147483645
936 2147483645
725 2147483645
766 2147483645
452 2147483645
925 2147483645
244 2147483645
965 2147483645
655 2147483645
377 2147483645
227 2147483645
645 2147483645
655 2147483645
603 2147483645
56 2147483645
768 2147483645
787 2147483645
808 2147483645
636 2147483645
309 2147483645
287 2147483646
540 2147483646
992 2147483646
958 2147483646
647 2147483646
932 2147483646
598 2147483646
210 2147483646
328 2147483646
965 2147483646
420 2147483646
137 2147483646
572 2147483646
528 2147483646
21 2147483646
342 2147483646
936 2147483646
217 2147483646
106 2147483646
501 2147483646
944 2147483646
535 2147483646
679 2147483646
558 2147483646
839 2147483646
197 2147483646
995 2147483646
95 2147483646
137 2147483646
663 2147483646
388 2147483646
255 2147483646
74 2147483646
505 2147483646
786 2147483646
405 2147483646
746 2147483646
164 2147483646
313 2147483646
445 2147483646
457 2147483646
721 2147483646
403 2147483646
404 2147483646
163 2147483646
225 2147483646
387 2147483646
409 2147483646
162 2147483646
880 2147483646
449 2147483646
222 2147483646
247 2147483646
262 2147483646
946 2147483646
693 2147483646
326 2147483646
267 2147483646
1 2147483646
36 2147483646
653 2147483646
96 2147483646
587 2147483646
266 2147483646
61 2147483646
388 2147483646
532 2147483646
555 2147483646
501 2147483646
337 2147483646
859 2147483646
424 2147483646
840 2147483646
372 2147483646
908 2147483646
661 2147483646
384 2147483646
460 2147483646
297 2147483646
469 2147483646
654 2147483646
819 2147483646
967 2147483646
717 2147483646
19 2147483646
945 2147483646
114 2147483647
515 2147483647
567 2147483647
823 2147483647
606 2147483647
388 2147483647
663 2147483647
525 2147483647
234 2147483647
999 2147483647
228 2147483647
381 2147483647
154 2147483647
909 2147483647
280 2147483647
794 2147483647
567 2147483647
660 2147483647
129 2147483647
287 2147483647
694 2147483647
124 2147483647
522 2147483647
683 2147483647
778 2147483647
842 2147483647
572 2147483647
357 2147483647
292 2147483647
375 2147483647
652 2147483647
71 2147483647
280 2147483647
857 2147483647
493 2147483647
152 2147483647
201 2147483647
438 2147483647
297 2147483647
322 2147483647
592 2147483647
380 2147483647
231 2147483647
108 2147483647
569 2147483647
710 2147483647
209 2147483647
617 2147483647
418 2147483647
261 2147483647
929 2147483647
689 2147483647
969 2147483647
264 2147483647
411 2147483647
778 2147483647
241 2147483647
699 2147483647
62 2147483647
920 2147483647
736 2147483647
63 2147483647
569 2147483647
223 2147483647
321 2147483647
162 2147483647
146 2147483647
233 2147483647
207 2147483647
82 2147483647
171 2147483647
533 2147483647
833 2147483647
953 2147483647
495 2147483647
678 2147483647
768 2147483647
146 2147483647
782 2147483647
396 2147483647
439 2147483647
942 2147483647
703 2147483647
666 2147483647
189 2147483647
265 2147483647
669 2147483647
320 2147483647
22 2147483647
76 2147483647
289 2147483647
684 2147483647
873 2147483647
46 2147483647
109 2147483647
349 2147483647
480 2147483647
54 2147483647
571 2147483647
284 2147483647
438 2147483647
606 2147483647
261 2147483647
781 2147483647
197 2147483647
599 2147483647
418 2147483647
916 2147483647
688 2147483647
251 2147483647
356 2147483647
464 2147483647
357 2147483647
