859
863 0
318 1
776 1
128 2
466 2
5 2
644 5
638 8
943 8
563 9
883 9
705 9
405 11
759 11
936 12
1000 12
282 13
646 14
525 15
433 17
456 21
406 23
364 24
215 27
884 28
988 31
417 32
709 32
757 34
68 37
892 37
610 39
369 39
323 39
71 39
120 41
491 44
816 44
433 44
14 48
684 51
691 51
614 52
150 52
607 53
499 53
26 54
363 57
215 57
345 57
906 59
854 59
897 63
54 63
998 64
373 64
685 66
616 66
441 66
138 67
539 68
442 68
572 68
787 68
57 69
710 70
643 70
424 71
775 73
367 73
133 73
239 75
900 76
894 76
505 77
205 80
434 82
872 87
307 91
795 92
901 93
876 95
252 96
711 98
523 100
426 102
766 102
306 103
568 104
873 105
943 105
143 105
493 107
49 107
156 108
26 109
379 109
189 110
470 112
211 112
387 112
220 112
406 113
753 114
864 114
91 117
220 117
389 118
1000 119
809 121
67 121
793 122
85 125
967 126
998 126
815 127
813 128
696 130
430 130
220 131
740 134
150 135
615 139
598 139
230 139
181 140
534 142
333 142
92 142
659 144
811 144
487 146
370 146
374 146
198 150
599 151
318 155
37 163
921 163
312 164
298 164
553 164
647 166
954 168
542 168
202 169
611 169
445 171
983 171
69 173
907 174
292 174
983 178
872 179
133 179
123 180
503 181
582 182
69 183
447 183
525 184
54 185
987 186
57 186
380 188
218 189
296 190
530 191
384 192
353 192
945 194
609 194
789 195
570 195
812 199
52 199
403 200
43 201
980 201
613 201
810 203
221 206
6 207
913 207
106 208
423 208
399 209
437 212
985 214
739 215
219 216
449 219
91 219
642 219
822 220
303 223
50 223
429 223
803 224
379 227
38 227
779 228
200 228
987 229
974 233
383 233
22 235
525 235
412 235
24 237
775 238
770 242
742 242
903 243
880 244
353 244
206 245
85 246
638 248
559 248
172 248
687 248
998 248
318 252
57 254
330 257
697 258
260 260
118 260
654 261
9 262
87 262
733 267
783 271
368 272
621 273
231 275
825 275
568 276
926 276
267 276
110 277
196 279
286 279
922 281
1 282
756 283
172 284
557 284
677 285
242 287
973 288
152 291
929 292
146 294
327 294
13 295
154 296
440 296
515 297
412 297
855 298
27 298
213 299
458 300
752 300
941 300
582 304
47 305
793 305
465 309
362 310
998 312
69 312
761 313
554 313
65 313
161 313
452 319
430 320
763 321
992 322
850 325
891 326
834 326
876 327
671 329
899 329
382 331
641 332
606 332
367 333
655 334
639 336
806 336
548 337
802 337
528 339
139 339
961 340
270 340
92 342
168 342
296 344
376 345
586 345
965 347
903 348
787 348
178 348
621 348
781 349
538 350
767 353
769 353
676 354
310 355
373 357
558 357
234 358
973 359
793 360
642 360
854 361
334 362
594 363
765 363
9 364
96 366
958 367
905 368
925 369
312 370
331 371
969 372
933 372
976 374
106 378
65 379
329 379
596 383
640 383
753 385
66 386
540 386
748 387
512 388
666 389
915 390
490 390
206 391
865 391
810 392
612 392
741 394
455 395
598 400
700 400
908 401
388 401
844 401
22 401
265 402
446 407
751 408
239 409
754 409
119 409
459 413
660 414
905 415
351 417
638 418
303 418
370 419
441 419
537 423
607 423
439 424
13 425
281 428
55 428
503 429
186 431
802 431
961 432
783 433
677 434
70 435
565 438
110 440
955 440
294 441
729 441
69 444
130 445
890 445
649 446
18 448
759 448
676 449
476 452
667 461
215 461
386 463
907 463
652 464
271 464
805 465
34 466
387 467
149 469
635 469
928 470
593 470
963 473
886 474
203 478
871 478
849 478
920 479
624 479
416 479
700 483
772 483
294 484
283 485
206 485
319 486
568 489
465 490
755 494
364 495
521 495
522 496
656 496
843 497
430 497
979 499
961 502
709 503
103 506
928 506
287 507
425 507
909 508
18 510
409 510
890 511
826 515
127 517
172 517
36 518
92 519
954 519
304 521
703 522
612 523
251 524
41 527
531 530
242 530
500 531
784 534
471 534
44 539
232 540
840 543
540 543
746 544
115 545
763 545
466 546
886 546
56 547
979 548
930 549
626 550
402 551
483 551
160 551
374 552
148 552
677 554
330 554
381 555
821 557
924 560
671 562
923 562
673 562
204 566
242 566
903 568
22 568
174 569
268 569
164 570
578 571
977 571
43 573
707 573
225 573
884 575
851 580
474 580
311 582
195 583
716 584
256 584
733 585
420 585
470 586
8 586
589 587
849 589
941 589
767 590
371 592
544 592
931 594
770 595
806 595
219 597
739 598
444 600
50 603
652 603
716 603
272 605
498 605
638 606
956 607
299 607
628 607
84 609
816 612
76 613
79 613
684 615
718 619
466 620
255 620
620 620
441 620
861 621
206 622
692 623
275 624
753 624
938 624
930 624
845 624
409 624
846 625
201 626
191 627
312 627
408 628
149 629
139 631
247 633
500 634
334 636
435 639
519 641
240 642
196 643
883 644
372 645
719 645
514 645
893 645
384 647
781 647
833 648
677 648
424 651
91 651
195 651
656 652
263 653
241 653
335 654
972 656
104 657
549 660
197 660
149 661
592 663
52 664
695 665
412 666
823 666
344 667
15 668
306 669
13 670
600 673
752 673
29 674
770 675
138 675
524 676
226 679
679 680
910 682
184 683
479 684
957 685
263 686
326 686
380 686
853 687
213 693
999 694
733 695
23 695
459 697
415 697
538 701
620 702
197 704
635 704
341 705
233 705
603 705
291 707
3 707
518 709
626 713
433 714
222 717
303 717
673 717
269 719
375 720
894 722
937 724
994 725
807 726
718 728
828 728
35 729
767 730
877 731
382 732
355 734
242 734
970 737
829 737
479 739
399 739
620 740
141 741
754 741
76 742
80 742
413 746
479 748
938 749
332 750
274 750
825 752
691 753
974 753
13 756
318 757
861 757
201 758
643 760
873 761
552 762
900 762
631 763
817 765
318 771
420 773
930 779
790 781
680 783
636 783
286 784
676 786
907 787
77 789
559 791
444 792
600 792
176 792
846 794
124 797
921 797
909 798
748 800
467 802
137 803
837 804
600 805
687 809
519 809
732 810
103 812
764 812
119 814
630 815
238 815
53 818
605 819
209 820
514 821
843 822
892 823
847 824
815 826
980 826
266 830
429 830
48 831
706 831
914 832
727 834
857 836
527 837
404 837
888 839
858 842
74 842
646 842
943 843
979 843
342 846
778 846
976 847
147 847
550 850
24 851
358 851
38 852
838 852
689 854
210 855
575 856
802 857
211 859
838 860
562 860
901 861
948 861
473 862
190 864
715 864
960 865
210 866
946 866
967 869
43 871
200 872
828 874
818 874
524 874
936 876
54 877
663 878
153 879
553 881
681 882
134 882
529 882
292 882
112 885
725 885
195 886
320 887
936 889
796 892
708 895
782 895
860 902
560 902
190 904
587 904
893 906
309 910
533 910
412 911
72 911
826 911
456 912
883 912
635 912
670 913
583 913
67 916
275 918
438 919
202 920
747 920
862 920
739 924
640 925
549 927
882 928
152 928
832 928
923 931
442 932
354 932
102 935
668 936
41 940
983 941
146 941
809 942
463 943
710 946
342 948
41 949
353 949
404 953
307 953
83 954
551 954
493 955
76 958
8 959
348 962
403 962
461 963
32 964
96 965
71 965
320 965
303 966
668 967
26 967
3 968
752 969
739 972
693 973
443 973
798 975
677 976
232 980
301 980
228 981
495 983
543 983
347 986
812 988
727 988
677 990
684 991
544 995
384 996
243 997
836 999
321 999
922 999
