268
37 9
530 16
255 19
428 25
110 27
109 35
906 38
955 38
991 44
213 53
558 57
404 60
737 61
132 66
737 67
550 67
83 69
672 73
530 75
792 78
789 79
299 80
253 80
140 89
777 89
225 93
918 93
4 94
341 100
172 101
6 101
134 120
64 123
932 127
887 131
801 136
773 138
813 140
416 147
409 149
934 153
731 159
715 161
355 162
820 163
988 163
73 166
628 174
570 176
268 178
473 179
321 182
449 187
589 199
483 199
823 206
239 209
990 219
995 220
862 220
923 228
268 230
456 230
864 239
783 241
481 242
103 244
630 247
366 249
682 256
943 268
537 269
472 275
661 281
690 284
741 287
670 290
197 295
849 296
409 300
885 301
962 306
495 309
556 310
151 310
685 320
804 331
815 332
996 340
15 344
896 348
453 349
757 350
99 350
832 356
316 357
625 361
321 363
628 364
21 370
292 373
668 375
606 375
326 377
597 377
995 378
657 379
529 380
544 381
706 386
677 394
731 396
712 398
514 398
500 402
281 406
243 406
980 411
694 423
898 426
173 427
35 446
753 447
915 448
321 453
628 453
952 455
239 458
659 460
686 461
135 471
402 475
598 478
930 484
745 487
684 492
259 497
543 498
482 499
401 500
336 501
846 510
397 514
87 518
549 520
547 531
379 532
758 532
33 534
148 535
541 536
686 541
153 543
635 543
647 547
219 566
976 569
633 574
392 576
116 579
165 583
783 584
807 588
281 591
353 593
245 594
165 598
865 602
774 603
163 604
244 606
844 624
952 630
119 634
259 637
375 638
229 639
135 639
655 640
344 643
384 647
232 649
659 651
684 653
559 654
159 660
864 661
546 666
257 667
798 670
65 671
378 674
666 678
233 679
566 683
507 686
429 690
753 695
319 697
952 700
529 705
914 711
857 721
187 730
434 734
21 741
931 741
263 742
944 743
871 744
625 753
497 753
907 755
802 755
747 756
221 756
941 759
854 770
544 774
704 781
661 787
733 788
972 791
100 794
781 799
334 801
145 828
442 829
643 835
730 836
321 839
95 840
565 842
872 845
381 846
862 847
556 857
393 860
805 865
578 867
632 873
921 873
566 876
977 878
809 880
429 883
637 888
874 894
67 910
72 912
863 919
111 920
368 921
458 925
223 934
839 942
123 944
692 946
96 953
613 957
606 958
349 959
149 960
549 970
326 973
958 974
11 976
108 993
