1000
808 0
923 2
135 2
992 3
379 3
853 4
702 4
921 5
383 6
689 6
508 8
9 10
26 12
859 13
671 14
334 15
740 15
254 17
495 18
661 19
379 20
177 20
604 20
239 21
657 22
496 25
5 26
726 27
243 27
71 27
17 27
856 28
175 28
884 32
580 32
805 32
856 34
129 34
530 35
478 36
246 37
438 39
819 39
70 39
324 40
573 40
380 41
806 41
17 42
49 43
654 43
574 43
911 43
13 46
164 46
915 47
995 47
693 47
753 47
648 48
782 49
337 50
685 53
393 54
505 55
416 56
921 56
836 56
516 58
908 58
121 59
836 59
308 60
724 62
345 63
576 64
103 66
926 67
343 67
565 68
44 68
943 68
595 69
538 70
399 71
781 72
612 73
609 74
462 75
713 77
586 77
894 77
114 78
278 78
568 82
383 82
278 82
599 83
775 84
23 84
917 84
302 84
215 85
143 86
328 87
956 88
918 88
248 90
622 90
164 90
268 91
329 91
251 92
683 92
298 92
629 93
407 93
715 93
40 96
976 96
68 97
5 98
231 99
630 99
703 101
965 103
606 103
448 104
892 105
318 106
737 106
818 107
254 107
469 109
880 109
82 110
595 111
109 111
46 112
834 115
654 117
280 119
848 119
940 120
608 121
683 122
273 122
751 123
71 124
953 127
482 127
620 128
400 128
322 130
141 133
306 133
503 136
277 136
446 137
749 137
631 138
531 139
301 139
238 139
81 140
816 141
772 142
362 143
935 143
157 143
255 143
798 145
749 145
879 147
200 148
696 148
713 148
217 149
608 150
433 151
186 152
376 152
914 153
903 153
666 154
370 154
911 157
984 157
505 159
955 159
831 161
196 161
11 161
129 161
710 162
787 164
50 165
128 165
429 166
864 167
572 167
555 168
555 168
579 169
368 170
722 171
591 173
187 174
27 174
933 174
16 174
159 175
870 176
105 177
636 178
458 179
467 180
263 181
687 183
261 184
35 184
394 185
762 187
469 187
294 189
32 189
618 189
101 190
542 190
684 191
413 191
64 191
535 193
681 194
849 195
700 196
748 196
983 197
761 197
526 198
657 200
733 200
259 200
455 203
589 204
288 205
54 206
546 208
785 208
115 208
653 209
981 210
730 211
27 212
673 213
707 214
137 214
149 215
627 216
996 217
600 217
487 220
806 220
167 222
630 222
890 222
363 225
21 227
862 227
434 227
515 228
133 230
659 232
134 232
228 233
843 237
302 237
960 238
989 241
173 242
572 243
743 243
534 244
635 244
392 248
214 248
358 250
549 250
863 252
223 252
955 252
553 258
609 259
879 260
736 260
462 261
657 263
352 263
461 264
204 264
588 265
510 266
864 269
57 269
786 269
937 270
870 270
987 272
528 272
829 272
262 274
285 275
49 275
932 275
999 276
356 277
751 277
208 277
417 277
550 277
219 281
70 283
624 285
786 286
911 286
638 286
905 287
607 288
923 288
251 289
685 294
873 296
872 296
383 296
253 297
46 297
16 299
858 299
322 300
479 301
631 301
409 301
151 305
577 305
161 306
882 306
189 306
18 307
7 307
163 307
484 307
646 308
232 309
143 311
91 312
221 313
1000 314
425 314
419 314
911 315
65 316
665 317
24 317
60 318
645 322
398 324
586 326
70 326
408 327
215 330
538 331
532 331
858 331
611 332
11 332
844 333
701 333
661 333
800 333
828 334
955 334
331 334
854 336
455 336
758 339
307 340
936 341
854 341
326 342
944 343
300 343
370 346
63 346
98 348
3 348
753 348
693 350
990 350
73 351
207 352
580 352
830 353
703 354
416 354
67 355
213 356
662 356
430 356
318 357
301 362
367 365
974 366
930 366
302 366
637 367
63 370
143 370
74 371
679 371
221 371
277 372
816 372
451 372
341 373
838 374
939 375
972 376
823 376
688 377
171 377
452 379
209 381
167 382
565 383
999 387
645 388
515 388
306 390
315 391
36 397
423 398
647 402
87 402
268 402
815 402
982 407
922 407
936 410
760 412
503 412
627 413
735 414
698 414
426 414
714 416
507 416
150 417
723 419
605 421
16 422
249 423
804 423
633 427
177 428
282 428
27 428
682 431
730 432
880 433
158 435
26 435
700 437
370 437
311 438
46 444
164 446
996 447
406 448
91 449
873 449
792 450
918 451
112 451
640 453
162 454
197 455
236 457
275 458
495 459
785 459
481 459
833 462
647 463
142 463
502 463
381 463
981 464
302 464
939 464
201 465
957 466
95 468
91 469
806 469
995 470
37 472
994 472
759 472
950 473
608 473
905 473
655 475
252 475
277 476
277 477
138 479
968 480
945 482
67 484
465 485
745 485
347 486
280 487
433 487
571 488
156 488
70 490
400 490
364 491
955 491
676 492
81 494
283 494
325 496
18 497
124 497
686 497
730 502
832 502
796 503
252 505
346 507
37 509
491 510
552 510
730 512
916 513
964 514
579 515
929 516
898 518
72 520
921 521
321 526
316 527
68 528
875 528
850 530
272 530
196 531
353 531
774 532
521 534
619 534
247 534
653 534
339 534
606 535
97 536
22 537
971 537
924 538
994 541
977 541
901 546
83 549
888 552
685 555
748 555
842 556
930 560
715 561
38 563
739 563
891 566
989 566
264 566
745 570
17 570
650 573
9 574
779 575
242 578
522 579
825 579
471 580
461 582
540 583
229 584
973 584
35 585
349 591
345 592
255 592
242 594
391 594
408 594
152 595
756 596
158 596
410 597
611 598
82 599
96 599
819 599
83 599
967 601
425 601
558 604
105 604
737 605
244 605
275 605
435 605
25 605
599 606
80 606
473 606
735 607
767 612
851 613
110 614
104 615
199 616
865 617
594 618
66 618
220 620
453 621
598 622
915 623
727 623
444 623
783 624
95 624
466 625
680 627
548 628
16 629
719 629
881 629
937 630
152 631
285 634
200 636
486 636
751 637
2 638
10 638
534 638
750 640
770 640
220 641
165 641
692 642
872 642
871 642
47 644
751 645
802 646
214 649
93 650
619 651
595 653
285 653
286 653
235 654
671 656
825 656
927 657
531 658
662 659
889 660
132 660
631 665
741 665
441 665
345 668
408 668
333 671
17 672
347 674
961 675
768 677
134 678
498 678
50 678
145 678
753 679
221 679
900 681
812 683
537 683
947 684
317 684
896 684
182 685
565 685
791 686
882 686
917 687
442 689
355 690
611 690
364 693
317 693
321 694
813 698
634 699
233 699
359 700
152 700
895 703
547 704
359 704
679 705
124 705
510 705
949 706
325 706
134 708
697 708
581 709
630 710
511 710
14 713
353 716
586 718
865 719
853 719
587 720
233 721
881 721
96 723
257 725
624 726
209 726
756 728
954 729
924 729
194 729
262 729
878 730
633 730
641 730
971 736
592 736
491 737
235 739
332 742
218 743
501 744
156 745
24 747
586 748
994 749
863 749
814 750
666 751
473 751
487 752
370 754
183 755
990 756
337 757
141 757
499 757
203 759
225 759
377 760
940 760
229 761
313 765
28 765
483 767
713 767
801 768
243 769
573 770
985 770
292 771
204 771
741 771
488 772
329 773
318 773
506 773
40 776
671 777
697 778
955 782
68 784
743 785
836 787
142 788
393 788
674 789
133 792
371 792
507 792
740 793
564 793
774 796
145 796
527 797
204 798
836 802
142 804
491 805
743 805
582 807
751 808
340 810
345 810
739 810
922 812
838 812
246 815
635 815
294 816
252 816
504 816
94 820
103 820
26 824
782 824
328 825
837 826
870 826
449 827
245 827
957 829
884 830
189 831
926 832
192 832
106 834
707 834
16 835
823 837
573 837
355 837
465 838
603 838
689 839
719 843
399 845
467 845
783 845
128 848
608 849
606 851
599 852
980 852
845 853
938 853
624 857
969 858
770 861
957 862
834 862
4 863
295 863
201 864
549 864
391 869
417 869
674 874
58 876
983 876
571 879
853 880
878 880
744 881
783 881
683 882
537 882
680 882
869 885
465 886
406 886
242 890
852 891
651 892
659 894
734 894
727 895
609 895
657 895
412 896
757 898
529 898
280 899
970 900
526 900
380 901
590 903
373 903
123 903
97 904
989 907
645 908
387 910
615 910
435 911
122 911
105 912
278 913
198 913
325 913
171 914
385 915
652 916
988 917
434 919
915 919
125 920
777 922
817 922
207 926
127 926
501 929
929 933
303 933
63 934
497 934
260 936
569 937
447 937
90 938
318 938
484 939
871 940
891 940
415 941
22 943
729 944
587 944
319 947
759 947
538 947
417 949
850 949
311 951
550 952
386 953
631 953
835 954
346 955
918 958
277 958
47 958
423 959
841 960
624 961
143 961
150 963
854 965
511 966
224 967
563 968
922 969
881 969
218 969
549 969
587 971
879 972
195 974
17 975
536 977
696 979
722 979
107 980
699 981
888 983
943 985
969 987
660 987
341 987
930 988
874 989
536 990
964 990
999 990
879 991
727 993
762 993
701 994
841 998
519 999
