1000
191 2147483637
478 2147483637
703 2147483637
160 2147483637
234 2147483637
285 2147483637
973 2147483637
732 2147483637
131 2147483637
746 2147483637
741 2147483637
312 2147483637
593 2147483637
947 2147483637
635 2147483637
56 2147483637
146 2147483637
539 2147483637
442 2147483637
680 2147483637
64 2147483637
71 2147483637
647 2147483637
455 2147483637
978 2147483637
964 2147483637
218 2147483637
931 2147483637
753 2147483637
734 2147483637
241 2147483637
291 2147483637
566 2147483637
362 2147483637
42 2147483637
541 2147483637
448 2147483637
626 2147483637
553 2147483637
636 2147483637
542 2147483637
224 2147483637
794 2147483637
387 2147483637
461 2147483637
97 2147483637
42 2147483637
557 2147483637
132 2147483637
531 2147483637
659 2147483637
299 2147483637
823 2147483637
341 2147483637
519 2147483637
582 2147483637
166 2147483637
304 2147483637
355 2147483637
480 2147483637
107 2147483637
683 2147483637
494 2147483637
171 2147483637
894 2147483637
259 2147483637
64 2147483637
991 2147483637
812 2147483637
272 2147483637
658 2147483637
777 2147483637
442 2147483637
626 2147483637
228 2147483637
893 2147483637
395 2147483637
246 2147483637
775 2147483637
580 2147483637
854 2147483637
954 2147483637
614 2147483637
755 2147483637
696 2147483637
425 2147483637
298 2147483637
475 2147483637
53 2147483637
521 2147483637
93 2147483637
970 2147483637
457 2147483637
625 2147483637
536 2147483637
365 2147483637
728 2147483637
829 2147483637
504 2147483637
532 2147483637
4 2147483637
757 2147483638
145 2147483638
169 2147483638
582 2147483638
481 2147483638
64 2147483638
873 2147483638
168 2147483638
423 2147483638
798 2147483638
465 2147483638
598 2147483638
146 2147483638
738 2147483638
745 2147483638
806 2147483638
629 2147483638
766 2147483638
11 2147483638
749 2147483638
822 2147483638
942 2147483638
594 2147483638
356 2147483638
626 2147483638
195 2147483638
532 2147483638
206 2147483638
999 2147483638
703 2147483638
854 2147483638
707 2147483638
103 2147483638
984 2147483638
767 2147483638
863 2147483638
503 2147483638
133 2147483638
446 2147483638
643 2147483638
669 2147483638
728 2147483638
331 2147483638
873 2147483638
545 2147483638
241 2147483638
457 2147483638
845 2147483638
926 2147483638
126 2147483638
406 2147483638
570 2147483638
133 2147483638
858 2147483638
661 2147483638
474 2147483638
267 2147483638
728 2147483638
460 2147483638
422 2147483638
347 2147483638
741 2147483638
59 2147483638
519 2147483638
530 2147483638
633 2147483638
496 2147483638
90 2147483638
55 2147483638
165 2147483638
306 2147483638
253 2147483638
61 2147483638
491 2147483638
135 2147483638
558 2147483638
429 2147483638
901 2147483638
483 2147483638
391 2147483638
747 2147483638
817 2147483638
752 2147483638
420 2147483638
894 2147483638
786 2147483638
49 2147483638
275 2147483638
820 2147483638
132 2147483638
431 2147483639
326 2147483639
359 2147483639
996 2147483639
795 2147483639
696 2147483639
219 2147483639
120 2147483639
249 2147483639
259 2147483639
841 2147483639
626 2147483639
667 2147483639
829 2147483639
217 2147483639
347 2147483639
29 2147483639
856 2147483639
377 2147483639
281 2147483639
301 2147483639
76 2147483639
96 2147483639
263 2147483639
423 2147483639
120 2147483639
570 2147483639
363 2147483639
512 2147483639
268 2147483639
869 2147483639
651 2147483639
280 2147483639
35 2147483639
286 2147483639
721 2147483639
724 2147483639
820 2147483639
369 2147483639
477 2147483639
926 2147483639
293 2147483639
117 2147483639
949 2147483639
351 2147483639
782 2147483639
123 2147483639
261 2147483639
450 2147483639
852 2147483639
653 2147483639
912 2147483639
580 2147483639
574 2147483639
464 2147483639
970 2147483639
168 2147483639
264 2147483639
335 2147483639
153 2147483639
319 2147483639
536 2147483639
86 2147483639
608 2147483639
406 2147483639
229 2147483639
935 2147483639
896 2147483639
545 2147483639
375 2147483639
601 2147483639
535 2147483639
51 2147483639
913 2147483639
156 2147483639
901 2147483639
20 2147483639
848 2147483639
277 2147483639
730 2147483639
826 2147483639
332 2147483639
67 2147483639
354 2147483639
345 2147483639
493 2147483639
777 2147483639
660 2147483639
369 2147483639
49 2147483639
163 2147483639
22 2147483639
799 2147483639
588 2147483640
373 2147483640
237 2147483640
826 2147483640
89 2147483640
25 2147483640
434 2147483640
76 2147483640
40 2147483640
454 2147483640
46 2147483640
628 2147483640
363 2147483640
10 2147483640
446 2147483640
361 2147483640
121 2147483640
925 2147483640
263 2147483640
971 2147483640
94 2147483640
471 2147483640
276 2147483640
73 2147483640
223 2147483640
623 2147483640
828 2147483640
655 2147483640
523 2147483640
192 2147483640
391 2147483640
34 2147483640
744 2147483640
790 2147483640
369 2147483640
232 2147483640
942 2147483640
279 2147483640
936 2147483640
59 2147483640
654 2147483640
635 2147483640
692 2147483640
666 2147483640
175 2147483640
229 2147483640
544 2147483640
968 2147483640
459 2147483640
281 2147483640
243 2147483640
793 2147483640
639 2147483640
531 2147483640
646 2147483640
732 2147483640
145 2147483640
125 2147483640
542 2147483640
993 2147483640
352 2147483640
471 2147483640
733 2147483640
190 2147483640
577 2147483640
116 2147483640
696 2147483640
691 2147483640
490 2147483640
483 2147483640
463 2147483640
592 2147483640
601 2147483640
905 2147483640
505 2147483640
680 2147483640
924 2147483640
856 2147483640
609 2147483641
903 2147483641
752 2147483641
77 2147483641
205 2147483641
340 2147483641
617 2147483641
989 2147483641
320 2147483641
846 2147483641
347 2147483641
790 2147483641
386 2147483641
714 2147483641
299 2147483641
94 2147483641
746 2147483641
981 2147483641
211 2147483641
276 2147483641
744 2147483641
824 2147483641
868 2147483641
955 2147483641
537 2147483641
80 2147483641
1000 2147483641
287 2147483641
645 2147483641
539 2147483641
243 2147483641
864 2147483641
302 2147483641
892 2147483641
111 2147483641
595 2147483641
204 2147483641
928 2147483641
762 2147483641
331 2147483641
430 2147483641
961 2147483641
157 2147483641
140 2147483641
19 2147483641
694 2147483641
738 2147483641
724 2147483641
912 2147483641
706 2147483641
118 2147483641
274 2147483641
711 2147483641
352 2147483641
116 2147483641
470 2147483641
448 2147483641
181 2147483641
880 2147483641
871 2147483641
859 2147483641
922 2147483641
86 2147483641
453 2147483641
348 2147483641
835 2147483641
1 2147483641
509 2147483641
87 2147483641
744 2147483641
764 2147483641
12 2147483641
584 2147483641
460 2147483641
111 2147483642
718 2147483642
538 2147483642
332 2147483642
89 2147483642
329 2147483642
202 2147483642
377 2147483642
974 2147483642
76 2147483642
132 2147483642
825 2147483642
130 2147483642
515 2147483642
794 2147483642
367 2147483642
779 2147483642
109 2147483642
163 2147483642
132 2147483642
849 2147483642
376 2147483642
327 2147483642
500 2147483642
875 2147483642
375 2147483642
927 2147483642
235 2147483642
182 2147483642
696 2147483642
938 2147483642
407 2147483642
911 2147483642
249 2147483642
452 2147483642
163 2147483642
798 2147483642
308 2147483642
490 2147483642
909 2147483642
725 2147483642
688 2147483642
143 2147483642
337 2147483642
253 2147483642
655 2147483642
122 2147483642
937 2147483642
257 2147483642
915 2147483642
275 2147483642
710 2147483642
873 2147483642
960 2147483642
142 2147483642
791 2147483642
610 2147483642
938 2147483642
567 2147483642
51 2147483642
4 2147483642
204 2147483642
778 2147483642
907 2147483642
285 2147483642
604 2147483642
144 2147483642
167 2147483642
589 2147483642
638 2147483642
687 2147483642
782 2147483642
907 2147483642
581 2147483642
78 2147483642
189 2147483642
519 2147483642
168 2147483642
909 2147483642
380 2147483642
87 2147483642
24 2147483642
980 2147483642
863 2147483642
860 2147483642
363 2147483642
733 2147483642
209 2147483642
518 2147483642
710 2147483642
360 2147483642
178 2147483642
756 2147483642
221 2147483642
878 2147483642
291 2147483642
128 2147483642
361 2147483642
756 2147483642
20 2147483642
804 2147483642
763 2147483642
588 2147483643
843 2147483643
353 2147483643
447 2147483643
361 2147483643
955 2147483643
389 2147483643
822 2147483643
448 2147483643
602 2147483643
1 2147483643
870 2147483643
547 2147483643
458 2147483643
158 2147483643
857 2147483643
757 2147483643
157 2147483643
587 2147483643
438 2147483643
150 2147483643
116 2147483643
650 2147483643
802 2147483643
853 2147483643
305 2147483643
477 2147483643
803 2147483643
494 2147483643
102 2147483643
618 2147483643
236 2147483643
133 2147483643
504 2147483643
400 2147483643
74 2147483643
891 2147483643
182 2147483643
661 2147483643
854 2147483643
427 2147483643
694 2147483643
160 2147483643
72 2147483643
201 2147483643
992 2147483643
383 2147483643
932 2147483643
842 2147483643
948 2147483643
316 2147483643
991 2147483643
667 2147483643
705 2147483643
648 2147483643
602 2147483643
699 2147483643
574 2147483643
664 2147483643
703 2147483643
667 2147483643
829 2147483643
852 2147483643
391 2147483643
324 2147483643
300 2147483643
151 2147483643
744 2147483643
627 2147483643
408 2147483643
369 2147483643
194 2147483643
590 2147483643
938 2147483643
406 2147483643
27 2147483643
422 2147483643
518 2147483643
3 2147483643
569 2147483643
908 2147483643
527 2147483643
382 2147483643
287 2147483643
719 2147483643
741 2147483643
185 2147483643
255 2147483643
390 2147483643
684 2147483643
749 2147483643
780 2147483643
978 2147483643
700 2147483643
113 2147483643
60 2147483643
47 2147483644
650 2147483644
316 2147483644
122 2147483644
381 2147483644
766 2147483644
365 2147483644
930 2147483644
972 2147483644
524 2147483644
588 2147483644
790 2147483644
268 2147483644
134 2147483644
957 2147483644
83 2147483644
168 2147483644
766 2147483644
508 2147483644
749 2147483644
286 2147483644
263 2147483644
860 2147483644
230 2147483644
475 2147483644
157 2147483644
700 2147483644
148 2147483644
256 2147483644
326 2147483644
171 2147483644
191 2147483644
735 2147483644
454 2147483644
8 2147483644
817 2147483644
511 2147483644
661 2147483644
420 2147483644
218 2147483644
430 2147483644
739 2147483644
342 2147483644
649 2147483644
213 2147483644
387 2147483644
199 2147483644
716 2147483644
126 2147483644
57 2147483644
433 2147483644
461 2147483644
446 2147483644
307 2147483644
902 2147483644
591 2147483644
536 2147483644
169 2147483644
572 2147483644
68 2147483644
494 2147483644
355 2147483644
662 2147483644
233 2147483644
229 2147483644
802 2147483644
384 2147483644
555 2147483644
191 2147483644
29 2147483644
841 2147483644
994 2147483644
30 2147483644
500 2147483644
940 2147483644
867 2147483644
334 2147483644
322 2147483644
229 2147483644
140 2147483644
896 2147483644
688 2147483644
33 2147483644
391 2147483644
276 2147483644
841 2147483644
935 2147483644
636 2147483644
879 2147483644
100 2147483644
601 2147483644
972 2147483644
820 2147483644
511 2147483644
841 2147483644
30 2147483644
847 2147483644
765 2147483644
792 2147483644
170 2147483644
761 2147483645
398 2147483645
964 2147483645
324 2147483645
103 2147483645
773 2147483645
463 2147483645
512 2147483645
363 2147483645
393 2147483645
114 2147483645
328 2147483645
727 2147483645
438 2147483645
495 2147483645
650 2147483645
787 2147483645
917 2147483645
832 2147483645
190 2147483645
924 2147483645
261 2147483645
199 2147483645
422 2147483645
146 2147483645
781 2147483645
351 2147483645
543 2147483645
29 2147483645
917 2147483645
899 2147483645
999 2147483645
391 2147483645
76 2147483645
341 2147483645
288 2147483645
830 2147483645
384 2147483645
457 2147483645
295 2147483645
986 2147483645
822 2147483645
528 2147483645
80 2147483645
848 2147483645
354 2147483645
432 2147483645
728 2147483645
216 2147483645
590 2147483645
505 2147483645
154 2147483645
857 2147483645
637 2147483645
69 2147483645
197 2147483645
369 2147483645
585 2147483645
123 2147483645
778 2147483645
961 2147483645
531 2147483645
946 2147483645
897 2147483645
382 2147483645
671 2147483645
53 2147483645
41 2147483645
286 2147483645
701 2147483645
696 2147483645
136 2147483645
713 2147483645
868 2147483645
769 2147483645
263 2147483645
627 2147483645
452 2147483645
240 2147483645
418 2147483645
576 2147483645
831 2147483645
428 2147483646
66 2147483646
674 2147483646
790 2147483646
19 2147483646
44 2147483646
46 2147483646
929 2147483646
919 2147483646
417 2147483646
266 2147483646
665 2147483646
10 2147483646
36 2147483646
186 2147483646
457 2147483646
455 2147483646
357 2147483646
549 2147483646
941 2147483646
673 2147483646
142 2147483646
467 2147483646
732 2147483646
364 2147483646
587 2147483646
723 2147483646
123 2147483646
267 2147483646
342 2147483646
321 2147483646
26 2147483646
994 2147483646
571 2147483646
382 2147483646
905 2147483646
410 2147483646
565 2147483646
483 2147483646
70 2147483646
572 2147483646
110 2147483646
204 2147483646
338 2147483646
758 2147483646
565 2147483646
760 2147483646
765 2147483646
1000 2147483646
564 2147483646
741 2147483646
430 2147483646
444 2147483646
445 2147483646
347 2147483646
911 2147483646
499 2147483646
427 2147483646
312 2147483646
993 2147483646
921 2147483646
927 2147483646
649 2147483646
658 2147483646
555 2147483646
672 2147483646
477 2147483646
71 2147483646
518 2147483646
130 2147483646
664 2147483646
477 2147483646
41 2147483646
618 2147483646
403 2147483646
402 2147483646
455 2147483646
177 2147483646
689 2147483646
10 2147483646
930 2147483646
855 2147483646
419 2147483646
502 2147483646
527 2147483647
645 2147483647
242 2147483647
428 2147483647
808 2147483647
456 2147483647
639 2147483647
397 2147483647
93 2147483647
614 2147483647
89 2147483647
647 2147483647
93 2147483647
268 2147483647
649 2147483647
448 2147483647
731 2147483647
668 2147483647
379 2147483647
106 2147483647
710 2147483647
753 2147483647
638 2147483647
602 2147483647
230 2147483647
892 2147483647
42 2147483647
789 2147483647
508 2147483647
574 2147483647
464 2147483647
595 2147483647
15 2147483647
159 2147483647
969 2147483647
168 2147483647
552 2147483647
332 2147483647
773 2147483647
836 2147483647
601 2147483647
911 2147483647
593 2147483647
237 2147483647
267 2147483647
854 2147483647
148 2147483647
705 2147483647
473 2147483647
808 2147483647
282 2147483647
763 2147483647
477 2147483647
263 2147483647
29 2147483647
75 2147483647
156 2147483647
118 2147483647
126 2147483647
602 2147483647
638 2147483647
52 2147483647
484 2147483647
298 2147483647
987 2147483647
296 2147483647
436 2147483647
324 2147483647
535 2147483647
876 2147483647
110 2147483647
437 2147483647
328 2147483647
286 2147483647
924 2147483647
1000 2147483647
285 2147483647
407 2147483647
149 2147483647
903 2147483647
902 2147483647
402 2147483647
154 2147483647
39 2147483647
557 2147483647
310 2147483647
443 2147483647
973 2147483647
886 2147483647
301 2147483647
697 2147483647
205 2147483647
252 2147483647
929 2147483647
611 2147483647
689 2147483647
173 2147483647
814 2147483647
880 2147483647
532 2147483647
