1000
139 0
686 2
349 2
662 3
38 3
809 4
354 4
813 4
396 5
685 7
839 8
527 9
210 12
143 12
517 13
782 16
322 17
405 18
796 18
365 18
581 19
136 21
162 21
990 23
117 23
786 24
996 25
32 25
116 26
719 26
262 29
589 30
170 32
799 32
286 32
894 33
623 34
468 36
331 36
720 37
360 38
773 38
934 38
48 42
349 43
581 44
873 45
136 45
383 45
465 47
987 48
313 49
485 51
319 53
254 54
891 56
682 56
354 56
986 57
289 57
938 58
890 63
322 63
611 64
272 64
252 66
374 66
474 67
528 68
272 68
897 68
553 70
13 70
947 72
55 72
763 73
647 73
255 74
277 75
962 75
145 77
478 78
377 80
525 81
679 81
973 82
770 83
905 84
877 85
774 85
615 87
732 89
782 91
222 91
356 91
497 92
163 95
170 96
115 96
408 96
735 97
4 98
90 99
587 99
293 100
598 103
605 103
28 104
568 105
990 107
596 109
470 109
320 111
116 111
871 111
336 112
725 114
447 115
276 115
118 115
309 117
893 117
131 118
221 120
5 121
14 122
282 126
51 126
778 127
505 131
528 131
523 131
84 135
944 136
556 137
635 137
505 138
827 140
494 140
553 141
780 143
977 143
32 143
779 143
658 143
185 143
401 144
962 145
724 146
22 146
619 148
365 149
358 151
389 152
360 153
909 154
543 155
557 156
796 158
797 159
389 159
882 159
275 160
183 160
12 162
203 163
651 163
297 163
709 164
93 164
699 165
272 168
87 171
713 171
534 171
49 172
342 174
157 174
534 176
376 177
776 178
378 179
648 180
935 182
730 185
272 185
757 189
221 190
750 193
129 193
212 195
763 195
789 195
635 196
800 197
914 198
931 203
199 203
802 203
828 203
749 207
589 207
544 208
644 208
874 208
853 209
719 211
988 211
383 212
501 213
510 213
892 215
388 215
526 217
638 217
862 218
530 218
165 219
60 219
236 222
781 224
961 226
163 229
816 230
554 231
29 232
457 233
769 233
336 234
118 234
560 234
535 236
40 236
577 238
24 238
341 241
627 241
875 243
25 245
270 246
351 246
122 247
780 247
818 247
381 248
93 251
911 251
261 252
910 253
456 254
595 254
50 256
905 256
886 256
201 257
340 259
465 261
436 261
534 262
71 262
994 263
136 263
50 264
775 264
265 265
58 268
108 271
569 272
563 273
6 275
972 276
883 277
711 281
157 281
919 283
409 284
102 285
620 286
955 286
801 286
544 287
38 289
472 290
48 290
866 292
992 292
900 293
196 294
523 295
749 295
615 296
638 296
764 296
756 298
463 300
190 302
277 304
395 307
760 308
36 309
905 309
67 310
255 311
428 312
491 312
462 312
259 313
326 314
132 314
379 314
464 315
901 315
411 319
922 320
863 324
172 325
924 325
414 328
193 328
634 330
846 331
707 331
83 335
246 335
561 336
582 337
695 338
501 340
1 341
445 341
448 341
560 344
853 344
936 344
161 345
247 345
771 346
22 347
543 348
700 349
445 349
86 349
425 351
876 352
853 352
613 355
695 356
826 356
864 357
478 357
491 357
403 359
806 359
277 359
307 361
350 363
280 364
677 366
184 366
964 366
46 368
354 369
232 372
372 374
362 375
564 376
644 376
305 376
508 378
679 379
623 379
723 379
378 380
521 383
943 384
143 384
397 386
53 387
202 387
9 388
823 389
570 389
108 389
594 390
1 390
152 391
676 393
636 393
404 394
643 396
206 397
179 397
340 397
150 398
64 400
104 400
318 401
929 402
379 404
872 405
520 406
325 408
159 409
640 410
829 412
54 414
305 414
33 415
902 416
434 418
479 418
395 419
397 420
763 420
96 421
91 421
491 421
269 422
615 424
746 425
360 426
366 428
512 430
257 430
285 431
930 432
826 432
429 433
540 433
507 435
653 436
86 436
314 437
188 437
473 439
863 440
657 440
355 441
848 443
582 444
556 444
366 446
562 447
1 447
159 447
575 448
917 448
675 449
749 449
388 450
967 451
424 457
441 457
269 457
688 459
998 460
786 461
131 461
894 462
388 463
137 463
147 464
116 464
310 471
780 471
730 473
453 474
684 477
540 478
1000 479
311 483
164 484
794 485
667 485
468 485
2 486
785 487
589 489
310 493
497 495
210 495
208 497
405 497
224 499
880 499
673 499
978 499
730 500
452 500
480 500
612 501
937 502
108 502
760 503
227 503
794 504
512 506
697 506
713 507
27 508
820 511
277 513
878 513
569 514
898 514
922 516
58 516
183 516
247 516
911 516
414 517
903 517
374 518
546 518
758 518
11 521
338 521
113 521
167 521
289 522
450 524
350 526
881 528
382 529
34 530
52 530
383 531
927 533
177 533
767 535
624 536
350 538
819 539
593 539
663 540
635 540
197 541
555 541
938 543
492 543
959 544
144 545
970 548
501 548
518 549
448 549
115 549
872 549
114 549
325 549
706 550
689 550
270 551
795 551
342 551
587 553
833 555
602 555
758 556
920 556
100 557
643 557
575 558
149 558
537 559
960 562
977 566
26 566
680 567
764 569
82 570
669 570
835 570
337 572
46 572
929 573
784 573
463 573
59 574
379 574
361 574
792 574
346 576
481 576
142 576
554 577
395 580
432 581
525 581
370 581
560 582
277 582
568 585
696 585
985 585
69 586
150 587
917 589
905 589
21 589
897 591
760 591
454 591
830 591
516 591
296 593
627 593
359 593
913 594
337 595
379 596
306 597
119 597
558 597
264 597
417 599
456 601
56 602
118 602
319 603
253 604
714 604
712 605
190 605
170 606
705 607
463 608
788 608
195 608
345 609
170 610
75 611
391 613
871 613
92 614
19 614
7 616
108 617
839 617
458 619
603 620
656 620
158 621
274 621
588 622
262 622
165 623
294 623
965 624
717 626
889 626
951 627
734 628
860 629
494 629
786 630
297 630
948 633
680 634
683 634
144 635
440 636
745 636
349 638
718 638
500 639
875 640
634 640
811 641
817 641
157 643
750 644
183 645
122 647
122 648
306 649
315 650
318 652
223 655
260 656
920 657
847 658
281 661
722 661
478 661
414 661
41 662
462 662
921 664
437 666
490 667
977 669
671 670
454 670
821 671
8 671
442 672
428 672
742 673
301 673
3 673
367 674
792 675
731 675
927 678
228 678
104 679
984 681
3 682
907 686
351 687
411 689
626 689
227 692
158 692
231 693
859 694
140 698
211 699
779 700
616 700
293 701
410 703
502 705
961 705
766 708
333 708
23 709
944 710
523 710
318 711
168 712
49 713
788 713
628 714
987 715
11 719
820 719
730 719
381 719
989 720
84 722
610 722
760 724
896 725
385 728
929 728
360 730
571 730
1000 732
506 732
935 733
459 734
888 736
764 737
923 738
504 739
613 739
921 740
5 741
89 742
381 746
81 746
793 747
257 748
40 749
595 750
711 750
46 752
257 753
126 753
539 754
92 755
694 756
128 758
251 759
636 761
843 763
167 764
258 764
296 764
797 765
84 766
639 767
631 768
717 771
29 774
829 774
924 775
115 776
944 778
664 780
602 780
548 783
363 783
704 783
439 784
459 785
905 786
795 787
946 787
35 788
734 791
349 791
402 792
666 793
645 793
462 793
725 795
802 795
577 795
813 795
840 795
94 797
233 799
922 802
295 802
630 802
474 802
886 803
479 804
23 804
790 806
122 809
431 810
412 813
613 814
262 815
638 816
463 816
705 817
869 817
671 818
493 819
257 820
398 821
836 821
379 822
505 825
72 827
697 827
884 827
235 827
630 828
72 828
726 828
716 829
526 832
16 832
611 832
703 836
368 836
184 836
699 837
241 837
645 837
757 838
60 839
716 839
85 840
777 841
278 842
974 842
212 846
441 847
445 847
506 848
343 848
568 848
824 849
972 849
287 851
350 851
505 852
696 852
533 852
291 853
243 854
801 854
409 855
349 856
802 856
663 857
626 857
575 857
122 858
413 858
69 859
417 859
151 860
846 860
71 861
780 862
771 863
639 863
547 865
987 865
437 866
672 866
511 870
80 872
843 874
378 874
432 874
291 875
314 875
370 876
112 877
759 878
876 881
173 882
789 882
145 883
62 883
953 884
57 891
904 892
227 892
529 894
264 894
402 894
918 896
199 898
82 899
497 905
481 905
158 905
766 908
526 910
479 915
644 915
272 915
879 919
274 919
967 919
833 921
148 921
604 922
128 922
557 924
938 925
366 926
779 928
723 929
830 930
150 931
514 934
212 934
721 935
676 935
696 935
387 936
882 936
678 939
22 941
439 942
105 942
97 942
966 944
930 944
97 945
619 947
366 950
792 955
333 956
893 958
420 961
146 961
762 962
36 963
164 963
514 966
612 966
696 966
971 969
454 970
177 972
737 973
923 976
636 976
542 976
217 976
316 978
821 979
734 979
12 979
776 980
909 981
632 981
373 985
227 986
657 988
547 989
260 990
971 992
7 993
362 993
891 993
143 994
102 1000
