1000
354 2147483637
489 2147483637
968 2147483637
148 2147483637
896 2147483637
373 2147483637
275 2147483637
921 2147483637
736 2147483637
581 2147483637
289 2147483637
395 2147483637
185 2147483637
37 2147483637
86 2147483637
87 2147483637
214 2147483637
739 2147483637
301 2147483637
826 2147483637
574 2147483637
928 2147483637
496 2147483637
236 2147483637
665 2147483637
589 2147483637
415 2147483637
728 2147483637
70 2147483637
170 2147483637
11 2147483637
218 2147483637
685 2147483637
792 2147483637
586 2147483637
907 2147483637
629 2147483637
227 2147483637
498 2147483637
536 2147483637
474 2147483637
670 2147483637
49 2147483637
947 2147483637
582 2147483637
955 2147483637
447 2147483637
747 2147483637
521 2147483637
101 2147483637
981 2147483637
394 2147483637
977 2147483637
263 2147483637
983 2147483637
670 2147483637
130 2147483637
614 2147483637
918 2147483637
844 2147483637
155 2147483637
983 2147483637
940 2147483637
493 2147483637
58 2147483637
173 2147483637
145 2147483637
460 2147483637
163 2147483637
508 2147483637
746 2147483637
473 2147483637
320 2147483637
198 2147483637
28 2147483637
801 2147483637
626 2147483637
176 2147483637
748 2147483637
575 2147483637
517 2147483637
752 2147483637
204 2147483637
974 2147483637
548 2147483637
289 2147483637
861 2147483637
143 2147483638
325 2147483638
281 2147483638
237 2147483638
65 2147483638
149 2147483638
84 2147483638
747 2147483638
477 2147483638
45 2147483638
184 2147483638
393 2147483638
662 2147483638
219 2147483638
685 2147483638
801 2147483638
542 2147483638
368 2147483638
951 2147483638
370 2147483638
128 2147483638
581 2147483638
714 2147483638
824 2147483638
975 2147483638
216 2147483638
418 2147483638
124 2147483638
499 2147483638
105 2147483638
632 2147483638
205 2147483638
469 2147483638
79 2147483638
678 2147483638
487 2147483638
967 2147483638
307 2147483638
982 2147483638
183 2147483638
414 2147483638
864 2147483638
324 2147483638
15 2147483638
501 2147483638
27 2147483638
89 2147483638
783 2147483638
204 2147483638
923 2147483638
485 2147483638
94 2147483638
327 2147483638
864 2147483638
748 2147483638
427 2147483638
630 2147483638
491 2147483638
349 2147483638
651 2147483638
906 2147483638
265 2147483638
131 2147483638
40 2147483638
881 2147483638
214 2147483638
445 2147483638
368 2147483638
364 2147483638
53 2147483638
214 2147483638
622 2147483638
226 2147483638
577 2147483638
635 2147483638
253 2147483638
273 2147483638
88 2147483638
81 2147483638
579 2147483638
726 2147483638
187 2147483638
138 2147483638
301 2147483638
556 2147483638
524 2147483638
241 2147483638
58 2147483638
479 2147483638
323 2147483638
179 2147483638
517 2147483638
116 2147483638
549 2147483638
782 2147483638
642 2147483638
433 2147483638
168 2147483638
115 2147483638
474 2147483638
376 2147483638
520 2147483638
938 2147483638
91 2147483638
771 2147483639
43 2147483639
54 2147483639
567 2147483639
605 2147483639
389 2147483639
903 2147483639
572 2147483639
365 2147483639
330 2147483639
762 2147483639
537 2147483639
332 2147483639
574 2147483639
507 2147483639
448 2147483639
423 2147483639
721 2147483639
492 2147483639
725 2147483639
597 2147483639
811 2147483639
24 2147483639
4 2147483639
804 2147483639
520 2147483639
831 2147483639
242 2147483639
681 2147483639
76 2147483639
643 2147483639
340 2147483639
941 2147483639
329 2147483639
298 2147483639
659 2147483639
538 2147483639
386 2147483639
866 2147483639
309 2147483639
174 2147483639
213 2147483639
237 2147483639
902 2147483639
220 2147483639
564 2147483639
282 2147483639
909 2147483639
847 2147483639
76 2147483639
751 2147483639
558 2147483639
597 2147483639
989 2147483639
168 2147483639
854 2147483639
18 2147483639
445 2147483639
5 2147483639
846 2147483639
319 2147483639
481 2147483639
584 2147483639
588 2147483639
840 2147483639
567 2147483639
974 2147483639
900 2147483639
350 2147483639
15 2147483639
549 2147483639
105 2147483639
382 2147483639
863 2147483639
385 2147483639
240 2147483639
694 2147483639
115 2147483639
922 2147483639
244 2147483639
477 2147483639
598 2147483639
386 2147483639
641 2147483639
528 2147483639
155 2147483639
141 2147483639
314 2147483639
931 2147483639
296 2147483639
609 2147483639
181 2147483639
450 2147483639
333 2147483640
341 2147483640
523 2147483640
399 2147483640
293 2147483640
575 2147483640
788 2147483640
60 2147483640
551 2147483640
179 2147483640
133 2147483640
245 2147483640
305 2147483640
224 2147483640
7 2147483640
786 2147483640
337 2147483640
102 2147483640
177 2147483640
249 2147483640
43 2147483640
688 2147483640
896 2147483640
406 2147483640
410 2147483640
44 2147483640
369 2147483640
851 2147483640
134 2147483640
217 2147483640
315 2147483640
989 2147483640
73 2147483640
740 2147483640
950 2147483640
183 2147483640
266 2147483640
571 2147483640
168 2147483640
340 2147483640
729 2147483640
530 2147483640
661 2147483640
154 2147483640
716 2147483640
815 2147483640
150 2147483640
675 2147483640
258 2147483640
149 2147483640
744 2147483640
566 2147483640
222 2147483640
624 2147483640
89 2147483640
33 2147483640
694 2147483640
771 2147483640
802 2147483640
38 2147483640
665 2147483640
173 2147483640
535 2147483640
322 2147483640
886 2147483640
86 2147483640
631 2147483640
868 2147483640
92 2147483640
157 2147483640
921 2147483640
924 2147483640
221 2147483640
466 2147483640
349 2147483640
353 2147483640
535 2147483640
576 2147483640
216 2147483640
312 2147483640
935 2147483640
243 2147483640
964 2147483640
609 2147483640
103 2147483640
740 2147483641
609 2147483641
354 2147483641
721 2147483641
977 2147483641
156 2147483641
692 2147483641
332 2147483641
361 2147483641
300 2147483641
450 2147483641
984 2147483641
618 2147483641
119 2147483641
193 2147483641
399 2147483641
195 2147483641
923 2147483641
541 2147483641
941 2147483641
620 2147483641
871 2147483641
508 2147483641
743 2147483641
444 2147483641
250 2147483641
36 2147483641
764 2147483641
964 2147483641
213 2147483641
872 2147483641
78 2147483641
525 2147483641
998 2147483641
321 2147483641
597 2147483641
80 2147483641
887 2147483641
472 2147483641
88 2147483641
528 2147483641
629 2147483641
513 2147483641
319 2147483641
654 2147483641
239 2147483641
999 2147483641
414 2147483641
316 2147483641
691 2147483641
111 2147483641
705 2147483641
439 2147483641
200 2147483641
891 2147483641
787 2147483641
928 2147483641
607 2147483641
818 2147483641
843 2147483641
222 2147483641
994 2147483641
282 2147483641
616 2147483641
553 2147483641
4 2147483641
549 2147483641
480 2147483641
793 2147483641
107 2147483641
954 2147483641
302 2147483641
877 2147483641
421 2147483641
295 2147483641
692 2147483641
130 2147483641
486 2147483641
260 2147483641
816 2147483641
176 2147483641
208 2147483641
506 2147483641
864 2147483641
288 2147483641
782 2147483641
332 2147483641
608 2147483641
832 2147483641
900 2147483641
615 2147483641
252 2147483641
751 2147483641
603 2147483641
953 2147483641
522 2147483641
473 2147483641
528 2147483641
783 2147483641
613 2147483641
710 2147483641
579 2147483641
330 2147483641
440 2147483641
667 2147483641
920 2147483642
178 2147483642
11 2147483642
217 2147483642
282 2147483642
405 2147483642
136 2147483642
599 2147483642
598 2147483642
902 2147483642
247 2147483642
652 2147483642
389 2147483642
629 2147483642
193 2147483642
721 2147483642
25 2147483642
983 2147483642
630 2147483642
755 2147483642
693 2147483642
303 2147483642
922 2147483642
855 2147483642
361 2147483642
708 2147483642
347 2147483642
134 2147483642
695 2147483642
716 2147483642
638 2147483642
825 2147483642
670 2147483642
233 2147483642
360 2147483642
300 2147483642
59 2147483642
103 2147483642
280 2147483642
892 2147483642
409 2147483642
419 2147483642
989 2147483642
996 2147483642
65 2147483642
127 2147483642
806 2147483642
953 2147483642
631 2147483642
631 2147483642
690 2147483642
612 2147483642
323 2147483642
143 2147483642
87 2147483642
390 2147483642
406 2147483642
530 2147483642
537 2147483642
492 2147483642
535 2147483642
43 2147483642
610 2147483642
924 2147483642
421 2147483642
40 2147483642
848 2147483642
35 2147483642
353 2147483642
639 2147483642
629 2147483642
582 2147483642
312 2147483642
571 2147483642
192 2147483642
729 2147483642
816 2147483642
665 2147483642
371 2147483642
579 2147483642
237 2147483642
791 2147483642
517 2147483642
388 2147483642
629 2147483642
631 2147483642
241 2147483642
851 2147483642
753 2147483642
149 2147483642
961 2147483642
218 2147483643
154 2147483643
727 2147483643
535 2147483643
289 2147483643
272 2147483643
886 2147483643
856 2147483643
40 2147483643
986 2147483643
115 2147483643
507 2147483643
614 2147483643
400 2147483643
790 2147483643
449 2147483643
267 2147483643
127 2147483643
672 2147483643
223 2147483643
445 2147483643
207 2147483643
476 2147483643
446 2147483643
672 2147483643
224 2147483643
299 2147483643
564 2147483643
721 2147483643
901 2147483643
955 2147483643
13 2147483643
130 2147483643
776 2147483643
633 2147483643
763 2147483643
329 2147483643
279 2147483643
108 2147483643
557 2147483643
51 2147483643
857 2147483643
132 2147483643
160 2147483643
686 2147483643
164 2147483643
149 2147483643
834 2147483643
111 2147483643
922 2147483643
367 2147483643
492 2147483643
835 2147483643
257 2147483643
85 2147483643
578 2147483643
596 2147483643
185 2147483643
900 2147483643
220 2147483643
869 2147483643
135 2147483643
648 2147483643
336 2147483643
804 2147483643
319 2147483643
301 2147483643
255 2147483643
846 2147483643
653 2147483643
352 2147483643
459 2147483643
956 2147483643
973 2147483643
931 2147483643
365 2147483643
854 2147483643
99 2147483643
904 2147483643
141 2147483643
788 2147483643
44 2147483643
455 2147483643
396 2147483643
42 2147483643
718 2147483643
188 2147483643
701 2147483643
437 2147483643
446 2147483643
390 2147483644
127 2147483644
473 2147483644
857 2147483644
333 2147483644
397 2147483644
220 2147483644
380 2147483644
502 2147483644
45 2147483644
474 2147483644
353 2147483644
857 2147483644
995 2147483644
792 2147483644
89 2147483644
488 2147483644
523 2147483644
310 2147483644
180 2147483644
838 2147483644
7 2147483644
580 2147483644
247 2147483644
791 2147483644
607 2147483644
167 2147483644
694 2147483644
807 2147483644
373 2147483644
183 2147483644
167 2147483644
113 2147483644
500 2147483644
676 2147483644
61 2147483644
223 2147483644
320 2147483644
968 2147483644
340 2147483644
297 2147483644
222 2147483644
675 2147483644
48 2147483644
145 2147483644
448 2147483644
979 2147483644
305 2147483644
156 2147483644
167 2147483644
448 2147483644
822 2147483644
658 2147483644
435 2147483644
595 2147483644
161 2147483644
596 2147483644
246 2147483644
764 2147483644
565 2147483644
464 2147483644
957 2147483644
556 2147483644
921 2147483644
872 2147483644
221 2147483644
823 2147483644
488 2147483644
320 2147483644
679 2147483644
172 2147483644
294 2147483644
43 2147483644
66 2147483644
712 2147483644
65 2147483644
221 2147483644
535 2147483644
152 2147483644
167 2147483644
541 2147483644
865 2147483644
629 2147483645
739 2147483645
274 2147483645
157 2147483645
931 2147483645
104 2147483645
638 2147483645
90 2147483645
482 2147483645
158 2147483645
934 2147483645
842 2147483645
16 2147483645
906 2147483645
338 2147483645
364 2147483645
35 2147483645
15 2147483645
543 2147483645
896 2147483645
329 2147483645
273 2147483645
201 2147483645
504 2147483645
473 2147483645
278 2147483645
304 2147483645
502 2147483645
70 2147483645
142 2147483645
319 2147483645
418 2147483645
703 2147483645
885 2147483645
127 2147483645
769 2147483645
957 2147483645
274 2147483645
327 2147483645
640 2147483645
234 2147483645
435 2147483645
339 2147483645
910 2147483645
381 2147483645
769 2147483645
222 2147483645
474 2147483645
231 2147483645
555 2147483645
64 2147483645
194 2147483645
289 2147483645
335 2147483645
38 2147483645
963 2147483645
361 2147483645
710 2147483645
467 2147483645
813 2147483645
850 2147483645
914 2147483645
394 2147483645
228 2147483645
163 2147483645
704 2147483645
917 2147483645
369 2147483645
119 2147483645
50 2147483645
235 2147483645
20 2147483645
586 2147483645
610 2147483645
238 2147483645
820 2147483645
66 2147483645
736 2147483645
678 2147483645
744 2147483645
896 2147483645
668 2147483645
757 2147483645
92 2147483645
575 2147483645
198 2147483645
742 2147483646
229 2147483646
918 2147483646
478 2147483646
664 2147483646
778 2147483646
847 2147483646
637 2147483646
427 2147483646
554 2147483646
23 2147483646
317 2147483646
814 2147483646
303 2147483646
678 2147483646
624 2147483646
607 2147483646
442 2147483646
20 2147483646
692 2147483646
377 2147483646
21 2147483646
920 2147483646
468 2147483646
313 2147483646
389 2147483646
198 2147483646
818 2147483646
646 2147483646
984 2147483646
226 2147483646
451 2147483646
207 2147483646
903 2147483646
842 2147483646
402 2147483646
184 2147483646
177 2147483646
222 2147483646
749 2147483646
229 2147483646
396 2147483646
14 2147483646
377 2147483646
407 2147483646
743 2147483646
467 2147483646
473 2147483646
285 2147483646
582 2147483646
226 2147483646
439 2147483646
732 2147483646
353 2147483646
860 2147483646
65 2147483646
931 2147483646
261 2147483646
372 2147483646
671 2147483646
902 2147483646
685 2147483646
317 2147483646
408 2147483646
132 2147483646
837 2147483646
65 2147483646
634 2147483646
349 2147483646
135 2147483646
954 2147483646
910 2147483646
581 2147483646
823 2147483646
425 2147483646
411 2147483646
409 2147483646
104 2147483646
876 2147483646
458 2147483646
920 2147483646
842 2147483646
16 2147483646
424 2147483646
30 2147483646
415 2147483646
421 2147483647
750 2147483647
273 2147483647
324 2147483647
53 2147483647
889 2147483647
15 2147483647
533 2147483647
521 2147483647
132 2147483647
668 2147483647
157 2147483647
5 2147483647
827 2147483647
201 2147483647
144 2147483647
106 2147483647
839 2147483647
592 2147483647
122 2147483647
941 2147483647
477 2147483647
473 2147483647
600 2147483647
451 2147483647
977 2147483647
217 2147483647
881 2147483647
874 2147483647
696 2147483647
860 2147483647
685 2147483647
150 2147483647
286 2147483647
383 2147483647
139 2147483647
354 2147483647
898 2147483647
699 2147483647
406 2147483647
63 2147483647
637 2147483647
704 2147483647
897 2147483647
157 2147483647
835 2147483647
550 2147483647
867 2147483647
73 2147483647
713 2147483647
370 2147483647
878 2147483647
609 2147483647
81 2147483647
825 2147483647
120 2147483647
157 2147483647
46 2147483647
98 2147483647
44 2147483647
976 2147483647
498 2147483647
539 2147483647
783 2147483647
192 2147483647
188 2147483647
258 2147483647
906 2147483647
3 2147483647
10 2147483647
281 2147483647
454 2147483647
678 2147483647
806 2147483647
778 2147483647
619 2147483647
586 2147483647
693 2147483647
725 2147483647
241 2147483647
931 2147483647
18 2147483647
867 2147483647
638 2147483647
715 2147483647
508 2147483647
632 2147483647
638 2147483647
85 2147483647
73 2147483647
491 2147483647
