169
384 0
291 0
87 0
144 0
75 0
389 0
368 0
8 0
541 0
265 0
477 0
132 0
356 0
396 0
81 0
445 0
30 0
126 0
84 0
564 0
68 0
221 0
273 0
143 0
400 0
392 0
429 0
149 0
311 0
561 0
163 0
487 0
561 0
83 0
282 0
366 0
7 0
201 0
415 0
29 0
266 0
429 0
102 0
176 0
25 0
26 0
5 0
574 0
169 0
39 0
392 0
315 0
145 0
542 1
156 1
455 1
43 1
534 1
205 1
183 1
550 1
243 1
132 1
230 1
346 1
261 1
364 1
130 1
502 1
484 1
47 1
466 1
464 1
379 1
467 1
71 1
432 1
58 1
570 1
178 1
134 1
296 1
144 1
71 1
72 1
4 1
327 1
577 1
197 1
397 1
505 1
519 1
214 1
42 1
590 1
554 1
122 1
481 1
550 1
597 1
500 1
42 1
367 1
583 1
575 1
286 1
502 1
378 1
529 1
27 1
407 1
150 1
401 1
496 1
202 1
1 1
313 1
71 2
420 2
18 2
468 2
225 2
400 2
216 2
424 2
14 2
383 2
370 2
481 2
135 2
226 2
123 2
471 2
288 2
216 2
596 2
391 2
474 2
598 2
441 2
596 2
105 2
280 2
286 2
389 2
78 2
483 2
241 2
315 2
549 2
274 2
277 2
403 2
200 2
365 2
429 2
120 2
587 2
21 2
314 2
13 2
415 2
530 2
113 2
529 2
231 2
289 2
376 2
35 2
