1000
767 0
929 2
327 2
397 4
966 6
195 6
354 6
473 6
903 8
665 9
302 10
578 11
754 11
309 12
558 13
44 16
503 17
181 18
94 18
864 18
848 20
85 20
992 23
815 24
836 24
111 26
538 27
852 29
253 29
37 30
453 30
319 30
521 30
77 31
113 32
899 32
426 32
112 32
694 33
152 35
432 36
588 37
359 37
779 38
521 39
407 40
112 40
863 41
41 41
513 41
827 43
277 44
653 44
930 45
648 46
55 48
885 49
827 49
560 49
982 50
249 50
133 51
371 53
986 53
234 55
935 55
844 55
142 58
274 60
166 62
631 62
785 62
470 65
508 65
26 66
996 68
97 68
980 68
190 69
549 70
263 71
251 71
769 75
559 76
105 76
943 76
912 83
961 83
189 84
367 85
432 85
790 87
967 87
168 88
806 88
12 89
19 90
296 90
79 90
210 90
793 91
348 92
1 92
941 94
217 95
278 98
544 98
873 99
77 100
84 101
367 101
718 101
276 102
450 104
920 104
310 104
506 105
138 105
486 107
954 109
177 111
506 111
73 111
513 111
860 111
204 112
172 113
402 113
328 114
896 116
521 116
400 116
58 117
527 119
943 120
378 120
324 121
541 125
604 125
327 125
600 126
614 126
588 128
337 130
425 132
814 134
828 135
690 135
575 135
934 137
546 137
415 137
694 139
970 139
132 139
939 140
979 141
787 142
981 145
205 146
504 146
171 148
189 149
910 149
36 150
355 151
894 152
493 154
155 155
574 155
79 155
100 155
385 156
803 157
585 158
287 158
172 159
455 161
976 163
100 166
308 167
669 169
547 169
279 170
400 171
490 172
77 172
493 172
778 173
229 173
174 174
833 175
332 175
413 178
862 180
729 181
227 185
634 186
173 186
763 187
260 189
346 190
881 192
482 193
348 193
658 193
947 196
533 197
103 197
681 197
671 199
164 199
718 200
684 202
806 203
770 205
745 206
479 206
908 208
912 210
455 210
36 211
944 213
683 214
385 214
436 214
545 215
818 216
613 217
974 218
743 220
438 221
552 223
279 224
671 224
269 224
561 227
146 228
449 228
210 229
463 231
478 231
157 235
33 237
643 238
931 239
612 240
450 243
629 243
555 243
195 244
717 244
708 247
230 248
419 250
35 251
463 251
903 251
973 253
699 254
530 255
501 255
879 255
168 259
296 259
769 260
165 261
83 261
692 264
809 264
397 265
125 266
25 267
561 268
879 269
90 271
673 271
99 271
652 272
773 273
185 273
95 273
84 275
278 275
484 277
762 279
525 280
759 281
698 281
193 282
382 282
884 283
499 283
340 286
334 288
237 289
82 291
307 291
687 293
673 296
855 299
804 299
12 301
878 301
115 301
578 302
918 304
106 304
523 307
218 308
661 308
731 312
320 313
498 313
176 314
828 316
726 316
583 316
905 317
779 318
897 318
374 318
868 318
939 320
448 320
777 321
792 321
280 322
832 323
47 324
350 326
740 328
60 328
330 330
96 331
475 332
308 332
436 333
478 334
824 337
648 338
153 338
461 340
526 341
477 344
502 344
206 346
367 346
528 347
196 347
661 348
388 348
701 352
468 352
674 354
589 354
599 355
79 355
881 355
385 355
447 357
310 358
269 362
440 366
288 367
625 367
582 369
572 369
51 373
194 373
979 373
502 374
474 375
602 375
264 376
906 377
328 377
607 379
566 381
214 381
539 383
31 384
425 387
464 388
637 388
623 389
252 390
57 392
231 393
855 396
724 402
264 402
497 405
476 406
275 407
467 409
993 409
398 409
610 410
198 411
233 411
168 412
395 413
16 414
170 414
661 417
170 418
100 420
794 421
345 422
258 422
390 424
369 424
297 424
888 425
831 425
811 425
377 427
561 428
460 429
845 430
581 431
893 431
570 431
373 433
249 434
584 435
787 435
103 435
607 436
61 436
466 437
826 438
234 438
539 438
95 438
770 439
542 439
878 439
582 440
635 440
22 440
557 440
798 443
991 445
304 446
332 447
498 447
588 449
274 450
881 451
94 452
454 452
42 454
565 455
641 456
770 459
362 460
437 461
664 466
849 467
238 468
584 468
745 471
441 471
454 473
324 474
820 474
685 475
558 475
105 477
318 477
530 479
640 480
203 480
388 482
903 482
276 482
548 483
133 485
721 486
976 487
731 490
954 490
826 491
334 491
663 491
757 492
346 495
925 497
422 504
624 506
772 506
679 507
831 508
170 509
704 512
381 513
334 513
679 514
918 514
769 517
653 517
813 518
276 519
323 519
204 521
352 524
491 525
425 526
197 526
645 526
429 527
644 527
815 527
812 528
481 528
668 529
115 529
656 529
822 530
336 532
162 532
356 533
622 534
227 535
374 537
538 537
544 538
217 539
607 541
121 543
129 544
380 544
253 544
42 545
252 547
521 547
755 547
965 547
749 548
875 548
979 549
611 549
940 551
651 553
578 553
491 553
698 554
495 554
668 555
688 556
6 556
615 556
953 558
997 560
559 560
447 560
686 560
105 561
971 564
603 565
697 566
198 566
804 568
344 569
165 570
536 570
752 571
463 573
460 574
309 575
513 576
654 577
543 578
458 578
675 579
517 582
48 583
823 583
869 584
345 585
144 585
945 585
170 585
993 586
260 589
973 590
938 591
773 592
381 593
378 593
251 593
255 594
464 594
24 594
598 594
595 595
441 595
855 596
939 597
889 598
565 598
853 598
456 600
229 603
885 603
107 604
35 604
892 604
662 604
694 604
789 607
572 608
940 610
919 610
922 610
82 611
768 611
762 614
197 614
191 614
31 617
116 617
148 618
307 619
708 620
246 624
870 625
933 625
140 625
44 626
797 626
333 627
48 628
809 629
673 632
724 633
808 634
966 634
361 636
103 638
64 638
747 640
373 640
310 641
202 641
190 643
348 644
4 646
706 647
773 648
106 648
923 649
950 650
717 651
326 651
63 652
305 653
156 656
884 657
86 657
314 658
993 659
131 659
114 660
558 660
515 662
816 662
61 662
302 663
620 666
744 666
360 667
663 668
214 668
826 669
762 669
96 670
943 670
684 671
874 671
672 671
563 671
511 672
46 673
487 673
674 674
813 674
647 674
694 674
671 675
496 677
863 680
643 681
188 682
326 683
671 685
612 686
424 687
582 687
689 687
763 688
263 690
557 694
18 695
615 696
121 697
727 699
218 704
634 704
117 705
833 705
864 705
533 707
389 709
83 709
476 709
970 711
437 712
844 714
35 717
632 717
509 717
805 718
862 719
825 726
178 726
34 727
382 729
113 730
862 736
314 737
503 740
917 742
149 742
920 743
403 744
353 745
674 746
541 747
120 749
621 750
168 751
861 752
492 752
778 756
461 756
930 756
704 757
49 758
720 759
430 760
149 760
260 761
302 761
779 762
964 762
492 763
34 763
196 763
909 764
484 765
609 765
814 768
262 769
394 771
851 774
792 776
584 776
574 777
663 778
918 779
579 780
152 780
247 780
940 781
941 782
235 783
136 784
87 785
910 786
549 787
534 787
795 788
602 789
115 790
682 790
960 790
584 790
496 790
388 791
762 792
435 792
56 792
779 794
378 796
147 798
541 798
330 799
903 799
987 803
570 805
30 805
121 806
450 806
800 807
789 808
697 809
127 809
802 810
600 810
948 811
159 811
304 811
433 812
339 814
934 815
939 815
516 816
942 820
239 821
504 823
968 824
848 824
780 824
58 825
499 826
37 826
840 828
184 829
477 829
976 831
747 831
500 832
22 832
44 833
459 837
357 837
404 837
873 838
236 840
450 841
104 841
470 842
617 843
688 844
883 846
309 847
185 851
278 852
318 852
36 852
804 853
731 853
904 855
295 855
234 856
794 857
794 857
326 858
952 860
547 860
209 861
857 861
391 862
63 863
454 863
995 863
646 864
563 865
846 866
741 867
270 869
772 869
361 871
386 872
276 872
304 872
573 873
208 874
617 875
143 877
446 878
258 879
715 879
288 880
955 881
954 884
608 886
155 886
439 887
699 889
336 889
321 889
898 892
142 893
17 893
202 893
288 895
872 895
165 897
762 899
986 900
900 900
100 902
192 903
998 903
988 904
269 905
233 905
867 906
967 907
300 908
422 908
242 910
552 913
264 915
854 916
203 917
277 917
161 918
922 918
1 918
510 919
986 921
657 922
693 923
149 924
408 926
216 930
534 930
510 931
90 931
915 932
622 932
391 934
957 935
140 935
493 938
718 941
81 941
938 942
179 942
445 944
778 944
913 944
18 946
87 946
512 947
945 947
905 948
39 949
703 949
394 951
823 952
870 954
739 955
777 958
739 959
208 961
364 962
857 963
888 963
709 964
94 968
448 969
517 969
209 971
486 972
798 973
863 974
753 974
109 975
627 977
67 978
853 979
992 979
588 981
501 984
266 985
998 986
99 987
963 987
600 987
592 989
676 989
720 990
642 990
946 990
470 992
884 993
947 993
95 993
374 994
985 995
779 998
975 999
357 999
329 1000
