1000
657 2
275 2
658 2
2 3
948 3
543 5
427 5
127 5
852 6
946 7
267 8
380 8
226 8
975 9
779 10
404 10
238 10
853 12
471 13
45 13
808 14
22 14
485 15
200 18
643 19
381 21
36 22
223 23
700 24
789 24
683 25
782 25
837 27
879 28
366 28
398 28
718 29
570 30
961 33
132 34
485 35
844 35
795 36
393 36
231 38
690 39
884 40
764 40
1000 40
903 41
572 42
26 42
996 45
818 45
857 45
753 46
517 47
156 47
549 48
17 48
100 49
767 50
438 51
420 51
777 53
79 54
522 56
740 56
41 57
594 57
913 57
860 58
415 58
128 58
498 60
982 60
381 61
384 63
615 63
686 63
969 64
949 68
848 68
642 69
557 69
910 69
812 69
584 70
788 71
664 72
41 73
788 74
481 74
752 75
882 77
568 77
141 82
534 82
385 82
33 84
831 84
991 89
134 90
807 91
216 93
477 94
663 94
954 94
221 94
891 94
668 95
492 95
833 95
71 96
800 96
216 97
948 97
1000 98
138 98
949 98
604 99
654 99
412 100
153 100
862 101
929 102
583 103
246 105
601 109
361 110
494 110
348 114
387 114
605 115
523 116
370 118
782 119
171 119
444 120
209 120
471 120
367 124
976 125
530 126
519 127
628 128
29 128
10 128
387 129
532 129
738 131
274 131
595 131
513 132
361 132
694 136
928 136
1000 136
130 136
938 137
826 137
131 138
984 138
204 138
275 142
207 142
164 144
326 145
399 145
756 148
767 148
842 148
777 149
182 152
1000 154
770 154
497 155
133 155
14 155
474 157
436 158
184 158
280 163
899 163
777 164
559 165
870 166
575 166
164 168
281 168
841 168
331 172
776 172
945 174
880 176
619 176
642 177
212 177
408 178
382 179
792 179
574 182
414 183
197 185
350 185
343 185
403 186
945 186
898 187
885 189
126 191
885 192
621 194
792 196
478 196
675 196
280 197
209 197
58 197
37 198
165 198
265 198
830 199
328 200
565 200
450 202
63 202
777 202
846 202
293 203
646 203
528 205
295 205
355 206
57 209
620 209
741 210
131 211
140 212
362 212
729 214
72 214
737 215
106 216
698 217
905 217
946 217
943 220
356 221
429 221
519 223
522 224
775 224
791 225
589 226
953 227
578 228
769 230
910 230
239 230
777 233
605 233
488 236
447 236
235 237
922 238
839 238
277 239
925 240
279 240
993 241
928 242
59 242
657 242
684 244
505 245
129 246
768 246
230 246
300 246
788 247
731 248
317 249
837 249
197 250
506 252
416 253
766 256
745 257
762 259
388 260
946 261
525 261
268 262
992 262
783 265
657 265
358 268
231 270
445 272
601 272
583 273
414 275
97 280
746 281
483 284
947 285
392 286
885 286
456 287
377 288
981 288
805 288
569 289
961 292
759 292
620 292
773 294
943 294
244 295
598 296
264 297
539 297
771 298
255 298
184 299
571 301
404 303
755 303
415 303
908 306
791 308
510 308
81 309
374 309
477 309
434 309
422 310
237 312
464 312
864 312
86 312
111 316
465 316
988 317
337 319
694 320
426 322
369 322
925 323
746 323
519 323
929 324
975 326
816 326
830 326
920 327
814 329
684 330
576 330
666 332
196 334
141 335
731 335
386 336
846 339
223 341
998 341
816 341
577 342
298 343
683 343
901 344
472 345
964 345
720 345
691 346
287 349
399 351
805 351
13 352
463 353
686 354
387 355
726 355
186 356
960 356
667 357
876 358
55 358
171 361
190 362
117 363
265 363
925 363
236 364
499 366
860 366
425 367
480 368
685 369
940 369
60 373
579 374
792 376
529 376
35 377
31 378
302 379
821 380
224 380
611 380
626 383
53 383
535 383
544 384
378 384
518 385
760 386
9 386
343 387
413 387
263 388
987 390
886 391
697 392
347 394
857 397
455 398
327 398
549 398
875 400
640 400
180 400
244 405
200 407
917 410
588 412
914 414
245 414
122 415
58 415
658 415
160 420
153 420
584 420
254 420
35 421
681 421
300 424
447 424
98 424
99 426
712 427
211 429
114 430
984 430
348 430
660 431
531 431
171 431
381 431
255 433
965 433
103 434
950 435
567 435
488 435
527 436
75 438
358 439
875 439
597 445
26 446
388 446
226 447
702 448
113 449
908 449
286 451
1000 451
358 451
568 451
660 452
236 452
48 458
780 458
933 461
411 461
816 462
927 463
875 463
268 463
579 466
19 466
562 467
326 469
875 469
193 470
440 470
55 473
928 474
936 474
497 474
684 477
777 477
905 478
484 478
279 482
940 482
473 483
273 484
254 484
713 487
168 488
380 489
899 490
37 490
147 491
533 491
240 492
838 492
46 493
352 493
418 494
245 495
542 498
39 498
353 499
33 500
942 501
286 501
582 502
423 503
641 503
468 506
998 507
491 509
215 511
486 511
368 512
814 512
947 514
88 515
202 515
791 516
738 518
209 519
927 521
593 522
115 524
244 525
882 526
141 528
308 528
334 530
353 530
585 531
260 532
323 533
816 533
853 534
649 535
44 536
947 537
525 538
664 538
878 539
83 540
37 540
46 541
19 541
883 542
804 543
194 545
82 547
199 549
522 550
973 552
188 552
310 554
185 557
113 557
960 559
608 561
584 561
364 562
999 563
436 563
198 563
367 565
983 567
307 568
206 569
28 573
172 575
452 576
22 576
397 577
100 581
64 582
136 585
995 586
923 586
695 587
14 588
269 590
372 591
741 594
998 595
276 597
322 598
647 598
40 599
525 600
312 600
860 602
751 602
715 604
489 605
776 606
464 607
459 609
703 610
196 610
1000 612
525 613
100 613
429 615
554 615
137 616
507 618
378 618
961 618
229 620
599 620
589 620
818 621
482 621
788 621
441 623
449 623
539 623
345 624
993 624
288 625
639 626
559 627
172 627
206 628
533 630
322 630
133 630
439 631
336 633
992 633
686 636
48 637
488 640
967 640
969 641
127 643
683 643
519 644
424 645
853 647
476 647
304 647
680 648
538 650
840 650
372 651
916 652
218 655
93 657
523 658
305 661
83 661
592 661
283 662
444 663
377 665
761 666
232 667
911 667
723 668
988 668
409 668
636 669
485 669
956 669
652 669
766 670
851 670
811 671
91 672
408 673
52 674
437 674
700 675
344 675
72 676
793 678
939 678
10 679
511 679
834 680
900 681
860 682
640 684
38 684
5 684
654 684
702 685
873 685
336 685
711 686
602 686
873 690
743 692
731 694
659 696
611 698
401 701
536 702
866 703
552 703
266 704
530 705
958 708
479 709
845 713
182 714
260 715
829 717
845 718
115 718
809 720
925 721
644 721
357 722
969 722
457 722
909 722
518 724
236 724
545 730
974 730
900 731
799 731
794 731
595 733
776 734
775 735
202 736
656 736
778 736
267 737
408 738
846 738
476 738
565 739
126 741
921 742
447 743
122 743
433 746
566 747
704 748
524 750
695 750
273 750
863 750
921 751
658 754
551 755
850 758
501 760
11 761
856 761
914 764
555 764
953 767
939 767
360 767
427 769
818 770
213 773
876 773
975 775
996 775
838 776
523 778
328 781
101 782
226 784
519 784
149 785
177 785
414 787
892 787
581 789
728 790
692 792
781 793
871 796
11 796
556 798
431 798
732 799
732 799
105 800
576 802
456 803
780 804
664 806
216 807
295 807
604 809
165 809
128 809
158 810
580 810
800 812
926 812
29 812
822 815
839 815
526 816
871 817
765 818
489 823
951 823
343 824
569 824
934 825
697 826
463 826
128 826
805 829
364 830
731 830
455 831
165 834
82 834
472 835
567 835
614 836
80 837
12 840
459 840
936 840
678 843
908 843
200 843
467 843
736 844
333 845
723 845
389 845
38 847
775 847
643 849
256 851
624 855
57 855
566 856
966 856
694 857
102 858
363 858
594 860
331 861
720 861
460 862
585 863
711 863
249 867
173 867
685 868
813 869
407 869
170 871
688 871
512 875
360 875
617 875
353 879
365 880
982 880
593 880
187 881
417 882
686 885
131 885
392 889
51 893
503 896
142 897
47 898
457 900
456 900
166 900
326 901
643 901
159 904
901 905
172 907
77 908
686 909
44 912
864 913
669 914
578 914
36 914
743 914
351 915
504 915
869 916
342 919
558 921
580 921
119 922
771 922
612 924
812 925
964 926
694 926
920 927
619 928
236 928
530 930
158 930
512 930
687 931
928 932
429 933
910 934
164 936
356 936
429 938
300 939
793 940
547 941
609 943
311 945
900 946
104 946
957 950
876 951
780 953
613 953
963 954
249 954
875 955
369 957
88 962
97 963
975 966
873 967
777 968
140 968
632 968
939 969
75 969
650 969
582 970
127 971
336 972
22 973
507 975
623 975
304 975
546 976
434 976
888 977
514 978
808 978
166 978
133 979
733 979
3 983
939 983
659 983
562 985
540 986
250 987
281 987
571 988
356 990
143 990
114 991
52 991
507 992
575 993
845 994
212 994
580 995
655 999
441 1000
