848
556 0
247 0
390 0
535 1
46 1
53 1
767 1
770 1
415 1
56 1
671 1
707 1
658 2
576 2
535 2
893 2
553 2
874 2
434 3
278 3
181 3
666 3
447 3
505 4
256 4
617 4
343 4
505 5
998 5
874 6
524 7
468 7
752 8
113 8
874 8
105 8
185 8
542 8
163 8
518 9
585 10
218 10
261 10
444 10
82 11
663 11
115 11
281 12
345 12
318 12
148 13
477 13
168 13
574 13
338 14
730 14
241 15
573 15
967 15
242 15
111 16
868 16
492 17
498 17
952 17
755 17
385 17
308 18
444 18
819 18
543 19
460 19
116 19
244 19
719 19
697 19
508 20
247 20
437 20
465 21
854 21
139 22
324 22
659 22
91 22
443 22
306 22
573 23
481 23
352 23
59 23
817 24
606 24
389 24
66 25
829 25
386 25
68 25
520 26
818 26
828 26
150 26
946 26
280 27
68 27
147 27
384 27
394 27
640 28
95 28
409 29
585 29
153 29
751 29
313 30
371 31
59 31
654 31
871 31
206 31
975 31
721 32
88 32
719 32
564 32
451 32
778 32
6 32
864 32
776 33
311 33
925 33
549 33
852 33
110 33
499 33
366 33
114 34
824 34
2 34
751 34
502 34
882 34
560 35
186 35
182 35
216 35
295 36
262 36
205 36
135 36
219 37
322 37
771 37
319 38
983 38
160 38
656 38
228 38
907 38
638 39
562 39
47 39
697 40
766 40
401 40
128 41
566 41
434 41
834 43
287 43
989 43
914 43
40 43
565 43
690 43
876 43
979 44
184 44
350 44
837 45
13 45
135 45
841 45
930 45
498 45
392 45
304 45
266 46
215 46
931 46
64 47
879 47
954 47
420 47
704 47
668 48
912 48
215 48
793 49
450 49
958 49
987 49
713 49
29 50
778 50
947 50
10 50
192 51
322 51
849 51
630 51
253 52
505 52
819 52
699 52
254 54
452 54
231 54
237 54
381 54
583 54
392 54
180 55
610 55
902 55
349 55
135 55
175 55
691 55
842 56
754 56
813 57
462 57
700 57
1000 57
697 58
184 58
774 58
875 58
356 59
490 60
524 60
121 60
981 60
272 60
35 60
432 61
287 61
227 61
41 62
283 62
277 62
873 62
443 63
912 63
756 64
208 65
794 65
70 65
218 66
220 66
632 66
910 66
382 67
675 67
211 67
158 68
888 68
653 68
748 68
7 69
66 69
888 69
378 70
785 70
852 70
482 70
391 70
90 70
409 71
620 71
961 71
728 71
429 71
214 72
387 72
232 72
949 72
754 72
121 72
712 73
667 73
830 74
454 74
512 74
953 75
877 75
431 76
959 76
333 76
414 77
16 77
498 77
562 77
189 78
711 78
371 79
319 79
225 79
711 80
259 80
211 80
215 80
503 80
367 81
94 81
745 82
421 82
335 83
521 83
304 83
620 83
819 83
707 83
306 83
115 83
320 84
311 84
844 84
226 85
364 85
351 85
85 85
40 85
662 85
27 86
753 86
77 86
368 87
586 87
41 87
846 87
151 88
954 88
690 89
858 89
710 90
279 90
748 90
909 91
903 91
704 91
647 92
64 92
661 92
39 92
7 92
358 93
330 93
767 93
495 93
396 94
623 94
670 95
285 95
481 95
161 95
414 95
901 96
985 96
125 96
545 96
150 97
464 97
196 97
265 97
830 97
683 97
624 97
192 97
467 97
484 98
440 98
815 98
743 99
537 99
243 99
424 99
621 100
630 100
12 100
221 100
159 100
328 100
906 100
341 100
659 100
62 101
608 101
693 102
143 102
901 102
735 103
987 103
449 103
524 103
104 103
420 103
950 104
825 104
178 104
667 105
436 105
835 106
701 106
756 106
603 106
15 106
284 106
854 107
51 107
117 108
337 109
128 109
496 109
243 109
792 110
23 110
270 110
856 110
94 110
563 111
602 111
195 111
138 112
234 112
79 112
201 112
257 112
541 112
103 113
87 113
200 113
377 113
708 114
43 114
785 115
54 115
236 115
684 115
368 116
212 117
580 117
24 117
212 117
786 118
475 118
727 118
594 118
684 118
3 119
854 119
298 120
311 120
795 120
207 121
371 121
859 121
950 121
988 121
745 121
559 122
959 122
374 122
34 123
976 123
51 123
706 123
113 124
357 124
584 124
805 124
381 124
445 125
685 125
991 126
423 126
691 126
113 126
603 127
330 127
114 127
808 127
278 128
689 128
394 129
500 129
812 129
490 129
650 129
955 129
735 130
857 130
381 130
184 130
845 131
612 131
548 131
793 132
619 132
40 132
953 132
566 132
245 132
333 132
515 132
910 133
278 133
604 134
361 134
101 134
715 135
375 135
215 135
15 136
503 136
55 137
240 137
221 137
456 137
991 138
975 138
758 138
687 139
904 139
746 139
667 140
63 140
952 140
127 141
143 141
770 141
141 142
163 142
199 142
178 143
52 143
880 143
789 143
794 143
591 144
552 144
983 144
862 144
70 144
157 144
939 144
914 144
102 144
952 144
575 145
526 145
495 145
781 145
585 145
412 146
400 146
816 146
31 146
302 146
373 147
117 147
873 147
390 148
73 148
690 148
719 148
546 149
652 149
316 149
281 150
892 150
952 150
62 150
321 150
854 150
445 150
254 151
736 151
682 151
499 152
57 152
24 152
640 153
619 153
503 153
66 153
971 154
170 154
39 154
293 154
122 154
79 154
42 154
599 155
72 155
655 155
221 155
548 155
91 155
665 156
847 156
886 156
376 157
357 157
766 157
67 157
655 158
619 158
74 159
800 159
506 159
329 159
904 159
852 159
581 159
667 159
876 159
906 160
929 160
894 160
725 160
565 160
89 160
666 161
73 161
169 161
613 162
588 162
793 162
688 162
789 162
43 164
473 164
997 164
361 165
355 165
528 165
784 166
459 167
805 167
506 167
833 167
908 168
809 168
346 169
384 169
200 170
354 170
563 171
930 171
56 171
635 171
769 172
906 172
200 172
370 173
206 173
640 173
219 173
531 174
346 174
184 174
967 174
911 174
866 174
111 174
87 175
705 175
244 175
368 175
649 177
119 177
235 177
223 177
928 177
819 178
327 178
481 178
265 178
271 179
11 179
955 179
957 179
222 179
21 179
842 179
695 180
987 180
131 180
201 180
924 181
522 181
228 181
457 182
137 182
792 183
235 184
208 184
808 184
953 184
985 185
506 185
782 185
438 186
691 187
340 187
970 187
756 187
314 188
127 188
607 190
115 190
533 190
993 190
84 191
794 191
976 192
412 192
522 192
692 192
728 192
26 193
97 193
632 193
445 193
488 193
872 194
611 194
632 194
31 194
759 195
958 195
543 195
895 195
545 196
12 196
530 196
433 196
490 197
550 197
738 197
823 197
520 197
611 197
515 197
887 198
207 198
829 199
482 199
423 200
750 200
236 200
844 200
249 200
518 201
777 201
770 201
561 201
531 202
499 202
231 202
516 202
464 202
753 202
410 203
523 203
791 203
115 204
872 204
289 204
834 204
701 204
507 204
682 205
547 206
430 207
352 207
186 207
704 208
23 209
139 209
799 209
785 209
509 210
431 210
639 210
684 210
890 210
721 210
731 210
964 211
749 211
538 211
520 212
70 212
2 212
609 212
120 212
61 212
387 213
681 213
569 213
923 213
476 213
883 213
107 213
982 214
73 214
673 214
506 214
739 214
191 215
712 215
171 215
579 215
856 215
829 216
478 216
542 216
159 216
902 217
738 217
69 218
577 219
431 220
974 220
154 220
900 220
891 221
768 221
340 222
203 222
538 222
815 222
261 223
387 223
