763
4 1
74 2
204 2
529 3
360 5
904 6
107 6
636 8
345 8
918 9
929 9
235 10
514 15
734 15
55 16
846 18
167 20
966 20
312 21
695 24
29 26
31 27
77 30
888 32
729 32
615 37
676 40
599 40
651 40
85 43
658 43
274 43
119 44
67 46
505 48
706 48
708 49
595 53
638 54
292 56
46 59
146 59
279 63
759 67
211 74
499 75
556 75
215 75
557 76
193 77
704 82
651 83
696 83
554 84
979 85
916 86
522 88
478 89
330 92
225 93
172 95
406 97
434 97
472 99
855 99
52 101
458 102
938 102
794 103
673 105
125 106
51 107
654 111
969 111
716 112
469 113
339 113
369 113
853 114
27 115
898 115
700 115
882 125
991 127
804 127
392 131
258 134
545 135
238 137
561 138
34 138
230 140
6 141
807 141
338 142
847 142
118 142
803 144
258 144
9 144
397 146
81 148
448 149
196 149
140 150
294 151
406 151
372 154
81 155
355 157
2 160
248 161
942 163
330 165
574 169
187 169
821 169
521 171
176 172
652 173
11 174
485 176
170 178
488 181
729 182
750 183
442 183
523 186
682 190
335 190
947 190
762 192
480 192
825 193
906 194
47 194
704 195
924 196
95 197
971 197
803 198
4 199
863 202
115 202
9 202
44 204
310 205
407 206
545 209
372 211
855 211
934 211
617 215
460 216
486 216
958 218
626 218
573 219
908 220
809 220
880 223
529 224
387 226
549 226
487 227
300 232
540 232
109 238
336 239
626 239
991 240
301 242
789 242
536 244
788 244
40 245
989 245
856 245
423 246
517 248
928 249
210 250
120 251
608 252
124 253
697 254
530 255
666 255
326 258
149 258
818 260
815 260
590 263
34 263
509 263
136 264
661 266
235 266
229 267
233 269
753 269
621 270
924 271
660 273
778 274
197 275
139 276
347 280
947 281
805 281
519 282
301 283
79 284
38 287
508 287
373 293
687 294
631 294
783 295
232 296
478 296
15 298
490 299
223 300
814 301
925 303
463 305
286 305
322 308
542 310
322 311
792 312
932 312
796 313
632 313
313 313
787 315
987 316
424 317
733 317
800 319
556 320
877 321
732 322
761 325
939 326
404 329
493 330
462 330
497 330
943 330
455 332
561 332
610 334
16 334
468 336
372 338
1000 339
425 339
753 340
211 340
594 342
740 344
65 345
623 346
780 352
526 353
36 353
354 354
297 354
284 356
866 357
196 357
977 358
83 361
223 361
363 363
989 363
72 364
634 365
606 366
61 370
906 373
261 374
268 374
713 375
443 379
267 382
174 385
781 386
837 386
665 388
535 389
290 390
229 390
117 391
903 392
530 392
190 392
588 393
267 396
935 397
346 398
284 400
460 401
797 401
916 403
871 408
292 410
679 413
146 415
296 419
692 419
820 419
580 424
828 424
786 425
776 425
763 425
806 425
642 427
724 428
322 430
852 430
44 430
435 432
410 437
948 438
903 441
852 444
383 447
84 448
253 449
156 451
748 455
402 455
950 455
408 459
247 459
906 460
630 463
611 464
704 464
774 465
820 466
907 468
508 468
607 468
971 469
331 470
272 475
661 475
385 476
368 476
977 477
906 478
535 479
516 479
106 480
938 486
320 486
393 486
719 487
21 488
384 489
116 489
425 490
703 490
242 492
417 492
875 493
557 494
506 495
426 495
238 495
808 496
445 497
987 497
226 498
358 499
671 499
650 499
355 499
178 502
25 503
572 504
903 504
455 506
309 510
837 511
446 518
55 518
521 519
894 520
46 523
788 525
43 526
215 526
658 528
599 528
843 528
652 528
72 529
940 530
348 531
137 536
652 537
366 538
304 540
208 542
250 542
935 544
411 545
445 547
300 549
627 549
433 550
393 550
183 550
129 551
414 554
741 555
279 555
165 556
836 561
389 564
688 566
943 567
192 568
278 569
672 573
847 575
4 575
834 576
644 577
467 578
559 578
222 579
197 580
753 580
222 581
719 583
567 583
73 583
435 584
116 585
574 586
931 587
573 589
68 589
902 592
881 595
157 596
770 597
135 599
11 601
795 603
476 604
64 605
431 605
8 607
970 609
965 610
213 612
823 614
252 616
944 616
710 617
760 617
234 617
895 619
798 620
897 623
832 624
109 624
353 624
601 626
422 626
181 626
109 627
658 628
630 628
901 629
928 630
842 631
11 634
284 635
796 636
184 636
878 636
991 637
509 638
667 640
445 641
639 644
1000 646
260 648
62 648
926 648
56 649
315 652
40 653
466 654
613 655
546 656
49 659
197 659
880 664
851 667
610 668
800 669
460 669
393 671
741 673
810 675
871 675
1000 675
659 675
102 675
208 677
409 681
527 683
334 685
944 685
82 686
543 686
649 688
183 691
248 692
328 696
485 698
615 699
109 699
977 700
571 701
560 701
656 701
40 702
266 703
782 703
387 703
237 705
946 705
535 706
980 709
263 709
972 712
922 715
971 717
365 717
833 719
781 719
631 724
600 724
643 727
402 727
744 727
325 729
244 729
280 730
158 731
573 731
905 732
35 732
677 732
474 733
936 734
545 735
426 736
579 738
971 741
736 744
20 744
951 745
487 748
237 749
487 750
259 751
261 753
919 754
671 755
188 756
176 759
356 761
928 762
470 765
835 766
203 766
421 772
234 773
39 773
684 773
139 773
628 778
10 778
316 778
381 781
312 781
763 787
491 787
707 787
433 788
885 788
510 789
392 789
258 794
495 794
531 797
256 797
607 799
179 799
695 799
995 804
382 806
923 807
963 810
346 810
954 811
816 811
486 812
880 813
733 813
950 813
459 814
698 818
112 820
663 820
855 821
610 822
857 824
460 824
706 824
94 826
326 826
590 830
649 831
523 832
903 832
141 833
789 834
998 835
411 835
257 836
485 837
3 839
482 839
435 841
674 842
304 845
234 845
762 845
284 848
763 852
755 852
674 854
66 854
563 856
506 857
71 858
77 859
319 860
533 860
962 860
798 860
850 861
381 862
169 862
413 865
623 865
244 866
621 866
840 867
233 868
479 874
767 877
977 880
163 881
801 881
154 884
460 885
128 886
172 887
661 888
239 888
493 890
675 890
646 892
304 897
1000 897
344 899
375 900
902 901
62 901
436 905
682 906
104 910
482 910
43 913
539 913
988 915
52 916
259 917
147 917
603 917
159 918
299 920
963 924
872 926
315 927
192 927
48 930
612 931
997 932
749 932
39 937
548 937
217 938
136 940
498 943
600 944
147 944
740 946
419 947
256 948
389 948
721 949
881 950
361 950
975 951
834 957
557 957
449 961
518 961
162 962
987 962
886 964
913 965
896 967
225 967
229 967
273 969
905 969
264 972
107 972
375 973
918 975
215 977
597 978
997 979
170 980
480 981
69 981
390 984
237 984
781 985
602 986
126 987
37 989
726 990
604 992
743 994
514 994
853 1000
