76
13 2
36 5
57 14
56 30
38 35
70 83
19 86
61 90
70 94
27 100
55 105
52 120
20 136
56 140
52 149
47 180
2 200
19 215
5 220
61 241
60 270
30 278
5 279
53 317
7 330
34 361
6 368
65 368
30 369
39 374
62 391
15 424
48 447
21 464
24 473
4 480
75 491
5 492
72 503
18 534
55 553
35 567
45 573
46 579
74 580
67 581
29 596
62 601
44 610
72 612
22 618
63 668
26 681
73 698
60 713
35 715
14 724
50 725
9 728
23 733
28 739
25 741
47 757
42 759
30 760
67 762
72 777
45 783
27 796
24 797
40 808
33 833
43 841
44 856
23 871
34 919
