414
261 0
491 2
219 3
564 4
62 6
374 7
374 8
250 12
339 13
482 14
507 15
137 18
428 21
89 24
98 25
407 27
27 35
222 37
49 37
48 38
168 40
184 42
165 43
378 43
412 44
145 44
2 46
117 47
160 52
425 52
491 53
174 56
230 56
590 62
398 67
162 68
213 69
154 70
349 75
255 76
365 76
344 76
244 77
507 77
543 79
327 80
58 86
306 87
315 89
117 89
406 89
593 91
234 100
83 100
502 101
478 102
344 102
247 102
99 116
410 120
616 127
550 127
619 127
172 129
551 129
317 130
400 130
202 131
564 138
80 139
3 140
454 141
154 144
281 145
36 145
527 145
130 147
71 151
230 152
457 157
469 158
266 159
237 160
217 163
494 167
531 167
613 168
331 169
444 172
270 172
602 175
576 177
230 178
34 179
549 181
153 181
204 181
351 188
109 188
575 189
200 190
367 192
253 194
482 198
553 199
625 200
506 207
297 214
138 216
19 218
569 219
202 219
581 220
474 226
116 226
462 230
410 231
75 232
476 233
340 234
350 234
158 241
555 244
561 247
568 248
314 248
601 249
412 253
397 258
137 262
175 263
309 263
544 263
526 264
158 265
500 266
225 266
8 276
253 277
27 282
616 285
18 287
74 291
381 292
254 298
481 299
231 300
38 305
625 306
159 307
353 311
422 317
289 319
200 319
181 323
430 325
371 333
411 335
345 335
336 336
561 338
614 341
245 342
203 342
392 343
410 347
546 347
192 348
2 350
575 353
419 354
217 356
71 359
12 359
119 361
290 362
123 365
231 367
176 370
350 377
415 381
120 383
255 386
626 388
223 388
555 388
218 389
309 389
199 390
275 391
193 392
619 393
443 394
542 396
412 396
415 399
242 402
165 404
48 405
345 407
469 409
418 413
535 413
372 417
609 418
353 421
554 422
477 422
283 423
603 424
230 425
366 427
203 428
423 431
154 432
364 433
410 435
102 441
50 448
27 451
490 453
319 454
584 455
312 456
338 461
12 464
4 467
320 467
202 469
480 469
142 470
155 472
123 474
298 477
481 477
486 479
287 481
333 485
288 485
559 486
75 489
421 491
224 493
8 495
32 503
552 503
309 503
115 505
531 507
1 507
515 511
512 512
69 513
285 514
311 521
187 522
176 522
473 523
227 523
228 525
589 526
170 526
80 526
620 529
158 531
310 534
382 535
388 535
214 538
221 539
349 539
491 540
511 542
377 544
538 546
62 550
506 551
43 551
232 554
309 555
303 557
403 557
81 558
428 560
56 562
303 562
486 571
134 571
346 572
277 573
158 573
387 574
148 576
579 579
67 581
365 582
119 585
569 587
207 588
53 591
527 591
130 596
238 597
165 599
167 600
309 603
479 604
8 609
625 609
481 609
205 610
568 610
262 611
100 611
59 612
334 614
124 614
181 614
475 616
147 620
32 622
397 622
255 623
563 624
224 626
509 627
517 627
32 631
370 632
411 635
315 635
227 638
371 642
13 643
581 645
511 648
52 651
175 653
625 654
240 656
332 662
612 663
391 668
585 670
45 670
111 672
176 678
371 678
235 679
588 679
548 681
597 681
332 681
528 682
74 687
21 691
331 693
237 697
135 697
28 698
604 701
315 704
352 705
480 712
131 713
578 713
445 715
617 716
58 717
151 718
520 719
173 719
508 719
376 724
260 725
501 725
165 731
219 732
340 734
569 734
68 737
5 740
481 744
611 745
108 748
48 750
460 755
517 755
27 757
545 765
233 767
282 767
277 770
365 772
568 774
244 775
197 781
585 783
72 785
80 787
587 800
606 800
307 801
70 805
478 807
94 807
310 810
30 812
348 814
368 817
457 823
382 824
172 824
185 824
