366
634 1
474 4
581 4
754 4
971 16
282 18
974 24
741 25
776 25
868 34
214 36
226 39
2 40
855 48
270 49
893 53
615 53
224 55
355 58
733 59
664 60
171 62
784 63
200 64
839 65
138 65
575 73
774 73
775 73
463 75
399 79
426 81
729 82
393 86
464 87
316 89
153 90
498 91
752 91
810 94
876 100
937 104
826 107
259 107
741 109
514 111
984 111
861 113
646 115
523 122
541 129
199 132
696 143
958 143
949 145
407 145
431 148
82 149
545 149
646 149
681 150
709 158
900 159
693 159
52 167
637 167
469 169
466 173
404 174
283 175
133 177
203 177
25 180
605 181
643 190
447 193
336 193
468 197
962 199
259 201
862 213
750 214
912 220
999 220
338 223
545 235
277 239
852 242
73 248
577 248
187 250
163 251
862 251
405 252
568 256
147 257
833 258
310 262
798 262
131 270
612 271
776 276
902 281
464 291
470 292
417 294
853 296
392 296
510 300
831 300
60 304
816 308
496 308
429 308
64 311
245 317
188 320
913 320
968 320
856 325
546 325
679 332
354 332
744 336
187 337
129 339
276 339
924 343
468 343
682 348
388 350
681 352
436 354
256 370
619 374
46 379
763 382
246 386
537 389
708 402
194 405
496 405
231 411
700 412
256 418
85 419
651 419
712 423
126 426
225 427
208 427
578 429
280 430
768 431
261 440
294 442
358 442
118 445
918 448
894 454
843 459
182 460
440 460
701 461
884 461
10 467
595 471
617 474
282 474
363 476
88 482
53 485
409 489
62 489
759 492
445 493
428 500
331 500
206 503
106 506
59 506
389 507
612 511
817 518
562 518
578 518
626 523
471 529
721 531
849 532
742 534
453 534
532 534
850 536
205 538
184 552
325 552
710 554
32 557
835 557
418 557
458 561
442 563
360 564
730 565
523 566
682 571
358 572
895 573
364 576
791 576
786 579
597 580
759 580
827 581
15 582
221 583
833 583
461 586
609 593
608 596
503 596
311 597
707 602
507 602
328 604
362 606
774 608
805 613
963 614
138 616
263 618
149 620
690 620
775 622
349 627
177 630
594 631
340 633
534 635
309 640
251 640
329 641
158 642
913 652
320 653
708 654
100 658
923 658
280 662
679 665
994 671
865 675
388 676
453 685
411 688
877 700
769 700
437 701
520 702
722 702
743 707
295 719
355 725
355 728
969 729
439 729
395 730
255 735
562 739
929 743
12 749
305 750
645 755
620 756
88 757
774 757
650 758
700 762
686 764
115 764
365 765
664 771
139 772
951 772
912 774
336 777
852 777
133 778
669 779
262 783
909 797
623 799
379 800
174 809
359 812
716 814
764 815
394 816
278 820
936 820
434 820
803 821
309 825
646 827
556 828
925 830
547 834
960 839
642 839
196 841
770 844
10 844
526 848
801 851
338 857
212 858
502 867
723 869
293 875
245 876
407 877
555 877
31 877
188 882
625 884
321 885
746 888
383 890
794 892
29 892
386 893
922 896
930 898
82 898
955 902
137 904
637 905
261 907
678 909
622 909
338 910
857 912
81 920
22 929
55 932
410 934
463 936
920 943
301 944
637 946
43 946
993 950
598 951
95 952
8 952
336 952
298 962
466 964
804 968
360 970
639 982
211 991
75 991
27 998
314 999
