1000
741 0
81 0
326 0
228 1
639 1
599 1
992 2
336 2
485 3
765 3
214 6
140 6
477 7
218 8
507 9
217 12
200 14
640 16
847 18
722 18
943 19
976 21
447 22
251 23
112 23
211 23
179 25
792 32
290 33
687 34
473 37
339 37
913 38
819 38
663 38
715 40
836 42
76 43
578 44
626 44
885 49
185 49
29 50
915 52
1 52
903 54
805 57
218 58
491 59
322 59
155 60
36 60
107 62
931 64
863 65
885 65
989 67
668 67
775 68
771 69
365 70
887 70
596 70
202 71
524 72
676 73
195 73
251 74
694 76
996 78
547 78
551 78
563 79
787 80
546 81
274 81
67 81
251 82
496 82
642 83
664 83
9 83
612 85
117 85
384 85
845 86
331 86
988 86
904 86
252 87
500 89
547 89
950 90
416 91
415 91
28 93
470 93
221 93
287 94
820 95
954 96
681 97
225 98
945 104
998 104
200 107
541 107
174 110
455 111
179 112
266 112
745 112
837 114
771 114
16 116
783 117
572 118
810 118
324 119
774 119
229 120
396 121
609 123
293 124
383 124
534 127
641 128
863 128
651 128
869 128
875 131
900 131
404 136
981 136
869 138
390 139
217 140
159 141
659 142
667 146
449 147
834 147
303 149
977 150
187 150
874 151
312 153
919 153
937 154
627 156
533 157
662 157
607 157
654 157
379 158
52 160
82 162
304 163
457 163
565 165
720 165
126 166
747 168
451 168
167 168
935 169
319 169
470 170
362 170
80 170
212 171
654 171
366 172
984 173
99 175
944 176
892 177
126 181
743 181
943 183
368 184
965 186
659 186
695 187
392 187
174 188
642 188
454 189
481 190
265 191
45 191
40 192
749 195
886 195
608 196
987 197
505 198
586 201
405 203
123 204
922 205
27 206
932 207
770 209
138 209
778 209
535 209
94 209
989 210
903 210
858 210
708 216
517 217
600 217
989 219
727 219
895 221
843 223
824 224
947 224
583 224
375 224
720 225
214 225
594 226
283 226
672 226
371 227
939 228
147 231
149 231
297 232
989 233
515 235
839 238
130 240
915 242
192 243
405 245
274 246
191 247
537 248
41 249
773 252
975 253
811 254
516 255
982 256
105 257
547 257
582 257
914 258
878 260
114 261
889 261
60 262
651 263
129 269
411 269
853 269
492 269
154 269
665 271
857 274
722 275
153 276
564 276
76 276
895 278
693 280
380 280
163 281
330 282
140 283
566 283
319 285
289 285
969 285
289 288
936 289
649 289
266 290
886 291
124 292
557 293
609 293
646 295
717 296
777 296
360 298
750 299
470 299
161 300
676 301
69 302
43 303
414 303
726 303
251 304
683 304
780 308
422 308
766 308
172 308
457 309
767 310
183 310
456 311
190 311
720 315
917 315
675 315
221 317
782 317
467 318
231 318
449 319
340 320
760 321
638 323
6 324
765 324
923 325
818 325
460 325
131 327
376 327
131 328
882 329
500 329
247 330
253 330
936 331
331 332
72 332
489 333
974 334
597 334
998 335
386 340
185 341
396 342
690 342
923 343
320 344
222 345
636 346
579 349
42 349
560 350
121 354
775 354
588 355
243 355
88 357
482 357
663 357
196 358
399 359
99 360
838 362
920 364
707 364
708 364
563 368
937 370
276 371
980 371
803 372
408 372
229 374
896 376
890 377
164 378
716 379
171 382
922 385
53 386
125 388
431 388
140 390
728 391
241 392
855 393
91 394
803 395
845 396
310 397
254 397
803 400
63 405
355 406
466 406
368 408
128 408
499 408
590 408
873 409
264 412
376 413
602 413
273 415
305 415
639 417
385 419
472 423
319 423
264 424
251 425
56 425
197 428
153 429
573 429
159 429
256 429
992 429
914 430
501 430
471 432
201 433
266 433
36 433
959 433
745 434
339 434
742 434
448 435
245 438
350 438
506 438
921 439
245 440
946 441
555 442
516 444
960 445
913 445
835 449
772 450
742 451
790 452
81 453
680 454
564 455
933 459
355 459
275 459
705 460
532 460
970 461
888 461
275 463
748 465
909 466
903 467
496 468
780 469
814 469
36 469
23 470
906 470
181 471
306 471
791 474
37 476
991 477
294 478
942 483
922 484
700 487
664 488
36 488
388 489
526 489
64 490
800 491
783 493
856 493
366 494
839 495
452 496
13 496
75 497
498 498
480 498
248 498
215 499
221 499
603 500
929 502
598 502
41 504
811 505
372 505
419 505
567 505
249 506
66 506
323 506
613 508
691 511
674 511
422 511
496 512
537 513
457 514
618 514
562 515
438 516
301 518
236 519
699 520
373 521
835 521
77 521
470 522
230 524
858 525
63 527
759 527
582 528
269 530
996 531
72 531
544 531
703 532
282 533
939 533
475 534
789 535
410 538
858 539
323 540
611 540
696 543
47 543
210 544
244 544
856 545
129 545
475 547
692 548
52 548
358 549
86 549
953 550
770 551
954 551
27 552
849 556
228 558
694 558
709 558
316 560
772 560
561 560
941 560
330 561
661 561
996 562
595 563
922 564
529 564
734 565
541 565
921 566
890 567
418 567
921 568
344 568
684 568
614 571
19 571
688 572
687 572
652 573
547 574
336 574
56 575
241 576
390 576
976 579
877 580
537 580
573 580
355 581
230 582
871 585
506 586
570 588
395 588
966 588
230 591
647 591
84 593
84 594
777 595
834 595
30 595
449 598
945 599
391 602
775 602
682 604
481 606
41 606
642 606
624 607
371 607
931 608
176 609
337 610
491 613
526 614
356 618
984 619
794 621
602 622
964 622
110 623
143 624
812 625
672 625
418 627
414 627
324 628
605 628
597 629
534 629
359 629
922 630
134 631
18 631
730 631
920 632
224 635
239 635
333 636
924 636
517 638
540 641
942 641
167 644
773 644
651 645
349 645
845 645
304 647
775 652
975 656
460 656
236 656
483 656
110 656
691 657
181 657
914 658
312 658
204 660
300 661
518 662
223 662
460 662
707 663
4 665
621 670
805 670
170 673
9 674
38 675
152 680
343 681
724 681
738 685
881 685
662 687
405 687
692 688
815 690
931 691
979 693
268 695
958 696
343 697
748 698
898 698
273 698
648 698
54 699
394 699
10 699
903 699
584 700
279 702
710 704
696 705
593 705
116 705
654 706
874 706
14 706
751 707
255 708
695 709
756 710
942 714
65 714
220 715
996 715
166 715
706 715
338 716
655 716
304 717
433 717
22 720
385 721
649 722
146 722
246 722
317 723
938 725
399 726
25 727
602 729
194 730
491 730
67 730
765 731
437 733
120 734
223 735
938 739
473 740
598 741
497 742
126 742
14 744
102 744
155 746
50 747
965 748
54 748
927 748
377 748
742 750
758 750
19 753
996 754
365 757
823 757
602 758
243 759
381 761
996 762
311 762
120 764
682 765
62 768
421 768
883 769
159 770
749 770
648 771
254 772
779 774
249 775
872 777
769 777
662 778
530 779
557 782
859 782
377 785
582 787
105 787
784 790
609 791
32 791
742 791
143 791
404 799
366 799
100 799
158 800
842 801
733 805
172 806
161 806
315 807
506 808
749 810
537 810
107 811
418 813
91 813
677 814
159 814
998 814
628 815
326 816
221 816
544 817
360 817
454 817
352 817
651 817
619 818
722 818
586 818
217 821
644 821
447 822
755 823
263 823
196 823
334 824
449 826
137 828
599 830
193 830
101 834
434 834
43 836
312 836
368 837
592 837
586 839
408 839
88 840
238 841
199 842
275 844
285 845
260 846
991 848
526 848
369 849
443 849
211 850
93 851
496 851
137 852
297 852
631 853
379 855
15 858
161 858
579 858
862 859
226 859
406 861
51 861
776 862
713 863
627 864
36 864
507 864
563 865
370 865
855 865
359 865
876 866
268 866
241 866
353 868
595 868
562 868
132 869
328 869
993 871
257 871
388 872
733 874
567 874
136 875
521 877
614 878
634 879
464 879
552 879
969 881
476 882
42 883
121 885
287 886
364 886
870 887
368 889
555 890
294 891
719 893
992 895
32 896
693 897
180 897
290 897
761 900
867 902
475 903
45 903
37 903
579 903
300 905
181 905
662 907
947 907
534 910
959 911
946 912
25 913
647 913
308 915
390 916
982 916
979 917
915 918
692 918
443 918
509 923
365 923
852 925
684 926
428 926
68 926
986 927
68 927
811 928
335 930
616 930
967 932
805 933
192 937
330 939
958 940
389 941
282 944
158 945
334 946
204 946
211 947
341 947
446 948
436 948
821 948
492 950
193 951
635 955
338 956
981 957
372 958
267 959
142 960
422 961
406 962
580 963
588 963
861 963
714 966
580 967
402 968
776 968
552 968
903 970
345 971
710 971
963 972
707 974
399 975
418 975
459 975
826 978
109 979
292 979
24 980
278 981
46 982
258 982
992 984
791 984
682 984
50 985
927 985
910 986
545 988
566 988
263 989
369 991
374 991
754 992
791 993
372 993
36 994
119 995
496 996
468 996
82 997
52 997
864 999
328 1000
