960
392 0
196 0
517 0
55 1
227 1
318 2
184 3
268 3
232 3
87 4
370 4
204 5
167 7
362 8
166 8
13 8
329 8
71 8
15 9
74 9
508 11
227 11
269 11
374 13
501 13
120 15
272 16
63 16
192 16
471 17
313 18
46 18
69 19
10 20
156 20
503 22
245 23
256 23
45 23
409 24
174 24
15 24
146 27
434 27
161 27
534 28
4 30
473 31
82 31
225 32
214 32
139 32
109 32
136 32
375 33
102 33
279 33
487 34
58 35
145 35
199 35
289 36
103 36
330 37
106 37
535 37
515 39
268 39
494 39
350 40
127 40
427 40
521 41
443 42
202 42
349 42
204 42
493 44
497 44
65 45
498 45
306 45
432 48
178 49
531 49
215 51
397 52
266 53
280 53
398 55
57 55
337 56
92 58
249 58
506 58
226 59
468 60
471 60
403 62
197 63
305 64
472 64
121 66
210 67
484 67
526 67
415 67
304 68
220 69
238 69
42 69
104 70
485 70
22 72
58 73
70 74
293 74
179 74
524 75
242 75
77 76
240 77
150 77
145 77
519 77
186 79
201 79
78 80
495 80
315 81
59 81
411 83
441 84
406 84
525 89
343 90
330 90
126 90
113 93
117 94
400 94
155 95
201 95
200 95
269 95
485 96
274 96
22 98
503 98
506 99
62 99
271 100
216 102
456 102
27 103
451 103
343 104
242 105
41 105
433 106
337 106
262 106
498 107
195 108
173 109
362 110
7 111
154 111
40 114
276 115
371 116
35 117
53 118
144 119
324 119
372 119
342 120
63 120
473 121
98 121
81 122
106 122
205 122
156 122
36 122
98 123
422 124
55 124
171 124
132 125
126 126
466 126
259 126
178 128
160 128
324 129
164 131
368 131
520 131
376 132
291 133
375 133
325 133
82 133
341 135
237 135
120 136
417 136
348 137
382 137
484 138
83 138
388 138
424 138
14 140
360 140
241 141
107 141
473 141
150 142
456 143
130 143
172 143
321 144
327 144
166 145
293 145
421 145
521 146
318 147
359 147
241 149
326 150
537 150
248 150
433 150
38 151
312 152
469 152
345 153
236 153
210 153
458 153
109 154
190 154
13 155
314 156
453 156
519 157
251 157
229 158
470 158
506 158
412 160
196 162
201 162
96 165
139 165
365 166
129 166
531 166
442 167
215 168
324 169
16 170
170 172
391 172
55 174
73 177
76 178
108 179
294 179
508 179
45 179
383 181
480 181
194 182
320 182
66 183
85 183
124 183
389 184
240 185
241 185
78 186
186 186
451 186
485 186
270 187
436 187
310 188
503 188
29 189
516 189
261 190
338 191
234 192
455 192
157 193
286 194
6 194
525 194
326 195
320 195
138 195
363 196
293 196
443 196
154 196
329 196
475 197
386 198
82 198
363 198
382 199
324 199
362 199
434 199
239 200
377 201
310 201
514 203
206 204
193 204
150 205
327 206
528 206
450 207
404 207
189 208
309 209
316 210
16 210
414 210
112 212
397 212
194 213
237 214
36 214
122 215
360 215
380 215
71 216
318 217
172 217
161 217
13 217
193 217
222 218
69 219
56 220
82 220
524 220
463 221
429 221
59 221
93 223
272 224
170 224
97 224
63 225
367 225
446 225
249 226
320 226
37 226
440 227
41 227
164 228
4 229
29 231
109 232
135 232
436 232
223 232
187 232
242 233
347 234
319 235
108 235
239 236
319 236
104 237
94 237
217 238
93 239
93 239
416 240
275 240
393 240
41 240
269 241
12 242
483 243
331 243
306 244
404 245
388 245
348 246
449 247
406 248
151 249
279 249
345 250
382 250
417 251
183 252
37 252
490 254
110 254
127 255
445 255
393 256
256 257
177 257
514 258
510 258
532 258
116 260
415 260
502 260
537 261
147 261
417 262
313 263
85 263
216 264
137 265
198 265
241 265
50 266
416 266
331 266
403 266
173 266
500 266
249 267
390 267
357 268
31 268
273 269
348 270
535 271
100 271
298 272
521 274
523 274
372 275
395 276
203 276
481 277
520 277
20 277
266 278
522 279
488 279
470 279
504 279
440 281
455 281
223 282
333 282
191 282
397 285
233 285
162 286
189 287
303 287
12 287
439 287
306 288
486 289
191 291
63 291
117 293
209 294
229 294
371 295
322 297
275 297
387 298
522 298
327 298
204 299
352 300
305 300
193 300
360 300
450 301
268 301
299 301
368 301
181 302
347 302
486 304
462 306
363 307
453 308
456 308
425 308
56 308
473 309
353 310
274 310
13 310
40 310
479 311
182 313
250 313
190 314
536 314
430 314
346 314
123 314
106 314
149 314
271 315
45 315
287 317
280 317
62 317
313 318
437 319
217 320
19 320
457 320
305 321
485 321
453 321
168 321
187 322
368 322
179 322
268 323
97 324
276 324
398 325
126 327
44 328
523 328
34 330
2 330
23 330
257 331
490 332
144 332
64 333
242 333
498 334
291 334
42 335
187 335
154 336
485 337
425 337
507 338
104 338
216 339
71 340
327 341
327 342
393 343
442 343
8 344
290 345
82 345
238 345
53 345
210 346
420 346
86 346
438 348
426 349
380 350
42 350
364 350
500 350
27 351
84 352
498 352
119 352
485 352
217 352
67 353
125 354
358 355
352 355
383 356
166 357
94 357
330 357
13 359
392 360
351 361
191 361
91 362
395 362
414 362
94 362
514 362
15 363
29 363
433 363
312 363
204 364
334 364
384 365
525 365
272 366
533 367
3 369
167 370
132 370
118 371
133 371
515 372
513 372
197 374
103 374
103 374
216 375
473 376
65 377
422 377
50 377
424 378
135 378
138 379
367 379
533 381
200 381
2 382
45 382
471 382
116 383
331 384
45 384
172 384
181 386
242 387
508 387
281 387
254 387
139 387
277 388
530 389
209 390
170 390
134 391
122 391
89 391
176 392
129 393
96 393
153 393
131 393
265 394
377 394
55 395
498 397
54 398
28 398
124 399
87 399
453 399
233 400
276 401
473 401
3 402
93 402
173 402
224 402
141 402
323 402
34 402
282 402
78 403
442 403
299 405
536 406
442 408
432 409
45 410
499 410
28 411
374 411
31 412
375 416
398 416
80 417
370 418
292 419
184 420
4 420
15 421
129 422
425 423
114 423
113 425
171 425
13 426
54 426
160 427
191 428
361 429
469 429
238 430
371 432
100 432
295 433
388 434
198 435
412 435
92 436
61 436
473 436
156 436
39 438
24 438
150 439
414 439
273 441
170 442
196 442
157 442
226 443
529 444
271 444
182 444
109 445
249 445
56 445
113 445
165 446
194 446
283 447
476 447
405 447
288 447
362 448
534 449
412 449
362 450
198 451
162 452
57 453
188 453
230 455
281 455
53 455
153 457
44 459
124 459
222 461
458 462
224 462
349 463
294 463
518 464
153 464
146 466
281 467
57 467
169 467
69 469
522 471
35 472
469 473
533 473
339 473
445 475
147 475
249 476
185 476
101 476
454 476
434 477
407 477
139 478
348 481
76 481
481 482
528 482
356 483
253 483
310 483
21 483
348 485
186 485
81 486
119 487
421 487
149 490
454 490
9 490
468 491
523 492
475 492
289 493
416 493
140 494
240 494
522 495
18 495
502 495
37 496
288 496
389 497
344 499
163 500
268 500
151 500
343 501
272 501
227 503
297 504
222 504
354 506
58 506
113 507
3 508
216 508
305 508
383 509
372 509
250 510
153 510
515 510
457 510
449 511
382 511
81 511
336 511
24 515
475 515
149 515
62 516
122 516
439 516
410 517
475 517
277 518
467 518
100 520
388 520
530 521
170 522
281 522
48 524
413 524
281 524
205 526
281 528
173 528
265 528
396 528
412 530
244 530
127 530
99 531
323 531
227 531
221 531
150 532
306 532
503 533
439 533
47 535
529 535
519 537
163 537
151 537
32 538
116 538
2 538
272 539
116 540
35 540
430 540
530 541
511 541
263 541
520 542
184 542
390 542
407 544
480 544
505 546
94 547
224 547
342 547
141 548
447 548
300 551
371 552
206 552
264 553
457 553
439 554
274 554
271 555
94 557
329 557
262 557
507 559
27 559
231 560
470 561
122 563
22 564
212 564
468 564
95 564
135 566
426 566
117 567
349 567
168 567
278 567
261 567
481 567
250 567
227 568
436 569
439 571
82 571
236 572
239 573
387 573
207 574
182 574
309 574
63 575
248 576
441 576
205 577
502 577
164 578
188 578
325 580
1 581
472 582
293 582
320 582
147 583
247 583
508 585
368 585
532 587
403 588
458 589
200 590
386 591
86 591
379 591
410 591
90 592
228 593
327 593
252 596
