1000
783 0
152 2
586 3
548 5
634 5
351 6
765 6
884 7
818 8
984 8
269 9
111 10
873 12
427 13
433 14
323 15
19 15
602 15
868 16
616 17
683 19
332 21
148 23
356 26
443 26
356 27
445 27
355 29
13 29
527 31
784 32
672 32
983 34
785 35
110 36
234 36
111 36
983 36
39 36
820 38
349 39
169 40
961 41
766 43
112 43
15 44
40 45
841 47
150 48
205 48
943 49
775 50
110 50
923 51
437 52
605 53
139 53
456 54
895 54
158 55
561 56
503 57
625 57
768 57
685 57
270 57
834 60
484 61
6 62
653 62
386 63
649 65
988 65
418 66
177 66
184 66
501 69
64 70
57 71
349 71
378 72
287 74
873 75
393 75
300 75
376 76
203 77
99 77
646 78
200 81
974 83
906 84
368 85
770 87
120 88
81 89
285 92
444 92
136 93
28 93
311 93
220 94
665 95
966 95
260 95
770 97
136 97
898 98
294 98
70 98
762 98
181 99
823 100
443 102
843 104
57 104
180 106
213 108
979 108
646 109
620 110
971 110
882 110
71 110
741 110
255 111
14 111
806 111
623 113
675 113
967 114
37 114
978 114
890 114
514 116
660 118
280 118
116 120
505 122
272 122
75 123
766 124
418 124
23 125
924 125
767 125
844 127
755 128
895 128
161 129
129 129
58 130
830 130
79 132
867 132
131 132
895 133
79 134
848 134
467 134
124 135
208 138
94 138
356 138
723 138
1000 139
948 141
443 141
255 141
870 141
100 141
779 142
810 143
560 143
657 144
729 146
280 148
648 148
632 150
510 152
555 152
999 153
395 153
438 157
825 160
311 160
117 161
39 161
307 162
63 164
467 166
283 167
86 168
359 170
53 171
959 171
754 171
156 171
828 172
857 172
821 172
696 178
487 180
552 180
489 180
96 181
251 181
366 183
249 187
762 188
57 190
802 190
156 190
201 190
991 191
409 192
125 194
953 194
821 194
118 196
673 197
674 198
563 199
793 202
892 205
751 205
870 206
54 208
755 209
598 212
402 212
291 213
985 214
342 214
394 215
815 217
616 217
877 218
514 218
974 222
160 223
71 224
140 227
970 229
930 229
947 229
561 234
406 234
320 236
543 237
610 239
363 241
12 243
138 244
556 247
769 249
767 250
61 253
778 254
466 255
935 255
201 255
564 256
81 256
558 258
499 259
377 259
390 259
278 260
382 261
509 262
111 262
133 262
34 263
852 263
379 263
493 264
421 266
860 267
339 268
107 268
544 268
862 269
709 270
752 272
432 273
622 274
872 275
121 275
252 276
381 276
500 276
24 277
252 279
16 281
690 281
136 282
505 283
606 284
820 286
542 288
94 289
732 290
150 290
414 291
546 292
822 293
731 293
914 296
846 296
512 298
935 298
158 298
19 298
621 300
878 301
884 301
799 301
419 302
263 304
850 306
963 306
423 307
60 307
419 309
368 311
218 312
469 313
523 313
169 319
203 319
244 321
187 325
884 325
114 326
449 326
33 328
262 329
537 329
232 329
740 330
975 330
461 330
74 330
519 330
120 331
948 331
45 333
492 333
160 333
149 333
796 334
166 334
394 334
329 335
431 337
230 338
444 339
334 340
182 345
560 345
786 345
539 349
954 353
979 353
241 354
417 354
475 355
804 356
700 358
212 360
942 363
89 363
101 366
85 367
149 368
211 368
681 369
774 369
37 369
591 370
407 374
29 374
984 374
798 378
716 378
602 378
458 379
542 379
230 381
957 382
154 382
610 384
973 385
518 385
944 389
212 391
265 391
969 392
114 394
324 394
1000 396
365 397
347 398
870 398
642 401
429 401
377 402
81 402
1000 403
551 403
696 403
959 403
510 405
736 406
9 407
889 407
489 408
916 409
429 410
965 411
169 413
191 414
38 415
707 416
997 416
617 417
226 417
397 419
364 420
101 420
204 425
208 428
347 429
632 431
791 431
536 431
444 434
912 435
850 435
1000 435
256 436
53 436
497 437
230 438
978 439
471 439
419 439
564 440
398 442
512 442
932 443
88 443
741 443
925 444
652 446
326 448
651 449
890 451
487 452
192 456
508 457
405 459
765 463
808 463
746 464
776 464
860 465
997 467
688 467
115 468
689 468
50 468
414 475
632 475
667 475
196 475
768 478
470 483
155 484
580 487
739 488
269 488
302 489
225 489
508 492
660 492
760 494
269 494
421 496
113 498
833 499
144 500
956 500
787 501
475 502
668 502
547 502
975 502
999 503
454 505
80 505
628 505
328 505
250 507
490 507
111 507
16 508
856 508
290 512
47 515
84 515
52 515
234 516
433 516
332 517
914 517
434 518
75 521
104 521
28 521
949 522
456 524
712 524
687 524
985 524
64 527
402 527
932 528
23 529
96 530
583 530
199 530
37 531
869 532
136 534
768 534
707 535
781 538
755 539
986 541
294 542
379 542
320 543
598 543
72 544
929 544
444 545
264 545
243 546
810 546
905 546
881 548
481 548
154 548
996 548
602 548
316 549
898 551
231 553
458 556
193 559
176 559
162 563
950 563
487 564
491 565
815 565
59 566
702 568
626 569
407 572
124 572
73 573
881 574
14 575
58 576
109 577
159 578
575 578
393 579
252 579
415 579
667 580
723 583
183 584
62 584
801 586
338 586
312 588
468 588
363 590
12 591
710 592
613 592
328 593
553 593
578 595
522 596
439 598
480 600
993 601
692 602
868 603
663 603
377 607
544 608
377 609
348 609
18 609
47 610
898 611
516 614
124 614
716 616
789 616
816 617
128 617
877 620
514 621
359 622
222 623
995 623
126 624
723 624
43 624
718 625
785 626
520 627
787 627
478 628
962 628
499 629
569 629
31 630
900 631
146 632
86 634
836 635
232 635
148 636
319 636
60 637
173 637
775 637
211 638
748 638
750 638
939 639
336 639
497 643
417 643
114 644
166 645
397 647
615 647
177 649
858 649
655 651
175 652
465 653
53 653
353 656
831 657
593 658
8 659
413 659
505 659
88 660
654 661
567 663
234 663
64 663
923 664
628 664
22 664
636 665
665 667
340 667
891 672
83 674
382 676
906 678
89 678
919 680
467 680
195 681
863 681
541 682
223 683
257 683
285 684
194 684
298 685
90 687
414 687
980 688
730 691
200 692
14 694
754 695
272 695
58 696
991 697
903 697
708 698
700 698
846 704
521 704
707 705
474 705
650 706
215 707
321 707
788 709
115 709
439 709
86 709
886 710
259 712
220 712
467 713
181 714
558 714
274 714
501 715
998 715
67 716
273 717
276 717
156 718
59 718
587 720
837 720
13 722
772 723
876 723
853 724
120 725
315 726
783 727
1 728
373 729
343 731
60 732
892 732
513 733
147 735
844 735
285 736
186 738
640 739
249 740
678 740
834 743
774 743
842 745
385 747
296 748
162 748
558 749
536 749
782 753
432 753
124 754
732 754
949 754
860 755
987 755
781 756
603 760
13 760
225 760
704 760
690 762
184 762
449 762
652 765
325 765
421 765
562 766
66 767
817 770
482 770
950 771
655 772
166 774
405 775
586 777
811 778
371 783
946 787
431 787
853 787
283 794
250 796
699 796
181 798
110 799
594 800
685 801
683 801
458 802
633 805
821 805
338 805
483 807
729 809
23 809
870 809
245 810
627 810
194 811
855 811
670 813
749 813
151 815
857 815
295 816
817 817
678 818
771 819
872 819
936 820
365 822
880 822
274 823
168 824
43 825
269 825
688 826
44 826
55 828
859 829
763 829
828 830
639 831
393 831
962 831
73 831
974 834
600 834
230 834
67 835
664 838
411 840
879 841
306 843
78 843
708 843
189 843
205 847
288 847
739 847
788 847
151 848
866 849
685 849
599 849
293 850
918 853
941 854
659 855
968 855
724 856
842 857
773 857
566 858
519 859
455 861
235 868
822 869
1 869
529 870
837 873
485 875
147 875
115 876
537 877
899 877
455 877
63 878
989 879
819 880
218 880
230 882
36 883
110 884
662 884
786 885
156 885
29 885
250 886
407 886
868 887
881 887
281 888
143 888
411 889
341 890
822 890
555 892
897 893
4 894
292 895
74 896
348 897
117 898
721 898
670 899
562 899
554 900
625 902
626 903
726 903
573 905
928 906
256 906
438 906
957 909
199 910
56 910
128 913
687 914
793 917
762 917
605 918
372 918
400 921
947 923
154 923
746 925
943 926
551 928
4 930
141 931
950 934
667 936
539 937
623 938
617 938
673 941
189 943
822 945
816 945
756 946
427 947
790 948
702 948
264 948
583 950
614 950
325 950
749 950
372 952
612 959
593 959
184 960
259 961
368 962
772 963
852 965
152 965
157 971
60 972
67 973
495 973
312 974
864 974
521 975
445 975
550 976
46 979
388 980
691 980
9 980
166 981
158 981
968 982
453 987
844 987
935 988
562 989
172 989
893 990
688 990
540 990
403 991
679 991
651 992
281 993
229 994
804 994
748 994
671 994
730 995
891 997
140 998
198 1000
99 1000
