1000
921 2
970 2
365 2
81 3
944 4
407 5
770 7
965 10
288 10
519 11
667 12
269 12
951 12
485 12
594 13
177 14
239 14
353 16
303 16
217 17
40 18
187 18
814 18
107 18
702 20
904 20
472 21
20 23
191 25
11 25
510 25
572 25
84 25
277 27
522 28
159 28
459 29
561 33
872 34
521 36
783 37
110 37
361 37
955 40
589 41
315 42
328 43
269 45
863 46
265 46
999 48
29 48
268 50
111 53
243 56
753 60
443 60
606 60
491 61
291 61
787 61
129 62
207 69
916 71
456 71
898 73
538 76
454 76
622 77
925 77
501 79
281 79
371 80
544 81
252 85
952 85
783 86
268 86
590 87
701 89
764 89
338 90
654 91
862 92
49 93
429 93
207 94
843 94
322 95
394 95
921 96
205 98
699 98
808 98
751 100
960 101
423 102
141 103
799 104
271 106
619 110
237 110
514 111
114 111
183 112
319 113
388 113
250 114
185 114
91 116
733 117
397 117
480 118
678 118
648 118
964 120
250 121
990 122
230 122
902 122
715 126
284 127
731 128
942 128
948 128
872 132
315 133
64 133
89 133
156 134
8 136
986 137
854 138
646 139
478 139
227 140
302 142
823 142
693 143
391 143
365 143
406 145
698 146
1 148
451 148
35 149
746 149
460 149
830 149
145 154
7 159
81 161
942 162
711 163
766 163
670 163
782 165
554 165
324 165
901 165
488 165
540 167
296 167
27 169
386 170
376 170
817 171
744 173
132 174
566 174
26 175
844 176
385 177
896 178
744 178
628 180
346 180
779 181
941 181
94 183
464 183
139 183
623 184
443 184
411 185
178 185
832 186
61 186
153 188
171 189
688 191
352 192
339 192
785 192
645 195
302 195
738 195
423 198
933 198
139 201
725 202
720 202
178 204
554 207
519 208
291 210
600 213
909 213
67 214
96 217
16 218
2 218
650 218
878 219
727 220
318 221
751 226
51 226
968 228
492 229
238 229
992 232
666 233
960 233
377 235
442 237
285 238
572 238
270 239
209 239
52 240
812 241
803 242
267 243
203 244
673 246
81 250
993 250
61 251
50 251
462 252
683 253
211 253
608 254
775 254
461 256
91 257
183 257
869 258
350 258
478 259
4 259
395 261
888 261
366 263
354 263
951 264
17 265
617 265
400 265
716 267
466 267
519 268
506 270
913 271
561 272
516 272
94 272
916 272
686 272
390 278
809 278
390 281
613 282
213 284
578 289
999 289
513 289
291 290
839 291
172 292
112 292
573 293
404 293
905 294
846 295
466 297
24 298
724 299
789 299
657 300
274 300
24 301
809 302
863 302
799 303
60 304
306 304
957 305
628 306
10 308
250 308
831 308
390 309
668 309
676 311
252 311
426 311
724 312
145 312
912 313
512 313
820 315
474 316
310 316
622 318
297 318
139 319
283 319
62 320
800 321
913 321
839 322
690 323
199 323
841 325
946 326
511 327
124 328
314 330
604 331
342 331
170 333
327 334
340 335
115 336
987 336
919 338
29 339
706 339
528 340
974 341
798 342
117 343
311 345
510 346
435 347
335 348
694 348
303 348
516 349
184 350
112 352
99 352
757 353
303 353
18 353
812 354
44 354
580 355
253 356
458 356
830 357
502 358
670 359
826 359
265 360
959 361
815 361
311 362
827 363
373 365
91 366
253 367
336 367
998 368
801 370
620 370
182 370
7 374
412 377
678 381
236 382
333 383
104 384
504 385
540 385
946 385
863 386
269 387
193 389
823 390
342 390
793 391
116 391
282 393
124 393
573 395
251 399
540 399
964 400
124 400
579 401
835 402
792 402
60 405
105 406
786 407
18 407
965 410
35 410
240 414
239 420
31 421
137 422
419 423
899 426
649 427
641 427
976 428
67 428
217 430
558 430
37 432
145 434
51 435
969 435
650 435
118 436
756 436
727 439
680 441
691 442
432 442
619 444
355 444
571 444
740 448
766 450
80 450
513 450
719 451
186 451
493 453
38 454
479 455
493 455
403 458
606 460
692 460
820 461
493 462
200 463
164 463
936 464
119 465
824 465
308 468
869 468
620 469
320 469
704 472
54 474
769 474
807 475
635 475
139 477
960 478
112 480
303 480
798 480
90 480
368 481
463 485
839 488
295 490
907 490
892 490
54 491
500 491
128 492
815 492
474 492
743 492
860 495
918 495
13 496
989 496
986 496
298 496
905 496
755 498
141 501
308 501
646 502
135 505
403 505
774 507
82 508
67 508
972 508
39 509
27 510
488 510
526 510
622 511
881 511
234 512
413 512
875 513
209 514
777 516
860 516
377 517
137 518
639 518
266 519
879 520
578 520
723 524
514 525
485 525
859 527
507 529
960 529
99 529
264 530
532 532
384 533
533 534
955 534
515 535
352 536
453 536
399 537
934 537
110 537
349 538
779 540
753 541
831 542
518 543
539 543
580 544
201 544
468 545
277 546
567 547
808 549
667 552
909 552
590 552
843 553
49 555
472 555
93 557
280 559
936 559
89 561
130 561
539 562
915 563
439 564
873 564
584 564
547 565
50 566
296 566
249 566
32 566
424 566
482 568
75 570
792 574
364 575
539 575
197 579
681 580
241 581
166 585
536 586
849 586
404 588
631 590
762 591
877 592
204 593
790 594
884 594
634 594
98 595
150 597
263 598
987 598
478 600
649 600
437 600
674 603
288 603
863 605
350 605
173 605
142 606
882 607
164 607
913 609
130 612
344 612
962 613
459 615
464 615
265 615
707 615
673 615
570 616
330 617
381 619
954 622
593 622
771 627
114 628
655 629
717 629
830 632
504 634
56 637
963 637
868 637
183 639
158 640
14 640
199 641
783 641
16 641
779 641
250 642
747 642
687 642
705 643
856 643
238 644
927 645
227 648
611 649
132 649
205 652
1000 653
694 653
740 653
275 656
930 656
643 658
399 660
275 660
312 661
16 661
278 664
432 664
787 664
935 665
334 665
606 666
554 667
272 667
506 668
995 670
186 674
577 675
114 677
731 680
706 680
605 680
479 681
431 682
124 682
438 683
345 684
197 685
501 686
524 687
863 687
263 688
664 689
987 690
651 690
253 693
276 694
850 694
109 696
993 696
549 697
292 697
958 699
662 700
323 700
297 701
397 702
553 703
326 704
732 704
440 706
961 706
515 707
944 707
996 708
1 709
232 709
83 709
258 711
151 712
900 715
722 716
597 717
567 718
859 718
948 718
450 719
659 719
142 720
255 721
126 722
67 723
163 724
369 724
420 726
510 726
420 728
254 728
629 728
457 731
998 731
933 732
922 732
197 732
668 733
130 735
83 737
968 737
301 737
483 737
832 738
402 739
475 741
128 742
80 742
224 742
875 743
371 744
356 744
536 745
838 745
253 746
673 746
721 747
912 747
112 747
630 748
182 750
214 750
159 751
815 751
700 752
744 753
844 755
574 755
363 755
352 756
263 756
70 756
245 756
767 757
841 757
177 758
485 759
219 761
810 761
563 761
563 762
536 762
161 762
103 762
883 763
974 763
3 763
521 770
19 773
70 774
529 774
644 776
71 778
182 778
880 781
624 784
386 785
420 785
81 786
189 786
352 788
863 790
245 793
872 798
751 799
978 802
340 803
959 804
250 805
455 805
447 806
779 806
235 807
338 808
162 809
520 809
303 811
413 812
279 812
285 812
569 813
176 815
597 818
756 818
345 820
705 824
957 826
704 829
413 831
475 833
786 836
303 836
188 837
225 837
561 837
555 838
613 839
695 840
323 842
279 843
252 844
227 846
515 846
316 850
309 850
844 851
601 851
163 851
615 852
312 857
642 858
997 858
23 859
430 859
265 860
41 861
8 862
414 862
359 862
97 863
334 865
930 866
775 867
620 868
925 869
744 870
979 870
498 873
417 873
41 875
745 877
770 878
503 878
392 881
363 881
335 883
816 884
485 885
597 885
633 888
320 888
233 891
189 891
34 892
759 892
564 893
982 893
648 895
415 897
691 898
238 900
805 901
718 901
323 906
97 907
397 908
931 908
590 910
426 910
601 910
964 910
54 912
549 912
468 912
360 913
378 913
169 914
526 914
831 914
16 916
953 918
279 919
938 919
533 920
386 921
526 922
294 922
639 923
738 924
270 925
542 926
586 927
363 928
759 929
419 930
375 931
256 932
598 932
379 933
7 934
827 935
933 936
590 936
314 937
153 937
801 938
714 940
9 941
471 941
107 942
279 944
121 945
36 946
212 946
598 947
669 947
1 949
926 950
71 950
157 950
570 951
325 952
699 953
137 953
702 954
596 954
139 955
243 955
711 956
520 956
2 957
828 958
725 960
909 964
808 965
810 965
767 968
540 968
432 969
838 969
758 970
7 970
438 971
836 972
722 972
260 972
249 972
521 973
842 974
299 975
604 975
822 976
319 977
914 977
841 981
271 981
220 982
704 982
811 983
962 984
594 984
703 984
763 984
420 984
884 987
114 988
380 989
498 990
791 992
948 998
560 998
262 998
793 1000
