1000
290 0
640 0
389 1
341 2
405 4
725 5
326 6
142 7
61 10
444 10
589 10
427 12
876 12
37 14
620 15
946 17
347 19
711 19
47 20
978 20
797 20
210 21
937 21
887 22
814 23
953 23
967 23
508 25
903 26
262 26
539 27
66 27
912 28
794 28
453 30
57 31
601 31
523 33
629 34
895 34
34 35
529 35
51 36
703 36
2 39
862 39
950 40
1000 40
383 41
172 42
534 43
538 44
438 45
547 46
73 46
829 47
414 48
781 50
986 51
225 52
302 52
521 53
151 53
409 53
499 56
65 56
955 57
39 58
628 58
729 60
707 61
988 61
186 63
278 64
702 64
298 66
734 67
326 68
561 68
181 68
997 70
772 71
16 72
525 73
540 75
288 75
408 75
193 76
260 76
626 77
459 79
929 79
160 80
206 82
593 82
430 83
903 87
121 88
467 89
859 92
283 92
373 96
491 97
369 98
342 98
324 99
992 102
487 102
753 104
862 104
386 104
757 105
709 106
196 106
347 109
486 111
904 112
147 112
598 113
113 114
873 115
465 115
715 116
207 120
199 120
73 122
122 122
63 123
862 124
197 124
936 125
260 125
340 126
989 127
908 127
620 128
497 130
139 130
648 131
520 132
502 133
525 137
965 140
171 141
621 142
125 143
923 143
457 144
429 145
506 145
87 146
647 150
363 151
418 153
962 154
700 154
267 155
177 156
693 158
146 159
770 161
730 163
383 163
512 164
481 164
663 166
302 166
962 168
461 170
260 170
651 172
385 173
72 173
797 174
959 174
378 175
869 179
448 180
649 180
446 180
359 180
301 180
656 182
962 185
857 185
512 186
64 187
283 187
183 188
552 188
960 189
234 190
970 190
293 190
114 190
6 191
586 193
446 198
869 199
642 199
260 200
866 200
736 202
580 203
596 204
944 205
342 205
424 206
575 206
522 208
235 208
38 209
369 209
656 211
612 212
663 215
88 215
786 216
632 218
263 219
651 219
399 219
64 220
16 220
597 221
791 221
295 222
60 225
50 225
301 226
216 227
349 227
132 228
761 229
248 230
258 231
643 231
571 233
689 233
495 235
846 236
166 236
467 238
449 238
694 239
194 239
114 240
184 240
807 241
207 241
824 242
915 242
364 243
677 243
127 244
586 244
228 244
817 245
281 245
191 246
678 247
925 247
788 249
779 249
401 249
77 250
205 250
197 251
814 253
371 253
592 259
707 260
695 261
6 261
167 262
642 262
188 263
781 263
706 264
282 264
866 266
580 266
746 267
12 271
878 271
344 271
909 272
429 272
748 273
467 273
79 273
182 276
179 279
354 279
507 280
673 281
319 281
150 281
215 281
457 282
208 283
681 283
744 284
202 286
998 287
52 287
831 290
479 290
83 291
672 292
901 295
588 296
784 297
380 297
206 298
45 298
748 299
768 300
44 300
74 302
463 303
232 303
12 304
854 305
378 305
712 306
411 309
648 310
954 310
664 311
436 311
380 313
555 314
169 315
479 318
358 320
933 321
408 323
591 324
765 325
641 325
146 326
758 328
715 334
823 336
517 339
152 340
972 340
726 341
282 341
40 345
339 346
119 347
662 347
646 348
564 349
977 349
584 349
192 349
582 350
224 350
246 351
792 351
618 352
830 354
926 354
322 354
861 358
143 358
611 359
738 361
912 362
648 362
414 362
709 363
313 365
998 365
651 366
198 370
611 370
381 370
377 371
661 374
657 376
463 378
73 380
423 380
250 380
636 383
191 383
483 384
869 385
399 385
913 387
2 387
953 387
356 387
777 389
951 389
594 390
750 391
967 393
667 394
309 396
824 397
752 397
767 397
972 399
434 402
826 402
565 403
4 404
805 404
918 404
291 406
748 406
225 408
326 408
856 409
651 409
538 409
79 413
642 415
352 419
897 421
554 421
254 421
337 422
115 422
255 425
682 428
43 428
241 431
157 432
671 433
554 436
914 436
89 438
309 440
911 440
294 440
958 443
277 446
210 446
271 447
65 448
920 449
280 450
359 452
529 452
560 457
39 459
935 461
194 463
705 465
164 465
648 466
388 466
56 467
827 468
16 469
569 470
60 470
346 471
725 471
969 471
78 472
681 472
949 474
185 474
891 474
640 476
726 476
429 477
549 477
381 480
185 481
657 481
275 481
822 481
988 482
627 482
145 482
205 485
903 485
206 486
421 486
591 487
401 487
273 487
934 488
59 489
923 490
619 492
993 493
934 493
709 493
322 495
390 495
377 495
737 497
172 498
400 500
816 501
950 501
888 505
796 507
85 508
521 509
454 509
339 511
768 511
562 516
139 517
586 517
433 520
203 524
741 525
997 525
310 526
53 526
428 528
316 528
824 529
662 529
184 530
855 532
145 533
769 534
600 536
91 536
803 538
707 539
459 539
790 541
745 541
506 541
407 541
622 542
221 543
265 543
643 544
808 545
189 546
577 548
761 550
464 550
825 551
897 552
961 555
673 557
705 558
485 561
428 562
111 562
150 566
971 567
536 567
235 568
492 569
390 570
677 570
156 571
712 573
361 573
141 574
35 574
197 577
748 578
88 579
225 579
450 580
192 581
728 581
1 582
647 582
256 583
749 583
842 585
752 586
841 586
712 589
900 591
337 593
786 597
993 597
754 598
141 598
174 599
267 600
405 600
100 601
100 602
573 602
524 602
324 603
263 605
78 606
276 606
127 607
181 607
836 608
199 608
955 609
509 612
223 612
927 612
176 613
834 614
833 615
991 617
267 618
405 619
7 621
191 622
312 623
257 624
404 625
198 626
807 630
833 630
102 630
109 631
966 631
847 632
219 633
593 633
491 634
884 635
922 639
273 639
914 640
233 641
295 644
317 646
833 649
387 651
313 653
391 654
329 655
305 658
408 658
399 658
252 659
370 660
93 661
230 662
847 663
82 664
500 664
446 667
897 668
323 670
99 671
924 671
601 672
83 673
892 674
824 675
464 677
932 677
241 678
558 678
7 679
556 680
476 680
22 681
542 681
751 683
927 684
745 684
168 687
723 688
274 689
613 692
885 692
835 692
332 694
992 694
499 695
624 695
604 695
812 695
51 695
143 696
766 696
300 697
690 697
776 697
365 698
738 699
236 699
374 699
505 700
930 700
299 702
529 703
861 704
994 705
278 706
809 706
247 706
459 706
969 707
27 708
314 709
882 710
1 713
506 713
47 714
442 716
318 716
148 717
11 718
294 718
547 718
652 720
931 721
422 721
50 722
930 722
788 723
669 724
507 725
709 728
743 729
656 729
472 729
859 730
363 730
759 732
658 733
900 733
165 735
561 735
729 736
512 738
48 738
832 738
925 740
4 740
393 742
357 742
131 744
558 744
134 745
402 745
284 747
352 747
984 750
286 753
539 756
718 757
129 758
452 759
673 760
466 761
240 761
544 761
727 762
816 762
768 762
611 763
36 763
911 765
998 765
993 766
406 766
733 767
840 770
751 770
84 772
742 774
184 774
325 777
814 777
22 780
609 780
176 783
825 784
863 785
166 786
340 791
978 793
617 794
592 794
361 796
528 800
739 800
51 802
126 802
332 806
214 807
238 807
496 808
577 808
739 809
779 809
709 810
195 810
491 811
168 811
480 811
961 814
381 815
700 815
4 817
571 817
430 817
729 818
883 820
422 820
5 822
732 822
679 826
303 828
45 830
806 832
609 833
791 836
819 837
297 837
158 838
596 840
422 841
218 841
831 841
627 841
145 842
62 843
793 843
772 843
65 843
192 845
419 846
902 847
721 848
901 848
910 848
127 849
241 849
553 850
928 850
170 852
209 853
492 854
715 854
784 855
532 856
262 858
280 858
854 858
611 858
570 858
41 859
374 859
71 859
300 859
215 861
756 861
396 861
851 862
14 864
130 864
468 864
719 865
545 866
811 866
210 867
191 869
22 869
518 870
173 870
184 872
247 872
105 873
930 875
152 876
580 876
380 876
950 877
714 878
298 879
149 879
418 880
589 880
287 881
425 881
632 882
962 885
940 886
683 892
402 892
205 893
814 893
342 893
234 895
91 898
775 898
927 899
837 899
933 900
613 901
747 901
128 902
985 902
794 903
521 903
152 904
356 906
123 906
126 907
299 908
260 908
993 909
764 910
8 912
181 912
31 913
849 914
795 914
783 915
776 916
423 917
670 921
678 923
318 924
527 925
723 926
233 926
382 927
976 927
294 928
907 929
339 930
961 930
2 931
339 931
231 932
998 936
663 939
939 940
908 940
256 941
825 941
526 942
400 942
633 943
914 944
395 944
524 944
201 947
523 950
523 951
822 952
907 954
423 954
554 955
780 957
774 959
246 959
580 961
794 961
994 961
511 961
63 962
250 963
886 964
496 967
798 967
30 967
764 968
594 970
841 971
890 971
766 973
307 977
900 979
745 979
994 982
729 983
34 983
918 983
337 985
53 989
318 989
938 990
348 990
101 990
285 991
440 991
133 991
709 992
937 993
468 993
957 993
40 994
834 995
681 996
442 998
