1000
324 2147483637
351 2147483637
710 2147483637
241 2147483637
158 2147483637
271 2147483637
555 2147483637
52 2147483637
177 2147483637
298 2147483637
232 2147483637
295 2147483637
808 2147483637
655 2147483637
586 2147483637
738 2147483637
248 2147483637
61 2147483637
559 2147483637
237 2147483637
597 2147483637
405 2147483637
446 2147483637
804 2147483637
638 2147483637
614 2147483637
436 2147483637
893 2147483637
165 2147483637
13 2147483637
273 2147483637
29 2147483637
987 2147483637
749 2147483637
174 2147483637
238 2147483637
382 2147483637
808 2147483637
564 2147483637
360 2147483637
460 2147483637
567 2147483637
795 2147483637
864 2147483637
984 2147483637
11 2147483637
444 2147483637
966 2147483637
427 2147483637
932 2147483637
974 2147483637
711 2147483637
155 2147483637
228 2147483637
877 2147483637
266 2147483637
41 2147483637
288 2147483637
292 2147483637
252 2147483637
138 2147483637
545 2147483637
475 2147483637
319 2147483637
803 2147483637
922 2147483637
462 2147483637
211 2147483637
812 2147483637
181 2147483637
204 2147483637
243 2147483637
363 2147483637
198 2147483637
281 2147483637
353 2147483637
415 2147483637
630 2147483637
531 2147483637
224 2147483637
903 2147483637
310 2147483637
59 2147483637
212 2147483637
156 2147483637
133 2147483637
444 2147483637
936 2147483637
343 2147483637
487 2147483637
894 2147483637
866 2147483638
455 2147483638
675 2147483638
763 2147483638
869 2147483638
449 2147483638
957 2147483638
222 2147483638
108 2147483638
513 2147483638
470 2147483638
805 2147483638
71 2147483638
607 2147483638
395 2147483638
994 2147483638
97 2147483638
724 2147483638
713 2147483638
224 2147483638
583 2147483638
19 2147483638
454 2147483638
154 2147483638
787 2147483638
169 2147483638
800 2147483638
964 2147483638
107 2147483638
131 2147483638
52 2147483638
478 2147483638
244 2147483638
414 2147483638
471 2147483638
654 2147483638
320 2147483638
425 2147483638
155 2147483638
686 2147483638
695 2147483638
282 2147483638
610 2147483638
944 2147483638
400 2147483638
591 2147483638
610 2147483638
553 2147483638
305 2147483638
818 2147483638
515 2147483638
951 2147483638
283 2147483638
157 2147483638
175 2147483638
164 2147483638
983 2147483638
443 2147483638
526 2147483638
763 2147483638
631 2147483638
285 2147483638
271 2147483638
748 2147483638
613 2147483638
196 2147483638
619 2147483638
924 2147483638
865 2147483638
957 2147483638
407 2147483638
962 2147483638
336 2147483638
822 2147483638
865 2147483638
543 2147483638
572 2147483638
773 2147483638
826 2147483638
203 2147483638
18 2147483638
256 2147483638
674 2147483638
706 2147483638
143 2147483638
420 2147483638
164 2147483638
227 2147483638
981 2147483638
114 2147483638
749 2147483638
119 2147483638
457 2147483638
51 2147483638
98 2147483638
530 2147483639
520 2147483639
114 2147483639
481 2147483639
491 2147483639
535 2147483639
399 2147483639
175 2147483639
602 2147483639
110 2147483639
746 2147483639
677 2147483639
571 2147483639
387 2147483639
130 2147483639
793 2147483639
355 2147483639
694 2147483639
149 2147483639
908 2147483639
154 2147483639
126 2147483639
72 2147483639
847 2147483639
89 2147483639
278 2147483639
358 2147483639
515 2147483639
120 2147483639
586 2147483639
896 2147483639
640 2147483639
255 2147483639
394 2147483639
712 2147483639
921 2147483639
624 2147483639
421 2147483639
488 2147483639
291 2147483639
950 2147483639
296 2147483639
330 2147483639
930 2147483639
18 2147483639
252 2147483639
757 2147483639
668 2147483639
334 2147483639
72 2147483639
605 2147483639
791 2147483639
335 2147483639
488 2147483639
78 2147483639
615 2147483639
980 2147483639
509 2147483639
129 2147483639
654 2147483639
633 2147483639
409 2147483639
339 2147483639
873 2147483639
428 2147483639
636 2147483639
761 2147483639
889 2147483639
136 2147483639
459 2147483639
809 2147483639
992 2147483639
572 2147483639
251 2147483639
800 2147483639
523 2147483639
372 2147483639
939 2147483639
200 2147483639
33 2147483639
807 2147483639
479 2147483639
812 2147483639
818 2147483640
275 2147483640
885 2147483640
595 2147483640
601 2147483640
65 2147483640
347 2147483640
641 2147483640
909 2147483640
410 2147483640
546 2147483640
404 2147483640
297 2147483640
42 2147483640
577 2147483640
39 2147483640
561 2147483640
179 2147483640
452 2147483640
833 2147483640
402 2147483640
172 2147483640
781 2147483640
609 2147483640
511 2147483640
769 2147483640
646 2147483640
822 2147483640
136 2147483640
596 2147483640
202 2147483640
979 2147483640
418 2147483640
384 2147483640
86 2147483640
483 2147483640
533 2147483640
391 2147483640
239 2147483640
121 2147483640
389 2147483640
528 2147483640
654 2147483640
819 2147483640
345 2147483640
641 2147483640
91 2147483640
31 2147483640
642 2147483640
774 2147483640
611 2147483640
844 2147483640
857 2147483640
842 2147483640
264 2147483640
353 2147483640
155 2147483640
227 2147483640
473 2147483640
592 2147483640
53 2147483640
245 2147483640
420 2147483640
464 2147483640
364 2147483640
910 2147483640
423 2147483640
443 2147483640
64 2147483640
438 2147483640
623 2147483640
192 2147483640
311 2147483640
156 2147483640
518 2147483640
374 2147483640
920 2147483640
403 2147483640
254 2147483640
953 2147483640
756 2147483640
647 2147483640
398 2147483640
569 2147483640
890 2147483640
619 2147483641
136 2147483641
150 2147483641
909 2147483641
480 2147483641
724 2147483641
97 2147483641
756 2147483641
16 2147483641
198 2147483641
10 2147483641
780 2147483641
246 2147483641
436 2147483641
941 2147483641
517 2147483641
473 2147483641
999 2147483641
98 2147483641
756 2147483641
874 2147483641
794 2147483641
548 2147483641
104 2147483641
857 2147483641
637 2147483641
832 2147483641
233 2147483641
383 2147483641
882 2147483641
928 2147483641
303 2147483641
951 2147483641
856 2147483641
703 2147483641
411 2147483641
267 2147483641
781 2147483641
412 2147483641
383 2147483641
71 2147483641
658 2147483641
213 2147483641
431 2147483641
310 2147483641
710 2147483641
496 2147483641
79 2147483641
720 2147483641
719 2147483641
417 2147483641
869 2147483641
782 2147483641
320 2147483641
987 2147483641
708 2147483641
797 2147483641
35 2147483641
625 2147483641
726 2147483641
373 2147483641
203 2147483641
694 2147483641
977 2147483641
392 2147483641
429 2147483641
355 2147483641
868 2147483641
805 2147483641
224 2147483641
740 2147483641
184 2147483641
646 2147483641
444 2147483641
571 2147483641
371 2147483641
69 2147483641
64 2147483641
431 2147483641
137 2147483641
74 2147483641
644 2147483641
786 2147483641
838 2147483641
133 2147483641
608 2147483641
656 2147483641
182 2147483641
274 2147483641
526 2147483641
649 2147483641
266 2147483641
160 2147483641
888 2147483642
419 2147483642
182 2147483642
715 2147483642
851 2147483642
37 2147483642
158 2147483642
33 2147483642
228 2147483642
370 2147483642
440 2147483642
830 2147483642
584 2147483642
349 2147483642
185 2147483642
376 2147483642
616 2147483642
439 2147483642
769 2147483642
57 2147483642
60 2147483642
857 2147483642
503 2147483642
932 2147483642
336 2147483642
814 2147483642
479 2147483642
939 2147483642
50 2147483642
505 2147483642
975 2147483642
567 2147483642
186 2147483642
471 2147483642
688 2147483642
33 2147483642
321 2147483642
780 2147483642
414 2147483642
544 2147483642
404 2147483642
39 2147483642
52 2147483642
636 2147483642
627 2147483642
994 2147483642
942 2147483642
955 2147483642
187 2147483642
26 2147483642
53 2147483642
21 2147483642
948 2147483642
341 2147483642
195 2147483642
361 2147483642
491 2147483642
936 2147483642
376 2147483642
670 2147483642
413 2147483642
30 2147483642
138 2147483642
547 2147483642
786 2147483642
378 2147483642
780 2147483642
210 2147483642
262 2147483642
815 2147483642
603 2147483642
322 2147483642
258 2147483642
268 2147483642
559 2147483642
746 2147483642
290 2147483642
167 2147483642
970 2147483642
909 2147483642
564 2147483642
612 2147483642
246 2147483642
40 2147483643
181 2147483643
92 2147483643
463 2147483643
86 2147483643
816 2147483643
911 2147483643
312 2147483643
731 2147483643
241 2147483643
37 2147483643
963 2147483643
630 2147483643
698 2147483643
43 2147483643
476 2147483643
290 2147483643
297 2147483643
712 2147483643
982 2147483643
772 2147483643
808 2147483643
599 2147483643
48 2147483643
49 2147483643
106 2147483643
874 2147483643
572 2147483643
823 2147483643
371 2147483643
851 2147483643
67 2147483643
85 2147483643
664 2147483643
434 2147483643
244 2147483643
881 2147483643
187 2147483643
379 2147483643
196 2147483643
82 2147483643
732 2147483643
243 2147483643
888 2147483643
754 2147483643
366 2147483643
934 2147483643
374 2147483643
816 2147483643
218 2147483643
177 2147483643
651 2147483643
762 2147483643
248 2147483643
340 2147483643
473 2147483643
24 2147483643
530 2147483643
609 2147483643
785 2147483643
880 2147483643
38 2147483643
721 2147483643
726 2147483643
682 2147483643
918 2147483643
528 2147483643
768 2147483643
633 2147483643
619 2147483643
77 2147483643
358 2147483643
871 2147483643
738 2147483643
585 2147483643
192 2147483643
972 2147483643
833 2147483643
481 2147483643
698 2147483643
751 2147483643
819 2147483643
957 2147483643
799 2147483643
788 2147483643
278 2147483643
288 2147483643
800 2147483643
716 2147483643
1000 2147483643
234 2147483643
373 2147483643
251 2147483644
921 2147483644
118 2147483644
585 2147483644
530 2147483644
332 2147483644
892 2147483644
718 2147483644
983 2147483644
103 2147483644
344 2147483644
543 2147483644
533 2147483644
108 2147483644
938 2147483644
233 2147483644
351 2147483644
469 2147483644
109 2147483644
313 2147483644
492 2147483644
395 2147483644
755 2147483644
696 2147483644
56 2147483644
596 2147483644
228 2147483644
503 2147483644
78 2147483644
398 2147483644
991 2147483644
769 2147483644
224 2147483644
170 2147483644
643 2147483644
631 2147483644
689 2147483644
453 2147483644
573 2147483644
881 2147483644
537 2147483644
393 2147483644
199 2147483644
850 2147483644
892 2147483644
187 2147483644
333 2147483644
531 2147483644
702 2147483644
646 2147483644
148 2147483644
556 2147483644
140 2147483644
322 2147483644
853 2147483644
663 2147483644
824 2147483644
3 2147483644
412 2147483644
471 2147483644
278 2147483644
744 2147483644
390 2147483644
85 2147483644
39 2147483644
758 2147483644
98 2147483644
952 2147483644
831 2147483644
138 2147483644
328 2147483644
591 2147483644
152 2147483644
407 2147483644
896 2147483644
569 2147483644
646 2147483644
293 2147483644
779 2147483644
784 2147483644
329 2147483644
246 2147483644
836 2147483644
177 2147483644
604 2147483644
567 2147483644
526 2147483644
208 2147483644
718 2147483644
726 2147483644
682 2147483644
723 2147483644
443 2147483644
80 2147483644
395 2147483644
490 2147483644
949 2147483644
699 2147483644
691 2147483644
693 2147483644
452 2147483644
38 2147483644
648 2147483644
530 2147483645
862 2147483645
273 2147483645
372 2147483645
917 2147483645
927 2147483645
472 2147483645
26 2147483645
602 2147483645
625 2147483645
616 2147483645
428 2147483645
611 2147483645
903 2147483645
457 2147483645
864 2147483645
30 2147483645
732 2147483645
558 2147483645
364 2147483645
396 2147483645
518 2147483645
436 2147483645
402 2147483645
770 2147483645
508 2147483645
368 2147483645
213 2147483645
482 2147483645
524 2147483645
426 2147483645
458 2147483645
450 2147483645
985 2147483645
388 2147483645
779 2147483645
278 2147483645
372 2147483645
536 2147483645
400 2147483645
641 2147483645
8 2147483645
302 2147483645
820 2147483645
869 2147483645
521 2147483645
599 2147483645
238 2147483645
923 2147483645
448 2147483645
780 2147483645
468 2147483645
903 2147483645
802 2147483645
238 2147483645
768 2147483645
403 2147483645
199 2147483645
671 2147483645
880 2147483645
497 2147483645
115 2147483645
94 2147483645
416 2147483645
587 2147483645
730 2147483645
403 2147483645
334 2147483645
498 2147483645
350 2147483645
430 2147483645
771 2147483645
703 2147483645
202 2147483645
305 2147483645
22 2147483645
844 2147483645
680 2147483645
334 2147483645
241 2147483645
864 2147483645
980 2147483645
129 2147483645
170 2147483645
132 2147483645
305 2147483646
52 2147483646
460 2147483646
197 2147483646
989 2147483646
934 2147483646
156 2147483646
207 2147483646
825 2147483646
691 2147483646
462 2147483646
348 2147483646
890 2147483646
688 2147483646
799 2147483646
249 2147483646
77 2147483646
864 2147483646
692 2147483646
900 2147483646
327 2147483646
537 2147483646
444 2147483646
520 2147483646
63 2147483646
112 2147483646
139 2147483646
40 2147483646
440 2147483646
107 2147483646
661 2147483646
588 2147483646
437 2147483646
218 2147483646
838 2147483646
784 2147483646
712 2147483646
116 2147483646
253 2147483646
444 2147483646
574 2147483646
640 2147483646
700 2147483646
700 2147483646
494 2147483646
428 2147483646
302 2147483646
852 2147483646
52 2147483646
773 2147483646
846 2147483646
926 2147483646
170 2147483646
807 2147483646
305 2147483646
789 2147483646
10 2147483646
141 2147483646
926 2147483646
376 2147483646
142 2147483646
539 2147483646
826 2147483646
843 2147483646
247 2147483646
840 2147483646
251 2147483646
347 2147483646
67 2147483646
979 2147483646
21 2147483646
604 2147483646
600 2147483646
257 2147483646
771 2147483646
952 2147483646
954 2147483646
662 2147483646
294 2147483646
902 2147483646
91 2147483646
384 2147483646
317 2147483646
847 2147483646
47 2147483646
781 2147483646
108 2147483646
416 2147483646
187 2147483646
172 2147483646
797 2147483646
518 2147483646
701 2147483646
639 2147483646
698 2147483646
641 2147483646
661 2147483646
233 2147483646
290 2147483646
177 2147483646
192 2147483646
20 2147483646
272 2147483646
14 2147483647
729 2147483647
874 2147483647
435 2147483647
32 2147483647
677 2147483647
362 2147483647
763 2147483647
817 2147483647
725 2147483647
769 2147483647
281 2147483647
614 2147483647
405 2147483647
226 2147483647
4 2147483647
382 2147483647
565 2147483647
258 2147483647
50 2147483647
668 2147483647
726 2147483647
975 2147483647
274 2147483647
343 2147483647
74 2147483647
479 2147483647
364 2147483647
507 2147483647
582 2147483647
508 2147483647
963 2147483647
268 2147483647
465 2147483647
621 2147483647
377 2147483647
779 2147483647
659 2147483647
936 2147483647
487 2147483647
122 2147483647
825 2147483647
106 2147483647
434 2147483647
866 2147483647
58 2147483647
833 2147483647
571 2147483647
839 2147483647
849 2147483647
882 2147483647
966 2147483647
999 2147483647
607 2147483647
965 2147483647
241 2147483647
394 2147483647
792 2147483647
38 2147483647
514 2147483647
621 2147483647
660 2147483647
369 2147483647
65 2147483647
796 2147483647
489 2147483647
373 2147483647
230 2147483647
962 2147483647
856 2147483647
101 2147483647
851 2147483647
451 2147483647
357 2147483647
241 2147483647
471 2147483647
769 2147483647
873 2147483647
537 2147483647
483 2147483647
156 2147483647
461 2147483647
918 2147483647
400 2147483647
487 2147483647
297 2147483647
235 2147483647
