1000
818 0
651 0
745 2
82 2
536 2
343 3
581 3
852 4
42 10
967 10
640 11
78 11
102 11
826 14
273 15
881 18
59 19
705 20
726 20
241 21
688 21
692 21
857 22
662 22
987 23
279 23
585 24
521 25
111 25
864 26
865 27
831 27
84 29
236 31
269 31
381 32
330 34
581 35
389 35
249 37
365 37
965 37
132 38
740 38
848 39
142 40
739 43
68 43
518 45
602 46
282 47
529 49
709 52
51 52
963 52
618 55
272 55
952 57
325 57
144 58
508 59
289 60
138 60
190 62
134 63
579 64
460 64
141 65
338 66
497 66
382 66
312 69
915 71
555 71
320 78
867 81
146 83
676 83
350 83
956 83
729 83
829 84
985 84
216 84
671 84
342 84
216 87
919 87
27 89
46 89
776 90
236 91
676 92
204 92
410 94
125 95
640 95
61 98
678 99
178 103
98 104
751 105
651 108
721 108
503 110
958 111
640 114
848 114
205 115
584 116
492 117
426 117
78 117
465 120
922 120
221 121
51 121
101 122
219 125
238 125
123 125
391 128
16 129
741 130
947 130
581 131
57 132
436 132
129 132
732 133
804 133
216 139
313 140
344 141
370 143
274 143
914 144
784 145
970 147
933 148
321 148
770 148
23 148
202 151
80 154
220 154
635 154
12 155
44 155
628 157
424 157
349 157
141 157
673 157
144 157
860 158
93 159
9 159
906 161
23 161
977 162
822 162
566 162
469 163
888 165
536 165
796 166
280 167
113 167
930 167
638 167
880 169
387 170
895 171
490 173
411 174
685 175
554 177
638 177
551 178
145 179
532 180
332 180
343 184
733 184
188 185
232 185
718 186
341 187
411 187
416 188
306 190
948 191
574 192
471 194
922 195
712 196
42 197
456 200
910 201
249 201
871 202
618 202
633 203
195 203
114 206
926 207
839 207
51 207
178 207
679 209
194 211
961 211
865 212
476 213
593 216
981 216
797 218
199 219
855 219
928 221
162 222
405 222
845 224
133 224
446 225
647 226
501 227
699 227
996 229
61 230
632 230
835 232
304 232
361 232
895 233
518 234
774 234
927 234
162 239
345 240
327 240
463 241
984 241
90 241
811 241
202 243
160 245
1 245
846 246
721 246
166 248
289 249
19 249
706 250
352 251
329 253
56 253
806 254
384 256
907 257
194 258
651 258
2 258
130 259
516 261
680 263
873 263
780 263
845 264
186 269
168 269
905 270
26 271
835 275
590 276
82 276
196 277
468 277
668 278
429 279
962 281
135 281
782 283
634 283
124 283
387 285
798 286
234 287
960 288
827 289
539 289
991 289
464 289
706 290
787 291
538 291
673 292
543 292
650 292
27 294
139 294
834 295
750 295
637 296
724 296
527 298
9 298
434 299
917 301
28 301
291 301
902 302
818 303
997 303
489 308
493 308
905 308
391 309
221 310
32 310
309 312
488 313
846 315
362 317
174 317
52 321
980 321
238 324
430 324
986 324
295 324
903 325
346 325
22 325
148 326
521 326
934 328
947 330
528 331
930 332
380 332
446 333
300 334
299 335
875 335
377 336
537 336
961 337
715 341
192 345
232 346
661 346
541 347
83 349
787 350
382 350
553 352
342 354
740 356
14 357
661 357
697 359
336 359
674 360
291 361
28 363
640 364
378 365
113 365
60 367
603 367
10 368
685 368
785 371
513 371
687 373
620 373
639 374
541 374
118 375
640 377
466 378
502 380
310 381
735 381
515 383
11 384
606 385
763 386
704 387
612 387
716 387
508 389
529 390
673 390
362 390
712 391
441 391
791 392
492 393
845 394
131 394
858 394
111 394
468 395
855 396
168 397
59 397
652 397
840 398
144 398
33 399
608 400
160 400
102 401
10 404
585 404
393 405
633 407
129 407
829 408
945 408
202 409
250 409
832 411
953 412
748 412
254 414
309 417
788 417
784 420
397 420
403 422
578 423
519 423
193 424
354 426
231 427
937 427
198 428
795 429
144 429
270 430
141 430
158 432
36 432
34 434
899 434
455 436
848 438
9 439
6 439
280 439
974 439
443 440
320 440
772 441
209 442
732 442
390 443
271 444
490 446
460 447
228 451
147 452
347 453
949 454
952 454
552 454
875 455
924 455
975 460
672 460
446 463
538 464
556 464
192 465
235 467
622 468
6 468
526 469
751 470
221 470
1 471
264 473
472 473
463 474
382 475
640 475
627 476
280 477
143 477
703 478
210 478
688 478
646 478
266 478
414 479
752 479
380 481
974 483
71 486
628 487
802 488
423 489
373 489
389 489
977 490
924 490
95 490
196 491
660 493
344 494
774 495
648 496
143 500
699 502
629 503
486 503
668 505
188 507
58 507
805 509
271 509
304 512
245 514
910 515
358 515
283 515
279 516
391 517
376 521
575 521
804 521
899 522
877 523
750 523
538 526
589 526
626 527
521 528
10 529
247 529
901 531
621 532
999 534
481 537
848 543
443 543
88 544
55 544
689 546
903 546
622 547
911 547
786 548
697 548
596 548
475 548
601 550
36 551
263 552
625 553
2 554
652 554
507 554
924 555
393 555
719 555
34 557
532 558
533 559
820 561
820 561
58 561
282 562
872 562
919 563
133 565
931 566
520 567
384 567
960 567
385 568
351 568
354 569
584 570
506 571
541 571
720 573
299 574
782 577
399 577
583 577
611 579
501 579
860 580
762 581
575 581
817 582
913 583
634 584
248 584
615 585
983 585
687 587
585 590
732 591
899 592
83 593
207 594
507 595
649 596
286 596
768 596
839 598
745 599
357 599
742 602
874 602
328 603
570 603
34 603
126 604
779 604
430 604
320 605
376 605
532 607
83 607
385 607
981 607
417 608
28 608
663 608
407 609
419 611
389 613
131 615
943 618
758 618
859 619
788 622
857 624
32 625
671 625
767 627
512 627
709 628
909 628
134 633
420 634
679 634
505 636
626 637
412 637
311 639
125 641
404 643
78 644
528 644
633 644
404 645
912 646
465 649
906 651
222 652
951 654
394 654
733 654
976 655
981 657
109 657
366 658
501 658
713 661
784 663
927 664
53 664
978 665
56 665
312 672
552 672
519 673
929 675
883 676
572 676
460 678
477 679
936 679
253 679
80 681
891 682
295 682
831 686
51 686
459 687
257 689
942 689
194 690
495 690
315 693
994 694
834 696
521 696
998 699
656 699
8 703
392 706
804 707
321 708
512 709
983 710
321 711
385 711
420 712
179 713
690 713
846 715
709 716
581 717
790 717
157 717
243 717
595 718
819 718
909 721
917 723
977 724
239 724
528 724
99 726
987 727
921 731
4 733
193 733
598 735
352 737
38 737
903 738
625 739
417 739
920 742
190 742
62 743
923 743
34 744
200 745
516 746
334 746
522 749
272 749
21 750
998 751
64 752
489 753
532 755
14 757
557 757
110 759
861 759
636 761
339 762
645 762
679 764
760 765
278 768
243 769
577 770
751 770
645 774
763 774
645 774
817 774
512 775
658 776
253 777
999 778
746 778
64 783
663 783
925 783
659 783
937 783
19 783
748 784
108 785
863 787
152 789
727 790
39 791
126 792
888 792
71 793
555 794
776 796
625 796
936 798
666 798
780 799
579 799
856 799
724 800
755 803
196 804
705 806
179 806
536 807
676 808
77 808
316 809
990 812
779 813
944 814
820 814
13 815
1 815
487 815
537 816
345 818
489 819
78 820
780 821
42 823
503 825
875 826
119 827
647 828
76 830
235 830
12 832
28 834
449 834
646 835
468 838
879 840
589 840
621 843
920 844
895 844
613 846
108 847
961 847
396 850
979 851
798 851
836 855
387 856
365 856
713 858
662 859
391 860
394 860
109 860
829 861
555 861
443 861
664 862
383 862
760 862
332 863
818 865
327 865
853 867
201 867
313 869
78 870
612 871
623 871
702 872
436 873
523 873
648 875
828 875
966 876
166 877
183 877
601 878
330 878
265 880
527 881
496 881
330 881
457 882
274 884
270 885
368 885
899 886
654 886
864 887
147 887
582 887
693 889
937 892
229 895
541 897
881 901
250 901
459 901
526 902
626 905
755 906
505 907
167 908
918 908
65 909
118 910
379 911
886 912
177 912
918 914
461 915
134 917
134 917
753 918
459 918
340 918
361 919
404 921
517 921
851 921
81 921
183 923
256 923
498 925
465 925
168 926
691 926
396 927
515 929
163 930
646 931
710 932
335 932
96 935
816 936
172 937
318 937
216 937
659 939
144 940
423 941
317 941
669 941
326 944
388 944
513 946
406 948
108 949
388 953
571 955
491 957
434 958
965 958
565 959
286 960
5 961
20 962
864 963
91 963
279 964
450 965
204 965
195 965
195 966
475 966
737 967
181 971
586 972
571 973
565 974
31 975
658 976
136 977
471 977
476 978
511 980
69 980
15 981
819 981
147 981
255 982
840 984
65 984
812 985
473 985
710 991
467 992
225 993
445 994
59 995
956 996
873 996
647 996
977 997
313 998
507 998
806 998
686 999
