999
14 0
61 2
28 2
63 3
125 3
99 4
50 4
21 5
117 5
79 6
66 7
63 7
48 7
76 8
80 8
81 8
103 9
44 11
89 12
125 12
117 12
105 13
34 13
101 16
88 17
108 17
31 18
46 19
54 19
66 20
64 20
64 21
73 25
9 26
107 26
4 26
78 27
58 27
117 27
25 28
76 28
86 28
113 28
71 29
124 29
77 30
44 31
54 31
4 31
1 32
114 32
67 32
41 32
88 33
19 33
64 34
72 35
18 35
72 36
8 37
65 37
97 38
44 38
95 38
111 41
9 42
13 42
24 42
92 44
100 44
92 44
18 45
64 46
68 46
64 47
4 47
45 48
78 48
55 48
12 49
99 50
112 51
17 51
45 52
84 52
46 52
49 52
15 53
61 53
4 54
44 54
116 54
66 54
57 55
35 56
50 56
61 58
28 58
122 58
53 58
4 59
58 59
88 60
29 60
122 61
85 62
71 64
13 64
16 65
109 66
9 67
86 68
6 68
55 69
45 69
20 69
32 69
73 70
125 71
58 72
91 73
34 74
46 75
28 76
120 77
9 77
9 77
13 78
51 78
113 78
79 79
49 79
32 80
10 82
24 82
76 83
15 84
62 84
118 84
110 85
31 85
70 86
30 87
33 88
118 88
65 88
107 89
123 89
115 90
63 90
124 90
18 90
13 91
8 91
82 91
79 91
109 92
47 92
95 92
58 93
117 93
53 93
88 94
4 96
22 96
47 97
11 97
112 99
24 99
45 99
90 100
68 100
19 100
76 100
125 101
90 101
119 102
30 102
52 102
74 104
36 104
10 104
44 105
80 105
80 105
85 105
48 106
73 106
77 106
13 108
17 108
31 108
9 108
17 108
69 109
65 110
1 110
87 110
8 110
87 110
61 111
15 112
116 113
49 113
92 113
65 113
106 115
114 115
12 115
6 116
83 116
18 116
9 117
48 117
21 118
84 118
23 119
88 119
69 119
31 120
103 120
88 120
64 121
34 121
110 122
93 122
3 123
23 123
84 123
56 124
1 124
16 124
48 124
100 125
91 125
33 125
68 126
29 127
93 127
100 129
38 130
86 130
57 130
83 131
21 131
124 131
74 132
43 133
55 133
76 133
85 133
67 133
30 134
14 134
82 135
110 135
65 136
83 138
42 138
73 138
85 140
77 141
45 142
40 142
101 142
116 143
118 144
84 144
8 144
117 145
60 145
34 145
86 147
124 147
99 148
84 148
74 148
15 148
110 148
52 148
21 149
24 149
42 149
7 150
36 150
67 151
14 152
20 152
67 153
99 153
19 154
93 154
66 155
12 155
22 156
96 156
88 156
27 157
71 159
80 159
85 160
120 160
105 161
39 162
81 163
75 163
86 163
69 165
26 165
10 166
28 166
85 167
117 168
80 168
64 169
119 169
101 169
116 170
39 172
58 173
47 173
93 173
60 176
20 176
61 176
58 177
77 177
122 178
25 179
101 179
10 179
44 179
113 180
89 181
36 182
76 182
84 183
29 184
1 184
3 185
36 185
47 186
114 186
10 186
33 187
48 188
58 188
58 189
91 190
96 190
115 191
48 191
29 191
72 192
45 193
24 193
118 194
124 194
17 194
71 194
27 195
18 195
92 195
24 196
35 196
24 197
22 198
91 199
35 200
106 200
12 201
106 202
26 202
69 202
85 204
122 206
59 206
106 206
69 207
31 207
36 207
46 207
48 207
51 207
31 208
9 208
58 208
115 209
86 209
96 211
115 211
24 212
17 212
52 212
66 213
62 213
13 214
5 216
40 217
43 218
48 218
101 219
90 220
21 221
60 222
96 222
108 223
65 223
20 223
25 224
68 224
21 225
93 225
73 225
49 225
116 225
33 226
123 226
3 226
81 226
103 226
79 227
104 227
52 227
79 228
88 228
21 229
39 229
28 229
111 230
93 231
63 231
121 231
94 232
33 232
57 232
64 234
44 234
12 234
72 235
33 235
60 236
96 238
46 238
14 238
119 238
114 238
83 240
47 241
108 241
27 242
105 242
107 242
16 243
115 243
71 243
10 244
86 245
72 245
123 246
116 247
124 247
87 248
121 250
30 250
71 250
120 251
60 251
48 251
43 253
105 253
21 253
110 254
60 254
82 255
48 255
73 255
56 256
44 256
61 257
46 258
115 258
95 258
42 258
25 258
122 260
116 260
98 263
54 263
42 263
20 263
67 263
71 264
30 266
95 267
80 268
83 268
82 269
77 270
12 271
18 271
92 272
46 273
42 273
45 275
29 275
14 275
103 276
3 276
104 277
85 278
104 279
57 279
69 279
62 280
79 280
113 281
24 282
72 282
68 282
43 283
114 283
52 283
42 284
82 285
106 286
119 286
49 287
7 288
86 288
121 289
16 290
43 290
21 291
97 291
58 291
86 291
8 292
124 292
35 293
18 293
65 294
4 294
124 294
46 294
27 295
36 295
119 295
109 298
47 298
96 299
94 300
38 300
46 301
27 301
115 302
118 302
80 302
61 303
102 304
55 304
10 305
80 305
108 306
9 306
92 307
95 307
94 308
97 309
18 309
124 310
28 310
16 310
100 311
71 312
15 312
26 314
34 315
53 315
100 315
109 315
58 316
115 316
9 317
92 317
28 317
49 317
40 318
95 318
52 321
119 321
74 322
83 323
3 325
7 325
15 325
17 326
64 326
62 327
63 327
124 327
33 328
60 329
52 329
124 330
10 331
82 332
48 332
49 332
9 333
123 333
3 333
33 333
100 334
91 336
20 336
30 337
118 338
88 339
31 340
65 341
59 341
37 341
6 341
1 342
118 343
42 343
57 343
67 344
28 344
119 344
56 344
70 346
93 346
120 348
40 348
72 350
107 350
19 352
65 352
21 352
33 352
40 353
86 353
25 354
2 355
30 355
6 356
93 357
74 358
59 358
17 359
85 359
80 360
119 360
1 360
51 362
56 362
79 362
41 362
9 363
7 363
113 363
16 364
116 364
54 365
52 365
100 365
27 365
68 366
101 366
108 366
27 366
25 367
122 370
124 370
22 370
112 370
21 371
27 371
7 372
67 372
124 374
94 374
90 374
77 374
21 374
120 376
69 376
7 377
54 377
39 377
119 377
35 377
33 378
20 378
83 379
70 379
21 379
68 381
4 381
78 382
90 382
101 383
55 383
3 383
125 384
81 386
54 386
44 386
102 386
40 386
51 387
39 387
112 387
14 387
50 390
56 390
26 390
66 390
103 390
42 394
69 394
2 395
88 395
38 397
63 399
91 399
80 399
97 399
84 400
89 401
103 401
68 404
92 404
93 404
88 405
102 405
74 405
70 405
85 406
76 407
23 407
115 408
81 409
73 409
47 409
124 410
107 410
87 410
5 411
24 411
28 411
2 412
49 412
44 413
124 413
77 413
101 413
36 414
43 415
112 415
54 416
75 416
46 417
122 417
17 417
60 418
76 418
19 418
50 419
124 420
106 420
22 421
26 421
116 421
97 421
115 422
6 422
125 422
56 422
88 424
90 426
43 427
66 428
77 429
91 429
65 429
13 431
44 431
52 431
21 432
21 433
26 434
70 435
77 436
87 437
40 438
39 438
106 439
122 439
29 439
64 441
104 442
111 442
86 442
57 443
9 444
13 445
115 445
27 445
67 446
79 446
119 447
88 448
6 448
12 448
47 449
83 449
21 450
97 451
29 451
67 452
29 454
121 454
121 454
16 456
63 458
26 458
31 458
108 459
74 459
51 460
42 460
12 461
16 461
56 461
29 461
120 462
34 463
59 465
122 465
38 466
37 468
64 468
4 468
59 468
101 468
46 469
55 469
45 469
1 470
45 470
95 472
106 472
34 472
3 473
91 473
58 473
39 473
17 473
44 473
92 474
45 474
64 475
60 475
57 476
56 477
112 477
114 478
38 478
99 479
120 480
118 480
51 481
32 481
106 482
101 482
29 482
82 483
14 483
24 483
40 484
80 484
26 485
102 485
21 486
75 486
123 486
68 487
123 488
53 489
49 491
27 491
37 492
20 492
53 492
79 492
86 493
4 494
46 494
5 494
96 494
5 494
11 495
86 495
120 496
35 496
68 497
59 497
19 499
89 499
35 499
125 499
4 499
67 500
92 500
31 500
97 501
11 501
62 501
93 501
40 502
122 502
70 505
22 506
16 506
18 506
66 507
16 507
122 508
73 508
3 508
102 508
82 509
72 509
105 509
24 510
117 511
101 512
54 512
99 513
92 514
3 515
106 515
1 517
46 519
83 519
1 519
96 520
60 520
84 520
47 521
57 521
114 521
107 521
95 522
57 523
40 524
19 524
42 524
54 526
72 526
41 526
89 526
97 527
50 527
89 527
32 527
87 527
63 528
105 528
14 528
15 528
50 528
94 529
118 530
94 530
96 531
36 532
14 534
51 534
83 536
103 536
49 536
97 536
41 537
55 537
15 538
19 539
77 539
114 540
90 541
69 541
6 541
43 542
65 542
124 542
21 543
