1000
428 1
513 1
305 5
654 5
107 6
558 7
171 7
116 8
233 10
45 12
47 12
560 14
367 14
545 14
250 20
794 21
313 21
133 21
915 22
592 22
224 23
207 24
388 25
747 26
513 27
472 29
307 29
555 32
720 32
132 33
727 35
418 36
839 37
172 37
739 38
405 39
896 39
690 39
553 41
545 42
744 42
73 44
801 44
840 44
532 45
999 45
151 46
61 46
510 47
920 48
279 51
385 53
73 54
772 55
31 56
546 57
643 57
77 57
102 58
331 59
995 60
686 60
567 60
374 61
605 62
7 63
893 63
831 63
240 65
576 66
809 67
884 69
435 71
494 72
670 73
829 74
848 75
464 77
193 80
510 80
994 81
616 81
315 81
9 83
455 83
769 83
75 86
180 87
889 88
663 88
70 89
760 91
987 93
581 94
470 94
725 95
761 95
276 96
861 96
471 97
13 100
579 101
916 101
968 102
485 105
906 105
860 105
314 107
187 107
785 109
838 111
934 111
867 114
294 116
867 122
134 123
937 124
112 124
734 125
398 126
712 127
17 127
223 128
187 128
862 128
801 129
71 129
287 129
744 131
959 132
9 132
665 133
113 137
109 138
68 138
985 138
699 140
264 141
132 142
727 144
803 144
224 145
264 146
744 146
130 147
862 148
700 152
385 155
680 155
99 156
675 156
984 157
484 157
388 157
157 158
188 159
901 160
600 161
757 165
408 166
721 169
575 169
898 170
980 171
363 171
276 172
834 173
245 173
790 174
58 175
263 176
395 176
179 177
955 178
152 182
236 183
193 183
473 184
15 184
998 185
575 185
494 185
947 188
561 188
577 188
744 189
219 189
39 191
530 191
215 192
770 193
102 193
208 194
420 195
200 195
981 197
300 198
202 199
247 202
303 202
366 203
159 204
907 204
474 205
150 206
645 206
203 207
20 207
578 207
572 208
12 208
878 208
91 210
216 210
892 211
965 211
124 211
909 212
526 213
15 214
150 214
361 214
516 216
64 217
398 217
854 218
986 218
908 219
450 220
312 220
814 221
976 221
947 221
372 224
890 225
473 227
627 229
680 230
829 232
279 232
564 233
757 233
79 236
435 236
461 237
389 239
762 240
234 242
423 243
973 244
730 244
668 245
294 245
749 247
947 248
404 249
279 249
542 250
442 250
749 250
41 253
430 253
288 254
127 255
713 255
601 255
752 256
709 256
895 257
349 257
404 258
966 258
63 259
136 259
122 261
564 262
525 263
85 263
586 264
71 268
948 269
168 269
107 270
410 271
115 271
183 272
123 272
965 273
153 274
778 275
155 276
575 277
203 277
271 279
464 279
875 281
185 281
320 282
176 282
152 284
935 284
530 287
884 292
660 292
677 292
795 293
986 295
814 296
120 297
980 300
391 302
1 303
444 307
396 309
712 309
769 310
45 311
555 313
498 317
930 317
157 317
267 318
44 319
463 319
942 320
588 328
87 329
468 330
550 330
490 331
92 331
701 331
345 335
323 338
411 342
403 343
514 343
922 345
985 345
616 345
391 346
737 347
851 348
309 348
428 350
635 350
971 350
938 351
973 352
881 355
513 355
752 355
131 356
50 356
379 358
614 358
943 359
268 359
255 363
161 366
219 367
182 368
38 369
973 369
402 369
741 371
209 371
121 371
53 372
244 373
823 374
34 375
860 376
572 378
973 378
662 379
72 380
687 380
798 380
704 384
516 385
802 385
150 385
380 387
135 387
657 387
756 388
641 388
2 394
640 395
66 395
60 397
132 398
868 398
970 399
534 402
843 403
769 404
766 404
324 404
35 406
919 406
285 407
678 408
575 410
222 411
577 411
656 411
510 412
783 413
989 413
407 415
282 415
210 415
565 417
762 417
717 420
487 420
684 422
977 424
49 426
255 427
441 429
156 430
873 430
877 431
175 432
953 432
816 433
743 433
255 434
92 435
562 438
250 439
755 442
512 442
780 443
455 444
821 445
574 445
632 446
295 446
439 447
591 447
730 447
307 447
668 448
552 449
428 450
394 450
900 452
533 452
719 453
684 453
189 458
618 461
389 462
808 463
846 464
579 464
374 464
420 467
244 467
309 468
666 469
993 470
542 471
504 471
765 471
546 472
935 475
223 475
877 477
298 477
804 478
333 478
202 479
973 480
817 480
395 482
817 482
25 484
487 486
536 486
644 486
152 487
370 490
229 490
859 492
631 493
936 493
500 494
432 495
178 502
2 503
193 505
963 505
746 505
200 505
48 508
761 508
119 508
478 508
410 509
508 509
993 509
661 510
901 510
67 511
369 511
330 512
601 516
689 516
928 517
192 518
680 518
940 520
851 520
378 521
943 521
368 524
525 524
870 525
695 525
846 525
58 527
818 527
59 528
559 528
98 529
467 529
977 530
806 531
88 532
365 533
637 534
225 536
461 537
267 538
350 539
847 539
868 543
377 543
766 547
89 547
621 547
54 548
594 549
620 549
748 553
207 553
624 553
526 554
530 556
638 557
662 557
269 558
347 562
187 562
770 562
164 563
345 564
710 564
572 564
295 566
743 569
552 570
655 570
644 571
121 571
426 571
728 572
323 576
709 576
336 576
683 578
989 585
188 585
115 586
262 586
739 588
265 590
616 590
318 591
337 593
146 594
660 594
811 594
209 595
60 595
704 595
883 595
653 598
348 598
348 601
495 605
144 605
738 606
56 608
55 608
81 608
294 609
560 609
495 612
431 612
754 612
724 614
503 615
654 615
190 615
29 617
740 617
442 618
916 618
271 618
852 619
809 620
296 620
487 621
393 622
649 623
228 625
435 626
102 627
231 627
324 629
308 629
348 631
863 631
233 632
871 632
690 632
338 635
789 636
979 636
714 638
807 642
742 642
680 642
332 643
965 644
22 646
842 646
427 648
567 648
276 648
732 650
734 651
410 651
111 652
442 654
74 655
897 655
15 656
654 657
184 657
198 658
805 661
765 665
251 667
237 667
45 669
290 671
830 671
111 672
935 675
856 675
460 675
848 676
254 678
924 679
137 680
477 681
347 682
271 682
609 683
807 686
395 687
630 688
949 688
501 688
632 689
903 691
928 692
379 693
387 693
900 695
992 695
120 696
484 699
490 699
506 699
798 699
36 700
941 700
512 701
616 702
213 703
987 703
599 704
729 704
899 705
284 705
272 705
148 706
319 708
413 709
923 710
602 710
660 711
693 712
692 713
403 714
719 715
557 715
592 716
719 717
594 717
316 718
292 720
345 721
227 721
743 722
934 722
929 722
687 723
259 725
708 727
461 727
139 728
718 730
867 730
82 730
966 730
857 732
296 732
55 732
700 732
747 733
709 734
550 735
656 735
689 736
161 737
715 738
311 738
611 739
629 740
644 742
5 742
926 742
448 742
580 742
711 743
495 743
497 746
981 746
352 746
500 747
663 749
803 750
384 751
678 751
674 752
761 753
594 753
507 755
938 755
572 755
993 756
749 757
495 758
734 762
711 763
61 764
936 764
725 764
560 765
872 766
879 766
378 767
323 767
769 767
606 768
28 768
163 773
285 773
130 774
673 774
440 775
232 779
285 783
391 784
523 785
382 786
523 786
220 787
740 789
357 789
346 790
829 792
724 794
66 794
296 796
990 798
11 800
128 800
437 802
583 802
120 803
145 803
370 803
547 803
468 805
715 808
555 811
919 814
672 814
988 817
940 817
649 820
399 821
229 821
594 821
884 822
433 823
980 823
651 823
293 824
845 824
470 825
163 827
388 827
854 827
304 828
663 830
995 830
27 831
498 831
287 832
900 833
318 834
966 835
760 835
974 836
520 838
904 841
44 841
654 842
3 842
730 844
36 844
473 844
61 845
835 846
293 847
285 848
367 848
554 849
178 850
299 851
454 854
483 857
608 859
515 860
903 861
565 861
505 862
293 862
928 863
59 863
62 867
211 867
815 873
834 874
289 876
850 879
163 879
65 881
594 882
442 882
168 883
233 883
948 883
191 887
302 888
666 888
855 888
455 890
333 890
600 890
929 893
515 895
425 896
83 896
526 898
358 904
330 906
569 906
133 907
119 911
316 911
850 911
896 912
298 913
628 914
780 914
489 915
910 916
348 918
825 919
241 919
540 920
492 921
107 922
84 923
565 925
894 926
233 926
861 927
313 928
955 932
576 933
538 935
565 935
204 935
326 937
762 939
342 941
360 941
808 942
749 942
600 943
532 945
81 946
82 946
569 947
978 947
304 947
723 948
477 948
703 948
813 949
449 951
655 953
989 956
1 956
525 957
625 958
829 958
303 961
966 961
903 965
988 965
604 966
813 966
589 966
652 967
679 967
270 968
754 970
651 971
121 972
402 972
346 973
936 973
645 974
53 975
662 977
905 978
769 978
106 979
735 979
208 979
894 981
10 982
320 983
41 983
796 984
311 984
584 985
408 986
274 986
738 987
629 988
706 990
378 990
84 990
865 990
568 991
544 991
294 993
139 996
240 996
237 996
955 998
534 998
380 999
946 999
145 1000
