916
146 0
248 0
977 0
460 1
779 3
822 4
749 5
299 6
259 7
605 7
861 8
681 9
736 10
633 10
844 12
855 12
373 13
40 13
701 13
376 14
77 14
320 14
311 16
815 16
460 18
783 18
787 19
19 24
24 26
1 27
126 29
258 29
181 30
420 30
161 30
639 32
632 32
234 33
584 33
722 33
742 35
59 37
668 37
212 37
156 40
237 42
64 43
519 44
318 44
61 45
170 47
605 48
678 48
292 52
219 53
463 54
903 56
87 57
938 57
400 58
389 58
726 58
122 60
439 60
181 60
319 61
85 63
917 63
641 65
508 66
353 69
160 71
388 73
967 73
343 74
648 75
130 76
374 77
253 77
386 78
292 78
487 78
92 80
104 84
903 84
511 85
445 87
398 90
643 91
295 92
852 92
117 94
898 94
581 95
376 97
105 97
771 97
614 97
941 97
74 98
539 99
972 102
248 102
619 103
391 104
180 106
89 107
764 107
914 108
233 108
138 109
777 109
894 110
881 110
251 111
441 112
1 112
862 113
219 118
994 119
244 121
423 122
299 123
541 124
34 125
479 125
577 126
490 126
763 126
112 127
69 132
264 133
948 135
316 136
808 137
814 138
288 139
905 139
802 141
804 142
509 143
383 146
797 148
461 149
604 151
385 154
318 154
180 155
588 155
406 157
458 163
636 165
13 167
95 167
967 168
600 168
569 168
145 168
18 170
56 170
239 171
483 172
878 172
64 174
658 177
386 179
17 180
681 180
959 180
542 180
68 181
395 182
586 185
169 188
172 188
516 191
512 191
686 191
323 191
905 192
240 193
637 193
981 195
846 197
442 198
198 198
339 200
934 201
615 202
8 203
961 203
209 207
623 208
689 208
601 210
230 210
81 211
255 213
74 214
540 215
488 216
341 218
939 219
578 219
913 221
243 223
122 223
641 224
307 224
746 226
913 226
151 232
143 233
619 235
492 236
913 238
704 239
717 241
926 242
642 242
684 243
107 244
806 245
822 246
315 248
889 248
981 248
915 249
34 249
432 251
718 251
755 252
239 253
157 254
745 255
728 256
854 259
502 259
42 259
247 259
891 260
768 263
208 270
493 271
817 273
367 273
569 275
967 275
389 277
593 277
430 278
259 278
500 278
346 279
337 280
225 280
714 282
95 284
591 287
667 288
4 290
858 292
854 292
321 294
734 295
824 296
313 296
90 299
649 300
193 301
108 303
600 305
468 306
792 307
911 310
568 310
10 311
379 312
964 313
827 313
777 313
411 313
998 315
160 316
145 317
889 318
19 320
447 321
787 322
691 322
151 323
924 323
894 324
332 325
515 328
257 328
146 328
243 328
648 331
557 331
152 331
343 332
425 332
653 333
517 333
605 334
765 334
762 334
72 335
145 335
176 337
302 337
721 338
935 338
325 339
552 339
212 339
787 342
47 342
482 342
76 344
911 347
84 347
76 347
273 348
917 350
931 353
673 354
271 355
508 359
49 359
614 359
242 359
353 362
48 362
447 364
506 364
192 364
634 365
427 365
903 365
324 366
270 367
369 367
957 368
659 369
882 370
499 371
493 373
952 375
975 378
25 378
97 380
757 380
916 382
839 382
267 382
642 383
674 385
971 388
79 390
243 390
742 390
328 390
372 391
199 393
54 393
304 395
592 395
369 396
173 396
118 397
6 398
104 398
95 402
139 404
833 405
17 405
637 407
703 410
669 410
71 410
546 416
27 416
625 419
930 421
684 421
516 421
312 422
405 424
94 424
819 427
129 427
132 428
993 429
290 429
492 429
214 430
728 431
501 431
132 434
488 435
72 437
235 438
687 441
222 442
583 442
274 443
55 444
171 446
407 447
858 447
330 450
143 451
669 451
804 453
480 454
638 454
62 455
668 457
924 457
557 457
363 457
10 458
134 458
113 459
594 460
610 462
463 464
911 465
749 466
834 467
633 467
575 468
203 470
156 470
6 471
406 471
98 471
33 471
334 472
272 472
695 473
393 474
440 474
978 475
589 477
647 477
982 477
335 479
165 482
393 482
216 483
904 483
651 484
402 484
489 485
345 485
507 485
141 486
885 486
706 486
13 487
903 487
467 490
6 490
791 491
519 494
378 494
51 495
103 495
45 496
602 497
498 497
287 497
644 498
116 502
661 502
28 504
260 506
591 507
825 508
397 511
667 512
926 516
882 517
582 517
765 517
245 519
490 519
756 520
190 520
8 520
738 522
293 522
760 523
985 524
757 524
333 524
132 525
523 526
569 527
178 527
578 528
575 528
538 532
473 532
713 535
934 539
81 540
495 541
725 541
747 544
749 545
344 546
133 546
350 547
721 547
565 548
510 552
252 553
424 554
189 555
77 555
829 556
506 556
189 560
656 562
511 562
614 565
176 565
652 565
540 566
439 566
334 567
30 567
671 567
307 568
467 571
779 572
699 572
49 574
212 575
517 575
955 575
726 578
648 579
406 579
898 580
432 582
625 586
378 587
975 589
764 590
226 590
441 591
931 594
981 594
264 597
553 597
415 600
639 600
377 601
540 601
55 602
176 603
121 603
976 606
989 608
929 609
507 609
320 611
55 612
418 612
886 617
439 618
739 619
553 620
631 620
334 621
135 622
330 624
752 624
374 627
162 627
17 628
270 628
62 629
385 631
607 631
635 631
51 633
694 634
909 634
968 635
620 635
523 637
937 637
155 639
664 639
163 641
105 643
215 645
691 645
251 645
563 646
743 646
542 646
795 651
400 652
448 652
646 653
766 654
549 654
936 658
827 659
770 661
783 661
740 662
601 663
341 664
801 664
378 665
967 666
487 666
59 668
143 668
754 668
838 669
189 670
893 670
458 671
244 672
622 674
111 676
37 676
936 677
388 677
251 677
42 677
773 679
300 680
897 681
997 684
433 686
745 687
622 687
379 687
66 691
830 691
102 693
207 694
518 696
936 696
462 698
507 698
588 699
919 699
4 700
995 701
150 702
502 702
840 702
233 702
168 702
222 704
525 705
291 707
564 708
593 709
108 710
947 711
776 712
518 712
67 713
308 714
459 715
64 720
369 721
369 726
798 726
944 726
519 726
549 730
641 730
771 731
63 731
497 732
958 733
645 735
867 737
727 738
419 739
55 739
738 739
554 740
595 743
605 743
523 744
32 748
625 749
326 749
601 754
86 754
526 755
92 755
429 757
207 757
145 758
46 758
302 760
853 762
263 762
97 766
48 766
937 766
769 768
234 770
355 774
277 777
569 779
838 779
84 780
982 781
311 782
133 783
890 784
486 784
530 785
97 787
367 787
10 789
396 789
775 790
615 791
471 792
382 792
345 793
939 794
367 794
802 795
60 796
552 797
520 800
338 800
905 801
974 802
264 803
523 805
261 807
84 807
323 807
562 808
809 808
339 808
662 811
412 813
350 813
536 814
373 814
890 815
107 816
170 816
939 817
985 818
130 820
507 820
190 822
616 824
799 824
588 828
463 830
68 833
303 833
301 836
48 837
271 837
486 838
365 840
277 842
350 842
637 843
376 844
281 845
354 847
980 850
705 850
737 852
399 853
345 853
881 856
635 857
146 859
226 863
340 863
518 863
699 863
533 864
9 866
141 869
183 870
730 871
668 872
323 872
662 872
621 874
891 876
409 879
747 882
255 883
988 885
409 885
824 885
589 886
264 886
326 887
942 888
678 888
100 888
717 888
302 889
384 890
463 891
931 891
662 892
614 893
804 893
232 894
824 895
532 897
83 899
803 902
192 904
45 905
970 909
732 911
484 913
489 914
909 915
581 916
722 920
117 922
416 922
279 922
950 925
879 926
545 927
195 927
693 928
760 929
248 929
732 931
776 931
581 933
250 934
376 934
201 936
406 936
888 937
493 937
268 938
43 940
981 941
901 941
510 943
122 945
118 947
927 948
891 949
301 951
353 951
423 951
771 953
705 956
416 959
571 960
980 960
411 962
846 962
93 964
729 965
706 966
603 968
577 968
611 968
480 969
943 969
491 970
384 970
804 971
500 971
852 971
767 973
534 975
320 976
642 976
415 977
22 979
257 980
364 982
938 982
503 982
969 983
236 985
419 985
394 989
843 992
655 992
95 993
258 994
515 994
156 994
296 995
424 998
327 999
398 1000
