140
83 3
13 3
162 9
105 9
227 9
242 12
58 14
225 15
110 15
209 17
49 18
38 19
213 21
211 22
149 22
192 24
128 26
28 27
168 28
104 29
235 31
216 31
232 31
114 33
175 35
237 36
140 42
81 43
154 44
61 45
136 50
90 53
77 54
56 57
243 58
141 59
79 62
159 62
156 65
175 67
193 69
71 70
195 71
230 72
42 72
81 72
185 73
179 75
224 76
155 79
244 79
24 79
94 80
12 83
138 84
78 84
56 92
111 92
7 97
183 99
103 100
152 101
6 101
216 102
136 102
10 110
44 110
190 110
152 110
160 112
85 112
63 112
94 114
6 117
144 117
165 118
65 119
221 120
63 120
54 124
41 125
217 132
117 133
184 134
198 138
23 140
140 142
103 143
82 143
97 144
102 145
183 147
75 150
69 154
231 156
185 160
193 161
33 166
163 168
206 169
58 169
26 170
175 172
91 176
169 179
225 181
47 182
18 184
21 186
115 189
229 194
60 196
219 196
13 197
209 198
175 199
11 202
6 202
104 203
62 205
216 205
102 207
202 208
94 213
130 215
126 219
226 219
9 221
122 223
195 226
191 227
26 228
116 229
110 230
128 231
198 234
161 239
76 241
147 244
163 245
