1000
966 2147483637
682 2147483637
986 2147483637
296 2147483637
677 2147483637
409 2147483637
841 2147483637
241 2147483637
52 2147483637
437 2147483637
493 2147483637
58 2147483637
672 2147483637
549 2147483637
203 2147483637
919 2147483637
130 2147483637
525 2147483637
318 2147483637
3 2147483637
961 2147483637
73 2147483637
216 2147483637
949 2147483637
561 2147483637
759 2147483637
212 2147483637
922 2147483637
219 2147483637
630 2147483637
302 2147483637
423 2147483637
58 2147483637
264 2147483637
79 2147483637
878 2147483637
244 2147483637
736 2147483637
40 2147483637
995 2147483637
277 2147483637
872 2147483637
425 2147483637
531 2147483637
401 2147483637
9 2147483637
184 2147483637
183 2147483637
347 2147483637
753 2147483637
157 2147483637
585 2147483637
245 2147483637
832 2147483637
576 2147483637
844 2147483637
375 2147483637
101 2147483637
266 2147483637
315 2147483637
811 2147483637
963 2147483637
939 2147483637
448 2147483637
927 2147483637
743 2147483637
411 2147483637
762 2147483637
62 2147483637
279 2147483637
236 2147483637
629 2147483637
625 2147483637
413 2147483637
28 2147483637
242 2147483637
149 2147483637
708 2147483637
402 2147483637
231 2147483637
150 2147483637
93 2147483637
513 2147483638
883 2147483638
265 2147483638
395 2147483638
283 2147483638
108 2147483638
53 2147483638
932 2147483638
663 2147483638
326 2147483638
278 2147483638
661 2147483638
480 2147483638
155 2147483638
450 2147483638
300 2147483638
889 2147483638
687 2147483638
351 2147483638
759 2147483638
167 2147483638
721 2147483638
449 2147483638
717 2147483638
222 2147483638
191 2147483638
698 2147483638
996 2147483638
559 2147483638
970 2147483638
59 2147483638
933 2147483638
342 2147483638
44 2147483638
997 2147483638
149 2147483638
242 2147483638
376 2147483638
963 2147483638
371 2147483638
465 2147483638
460 2147483638
104 2147483638
178 2147483638
906 2147483638
950 2147483638
41 2147483638
34 2147483638
556 2147483638
328 2147483638
81 2147483638
822 2147483638
515 2147483638
841 2147483638
359 2147483638
326 2147483638
261 2147483638
487 2147483638
961 2147483638
757 2147483638
727 2147483638
955 2147483638
491 2147483638
694 2147483638
990 2147483638
704 2147483638
121 2147483638
415 2147483638
311 2147483638
122 2147483638
444 2147483638
340 2147483638
263 2147483638
513 2147483638
568 2147483638
824 2147483638
692 2147483638
791 2147483638
152 2147483638
312 2147483638
578 2147483638
665 2147483638
861 2147483638
191 2147483638
712 2147483638
293 2147483638
605 2147483638
771 2147483638
550 2147483638
20 2147483638
917 2147483638
486 2147483638
771 2147483638
252 2147483638
224 2147483638
631 2147483639
767 2147483639
639 2147483639
704 2147483639
879 2147483639
154 2147483639
173 2147483639
194 2147483639
77 2147483639
324 2147483639
836 2147483639
697 2147483639
905 2147483639
165 2147483639
716 2147483639
998 2147483639
127 2147483639
856 2147483639
389 2147483639
786 2147483639
337 2147483639
810 2147483639
20 2147483639
301 2147483639
567 2147483639
851 2147483639
480 2147483639
582 2147483639
24 2147483639
34 2147483639
979 2147483639
693 2147483639
27 2147483639
78 2147483639
945 2147483639
839 2147483639
303 2147483639
988 2147483639
725 2147483639
115 2147483639
970 2147483639
517 2147483639
326 2147483639
526 2147483639
118 2147483639
17 2147483639
843 2147483639
8 2147483639
125 2147483639
793 2147483639
101 2147483639
999 2147483639
786 2147483639
363 2147483639
156 2147483639
98 2147483639
814 2147483639
108 2147483639
462 2147483639
740 2147483639
403 2147483639
564 2147483639
763 2147483639
733 2147483639
218 2147483639
88 2147483639
942 2147483639
459 2147483639
420 2147483639
555 2147483639
423 2147483639
130 2147483639
12 2147483639
841 2147483639
796 2147483639
186 2147483639
562 2147483639
682 2147483639
568 2147483639
677 2147483639
77 2147483639
647 2147483639
238 2147483639
662 2147483639
309 2147483639
834 2147483639
534 2147483639
600 2147483639
646 2147483639
883 2147483640
736 2147483640
67 2147483640
10 2147483640
172 2147483640
465 2147483640
125 2147483640
666 2147483640
615 2147483640
642 2147483640
704 2147483640
8 2147483640
555 2147483640
766 2147483640
520 2147483640
861 2147483640
434 2147483640
40 2147483640
298 2147483640
733 2147483640
270 2147483640
728 2147483640
494 2147483640
253 2147483640
515 2147483640
867 2147483640
704 2147483640
184 2147483640
330 2147483640
421 2147483640
916 2147483640
921 2147483640
927 2147483640
264 2147483640
1000 2147483640
91 2147483640
21 2147483640
827 2147483640
924 2147483640
153 2147483640
372 2147483640
607 2147483640
505 2147483640
78 2147483640
945 2147483640
383 2147483640
318 2147483640
677 2147483640
349 2147483640
638 2147483640
676 2147483640
958 2147483640
412 2147483640
987 2147483640
147 2147483640
34 2147483640
4 2147483640
393 2147483640
906 2147483640
885 2147483640
716 2147483640
599 2147483640
274 2147483640
287 2147483640
705 2147483640
358 2147483640
32 2147483640
675 2147483640
696 2147483640
61 2147483640
917 2147483640
501 2147483640
78 2147483640
218 2147483640
881 2147483640
471 2147483640
63 2147483640
239 2147483640
770 2147483640
959 2147483640
878 2147483640
202 2147483640
900 2147483640
620 2147483640
610 2147483640
784 2147483640
63 2147483640
282 2147483640
192 2147483640
592 2147483640
649 2147483640
190 2147483640
670 2147483640
933 2147483640
616 2147483640
23 2147483640
681 2147483640
372 2147483640
843 2147483640
124 2147483640
462 2147483640
721 2147483641
387 2147483641
568 2147483641
538 2147483641
99 2147483641
626 2147483641
775 2147483641
952 2147483641
962 2147483641
35 2147483641
344 2147483641
715 2147483641
845 2147483641
472 2147483641
866 2147483641
252 2147483641
139 2147483641
994 2147483641
55 2147483641
722 2147483641
896 2147483641
275 2147483641
41 2147483641
466 2147483641
972 2147483641
702 2147483641
446 2147483641
750 2147483641
247 2147483641
39 2147483641
333 2147483641
106 2147483641
593 2147483641
386 2147483641
585 2147483641
916 2147483641
524 2147483641
423 2147483641
721 2147483641
738 2147483641
831 2147483641
488 2147483641
156 2147483641
292 2147483641
10 2147483641
709 2147483641
770 2147483641
485 2147483641
189 2147483641
339 2147483641
235 2147483641
579 2147483641
834 2147483641
562 2147483641
7 2147483641
856 2147483641
322 2147483641
377 2147483641
603 2147483641
31 2147483641
341 2147483641
572 2147483641
296 2147483641
723 2147483641
905 2147483641
828 2147483641
100 2147483641
775 2147483641
864 2147483641
930 2147483641
557 2147483641
247 2147483641
73 2147483641
532 2147483641
608 2147483641
921 2147483641
779 2147483641
644 2147483641
407 2147483641
28 2147483641
66 2147483641
122 2147483641
78 2147483641
903 2147483642
756 2147483642
839 2147483642
427 2147483642
399 2147483642
725 2147483642
283 2147483642
426 2147483642
494 2147483642
766 2147483642
89 2147483642
166 2147483642
282 2147483642
566 2147483642
812 2147483642
173 2147483642
868 2147483642
873 2147483642
919 2147483642
597 2147483642
199 2147483642
738 2147483642
418 2147483642
519 2147483642
450 2147483642
778 2147483642
157 2147483642
511 2147483642
690 2147483642
184 2147483642
410 2147483642
799 2147483642
673 2147483642
311 2147483642
382 2147483642
890 2147483642
545 2147483642
498 2147483642
415 2147483642
867 2147483642
421 2147483642
149 2147483642
442 2147483642
938 2147483642
745 2147483642
491 2147483642
882 2147483642
807 2147483642
95 2147483642
823 2147483642
526 2147483642
917 2147483642
984 2147483642
374 2147483642
66 2147483642
768 2147483642
875 2147483642
757 2147483642
844 2147483642
744 2147483642
706 2147483642
472 2147483642
438 2147483642
980 2147483642
620 2147483642
410 2147483642
999 2147483642
766 2147483642
390 2147483642
537 2147483642
213 2147483642
698 2147483642
223 2147483642
948 2147483642
517 2147483642
823 2147483642
166 2147483642
197 2147483642
64 2147483642
489 2147483642
251 2147483642
713 2147483642
114 2147483642
287 2147483642
169 2147483642
42 2147483642
135 2147483642
391 2147483642
305 2147483642
263 2147483642
353 2147483642
967 2147483642
197 2147483642
274 2147483642
488 2147483642
987 2147483642
829 2147483642
567 2147483642
92 2147483642
462 2147483642
600 2147483642
544 2147483642
833 2147483642
883 2147483642
328 2147483642
596 2147483642
641 2147483642
910 2147483642
953 2147483642
190 2147483642
393 2147483643
284 2147483643
642 2147483643
340 2147483643
171 2147483643
551 2147483643
462 2147483643
438 2147483643
566 2147483643
484 2147483643
347 2147483643
157 2147483643
296 2147483643
152 2147483643
202 2147483643
351 2147483643
48 2147483643
594 2147483643
203 2147483643
783 2147483643
700 2147483643
311 2147483643
71 2147483643
629 2147483643
728 2147483643
927 2147483643
23 2147483643
705 2147483643
256 2147483643
977 2147483643
695 2147483643
566 2147483643
772 2147483643
529 2147483643
763 2147483643
280 2147483643
451 2147483643
704 2147483643
413 2147483643
699 2147483643
562 2147483643
668 2147483643
88 2147483643
904 2147483643
598 2147483643
864 2147483643
972 2147483643
992 2147483643
24 2147483643
161 2147483643
283 2147483643
934 2147483643
623 2147483643
155 2147483643
792 2147483643
613 2147483643
384 2147483643
660 2147483643
177 2147483643
247 2147483643
776 2147483643
572 2147483643
329 2147483643
425 2147483643
424 2147483643
740 2147483643
846 2147483643
771 2147483643
209 2147483643
990 2147483643
91 2147483643
463 2147483643
250 2147483643
797 2147483643
506 2147483643
782 2147483643
955 2147483643
621 2147483643
945 2147483643
367 2147483643
245 2147483643
973 2147483643
232 2147483643
842 2147483643
583 2147483643
190 2147483643
624 2147483643
770 2147483643
823 2147483643
427 2147483643
115 2147483643
922 2147483643
578 2147483643
739 2147483643
579 2147483643
332 2147483643
109 2147483643
725 2147483643
138 2147483643
707 2147483643
738 2147483643
94 2147483643
759 2147483643
3 2147483643
941 2147483643
757 2147483643
268 2147483643
106 2147483643
77 2147483643
256 2147483643
970 2147483643
404 2147483644
697 2147483644
967 2147483644
323 2147483644
93 2147483644
682 2147483644
811 2147483644
226 2147483644
40 2147483644
294 2147483644
672 2147483644
132 2147483644
373 2147483644
843 2147483644
266 2147483644
46 2147483644
458 2147483644
457 2147483644
26 2147483644
615 2147483644
444 2147483644
782 2147483644
85 2147483644
462 2147483644
353 2147483644
826 2147483644
677 2147483644
401 2147483644
615 2147483644
382 2147483644
128 2147483644
838 2147483644
710 2147483644
595 2147483644
290 2147483644
284 2147483644
245 2147483644
224 2147483644
997 2147483644
437 2147483644
149 2147483644
350 2147483644
807 2147483644
377 2147483644
46 2147483644
553 2147483644
296 2147483644
210 2147483644
72 2147483644
630 2147483644
493 2147483644
105 2147483644
667 2147483644
109 2147483644
893 2147483644
514 2147483644
459 2147483644
138 2147483644
399 2147483644
986 2147483644
135 2147483644
801 2147483644
222 2147483644
795 2147483644
804 2147483644
114 2147483644
354 2147483644
766 2147483644
178 2147483644
736 2147483644
402 2147483644
436 2147483644
182 2147483644
113 2147483644
958 2147483644
346 2147483645
322 2147483645
870 2147483645
25 2147483645
643 2147483645
58 2147483645
790 2147483645
774 2147483645
97 2147483645
486 2147483645
120 2147483645
338 2147483645
455 2147483645
860 2147483645
926 2147483645
217 2147483645
614 2147483645
892 2147483645
897 2147483645
534 2147483645
972 2147483645
706 2147483645
424 2147483645
28 2147483645
744 2147483645
594 2147483645
385 2147483645
205 2147483645
260 2147483645
923 2147483645
976 2147483645
516 2147483645
927 2147483645
151 2147483645
324 2147483645
103 2147483645
338 2147483645
407 2147483645
280 2147483645
831 2147483645
646 2147483645
218 2147483645
635 2147483645
594 2147483645
6 2147483645
367 2147483645
339 2147483645
708 2147483645
81 2147483645
29 2147483645
664 2147483645
331 2147483645
104 2147483645
974 2147483645
202 2147483645
193 2147483645
62 2147483645
698 2147483645
963 2147483645
37 2147483645
530 2147483645
841 2147483645
847 2147483645
960 2147483645
223 2147483645
350 2147483645
191 2147483645
493 2147483645
59 2147483645
434 2147483645
374 2147483646
603 2147483646
953 2147483646
318 2147483646
742 2147483646
936 2147483646
5 2147483646
224 2147483646
804 2147483646
992 2147483646
782 2147483646
597 2147483646
881 2147483646
100 2147483646
98 2147483646
367 2147483646
607 2147483646
46 2147483646
839 2147483646
316 2147483646
109 2147483646
181 2147483646
291 2147483646
498 2147483646
440 2147483646
131 2147483646
555 2147483646
70 2147483646
78 2147483646
100 2147483646
741 2147483646
754 2147483646
370 2147483646
8 2147483646
20 2147483646
339 2147483646
444 2147483646
470 2147483646
986 2147483646
667 2147483646
837 2147483646
628 2147483646
318 2147483646
586 2147483646
418 2147483646
514 2147483646
38 2147483646
8 2147483646
477 2147483646
802 2147483646
798 2147483646
750 2147483646
864 2147483646
864 2147483646
230 2147483646
427 2147483646
260 2147483646
426 2147483646
197 2147483646
78 2147483646
805 2147483646
860 2147483646
130 2147483646
839 2147483646
727 2147483646
736 2147483646
70 2147483646
485 2147483646
514 2147483646
424 2147483646
766 2147483646
130 2147483646
278 2147483646
130 2147483646
248 2147483646
857 2147483646
731 2147483646
503 2147483646
879 2147483646
52 2147483646
975 2147483646
290 2147483646
508 2147483646
874 2147483646
523 2147483646
520 2147483646
290 2147483646
284 2147483646
931 2147483646
261 2147483646
50 2147483646
372 2147483646
419 2147483646
228 2147483646
452 2147483646
100 2147483646
707 2147483646
418 2147483646
527 2147483646
757 2147483646
762 2147483646
871 2147483646
537 2147483646
501 2147483646
692 2147483646
514 2147483646
835 2147483646
843 2147483646
207 2147483646
77 2147483647
902 2147483647
644 2147483647
246 2147483647
812 2147483647
529 2147483647
699 2147483647
705 2147483647
319 2147483647
632 2147483647
864 2147483647
784 2147483647
2 2147483647
473 2147483647
947 2147483647
387 2147483647
803 2147483647
701 2147483647
132 2147483647
561 2147483647
455 2147483647
189 2147483647
970 2147483647
216 2147483647
367 2147483647
986 2147483647
457 2147483647
94 2147483647
583 2147483647
548 2147483647
358 2147483647
902 2147483647
691 2147483647
506 2147483647
374 2147483647
21 2147483647
255 2147483647
569 2147483647
53 2147483647
50 2147483647
234 2147483647
150 2147483647
239 2147483647
997 2147483647
659 2147483647
952 2147483647
93 2147483647
857 2147483647
995 2147483647
65 2147483647
382 2147483647
510 2147483647
363 2147483647
200 2147483647
367 2147483647
922 2147483647
301 2147483647
250 2147483647
764 2147483647
761 2147483647
871 2147483647
484 2147483647
92 2147483647
19 2147483647
379 2147483647
354 2147483647
993 2147483647
73 2147483647
344 2147483647
807 2147483647
528 2147483647
847 2147483647
791 2147483647
97 2147483647
80 2147483647
