1000
887 0
277 0
260 2
793 4
974 4
970 4
371 6
510 6
890 8
860 8
186 9
576 9
935 9
179 9
310 11
886 11
354 14
853 16
727 17
485 17
276 17
902 18
259 18
631 19
976 22
495 22
573 23
358 25
246 26
826 27
548 30
744 31
781 32
830 33
295 33
19 33
541 34
591 34
49 37
784 37
943 38
260 39
783 40
825 40
384 41
37 41
596 44
333 46
515 47
255 48
12 49
944 49
740 49
228 51
527 52
455 53
115 53
403 55
955 56
96 61
814 62
779 63
797 63
757 63
314 65
570 66
121 66
840 66
523 67
450 68
678 69
259 70
433 71
676 72
975 72
671 73
283 73
519 74
583 75
847 75
662 76
450 76
162 78
78 79
971 81
189 83
745 83
166 84
742 85
764 88
8 88
533 88
416 90
905 90
599 90
539 91
369 92
919 93
234 93
990 95
11 97
659 97
740 98
4 100
413 101
109 103
580 104
708 104
333 104
597 105
963 105
10 105
906 106
172 109
19 110
835 110
44 110
723 111
572 111
136 111
176 111
850 112
317 113
822 114
883 116
653 116
166 117
901 117
523 118
229 119
704 120
649 121
311 122
391 122
97 122
422 124
111 124
859 126
137 128
941 128
464 129
342 131
56 132
552 132
444 133
207 133
509 134
856 134
949 134
295 135
457 136
984 138
377 139
910 140
931 141
601 141
380 141
923 142
804 142
383 143
785 144
61 145
145 145
69 146
806 146
292 147
970 147
815 147
414 150
455 150
888 151
762 152
352 152
647 157
851 157
608 158
195 158
679 160
458 161
792 161
522 163
469 164
631 165
769 165
251 166
328 166
314 166
278 168
294 170
414 170
59 171
670 173
431 174
585 175
737 176
557 176
871 177
40 177
126 177
241 178
596 179
437 179
590 181
768 182
312 183
910 184
19 185
72 186
274 188
307 191
741 192
38 194
206 195
166 195
894 195
792 196
292 197
641 197
5 200
68 200
540 200
553 202
307 203
697 205
356 205
197 206
330 209
835 210
336 211
603 213
255 213
828 213
558 213
292 213
49 215
410 220
463 221
712 221
194 221
46 222
879 225
521 227
212 227
452 228
374 229
15 230
761 230
210 230
829 231
791 233
146 233
337 233
442 234
145 234
434 234
546 234
568 236
166 237
359 238
582 239
476 240
390 242
651 242
74 243
526 243
793 244
407 244
47 244
696 245
568 246
700 247
389 250
717 250
526 252
213 252
588 252
677 253
156 255
361 258
933 258
605 258
17 259
908 259
808 260
732 262
324 263
249 264
9 265
898 266
504 266
402 267
661 268
219 269
269 272
230 272
328 275
680 277
953 280
858 280
542 281
779 282
43 283
685 287
951 288
307 289
740 292
879 292
204 292
13 293
901 294
9 295
406 295
902 295
838 299
329 300
117 300
829 300
157 300
884 302
137 302
608 303
185 303
910 304
609 305
250 306
2 310
153 311
235 311
214 312
866 312
56 313
447 315
281 316
411 317
104 317
615 318
402 319
724 320
457 322
601 323
491 323
947 324
833 326
470 326
556 327
490 328
793 329
428 329
436 329
898 331
922 332
74 333
421 333
995 334
719 334
115 335
697 336
365 339
872 339
624 340
174 342
556 344
776 344
736 346
112 346
743 346
216 347
984 347
471 348
506 348
974 349
964 349
96 349
742 349
843 350
364 350
868 353
53 357
472 358
567 358
331 359
480 361
943 363
94 364
865 365
968 366
813 366
745 368
20 370
57 370
122 371
621 372
358 373
56 375
899 375
8 375
23 376
189 376
928 377
911 378
482 378
482 380
610 381
540 381
817 381
886 383
992 385
452 385
143 385
251 388
452 389
133 389
728 393
519 393
838 394
837 394
434 395
706 396
836 398
452 399
86 399
722 399
630 399
346 400
144 400
46 401
540 403
156 403
496 404
423 405
884 405
656 407
863 407
297 413
461 415
367 416
943 416
834 417
115 417
526 419
964 421
653 424
824 424
121 424
344 427
772 428
259 428
440 429
154 430
627 432
12 432
401 433
768 435
845 436
174 437
242 437
271 437
504 437
136 440
11 442
969 442
259 442
929 444
777 445
511 445
170 445
386 446
502 447
223 448
482 448
726 449
751 449
88 450
310 454
688 455
40 455
126 463
478 463
699 463
988 464
408 465
664 465
827 466
537 468
891 469
89 470
225 474
726 474
637 475
760 476
448 480
239 481
142 483
781 484
471 484
965 484
123 486
996 488
946 489
13 490
519 490
241 490
378 491
92 493
416 493
103 495
259 495
218 498
67 498
288 498
320 501
891 501
866 501
109 502
473 504
991 504
463 505
952 506
573 506
328 510
898 511
825 511
327 511
927 513
394 514
656 521
999 523
793 524
25 525
435 525
432 526
511 526
579 526
991 526
26 526
970 528
806 529
328 530
126 530
440 531
89 531
449 532
847 535
63 536
158 537
668 538
493 540
606 542
424 542
813 542
413 543
672 544
843 545
435 545
88 546
159 546
868 547
922 548
225 550
312 551
15 552
856 552
795 553
231 553
124 558
587 561
752 561
480 561
529 562
557 565
722 565
9 567
589 571
660 572
100 573
92 576
489 576
311 577
77 578
941 578
876 578
883 579
511 580
59 583
106 583
370 584
26 584
973 587
954 587
920 588
828 589
494 590
861 592
326 593
114 593
79 594
423 594
938 594
298 597
849 599
324 599
907 600
6 600
991 602
125 603
335 603
519 603
327 604
478 605
539 606
152 607
59 607
30 608
4 609
230 609
742 610
593 610
390 611
923 612
973 613
193 614
826 615
271 615
173 616
933 616
218 617
203 617
151 617
794 620
50 620
373 622
182 626
733 627
90 628
321 629
873 629
771 629
854 630
529 631
858 633
562 634
971 637
784 637
968 637
552 640
255 641
415 642
291 643
154 644
881 645
395 646
758 647
657 647
833 653
604 653
599 654
71 655
961 655
767 655
224 655
731 656
449 656
182 657
358 658
376 658
200 658
402 659
483 659
979 660
937 661
313 661
876 662
265 663
305 668
185 669
440 669
63 671
330 672
186 674
299 675
956 675
661 676
889 678
208 679
690 679
22 679
568 679
456 679
201 680
808 681
419 681
694 684
975 684
67 686
529 688
219 688
779 690
985 692
433 694
849 694
230 696
819 696
41 697
726 697
488 697
563 697
342 697
394 698
637 699
591 700
208 700
123 701
211 702
682 703
76 704
583 706
44 707
575 709
12 710
688 711
132 711
905 712
272 713
925 714
289 715
906 715
171 717
795 718
639 719
292 722
526 722
907 722
898 723
347 724
61 725
875 725
362 728
894 728
321 731
31 731
297 732
855 732
833 732
126 734
831 735
125 735
461 736
109 736
569 737
985 738
220 739
848 739
955 739
593 739
893 741
890 743
998 745
141 748
198 751
460 752
752 752
31 754
366 754
950 757
512 758
309 758
146 762
757 764
292 764
392 766
247 767
702 767
203 771
507 771
682 772
654 774
384 774
296 775
224 776
764 776
529 779
53 779
220 780
430 780
863 783
788 783
446 784
963 784
738 786
187 787
749 787
646 788
288 789
375 790
159 790
985 790
120 790
591 790
439 792
701 794
293 795
976 795
843 797
349 797
11 798
323 798
393 801
33 802
409 802
800 803
544 804
179 805
971 806
53 807
796 807
230 811
508 812
404 813
991 814
823 814
162 817
335 817
695 818
733 819
251 820
130 822
435 822
742 824
719 825
114 826
189 827
528 828
916 828
502 829
631 830
231 830
248 830
121 831
307 833
971 833
452 835
560 835
98 836
823 838
687 839
342 839
515 839
324 844
661 847
330 848
437 848
736 851
736 853
453 854
216 854
360 854
508 855
809 855
86 857
611 858
340 859
72 860
139 861
344 862
953 866
763 866
927 868
179 869
940 869
901 872
976 873
357 873
801 874
41 875
418 876
799 876
959 877
31 877
450 878
999 880
188 880
335 882
786 883
304 885
809 887
669 887
146 889
406 892
8 892
564 893
784 894
284 895
249 896
951 896
939 896
693 896
944 897
867 898
487 900
562 903
395 904
390 904
114 904
367 905
70 906
730 909
961 909
20 911
418 913
109 915
689 916
702 917
149 917
416 919
579 919
819 920
223 920
291 920
895 921
399 922
525 922
802 922
313 923
44 923
950 924
713 926
100 926
485 928
497 930
757 930
956 930
7 930
325 932
328 933
32 933
674 934
55 936
909 937
2 939
278 940
703 941
488 943
604 945
90 945
530 946
721 947
702 948
309 948
3 949
591 950
552 951
189 951
93 952
797 953
789 953
33 953
753 957
752 957
858 958
155 958
730 959
386 959
121 961
802 963
491 966
116 966
718 966
521 967
796 967
477 969
387 971
731 971
212 975
214 976
149 976
536 977
679 977
392 978
684 978
576 979
635 980
585 981
238 982
38 983
45 984
810 984
874 987
749 990
721 991
997 991
719 993
383 993
318 994
650 994
526 995
643 995
986 996
849 996
789 998
665 998
