1000
262 0
555 1
411 1
353 1
465 2
513 2
844 3
41 4
82 5
357 5
163 6
30 7
715 8
449 11
106 12
770 13
499 18
772 20
215 21
509 23
219 24
725 26
463 26
402 28
93 29
767 29
620 30
130 31
567 31
821 33
707 33
106 33
806 36
421 37
221 38
866 38
98 39
18 39
563 41
111 41
499 42
81 45
3 46
376 50
754 51
425 53
996 53
589 54
418 54
236 54
997 55
936 56
736 56
786 56
657 56
737 57
921 57
506 57
293 58
357 59
935 61
677 63
659 65
699 66
897 68
458 69
15 69
168 70
538 70
525 71
420 71
595 74
140 74
806 74
367 76
174 77
419 80
459 80
522 83
390 84
16 85
631 85
71 87
649 88
364 89
133 89
957 91
701 92
845 96
694 96
567 97
868 97
646 97
435 99
298 99
606 100
609 101
913 101
516 102
766 102
855 103
766 103
800 103
55 103
237 104
838 105
826 107
65 109
841 110
774 110
817 110
978 111
712 112
643 113
212 114
483 118
387 119
169 121
924 123
317 124
37 126
247 126
765 126
754 126
834 127
706 127
523 128
333 128
879 129
777 130
696 131
364 131
411 132
920 132
597 132
81 133
499 133
310 134
74 135
178 136
946 136
865 137
544 138
50 139
98 142
223 142
719 142
615 143
446 144
954 144
25 144
263 144
682 145
637 146
35 147
888 148
793 148
829 151
781 152
408 153
671 154
795 155
389 156
376 158
7 161
816 163
123 163
417 164
1000 164
22 165
592 166
342 167
305 167
460 167
118 170
148 170
30 171
736 171
323 174
367 174
769 174
954 174
646 179
934 179
621 180
977 180
699 180
710 183
434 184
991 185
343 186
518 188
126 190
620 193
423 194
310 194
568 194
179 195
683 195
153 196
214 196
687 196
952 197
741 197
565 199
756 201
289 201
638 204
501 205
748 208
355 209
979 209
960 210
287 210
468 211
267 212
4 214
83 214
396 216
320 217
978 217
561 217
927 219
88 221
293 222
923 222
165 227
573 229
617 230
890 230
487 232
555 233
553 234
542 234
25 235
786 236
178 236
523 237
986 237
342 238
269 238
780 238
599 241
765 241
797 241
80 241
147 242
736 242
17 242
330 244
673 244
901 247
981 248
800 248
14 248
925 249
481 249
527 250
489 251
702 251
219 258
671 258
578 258
367 258
531 260
884 261
389 265
400 267
581 267
580 269
243 269
201 271
929 272
928 273
675 275
521 277
522 278
144 278
625 281
800 283
830 283
114 284
968 285
348 286
93 286
251 286
931 288
707 288
974 290
386 293
780 295
583 296
370 297
748 297
330 299
131 300
523 300
149 301
855 301
535 303
902 305
56 309
88 309
298 309
125 309
555 310
336 310
97 310
744 312
428 313
703 316
939 319
237 319
661 320
199 320
728 320
237 321
677 323
631 324
957 326
453 327
52 327
732 329
324 330
583 331
354 331
25 331
994 332
381 334
109 335
953 336
156 339
501 339
424 340
450 343
16 344
493 345
495 345
721 346
567 347
503 348
445 350
948 351
359 351
587 352
50 352
532 353
903 353
939 355
690 357
913 358
700 359
504 359
700 362
383 363
249 363
844 364
225 366
492 366
896 367
504 368
770 369
78 373
343 375
874 376
423 376
813 377
207 378
386 378
688 379
627 381
595 382
478 384
155 385
704 385
385 388
598 390
748 391
724 392
244 394
162 394
627 394
640 394
262 394
582 395
838 396
308 399
517 400
113 402
303 402
274 402
877 402
379 403
606 403
589 405
805 406
527 406
989 407
21 409
998 410
996 410
412 412
958 414
353 414
10 417
104 418
196 419
759 421
262 422
893 422
809 424
742 424
157 424
558 424
671 424
489 426
166 426
462 426
240 427
523 430
804 430
709 431
797 432
170 433
980 433
643 433
593 434
51 434
172 434
396 435
791 437
203 437
802 437
743 438
691 438
983 440
174 441
28 446
474 447
411 449
911 449
880 451
423 453
386 454
44 454
64 455
841 455
32 455
186 456
732 457
508 459
746 459
848 461
439 462
899 464
495 464
64 464
928 464
70 465
62 466
120 467
500 468
229 469
419 469
753 470
493 471
101 472
842 473
305 475
67 475
456 477
961 478
665 479
237 480
508 480
100 480
396 481
366 481
742 483
134 483
690 484
996 484
940 485
94 485
799 486
799 488
560 491
440 491
175 492
433 492
589 493
52 494
606 495
335 497
906 499
367 499
608 501
297 503
420 506
990 508
276 508
336 510
7 510
35 511
579 512
573 512
89 512
249 513
208 513
503 515
457 519
625 519
632 520
365 520
940 521
500 521
589 522
449 523
839 523
698 524
154 524
282 525
23 526
814 526
546 526
943 527
656 528
630 528
485 529
867 529
917 530
447 530
484 530
411 531
21 534
665 537
464 537
912 539
349 540
877 543
475 544
541 546
418 546
873 546
346 547
510 548
216 552
544 556
677 559
944 559
819 564
691 565
720 566
268 566
711 567
968 567
967 568
543 569
110 569
479 569
380 571
237 571
534 571
541 571
765 574
800 574
39 576
15 577
984 580
103 581
855 582
138 582
545 583
252 584
761 584
682 585
268 585
319 586
925 586
766 586
236 587
155 588
198 589
205 589
710 590
967 591
375 593
45 594
867 594
579 594
817 596
644 597
114 597
979 597
25 598
477 600
159 604
813 605
927 608
193 609
130 609
624 613
887 616
756 617
935 618
72 619
965 620
802 623
236 623
117 624
641 625
239 626
295 626
464 627
325 627
885 629
403 631
924 631
171 631
883 632
641 632
852 632
953 634
360 638
582 640
353 640
199 643
889 643
518 644
746 645
779 646
785 646
384 646
35 647
739 648
784 649
60 650
529 650
739 651
486 651
318 652
870 653
303 653
983 654
73 655
905 656
60 658
693 659
834 659
579 659
756 660
922 661
438 664
776 664
613 664
298 667
421 667
995 667
617 667
988 668
786 669
924 670
600 670
381 671
680 671
1 672
592 675
64 677
508 679
989 679
611 680
692 680
146 680
338 681
981 682
453 682
422 684
94 684
937 684
930 685
344 686
182 688
381 688
283 690
864 690
286 690
711 691
384 693
109 694
742 694
646 696
939 696
603 697
530 698
950 698
607 699
500 699
311 700
124 703
152 704
996 704
69 704
766 707
302 707
5 707
237 707
107 708
986 708
378 710
576 711
614 712
255 713
226 714
680 715
392 717
913 719
16 719
923 721
674 721
179 723
919 723
720 725
976 725
563 725
271 726
786 726
381 727
459 727
33 728
907 729
174 730
768 734
560 734
455 735
148 735
791 735
571 739
325 740
277 740
293 742
106 744
604 745
689 745
160 746
112 747
740 748
302 748
261 748
675 749
352 749
290 751
656 751
453 752
54 753
875 755
763 755
643 757
886 757
926 757
558 758
980 758
549 761
1000 761
329 763
126 765
139 765
215 765
791 766
155 769
710 769
503 770
69 770
174 771
490 771
111 771
664 771
589 772
807 773
641 774
443 776
264 777
893 780
412 780
963 781
817 783
889 783
183 784
143 784
372 785
865 787
380 787
984 788
362 789
338 790
864 791
23 794
906 794
145 795
308 795
434 797
531 799
244 802
884 802
264 803
970 803
86 805
881 805
740 805
273 807
31 807
988 807
376 809
791 810
715 811
69 813
261 815
174 817
22 818
210 819
718 819
900 820
137 820
227 820
807 821
151 822
8 825
104 827
111 827
346 828
57 828
968 828
546 828
505 829
936 831
406 833
663 833
587 835
591 835
858 837
205 837
658 838
756 838
513 839
361 839
540 840
648 840
585 842
734 843
953 844
272 850
886 853
924 853
846 853
618 854
697 856
365 859
809 860
875 860
239 860
404 861
349 861
842 861
702 863
579 866
562 866
347 867
794 867
330 868
528 869
200 869
993 870
473 871
650 874
51 875
268 876
357 876
184 877
971 877
675 878
845 880
325 880
978 882
536 883
8 886
740 887
87 888
253 891
151 893
335 894
247 896
297 897
926 898
22 899
287 900
348 901
629 901
276 902
6 903
789 903
607 904
842 906
78 906
887 907
64 907
459 908
145 908
866 908
369 909
523 910
272 911
508 911
951 913
971 915
800 917
40 917
840 917
786 919
841 921
374 923
83 923
687 923
663 923
920 925
971 926
458 926
118 926
95 929
304 929
444 931
917 931
205 934
505 934
342 934
788 938
577 941
557 943
245 945
733 946
573 948
663 948
757 951
461 951
486 952
346 952
717 952
623 953
388 953
376 953
44 954
594 954
918 955
464 956
286 956
185 956
865 957
525 960
196 961
8 961
935 961
125 962
771 964
930 965
936 967
225 968
139 968
404 968
822 968
781 969
421 970
8 972
442 973
629 974
927 974
405 975
480 976
532 978
279 979
339 979
460 981
942 981
224 982
856 982
751 983
397 985
989 986
615 986
43 988
259 990
117 992
157 992
272 992
160 993
289 995
374 995
920 997
252 997
906 998
790 999
791 999
747 1000
