919
895 2
684 5
420 11
353 12
476 12
793 13
769 18
500 19
645 25
769 26
621 27
30 28
839 29
887 29
358 30
393 31
832 33
155 33
210 34
129 36
818 38
236 41
750 43
449 43
847 43
167 43
141 44
280 45
723 50
16 50
150 51
181 52
766 54
738 54
166 55
702 57
209 58
955 58
563 59
99 60
213 61
430 61
782 61
834 61
540 62
436 63
847 63
617 64
912 64
971 64
782 64
111 67
965 68
199 69
95 69
268 70
427 72
453 73
130 74
183 75
581 78
552 78
98 78
847 78
144 79
452 80
456 80
264 81
480 84
201 85
244 86
236 87
583 87
103 87
483 89
180 90
503 95
209 95
182 101
649 106
729 109
963 109
634 110
357 110
311 111
153 111
96 112
285 113
686 114
79 115
534 115
208 117
510 117
533 118
800 118
216 119
788 121
435 121
471 121
9 122
466 122
218 123
168 123
370 123
368 124
701 125
998 125
534 126
269 126
426 129
482 130
707 134
902 134
219 134
336 135
968 136
401 137
987 137
575 141
318 141
652 142
976 143
944 143
910 143
590 144
105 146
755 146
65 147
564 149
786 149
338 150
542 151
786 152
239 156
788 156
283 157
275 157
591 158
85 158
41 158
42 159
44 159
389 159
117 160
875 160
388 161
988 161
710 162
874 162
87 162
752 164
558 165
619 167
679 167
763 170
28 170
697 170
329 174
674 177
703 178
141 178
263 179
875 181
994 183
407 186
761 186
964 187
30 187
610 188
723 188
524 190
873 190
335 192
132 197
167 197
260 198
586 201
896 202
615 203
677 203
541 204
819 205
696 206
686 206
546 208
801 209
770 209
6 210
68 211
315 211
695 215
221 215
884 216
880 216
719 218
794 219
583 220
241 223
120 226
958 227
29 227
847 229
170 231
417 235
347 236
380 240
894 240
266 241
457 241
165 241
991 242
991 243
369 244
696 244
916 244
881 246
1000 247
832 248
111 251
152 253
547 257
392 257
899 258
414 260
950 261
658 261
57 262
441 262
929 263
426 264
201 265
844 267
651 269
320 270
206 270
161 270
426 271
223 271
286 271
79 272
842 274
197 277
899 278
26 279
271 279
81 279
34 280
515 280
857 281
196 281
154 282
346 283
921 285
454 287
957 288
659 290
355 290
8 290
570 290
501 292
533 293
178 293
963 293
431 294
249 295
471 296
247 296
581 297
95 298
328 298
862 299
687 299
677 301
178 302
499 304
21 305
707 305
214 307
897 307
841 310
303 310
25 311
665 311
348 312
539 313
889 315
668 317
128 317
932 319
478 321
839 322
965 322
558 326
758 326
398 328
258 329
723 329
795 331
657 333
200 335
734 336
381 336
913 337
139 337
983 338
304 338
965 339
562 341
539 345
764 348
672 351
406 352
716 352
104 352
853 353
290 357
651 357
608 357
330 358
300 358
808 360
941 361
860 364
83 364
929 364
757 365
391 365
722 366
285 366
187 366
455 366
148 367
413 367
294 368
468 370
230 371
738 372
204 372
295 373
624 374
372 375
548 375
553 375
155 376
987 377
373 378
34 378
488 379
444 379
250 380
262 381
18 383
87 383
404 384
543 385
904 385
650 385
647 385
932 388
578 389
758 389
470 390
453 390
566 390
388 390
123 390
690 391
928 392
688 396
681 396
19 399
387 400
166 401
598 402
126 402
256 404
668 404
658 406
668 409
975 410
27 412
286 412
645 413
914 415
421 416
282 416
169 417
791 417
931 417
656 419
305 420
356 420
243 422
470 423
583 424
495 428
52 428
63 430
504 433
348 433
426 433
607 435
81 436
120 436
574 437
841 438
99 438
467 440
619 441
313 442
815 442
194 444
504 444
937 445
754 447
988 447
553 448
426 448
673 450
599 451
190 451
552 452
329 453
358 453
85 454
268 457
75 457
665 457
833 457
930 460
592 462
592 462
912 463
409 464
352 464
6 465
723 465
464 466
754 468
241 468
131 469
810 471
673 471
455 473
77 474
362 476
601 477
578 478
700 482
314 484
870 486
335 487
734 487
774 488
485 489
634 489
188 490
5 492
686 497
689 497
785 498
550 499
845 500
711 500
512 504
595 505
973 506
823 508
434 509
36 511
579 511
380 512
932 512
803 512
430 513
861 514
906 515
766 515
661 515
66 516
831 517
95 517
179 518
40 519
535 520
247 522
395 523
931 523
602 525
200 527
347 528
781 528
869 528
638 529
208 531
503 532
455 533
22 535
463 535
952 536
585 537
836 538
995 538
26 539
386 539
720 540
127 540
563 541
4 541
845 543
230 544
266 545
634 547
266 548
640 549
457 550
519 551
173 552
150 553
651 555
63 556
941 556
362 557
119 557
276 557
211 558
793 560
364 561
857 563
235 563
591 563
512 565
717 567
891 567
70 568
528 568
723 568
663 569
509 570
395 571
280 572
113 572
297 573
704 575
159 576
763 578
180 578
127 578
559 581
134 581
587 581
123 583
208 584
409 585
402 592
946 595
327 597
313 597
595 597
815 600
309 602
60 602
301 604
811 604
539 604
965 605
980 605
960 606
531 606
634 606
411 606
469 606
823 609
1000 610
315 610
213 610
764 611
780 614
974 614
739 615
926 616
931 616
807 616
156 619
362 621
51 623
558 627
809 627
277 628
996 630
87 630
479 630
431 630
937 630
240 631
899 631
42 632
642 633
284 633
920 634
836 635
556 635
580 636
238 636
387 636
185 637
803 642
467 642
472 645
684 645
990 646
642 646
508 651
886 651
50 652
881 652
294 659
505 659
270 660
166 660
471 660
670 662
979 667
766 667
502 667
603 669
167 669
79 670
962 670
875 670
303 671
1000 673
271 673
512 675
804 676
522 676
371 678
391 679
418 680
259 681
715 683
54 684
462 685
923 685
351 694
950 694
965 696
714 698
573 698
89 699
471 699
763 700
724 701
311 703
848 703
159 705
830 707
576 707
765 709
253 709
498 713
717 714
438 715
627 715
189 718
608 721
64 722
907 724
329 724
899 724
123 728
635 729
587 730
995 732
29 733
119 734
892 737
153 739
359 741
955 742
667 742
189 742
96 743
68 744
634 745
533 746
806 746
352 746
689 747
252 749
498 749
135 750
499 750
941 751
263 759
331 760
619 760
13 763
821 764
265 765
265 765
434 766
496 767
932 768
891 768
910 768
793 770
678 772
162 773
636 775
630 775
506 775
759 778
822 778
587 781
956 784
147 784
404 785
698 785
173 785
854 786
754 786
462 786
655 787
414 789
819 789
623 789
85 790
7 791
382 792
166 793
429 795
980 795
159 797
690 798
257 798
28 800
2 801
607 801
703 802
594 802
350 803
591 804
697 806
436 807
333 809
395 809
890 810
593 811
988 811
394 811
146 812
888 814
314 815
914 816
378 817
505 818
903 818
480 820
842 824
512 824
335 824
273 826
406 827
474 827
161 831
359 834
700 835
275 838
929 842
622 843
972 843
988 844
698 845
224 845
711 846
382 849
134 849
701 850
919 851
259 852
178 852
521 853
721 853
255 854
45 856
592 858
33 859
585 859
266 859
504 860
453 860
685 860
269 861
699 862
496 862
388 863
680 866
581 866
678 867
834 868
876 870
996 871
293 872
182 872
298 873
637 873
317 874
46 874
673 876
432 877
551 877
889 878
649 878
859 878
718 878
407 881
315 882
39 882
162 884
255 887
861 890
439 891
117 895
180 895
660 895
68 895
752 896
119 897
664 897
249 898
306 898
995 899
391 901
215 901
967 901
687 901
977 903
623 904
492 905
306 905
575 908
774 909
915 909
762 910
676 913
22 914
825 916
363 917
967 919
963 921
120 924
951 924
923 924
936 925
837 925
904 926
681 926
441 927
955 927
225 927
560 928
270 931
551 932
124 933
714 934
146 935
215 936
837 936
218 937
625 939
973 939
423 941
627 943
502 944
866 944
878 946
556 947
299 948
370 950
575 950
728 951
331 952
530 952
849 954
371 956
206 958
986 962
62 963
481 963
50 963
334 963
245 964
869 969
85 970
235 971
452 972
35 972
152 973
583 976
697 977
271 977
617 978
488 978
14 981
358 981
553 983
44 983
387 988
891 989
784 989
219 992
17 993
612 993
864 994
217 997
87 997
435 998
789 1000
