740
538 0
817 1
602 2
861 2
567 5
901 8
566 8
232 9
112 10
158 13
242 16
789 17
475 17
962 19
962 19
530 20
49 21
138 22
924 23
131 27
684 27
300 28
751 29
609 29
659 30
162 33
79 35
641 36
709 39
346 41
51 42
43 44
454 45
577 46
685 46
188 46
538 48
226 49
716 55
27 55
530 55
32 55
346 57
726 59
262 60
887 61
138 62
783 65
323 65
14 66
966 66
177 67
194 67
467 69
827 72
8 73
226 73
819 73
278 73
428 74
807 75
318 75
590 75
481 76
989 76
910 80
979 80
203 80
913 82
2 82
856 83
341 84
518 84
467 85
186 85
999 87
281 87
384 88
503 88
417 91
909 93
288 94
904 94
60 97
504 97
336 99
206 101
53 101
740 102
813 109
842 110
443 110
36 110
401 110
181 111
941 112
441 112
197 114
456 116
305 117
830 118
12 121
89 121
138 123
505 125
294 128
518 131
902 131
331 133
334 134
700 136
403 137
830 139
26 139
498 141
905 142
874 143
202 143
601 146
356 148
342 149
295 149
837 150
958 152
320 153
485 154
67 154
373 158
297 158
377 158
521 163
273 163
437 164
3 165
357 167
956 168
479 168
905 170
317 173
974 178
786 178
337 178
153 179
608 182
438 182
276 185
184 185
431 185
248 186
481 186
386 186
827 187
819 187
489 188
794 189
440 189
12 192
89 192
42 193
182 195
94 196
25 197
911 199
575 205
76 205
746 205
644 207
630 215
946 215
761 216
506 219
797 220
654 220
360 222
962 224
130 225
599 229
332 232
270 232
699 234
484 237
639 239
199 244
58 245
310 248
368 251
497 251
952 252
870 256
875 257
439 257
431 261
656 263
946 265
525 268
589 269
353 269
662 270
660 275
817 277
444 278
14 280
817 284
172 285
993 291
414 291
43 292
52 294
751 297
162 299
63 300
733 304
968 304
178 306
659 307
188 308
526 310
85 312
964 312
218 312
899 317
258 319
538 319
485 323
682 325
375 326
427 327
565 329
69 332
2 336
869 336
255 339
757 341
320 341
253 343
835 345
74 345
454 347
94 351
331 353
823 355
144 357
746 363
903 363
775 364
802 365
441 367
774 369
336 371
251 371
718 372
624 373
181 373
886 374
983 374
217 376
400 378
963 379
945 379
215 379
141 381
502 381
984 381
626 383
688 384
998 384
478 384
897 384
721 385
775 387
582 391
649 393
715 393
618 395
354 395
665 398
996 398
628 402
292 404
505 405
24 405
116 406
547 407
183 407
287 409
649 409
481 410
489 411
780 413
953 413
384 414
766 414
803 417
49 417
948 417
454 421
730 422
67 424
405 424
376 426
764 427
252 434
199 435
260 439
868 441
532 442
71 443
737 447
446 447
218 450
248 450
550 452
183 453
644 453
235 455
101 459
209 464
99 469
339 470
299 471
522 472
419 472
151 473
508 475
372 475
158 478
147 479
937 479
896 480
400 481
593 481
533 482
192 483
784 485
527 485
852 485
635 488
39 489
288 490
606 491
556 491
659 491
675 492
943 493
835 493
827 495
315 499
298 501
529 502
484 504
484 505
432 510
677 510
6 510
395 511
724 512
806 513
596 513
177 515
684 517
939 520
113 522
956 523
176 525
756 525
145 525
828 526
589 526
596 526
738 527
148 530
695 530
467 530
40 531
894 532
732 533
811 533
718 535
257 535
956 535
859 536
400 536
548 536
915 536
599 537
82 539
241 539
831 539
142 541
667 542
136 544
538 545
42 546
153 547
288 547
530 547
86 549
823 550
258 550
196 551
635 552
979 554
339 554
784 555
137 558
442 558
282 560
366 561
766 562
225 563
929 564
507 564
537 565
868 566
516 567
203 568
808 569
3 571
220 572
182 572
897 572
207 573
987 574
817 576
525 576
728 580
220 583
154 583
657 585
470 586
986 586
505 587
655 587
202 591
637 591
943 592
580 592
915 592
822 593
477 593
773 597
242 599
505 602
465 603
565 603
3 608
986 610
148 612
87 612
120 612
322 614
610 614
331 615
991 616
172 617
305 618
640 621
32 622
395 624
901 625
566 627
910 627
389 632
507 633
705 633
760 637
812 638
555 639
541 639
57 641
767 642
485 642
22 643
199 643
578 645
439 645
173 648
417 648
129 652
839 652
311 652
544 654
112 655
60 655
526 658
154 658
386 658
467 659
978 663
214 665
411 666
698 668
880 668
987 672
436 674
338 677
196 677
428 677
555 678
162 681
956 681
500 682
16 685
478 685
143 686
543 686
327 686
693 689
413 695
685 703
626 703
863 703
623 704
746 706
162 706
397 707
139 709
217 709
471 711
470 716
152 717
819 718
632 720
610 723
463 723
499 725
531 728
197 728
100 731
659 731
580 732
698 733
820 735
349 736
576 738
477 739
576 739
542 740
887 741
74 742
407 743
231 744
890 745
548 745
854 745
545 746
454 747
383 748
561 751
931 752
934 752
371 755
242 756
176 758
700 761
346 762
710 765
850 766
983 766
925 767
982 767
599 768
777 768
607 771
269 771
723 773
836 773
804 775
800 776
313 778
349 780
378 784
899 787
528 787
699 791
311 792
361 792
930 798
487 798
312 799
790 799
188 799
764 799
937 800
510 800
644 800
292 802
898 802
524 802
477 804
761 806
709 807
253 808
498 810
707 811
363 814
638 817
862 818
310 819
223 822
404 823
769 823
777 827
502 829
614 829
937 831
341 831
646 834
973 835
466 838
356 839
156 840
853 842
436 845
506 846
625 846
937 847
319 847
587 847
407 850
484 850
155 851
288 851
394 852
863 852
743 852
115 854
49 855
103 858
126 859
1 861
816 866
609 866
68 870
822 870
674 871
938 872
311 872
585 873
925 873
201 873
939 873
477 874
95 875
252 875
134 878
677 880
737 880
445 880
26 882
392 884
325 885
824 887
427 892
948 894
412 895
347 895
652 896
449 900
328 901
681 902
250 906
899 906
939 907
11 907
799 914
854 916
554 917
253 918
166 919
258 919
657 920
757 920
677 920
622 920
618 920
957 921
133 924
819 924
651 924
608 925
82 925
673 925
497 929
670 930
682 931
555 931
972 935
676 935
538 937
532 937
864 937
544 937
860 939
504 939
929 939
793 939
29 941
242 941
102 943
599 945
774 946
5 948
628 950
131 950
605 952
720 957
28 957
281 958
960 958
717 958
376 959
900 961
225 963
666 963
961 965
603 965
747 965
615 966
720 966
522 966
823 967
458 974
14 974
371 975
938 975
82 977
412 979
307 979
857 980
246 980
596 981
488 983
977 986
89 992
991 994
800 996
56 997
75 997
12 998
