849
191 1
23 2
342 2
302 4
39 6
342 7
300 7
244 7
275 7
51 9
221 10
135 11
105 12
71 12
202 13
226 13
3 14
221 14
20 16
51 17
20 17
135 17
53 17
341 18
325 18
25 21
59 22
123 23
61 24
126 25
123 25
200 26
221 26
99 26
98 26
168 26
256 27
47 27
79 28
170 29
257 31
184 31
161 32
255 32
204 32
211 33
84 33
230 34
338 34
336 34
210 35
129 36
32 36
169 36
190 37
4 38
120 39
131 39
174 40
212 40
248 40
182 41
39 42
34 44
301 46
255 46
300 49
205 49
322 52
213 53
200 53
63 53
221 53
287 54
326 54
188 56
195 56
102 56
93 58
147 58
199 58
286 58
209 59
230 59
300 60
49 61
220 61
300 62
92 62
292 62
288 63
292 64
127 64
286 65
293 65
171 67
249 67
68 68
229 68
200 68
287 68
304 69
324 69
194 70
60 70
81 71
266 71
33 72
89 73
137 74
51 76
54 76
191 76
87 77
173 78
213 79
32 79
66 80
203 81
65 82
289 83
247 84
34 84
2 84
202 85
61 86
314 87
8 89
72 90
52 91
341 91
178 91
68 92
287 93
139 93
245 95
141 95
139 95
149 96
67 97
242 97
294 97
119 97
260 100
311 100
6 101
310 103
154 104
235 105
157 105
52 106
286 106
235 107
252 109
78 110
142 110
240 110
184 110
114 111
337 111
314 112
322 112
28 114
260 115
308 117
275 118
191 119
51 120
193 121
218 122
82 122
308 123
69 123
103 123
289 124
280 124
315 125
145 125
335 125
300 125
208 126
37 126
236 126
182 127
137 131
308 131
283 132
336 132
85 132
20 133
88 133
338 134
8 134
120 135
163 136
336 137
171 137
40 137
270 140
106 142
42 143
235 143
21 144
57 147
13 148
203 148
227 151
53 152
116 153
213 154
10 155
226 155
316 156
297 156
103 157
92 157
134 157
87 159
330 159
318 159
164 159
185 160
299 161
10 161
328 161
319 161
66 161
48 163
308 163
78 164
292 164
146 164
102 165
78 166
15 167
58 167
113 168
316 168
40 171
117 172
161 172
189 173
60 173
208 173
206 174
33 174
230 174
57 175
309 175
338 175
78 177
223 178
95 179
272 180
105 180
84 181
332 181
139 182
3 182
278 182
50 183
73 185
166 185
234 185
215 186
98 186
44 186
206 188
321 188
336 188
29 189
174 191
327 192
304 194
310 195
123 195
191 195
44 195
257 198
90 199
307 200
339 200
78 200
5 201
263 202
81 202
207 203
49 203
68 204
259 204
246 205
214 206
11 206
79 208
118 210
201 210
171 211
29 212
318 213
46 213
269 215
337 216
325 216
228 217
261 217
202 221
274 221
198 225
27 227
78 228
138 229
13 229
71 229
28 230
239 230
130 231
138 231
135 232
310 233
73 233
205 233
297 235
211 235
14 236
184 237
116 237
122 239
103 239
217 240
133 240
112 241
185 241
199 241
11 242
149 242
190 242
185 245
149 245
266 245
51 246
314 246
60 248
247 249
77 250
249 250
168 250
114 250
77 252
333 253
308 254
319 254
141 256
44 258
66 260
104 261
327 262
59 262
205 262
257 263
148 263
163 265
57 265
334 267
78 267
339 267
327 268
196 269
74 270
127 270
27 271
51 271
130 272
146 272
105 272
240 272
169 273
234 273
81 273
264 274
169 275
201 276
46 276
199 277
306 278
262 278
284 280
342 282
102 282
149 283
85 284
252 284
28 284
335 285
320 286
234 286
178 287
156 287
174 287
168 288
60 289
312 289
65 289
308 290
146 291
261 292
9 293
314 294
138 296
20 296
30 296
161 297
253 297
3 298
179 299
11 300
52 301
338 301
97 301
295 301
305 304
56 304
266 308
322 309
68 311
18 312
288 312
263 314
242 316
290 316
332 316
334 317
227 318
60 319
324 320
315 320
139 320
5 321
205 321
101 321
274 322
221 323
286 324
30 326
300 326
88 327
236 327
305 328
233 329
84 329
295 329
167 330
266 331
105 333
315 334
327 334
274 334
162 335
154 336
291 336
131 337
67 337
184 339
67 342
69 342
4 344
264 344
305 345
31 347
85 347
6 347
29 350
342 350
189 351
191 353
242 353
242 354
342 356
78 356
21 358
43 359
81 361
69 361
61 362
221 364
103 364
53 364
306 365
116 365
184 366
20 366
252 366
326 367
95 368
214 368
291 368
285 369
270 369
4 370
140 370
245 370
128 372
168 372
26 373
130 374
116 375
9 379
311 380
226 380
67 380
202 381
147 381
169 385
116 385
148 385
230 387
328 387
50 389
209 389
132 389
191 393
111 394
171 395
300 396
167 397
153 397
328 397
155 398
297 400
192 400
283 401
94 402
271 402
130 402
232 404
116 404
88 404
9 404
284 404
159 404
285 405
166 405
265 406
84 407
264 408
178 408
326 409
102 409
169 409
255 410
50 411
90 411
238 412
329 414
295 415
308 416
190 416
99 417
317 418
53 418
309 420
231 421
90 421
284 424
299 425
268 427
221 428
161 431
175 433
319 433
127 434
15 434
18 435
64 436
51 436
216 438
148 440
37 441
197 442
148 445
330 445
279 446
32 447
64 447
144 447
202 447
120 449
90 449
299 450
315 451
37 453
39 453
29 453
240 456
220 457
65 458
177 458
157 458
246 458
69 460
41 461
256 461
61 461
29 461
167 462
296 463
137 464
246 465
243 466
262 466
82 467
292 468
276 470
66 470
342 471
104 472
28 473
254 473
131 473
157 473
294 475
22 475
200 475
339 476
298 477
136 477
191 477
154 479
301 479
254 480
337 482
61 482
8 483
181 483
148 483
251 484
85 485
27 485
291 485
123 487
14 487
285 487
86 487
289 487
219 488
198 489
175 490
250 490
319 491
106 492
317 493
47 494
328 495
219 497
148 497
119 499
85 502
125 502
341 502
33 504
302 504
234 505
174 506
251 508
241 509
45 510
6 510
328 513
79 514
281 514
148 515
321 515
139 516
242 516
89 517
81 517
299 518
161 518
286 518
33 519
195 519
33 519
7 520
258 520
31 521
264 521
153 521
268 522
267 522
155 524
179 524
103 525
102 526
286 527
82 527
84 528
183 529
128 530
231 530
215 531
340 531
329 531
165 532
38 533
47 533
299 533
299 535
117 535
238 536
100 536
91 536
164 536
256 536
29 538
127 540
286 541
300 541
313 541
123 542
2 543
275 543
82 543
186 544
180 544
22 544
178 544
129 545
119 546
125 547
81 547
173 548
195 548
23 549
41 549
258 549
57 550
266 550
17 550
34 551
14 552
105 552
112 552
262 553
57 553
311 553
288 554
228 554
35 554
145 555
196 556
310 556
83 556
273 556
206 556
242 558
189 559
334 559
109 559
317 559
2 561
150 561
180 564
139 565
63 566
88 566
169 567
237 568
296 568
186 568
322 569
252 569
184 570
324 572
303 572
98 573
124 573
37 574
183 575
48 575
38 575
283 575
58 576
336 577
246 577
17 578
19 579
316 581
280 581
226 583
241 583
341 584
333 584
172 585
14 585
69 586
230 587
303 587
209 587
132 587
53 588
48 588
313 588
203 588
286 589
103 589
66 589
134 590
97 590
167 591
160 592
57 592
59 593
172 593
109 593
42 594
112 595
86 595
263 595
8 597
83 599
135 600
302 601
179 601
26 604
6 605
188 606
273 607
226 608
256 608
146 609
108 611
90 612
189 613
15 614
283 615
271 616
110 616
34 617
27 617
39 617
331 618
142 618
157 618
137 620
208 622
35 623
155 626
69 626
329 627
293 628
