494
181 0
279 0
440 0
310 1
138 1
597 5
411 7
482 12
121 12
592 12
125 13
539 19
987 20
387 22
615 22
703 26
618 26
8 27
512 28
989 29
620 30
860 32
296 33
738 34
421 36
919 37
919 38
120 39
414 45
330 53
956 54
597 54
883 59
233 59
591 61
835 63
581 64
904 64
381 65
393 65
428 65
166 70
482 72
356 75
875 76
76 77
268 77
692 78
541 79
860 81
553 83
844 89
907 93
344 95
37 96
9 102
210 103
303 103
844 104
354 104
886 109
500 113
321 117
283 127
824 130
204 130
248 131
870 132
743 132
715 136
548 136
670 138
445 139
140 140
336 140
161 141
273 142
6 146
668 150
374 151
501 155
136 156
684 157
635 160
109 161
667 163
972 164
356 167
777 168
125 168
55 174
926 175
417 178
195 179
84 186
799 187
823 191
485 191
326 192
773 197
991 198
138 198
124 198
654 201
395 206
786 207
838 208
593 208
972 212
548 212
99 212
335 213
113 214
410 215
225 222
678 222
840 224
124 225
57 225
995 225
162 226
930 227
231 228
640 228
101 235
974 237
589 241
422 243
320 245
706 251
758 255
277 256
874 262
886 265
223 266
911 267
497 269
563 271
11 271
974 273
867 277
130 279
236 281
409 281
635 284
893 286
849 287
684 288
188 291
527 293
463 295
26 296
16 298
762 299
270 303
722 303
2 304
706 305
328 306
295 309
645 309
434 310
85 311
304 312
76 320
554 320
979 323
559 323
302 324
747 325
125 326
937 329
375 338
48 338
17 338
600 338
832 339
472 339
423 344
119 346
737 348
452 353
261 356
626 356
559 357
238 357
911 361
980 361
280 362
265 362
539 364
992 365
748 374
627 376
617 378
724 378
417 379
551 382
557 382
561 383
818 383
304 383
66 383
576 385
977 394
398 394
334 397
425 398
372 402
77 411
185 415
92 417
751 425
122 427
953 427
7 429
685 430
29 436
423 437
859 443
422 444
162 445
34 448
600 448
647 449
781 451
187 452
249 457
127 459
707 461
947 461
283 462
713 462
749 462
799 462
742 464
913 466
334 466
279 467
426 468
1000 471
969 473
960 473
719 479
400 488
208 488
126 491
421 492
870 492
290 493
117 495
124 502
973 506
559 507
194 510
127 512
213 513
669 518
281 518
895 519
867 520
603 522
166 525
160 525
291 530
128 533
647 533
970 535
591 539
578 541
221 541
902 542
797 544
241 545
651 547
147 549
365 549
129 551
800 551
560 553
146 553
51 555
188 562
803 563
854 565
762 567
68 568
181 572
25 573
206 577
758 578
389 579
457 581
881 584
233 585
174 586
817 591
273 592
930 597
237 601
518 601
260 611
366 613
871 617
564 618
416 619
463 619
141 623
840 624
609 624
742 633
419 633
351 635
249 635
104 639
207 644
662 645
932 645
596 647
928 651
311 652
729 653
950 655
499 655
129 655
123 656
389 657
415 657
103 658
500 659
868 659
125 660
767 663
527 663
955 665
84 667
177 674
296 677
150 681
200 685
727 686
801 687
337 688
395 689
515 693
249 695
86 696
128 700
811 702
50 708
375 711
926 715
586 716
538 718
178 719
371 720
919 720
413 722
644 723
933 731
48 734
242 734
440 735
168 736
502 737
572 738
397 741
657 743
837 748
82 749
231 756
738 759
122 760
972 762
345 763
316 768
189 769
501 772
564 773
609 774
106 780
434 784
229 785
295 789
614 790
718 794
275 796
991 798
230 798
661 799
186 801
296 802
525 803
155 803
690 811
140 811
489 812
642 815
161 817
259 818
748 820
769 822
711 826
514 826
160 826
508 828
883 828
858 829
903 829
24 830
600 830
244 838
216 838
157 839
858 840
385 840
775 841
134 845
33 850
188 856
101 857
156 857
885 857
879 858
126 859
140 859
343 860
518 862
20 866
759 870
779 872
805 877
102 878
937 881
505 882
731 885
433 887
531 891
229 897
833 899
23 903
141 904
845 906
247 907
821 909
346 910
333 913
314 915
906 916
986 919
43 922
715 925
656 927
67 927
353 929
525 931
422 932
515 934
487 935
876 936
518 936
723 942
931 950
260 951
617 952
477 955
877 956
107 957
824 958
953 960
395 965
767 967
89 969
593 970
93 971
126 973
894 974
612 977
740 978
53 979
934 982
754 983
673 983
816 987
302 989
407 991
622 991
955 992
813 993
746 996
166 997
53 997
846 999
345 1000
