335
41 0
74 0
84 0
40 0
50 1
13 1
39 1
102 1
22 1
89 1
17 2
8 2
27 2
64 2
69 2
71 2
50 2
2 2
80 2
51 2
50 2
78 3
101 3
96 3
18 3
68 3
91 3
83 3
24 3
1 4
103 4
20 4
16 4
44 4
12 4
65 5
34 5
3 5
115 5
80 5
114 5
56 5
107 5
32 6
9 6
49 6
20 7
110 7
47 7
73 7
67 7
38 7
83 7
77 7
63 7
110 7
14 8
43 8
63 8
23 8
85 8
113 8
16 8
9 8
15 8
73 8
25 8
10 8
25 8
94 8
93 8
99 8
64 8
59 9
60 9
37 9
32 9
62 9
58 9
70 9
6 9
112 10
65 10
103 10
61 10
111 10
25 10
29 10
1 11
96 11
94 11
86 11
13 11
78 11
92 12
87 12
107 12
81 12
34 12
52 12
83 12
24 12
68 12
107 13
5 13
59 13
22 13
112 13
116 13
89 13
96 13
70 13
110 14
91 14
2 14
41 14
115 14
62 14
97 14
23 15
37 15
68 15
99 15
10 15
91 15
7 16
112 16
36 16
100 16
6 16
6 16
22 16
72 16
10 16
34 16
88 16
95 16
53 17
17 17
82 17
66 17
68 17
112 17
65 17
78 17
9 17
98 17
26 17
18 18
54 18
76 18
84 18
14 18
21 18
46 18
97 18
95 18
11 18
21 18
114 18
13 18
21 19
81 19
71 19
84 19
26 19
116 19
42 19
35 19
60 19
54 19
49 19
7 19
116 19
92 20
17 20
12 20
83 20
89 21
110 21
77 21
3 21
8 21
37 21
14 21
17 21
42 21
50 21
103 21
15 21
40 21
51 21
79 22
112 22
97 22
35 22
13 22
68 22
117 22
47 22
41 22
17 22
82 22
99 23
35 23
8 23
88 23
57 23
101 23
97 23
104 23
49 23
44 24
56 24
110 24
20 24
88 24
4 24
42 24
70 24
40 25
16 25
101 25
38 25
54 25
61 25
68 25
101 25
64 26
106 26
105 26
100 26
67 26
31 26
11 26
76 26
15 26
64 27
60 27
107 27
15 27
103 27
101 27
106 27
70 27
25 27
83 27
21 27
36 28
78 28
97 28
14 28
104 28
64 28
4 28
65 28
73 29
41 29
28 29
67 29
65 29
113 29
87 29
13 30
28 30
44 30
87 30
68 30
3 30
57 30
23 30
11 30
28 30
12 31
1 31
95 31
103 31
44 31
20 31
27 31
116 31
11 31
100 31
86 31
41 31
91 32
4 32
47 32
65 32
101 32
73 32
18 32
107 33
77 33
11 33
69 33
26 33
3 33
86 33
59 33
70 33
99 33
104 34
34 34
99 34
110 34
101 34
116 34
102 34
15 35
104 35
111 35
43 35
32 35
30 35
9 36
61 36
25 36
49 36
32 36
78 36
27 36
90 36
81 36
38 36
28 37
37 37
53 37
9 37
44 37
38 37
6 37
16 37
92 37
95 37
