1000
382 4
933 6
356 7
252 10
315 12
174 13
934 14
97 17
329 18
238 19
428 22
734 23
871 23
901 24
312 25
859 25
144 26
805 26
423 28
328 29
935 31
951 34
64 35
907 37
454 41
577 43
16 44
891 45
645 45
206 46
875 46
482 46
536 47
554 48
65 48
307 51
857 53
257 53
15 54
240 55
441 56
947 57
390 57
430 59
218 62
559 62
743 63
925 63
503 63
191 64
757 67
915 67
684 68
169 68
120 68
638 68
850 69
919 69
919 71
575 72
575 72
285 72
661 75
222 75
564 76
714 76
473 76
807 76
233 77
991 78
51 79
627 80
657 81
536 85
645 86
783 86
339 88
39 89
826 91
616 91
132 92
550 93
917 94
57 95
617 96
512 96
735 96
167 98
452 99
356 100
450 100
43 103
887 103
298 104
503 105
8 106
262 106
900 106
366 107
737 107
59 107
539 107
390 111
488 112
807 118
254 121
447 122
643 122
791 124
426 124
299 124
133 124
125 124
509 125
374 125
802 125
381 128
876 129
315 130
521 131
60 135
567 136
268 136
675 140
421 141
94 142
622 142
415 143
661 147
243 147
451 152
140 153
484 156
155 158
871 159
821 161
830 162
187 162
305 162
729 163
858 164
439 164
162 166
28 167
454 168
6 169
425 169
164 170
909 172
342 175
830 175
550 176
906 176
441 176
21 177
217 178
188 178
127 179
104 180
786 181
721 181
592 181
263 181
7 181
690 182
338 183
812 183
602 184
886 188
801 188
44 189
931 190
342 190
227 191
39 192
570 192
263 192
688 193
654 193
577 194
62 195
856 196
1000 197
541 198
589 199
709 200
336 202
214 202
767 204
682 205
30 205
569 206
863 206
947 214
834 214
2 215
777 216
461 217
612 220
488 220
266 221
829 222
975 223
594 223
627 223
690 225
289 225
938 227
799 230
348 230
783 231
76 232
13 232
520 233
682 234
799 234
315 234
218 235
259 236
732 237
834 238
362 239
307 239
42 239
527 242
59 243
108 245
477 245
223 246
516 246
545 246
211 250
648 252
994 252
161 255
82 255
145 256
481 257
460 257
497 257
214 258
316 259
249 260
964 261
704 261
508 264
325 264
963 265
390 266
192 266
476 268
174 269
404 269
974 271
98 273
794 273
485 273
434 275
513 275
938 275
626 275
838 275
293 277
193 277
437 278
973 281
735 281
20 282
249 282
317 282
130 283
134 283
3 283
328 283
386 283
274 283
735 284
258 285
514 286
232 287
813 288
123 289
511 290
89 290
220 291
58 291
800 294
672 295
692 295
188 296
340 298
104 301
998 303
95 303
285 304
275 305
200 307
847 308
110 311
226 311
193 311
511 312
692 312
322 313
346 314
903 314
840 315
586 317
79 317
884 319
495 321
468 322
610 322
247 323
206 323
495 323
317 325
719 327
106 329
690 329
124 330
717 330
162 330
32 331
170 331
956 331
148 332
470 333
95 336
773 342
686 342
746 342
701 342
499 343
902 343
333 344
576 344
539 345
454 345
19 346
687 347
21 347
319 347
216 348
746 350
666 350
413 352
763 352
808 355
907 356
481 357
198 364
144 364
269 364
637 365
933 365
11 366
518 366
41 366
807 367
145 367
564 368
528 368
981 369
968 369
783 371
785 372
720 373
45 377
276 377
623 378
711 378
68 380
540 381
152 381
88 381
211 382
754 385
25 385
574 385
531 386
301 386
978 387
316 388
800 391
293 391
916 391
583 394
442 394
558 395
877 395
966 395
991 397
686 397
517 397
395 397
26 402
584 402
702 403
635 405
739 405
855 406
991 407
876 408
555 410
381 412
799 413
925 414
48 414
201 415
912 418
734 418
48 419
532 419
297 420
371 422
198 423
420 424
998 426
222 427
723 427
869 428
3 428
509 430
933 431
889 432
808 434
220 434
253 435
59 435
520 435
658 438
331 439
88 444
229 445
539 446
663 446
559 449
603 449
701 451
454 452
851 452
596 453
383 453
300 455
562 455
495 456
205 457
752 457
211 458
410 459
530 460
893 460
122 461
559 461
378 462
187 464
139 464
732 465
34 466
438 466
128 467
357 467
744 468
411 471
50 473
424 474
20 474
710 474
806 474
261 475
42 476
217 476
909 476
386 477
713 478
548 478
649 479
313 481
496 486
554 486
503 487
810 488
180 489
5 490
246 492
996 492
781 492
232 493
83 493
679 495
666 495
961 496
448 497
458 499
3 499
683 500
799 500
262 503
273 504
101 504
60 507
807 508
987 509
489 509
232 509
907 513
856 514
536 514
730 515
294 516
493 518
615 519
793 520
968 520
811 521
755 524
317 526
596 527
844 527
810 531
271 532
189 532
521 532
323 533
45 534
958 535
34 536
676 537
49 537
216 537
326 538
660 541
421 542
747 549
879 550
579 550
725 551
94 552
981 553
25 554
382 554
284 556
318 556
736 557
354 558
730 559
502 559
814 559
573 561
814 562
725 563
356 563
622 563
787 565
425 567
342 567
4 567
179 568
122 572
868 573
409 574
174 574
897 575
680 576
907 577
410 579
632 580
542 580
576 581
386 581
688 582
107 582
907 582
732 584
262 585
889 585
628 586
513 586
600 586
430 588
981 588
832 589
57 590
905 590
491 590
490 590
974 591
528 592
857 593
338 595
451 595
948 597
215 597
512 598
190 599
71 600
484 601
55 601
716 602
659 605
654 606
459 607
23 607
187 608
461 608
912 609
377 610
30 610
10 611
960 612
125 613
977 613
786 613
608 619
77 619
347 620
70 621
841 623
225 624
129 624
233 625
685 625
317 625
293 626
843 627
488 630
401 631
690 631
285 633
688 633
9 633
959 635
163 636
739 636
657 636
101 638
800 638
736 639
289 639
429 639
274 640
798 640
144 641
462 641
181 642
395 642
84 642
261 643
596 646
263 647
242 647
414 652
866 653
11 656
126 656
183 657
868 658
95 659
332 659
457 660
491 660
898 662
976 663
577 663
568 664
168 665
790 665
357 666
151 667
166 668
290 669
489 674
927 675
447 675
975 675
674 677
960 680
427 682
586 682
285 682
579 682
18 683
638 684
729 684
317 685
103 687
783 687
970 687
752 688
4 688
756 689
474 693
206 693
928 693
117 693
609 695
735 697
141 697
424 698
182 699
260 699
568 700
670 702
391 702
799 703
565 705
166 705
858 707
621 707
683 708
991 709
513 709
857 710
147 711
561 712
956 712
998 713
898 715
66 717
831 717
838 718
408 719
754 719
396 719
389 720
512 721
89 722
632 722
101 723
301 723
173 724
15 726
8 727
878 728
637 731
73 731
5 732
302 733
897 735
1 736
595 739
302 739
94 739
857 741
664 741
417 742
280 742
589 742
86 743
561 743
301 745
452 745
962 745
548 745
713 745
866 746
215 747
964 749
537 749
152 750
727 751
877 751
735 751
675 752
914 752
703 754
76 755
263 756
686 756
40 758
626 759
879 764
364 766
93 767
477 768
816 768
315 769
606 769
666 770
390 770
169 770
958 772
914 772
891 773
18 773
486 775
832 777
21 777
467 777
160 777
157 778
112 778
764 779
48 780
835 780
48 782
715 782
95 784
248 784
958 785
901 787
739 788
881 789
301 790
22 791
873 791
675 791
255 791
561 793
398 795
252 796
683 797
7 797
592 799
47 799
244 799
811 800
356 801
471 801
156 802
430 804
865 805
961 806
466 807
157 808
355 808
31 809
569 818
785 818
941 818
601 820
124 821
731 821
460 821
579 822
14 825
646 825
551 825
312 830
156 833
303 833
775 833
52 833
238 834
924 837
666 837
132 839
155 840
608 840
575 840
963 841
454 841
370 842
877 842
83 842
39 844
321 852
158 853
381 853
893 854
501 855
181 855
145 856
140 858
327 859
990 861
162 861
60 862
870 866
112 868
340 869
806 869
340 869
565 870
165 870
650 872
45 875
450 877
937 877
72 877
208 878
17 881
656 881
864 881
61 881
929 882
23 882
367 883
87 884
294 885
168 885
135 888
607 888
583 889
247 891
344 892
786 892
253 893
298 896
852 897
43 902
40 904
386 908
471 909
392 909
727 910
978 910
281 911
711 912
986 913
973 914
23 914
41 914
729 914
74 915
569 916
777 919
848 919
736 920
132 921
19 921
519 923
84 924
419 925
768 926
857 933
6 934
906 934
151 935
576 937
282 937
99 937
834 938
262 938
408 939
71 939
324 940
284 945
798 946
650 946
664 948
807 948
319 951
632 951
823 952
750 952
183 956
700 956
722 956
348 959
418 960
240 960
781 960
458 961
286 961
262 963
744 963
625 964
183 966
913 967
339 969
369 969
205 971
190 972
62 972
96 972
418 973
773 975
182 975
582 976
455 978
894 979
717 979
766 979
762 981
454 981
327 982
898 983
624 983
928 984
715 984
123 985
867 986
429 986
845 987
475 988
580 988
113 989
563 990
214 990
750 992
428 994
309 995
167 996
975 997
757 997
356 998
417 999
565 1000
