65
144 29
828 31
451 37
496 58
285 64
37 87
355 92
249 127
866 129
359 155
751 166
916 224
59 235
439 250
892 264
309 276
408 334
839 360
616 367
788 425
259 426
322 431
364 435
90 435
144 449
232 469
735 475
639 488
676 513
880 552
970 553
92 568
347 578
481 588
334 621
136 621
338 625
977 642
730 643
56 685
808 690
753 717
65 724
336 733
467 746
248 749
403 772
440 776
294 798
547 799
604 832
645 841
282 843
346 858
232 885
84 908
444 910
504 919
650 920
270 946
287 950
299 964
808 966
675 974
68 995
