822
136 1
340 2
358 2
7 2
888 3
638 4
160 5
818 6
530 6
398 10
678 10
811 12
245 13
274 13
788 18
328 20
952 22
119 23
291 24
139 24
71 25
684 30
232 30
628 31
444 32
66 33
559 35
890 38
272 38
780 38
694 41
551 44
205 46
417 47
713 48
142 48
905 51
843 52
236 53
538 55
572 56
986 58
860 58
770 62
594 62
424 63
30 63
587 65
644 67
993 69
730 70
438 70
239 70
804 72
492 72
396 73
445 73
402 75
825 77
565 77
656 77
998 77
472 78
246 79
207 80
430 81
857 83
978 84
279 84
963 84
370 84
494 85
133 88
824 89
773 91
389 91
719 92
749 93
731 93
291 95
248 97
588 97
873 98
851 105
66 106
185 106
287 107
421 108
322 109
711 110
27 110
835 114
643 116
356 118
705 119
280 120
344 122
543 125
28 125
829 125
698 128
160 131
151 131
200 132
228 132
534 134
580 134
958 135
580 135
472 138
887 140
865 142
300 142
729 143
378 144
740 144
659 145
475 148
939 148
139 148
136 149
455 151
632 151
282 153
268 153
879 153
591 154
626 156
822 157
682 158
151 160
532 161
129 163
351 164
487 164
746 164
65 166
233 170
864 170
491 170
725 172
974 174
443 176
28 176
303 176
176 179
788 180
736 180
145 180
1000 182
867 187
788 189
666 190
389 190
821 191
504 191
461 192
14 192
900 195
920 198
874 198
139 198
460 199
698 200
420 201
625 202
917 205
290 206
44 206
193 207
58 209
245 211
26 211
214 212
432 213
302 215
269 217
20 218
943 219
880 221
145 223
78 224
444 226
374 226
662 227
104 228
448 229
803 230
493 230
473 231
785 231
516 233
674 234
212 234
561 234
312 235
463 236
655 236
569 236
267 237
952 237
892 239
771 240
458 241
828 241
211 244
530 245
422 248
230 253
983 253
277 254
219 254
308 256
461 258
207 259
807 259
882 261
703 262
555 263
39 263
33 265
329 268
199 269
661 272
309 273
429 274
165 277
586 278
868 281
377 281
581 281
371 282
854 284
460 284
981 287
942 288
57 289
918 290
354 294
348 294
451 294
785 296
704 298
558 298
577 298
45 300
831 300
979 300
238 300
817 302
51 303
86 304
60 305
338 306
998 308
472 308
809 308
172 308
539 312
976 313
7 313
48 314
184 314
864 317
852 319
9 319
217 320
148 322
52 323
17 326
4 327
723 327
640 329
707 331
276 332
927 332
100 333
343 333
106 333
636 333
259 333
271 334
143 335
554 338
616 340
933 340
525 340
227 346
279 347
273 348
41 351
226 352
837 352
102 353
359 353
762 354
403 356
785 360
450 360
554 362
877 362
191 363
977 364
804 366
371 368
14 369
774 371
330 372
681 375
694 377
345 377
780 378
227 379
739 381
892 381
237 382
357 386
957 387
427 388
121 389
989 389
311 391
734 391
318 394
735 394
596 394
441 396
135 398
8 398
695 399
852 399
922 400
418 402
973 403
318 404
642 404
656 405
176 405
792 406
348 406
99 407
531 410
171 410
500 410
375 411
245 417
418 418
671 418
938 420
977 420
819 424
391 424
751 425
174 425
94 426
102 426
339 426
781 429
143 430
769 430
586 431
409 433
980 434
687 435
860 435
558 436
294 438
339 438
167 438
320 439
789 439
396 440
643 440
35 440
590 441
450 442
694 443
402 444
302 446
619 448
723 448
271 450
56 452
821 453
211 453
264 454
801 458
110 458
667 459
249 462
829 465
83 467
589 468
605 469
19 475
736 475
397 475
959 477
867 479
846 484
241 484
334 485
231 485
397 487
308 487
315 489
429 489
371 490
199 492
726 492
625 494
330 495
450 496
477 496
30 497
245 497
520 500
296 500
640 502
968 504
819 505
390 506
419 506
699 507
102 508
171 508
314 509
98 509
235 510
169 512
715 513
117 514
647 515
616 515
13 515
684 516
108 516
495 519
656 519
549 519
145 520
637 522
403 524
151 526
297 526
13 527
463 527
661 528
433 529
418 529
510 529
334 534
114 534
56 537
183 537
682 537
697 538
141 539
499 540
485 544
29 545
985 545
229 548
373 549
602 550
939 550
723 550
816 553
31 555
799 556
370 560
273 560
273 561
274 564
676 564
777 564
137 565
436 567
724 571
599 572
617 573
383 575
166 577
312 580
355 582
846 582
479 583
949 583
30 583
295 587
946 588
785 588
620 588
452 591
145 592
136 593
96 598
687 598
25 603
582 604
494 605
617 606
563 608
159 608
473 610
883 610
468 610
55 611
2 611
970 612
709 613
60 614
89 614
371 615
930 616
763 616
639 617
473 617
449 621
235 621
614 625
727 625
512 626
634 630
815 634
676 635
827 636
300 636
164 637
155 637
806 639
462 639
74 645
629 646
645 647
514 648
817 651
73 652
8 653
377 653
912 654
494 654
305 655
861 656
352 656
607 661
666 664
55 664
697 667
464 667
194 669
903 669
497 669
717 669
551 670
812 671
39 671
674 672
258 674
682 676
432 676
322 677
437 678
828 679
607 683
810 683
371 684
843 688
579 688
811 689
194 689
260 691
110 691
907 692
159 693
447 694
837 694
50 698
35 698
726 701
797 701
630 701
72 703
15 703
691 703
472 705
571 706
95 711
408 712
73 712
453 713
135 713
368 714
864 715
575 717
791 721
505 721
482 722
136 723
370 723
779 723
440 725
438 726
3 726
805 727
680 728
268 728
581 728
633 729
461 731
81 732
954 732
185 733
631 733
829 737
59 738
623 738
964 739
584 746
980 748
48 749
752 751
584 752
49 753
991 756
638 757
384 761
717 761
349 761
203 761
436 762
753 764
375 765
433 767
626 767
363 767
180 768
338 768
65 769
894 769
17 770
966 772
90 773
294 775
68 776
575 777
156 779
343 782
83 782
491 785
233 787
470 789
970 789
10 790
449 790
325 792
131 794
221 795
549 796
656 797
747 799
763 802
654 805
666 806
204 808
624 810
286 810
430 812
371 813
238 814
746 814
326 814
413 814
715 815
638 817
545 817
347 818
582 818
871 820
653 822
992 826
331 829
535 830
740 831
884 833
803 834
174 834
567 835
360 836
483 839
791 840
747 840
237 841
933 842
381 844
171 846
158 846
984 847
111 847
553 849
605 851
740 851
562 851
40 856
36 858
189 859
815 861
349 861
148 861
724 861
59 861
976 862
499 866
719 866
572 867
368 868
85 868
127 871
813 871
895 871
952 871
145 871
7 873
436 876
279 876
384 877
883 877
363 877
919 878
816 880
1000 881
340 882
573 886
877 886
653 887
506 887
453 888
648 895
429 897
296 897
875 899
24 900
827 900
321 900
653 901
475 905
755 905
499 905
423 906
489 908
16 908
831 910
522 911
345 911
135 912
338 915
630 915
644 917
679 922
348 923
502 923
166 925
326 926
71 927
254 928
756 929
706 932
774 932
963 933
410 933
492 934
861 934
895 936
567 937
663 941
722 942
402 943
800 944
284 945
668 946
641 947
369 947
455 947
694 948
782 948
83 950
539 950
712 951
200 953
602 954
231 954
295 956
746 957
972 962
437 962
872 965
485 967
646 969
384 970
921 971
634 972
290 972
491 973
617 975
355 975
56 976
922 976
332 978
534 983
337 986
555 987
882 988
808 991
517 991
461 992
544 992
496 993
798 995
491 997
246 997
437 998
25 1000
