93
349 2
375 2
296 4
393 9
432 13
44 17
251 19
134 21
82 22
221 23
526 24
438 25
312 26
357 30
545 30
64 34
267 35
219 37
71 39
438 40
6 54
102 58
476 69
125 73
421 78
555 87
184 89
98 89
135 91
189 94
365 94
443 95
145 95
354 96
223 98
226 99
408 100
29 101
127 105
8 109
444 117
30 121
37 133
106 139
283 142
18 148
170 158
257 162
107 163
494 165
505 166
551 170
68 185
83 189
361 193
493 195
92 198
557 203
499 206
353 209
253 210
235 211
442 212
283 216
206 222
482 223
222 224
374 226
104 230
422 230
56 233
238 244
59 246
367 250
73 253
468 273
288 279
93 281
13 285
47 294
351 298
471 298
398 301
493 304
215 305
297 310
63 312
77 317
250 322
105 328
50 328
208 336
354 341
