780
117 0
167 0
145 0
181 2
60 2
191 3
55 3
85 3
23 6
33 6
45 7
95 7
144 7
126 8
129 10
59 11
49 11
192 11
60 12
131 12
86 13
174 14
49 14
39 17
149 18
108 20
91 20
174 22
112 23
41 24
4 24
42 25
105 25
100 25
98 26
206 26
84 29
65 29
78 30
83 30
78 32
85 33
149 35
6 36
16 36
22 37
16 38
11 39
161 39
23 40
204 40
183 41
143 41
14 42
93 43
125 43
162 44
173 45
143 45
21 46
56 48
95 50
48 50
162 51
57 52
12 52
28 53
60 54
209 55
38 56
14 57
77 57
176 57
92 59
21 59
91 59
63 61
33 61
93 63
72 65
112 66
181 68
204 68
78 69
78 69
76 70
76 70
96 70
135 71
35 71
102 71
20 71
31 73
59 73
193 73
41 73
20 75
106 75
5 77
125 79
171 79
34 80
93 80
73 81
80 81
3 82
127 82
61 82
25 83
106 84
140 85
171 87
56 88
155 90
13 90
60 91
13 94
171 95
205 96
60 96
150 97
54 102
198 103
123 106
209 108
55 108
201 109
22 110
145 111
207 111
143 112
3 113
171 113
209 115
68 117
175 118
202 118
180 119
53 120
200 121
176 121
145 121
56 122
112 122
58 124
94 125
155 126
82 126
31 129
193 129
86 129
166 129
130 129
45 131
177 135
161 137
14 138
208 139
159 140
162 140
163 142
171 146
119 146
5 148
80 149
22 149
160 149
174 151
5 153
46 154
182 156
195 156
96 157
49 157
162 157
193 157
132 158
132 158
191 161
186 161
183 164
112 165
121 166
137 166
37 167
74 168
109 168
59 172
62 173
40 173
188 175
159 175
106 176
59 177
178 177
204 177
191 178
69 179
116 180
61 180
123 181
142 181
65 182
91 182
45 183
42 184
18 185
201 186
49 186
91 187
150 189
120 190
20 192
113 193
74 193
27 193
115 194
122 195
163 197
61 198
120 199
68 200
206 200
20 201
126 202
76 203
95 206
57 208
188 209
87 209
149 210
26 210
123 210
185 211
59 213
88 214
118 215
146 215
133 215
192 216
186 216
133 216
8 218
180 219
102 221
117 222
69 222
150 222
57 223
31 224
173 225
100 225
108 227
88 227
188 228
188 228
156 229
209 229
25 230
15 230
172 230
102 232
205 233
87 235
187 235
36 235
128 237
80 237
153 238
179 239
106 240
24 241
93 241
22 241
113 242
165 242
105 243
201 244
67 245
15 247
207 248
17 248
50 250
35 250
34 251
8 253
68 254
174 255
72 255
57 256
12 257
96 257
127 258
195 258
144 260
197 261
209 261
182 263
110 264
91 264
108 264
144 267
165 268
90 269
49 269
49 270
90 271
168 271
174 271
89 272
203 272
7 273
19 273
85 273
42 274
136 278
178 278
34 279
72 281
129 283
143 285
69 285
28 285
58 286
50 287
122 289
160 289
204 290
138 290
196 292
41 293
174 293
155 293
172 293
114 294
132 295
39 297
15 297
70 298
183 301
153 302
44 309
167 309
30 311
190 313
94 315
105 316
102 317
114 319
38 320
143 321
85 322
15 322
54 323
132 324
177 324
24 325
87 325
67 328
204 328
111 330
158 332
141 333
204 334
82 335
59 335
62 336
40 336
182 337
44 338
54 338
30 338
151 339
35 339
34 340
103 340
43 343
179 345
120 346
181 347
21 348
60 348
183 348
22 348
177 348
74 349
172 350
67 350
68 351
76 357
145 362
150 362
49 365
127 365
32 366
100 368
169 368
31 368
184 371
111 373
80 373
115 373
8 374
69 375
64 375
40 375
108 376
38 376
202 376
119 376
23 376
181 377
178 380
141 381
184 382
146 382
34 383
4 383
72 383
53 385
139 386
74 386
208 386
115 386
66 386
87 387
38 389
158 389
103 389
68 390
137 390
131 394
195 394
191 396
123 397
95 398
53 398
141 399
13 400
208 400
158 401
40 402
5 402
120 402
141 404
40 404
188 407
197 407
161 409
73 409
92 409
83 410
112 410
194 411
8 413
142 413
41 414
103 415
14 417
21 417
67 418
85 422
62 423
190 423
146 426
54 426
14 430
56 432
160 432
201 432
159 433
100 435
110 437
91 438
147 438
12 439
86 441
148 441
115 441
13 442
186 443
168 444
131 444
34 445
55 445
92 446
23 447
110 447
77 447
152 447
52 447
97 448
181 449
104 452
106 452
166 452
117 457
19 458
134 459
63 461
78 464
33 464
31 467
149 467
173 467
201 467
13 468
104 469
6 469
83 470
147 470
31 472
106 472
68 473
19 477
190 477
44 479
179 479
13 480
59 481
26 481
45 481
47 482
144 483
21 484
6 484
115 485
60 486
119 486
155 487
8 487
103 490
177 490
38 491
131 491
178 491
49 493
54 496
50 496
24 497
53 497
122 498
202 501
160 501
108 502
165 507
31 509
81 510
5 510
42 510
20 513
190 513
59 513
53 514
51 514
65 515
93 516
169 518
35 518
81 518
118 520
209 521
147 522
141 522
135 523
3 524
106 524
73 526
93 526
73 527
51 527
29 527
206 528
77 532
182 533
141 533
119 535
107 535
36 538
161 538
55 538
68 539
16 539
189 540
159 541
62 541
183 543
2 545
114 546
156 548
24 548
160 550
79 550
68 551
92 552
136 553
102 553
146 556
115 556
121 556
151 558
46 559
105 559
101 559
192 560
169 560
32 560
169 561
187 561
133 562
31 564
144 564
5 566
58 567
106 567
19 567
138 568
131 568
81 570
27 570
15 571
181 571
158 573
92 573
149 574
157 579
130 580
113 580
200 581
120 581
117 582
203 582
43 583
199 583
137 585
176 589
14 589
140 589
182 591
1 592
174 593
37 593
145 594
164 594
45 596
54 596
43 598
175 599
31 600
37 600
57 601
162 603
119 606
30 609
154 609
197 611
132 611
163 614
156 615
151 615
78 617
131 617
49 618
99 619
120 620
152 622
182 622
52 623
123 623
181 625
129 627
181 627
70 628
90 629
87 629
60 631
30 631
68 631
178 633
164 633
200 636
83 637
159 638
110 638
166 638
202 638
106 640
61 640
199 640
29 640
16 641
67 642
102 643
94 643
206 644
43 644
181 646
139 647
86 648
136 648
159 649
169 649
80 650
130 650
88 650
72 651
93 652
203 653
185 655
198 655
121 656
122 657
157 657
150 657
56 658
71 659
64 659
158 661
21 667
190 668
90 670
143 670
151 670
149 671
70 672
45 672
112 674
155 675
154 676
118 677
158 679
112 680
174 682
174 685
185 686
51 686
115 687
74 687
65 690
175 690
70 690
160 690
122 690
103 692
130 692
175 696
197 696
125 697
28 699
177 699
199 700
146 702
107 702
25 702
198 704
196 704
26 705
30 705
99 706
123 706
31 707
23 707
172 708
177 708
202 708
95 708
64 709
123 709
124 710
106 711
200 712
124 713
53 713
50 713
85 714
26 714
182 714
147 715
124 715
166 717
