580
616 2
950 4
961 5
996 10
206 10
544 15
995 16
249 20
977 20
447 23
352 24
996 35
138 36
255 46
458 46
82 47
362 49
613 51
736 53
956 53
751 54
896 54
149 55
167 56
424 60
82 62
454 62
722 65
202 66
695 67
8 68
785 73
359 73
984 74
661 75
615 80
309 81
790 82
263 85
45 86
665 87
334 88
681 89
830 89
184 92
641 95
579 95
800 96
724 98
883 98
604 99
484 106
457 111
164 114
386 114
178 114
811 116
379 117
636 117
329 120
401 121
683 121
63 127
701 127
178 129
560 130
479 131
193 132
343 133
311 134
817 137
94 137
778 139
581 141
790 147
378 148
976 149
620 153
754 154
243 155
343 155
594 156
678 156
936 157
638 159
291 160
805 160
819 163
583 164
556 167
663 170
403 172
762 172
379 172
657 175
996 177
792 177
724 178
4 182
264 182
295 186
393 188
562 190
369 192
380 193
394 193
131 194
586 198
75 199
73 199
825 199
461 200
118 201
335 208
19 208
882 211
577 212
407 214
490 214
609 217
797 218
895 220
235 221
528 221
179 221
853 222
322 222
818 225
430 228
961 229
211 229
483 229
720 233
884 233
348 235
914 235
958 236
215 236
50 237
460 238
553 238
12 238
574 244
454 247
86 248
686 249
74 252
667 253
5 253
403 257
103 258
341 258
639 259
346 263
455 263
662 266
296 266
979 266
910 270
147 270
497 270
184 271
88 273
481 276
201 278
233 280
664 285
909 291
660 291
748 293
702 294
730 295
858 296
247 297
397 297
691 300
742 301
824 303
969 304
778 305
996 306
275 308
775 311
363 311
316 315
28 315
468 316
784 319
900 322
113 323
761 323
853 324
367 326
984 327
773 327
283 337
750 338
571 338
535 339
583 340
405 342
771 345
209 346
5 347
240 347
462 349
910 351
77 351
685 351
402 353
762 355
135 355
317 358
392 360
237 361
760 361
482 362
158 364
854 364
577 364
104 370
419 371
822 371
157 372
256 373
61 374
901 377
369 378
974 383
225 384
614 385
796 388
399 388
527 395
442 396
573 397
170 399
667 401
62 402
206 403
614 403
91 407
41 411
16 413
642 413
766 413
454 414
196 417
48 421
865 421
305 425
272 428
727 433
345 435
379 436
497 436
998 436
546 436
131 438
86 440
506 442
497 443
573 443
216 446
786 447
487 448
505 448
322 449
19 452
433 452
699 456
624 457
886 462
312 462
475 462
452 467
497 469
933 470
440 471
736 472
143 472
427 473
853 480
765 480
280 481
346 486
261 487
150 487
91 490
404 490
522 490
404 491
334 493
549 495
571 495
294 496
489 498
748 504
40 505
960 507
546 507
620 509
153 512
725 513
294 514
149 515
950 516
251 516
278 517
297 521
540 522
106 525
172 526
476 527
748 532
657 537
686 537
631 539
833 539
939 540
852 540
245 541
270 547
759 547
709 549
867 550
128 552
897 553
445 558
535 559
91 560
523 560
949 560
472 561
239 562
695 562
488 565
109 566
397 572
319 576
604 577
21 582
462 582
927 586
502 587
699 587
925 588
637 589
302 590
650 591
275 593
592 595
163 596
969 597
59 602
246 603
947 604
737 608
981 615
84 617
693 618
666 618
698 618
587 619
955 619
258 620
884 624
1 626
605 626
572 627
67 628
322 630
311 632
932 633
875 634
276 634
590 638
535 640
446 642
829 644
422 646
640 646
392 648
376 649
657 650
635 653
852 656
228 657
27 661
599 664
170 665
55 666
999 667
191 668
601 670
93 670
934 670
24 670
474 671
978 675
980 676
402 678
566 685
908 685
107 686
643 688
240 691
948 691
67 694
865 697
990 701
349 709
634 714
300 715
50 715
420 715
392 716
397 717
770 718
182 719
282 719
857 723
715 724
471 727
705 727
586 730
336 731
836 731
43 732
583 733
13 736
401 736
991 737
438 739
874 744
422 745
879 745
333 749
196 751
306 751
446 753
329 754
555 755
918 760
167 762
492 762
850 765
125 771
402 772
825 776
501 780
547 784
887 784
108 791
330 791
262 791
447 795
550 798
415 799
598 799
612 801
796 801
44 802
313 807
431 808
660 810
22 812
859 812
419 816
957 816
380 818
186 819
186 822
839 825
391 826
869 826
180 826
238 827
974 828
324 832
872 832
509 835
150 835
736 837
605 839
674 841
611 842
620 848
232 848
728 851
91 852
235 853
206 854
629 855
844 857
605 857
974 859
82 859
674 860
593 863
495 864
573 866
587 873
609 877
653 878
617 879
307 879
465 879
674 880
407 881
220 882
703 883
812 884
512 884
614 885
286 888
127 891
198 893
730 895
837 896
138 897
266 899
947 900
54 900
483 903
348 904
958 905
360 906
766 907
562 908
265 914
273 916
546 918
193 919
747 920
273 921
3 922
370 923
638 927
388 927
103 928
729 929
189 930
528 930
773 932
941 934
400 936
767 936
816 937
439 938
117 939
514 946
748 948
635 948
150 949
601 959
433 963
919 964
128 966
440 968
54 971
30 973
73 974
7 975
540 975
798 976
211 982
888 982
719 984
829 986
836 990
188 993
641 993
219 995
423 996
322 996
720 997
410 998
514 1000
719 1000
