251
986 1
37 4
285 7
403 10
300 12
31 12
259 17
871 19
481 20
795 24
661 35
824 41
74 43
768 45
556 50
308 54
448 58
119 60
63 61
165 63
104 64
763 75
131 78
782 90
236 96
218 96
536 101
736 102
896 109
436 110
295 113
702 129
488 129
740 130
705 134
210 135
254 147
973 155
938 164
883 164
908 166
345 167
92 175
337 176
989 177
636 185
561 186
524 188
187 193
700 196
296 201
640 203
345 204
235 205
414 206
599 228
587 229
936 230
233 233
574 238
641 241
502 244
879 253
94 255
526 259
141 274
65 275
301 276
257 277
167 295
935 302
445 304
64 306
975 307
293 313
941 317
500 319
495 321
362 323
102 327
145 329
377 338
750 340
503 350
23 365
437 378
845 378
1 382
523 383
488 388
300 394
580 409
659 411
631 420
288 420
494 423
175 425
575 426
626 442
948 444
911 445
390 454
748 457
410 462
218 467
883 470
177 471
955 479
290 479
151 482
257 482
593 487
509 489
330 489
101 493
882 500
631 503
793 504
455 507
340 508
821 513
312 526
315 533
338 533
961 533
593 536
603 537
860 544
472 544
525 545
591 545
514 546
774 550
69 553
690 555
620 556
76 558
228 569
409 570
390 578
98 578
943 585
934 585
617 588
677 589
827 591
128 592
967 593
142 595
165 601
81 602
470 606
802 610
402 610
349 617
784 620
868 620
237 624
475 624
194 630
562 640
337 644
475 647
915 647
132 652
923 658
714 659
168 662
733 667
104 672
871 672
979 674
247 685
686 687
929 688
84 697
1000 698
353 700
527 703
6 705
643 708
150 711
742 716
169 721
255 721
914 723
602 725
915 741
35 744
660 745
815 749
939 760
755 761
116 772
798 773
663 775
45 777
866 785
82 787
45 792
389 792
522 799
582 800
455 802
683 804
549 805
868 810
899 811
449 814
517 814
205 821
235 823
26 826
246 831
812 837
220 842
71 851
95 861
766 865
595 871
328 883
634 886
461 888
714 899
483 900
992 903
271 914
76 916
339 916
952 918
589 926
487 932
511 933
678 934
884 940
248 948
760 953
119 954
543 956
771 957
252 957
97 962
434 964
994 977
546 977
825 986
525 987
834 991
108 992
240 994
312 1000
