768
45 0
217 0
76 0
92 0
123 0
2 0
137 0
8 0
145 0
27 0
169 0
141 0
104 0
85 0
194 0
160 0
63 0
207 0
140 0
144 0
174 0
29 0
110 0
205 0
126 0
80 0
41 0
4 0
111 0
104 0
62 0
118 0
81 0
15 0
185 0
43 0
51 0
65 0
23 0
147 0
14 0
35 0
175 0
2 0
65 1
112 1
127 1
150 1
2 1
183 1
88 1
88 1
72 1
47 1
121 1
23 1
166 1
112 1
80 1
191 1
141 1
115 1
47 1
112 1
198 1
209 1
47 1
9 1
132 1
149 1
80 1
72 1
115 1
66 1
214 1
134 1
203 1
95 1
208 1
166 1
171 1
29 1
27 1
115 1
63 1
120 2
166 2
56 2
170 2
38 2
45 2
181 2
153 2
1 2
173 2
157 2
129 2
6 2
208 2
97 2
167 2
72 2
5 2
110 2
95 2
59 2
25 2
205 2
164 2
39 2
193 2
8 2
173 2
206 2
96 2
197 2
86 2
79 2
140 2
29 2
131 2
18 2
164 2
4 2
13 3
153 3
203 3
38 3
22 3
142 3
109 3
21 3
36 3
111 3
12 3
126 3
21 3
97 3
80 3
20 3
45 3
218 3
118 3
84 3
178 3
23 3
90 3
46 3
207 3
193 3
59 3
44 3
4 3
34 3
162 3
93 3
70 3
63 3
39 3
121 3
189 3
195 3
103 3
117 3
201 3
88 4
62 4
70 4
36 4
144 4
2 4
79 4
90 4
101 4
176 4
126 4
177 4
38 4
206 4
168 4
22 4
117 4
185 4
58 4
70 4
179 4
120 4
65 4
212 4
17 4
201 4
207 4
144 4
95 4
78 4
187 4
4 4
190 4
108 4
86 4
11 4
95 4
72 4
132 5
149 5
126 5
58 5
136 5
170 5
8 5
190 5
144 5
216 5
1 5
20 5
107 5
45 5
26 5
197 5
148 5
218 5
175 5
13 5
8 5
134 5
166 5
210 5
39 5
168 5
99 5
26 5
135 5
201 5
211 5
33 5
88 5
116 5
202 5
96 5
19 5
39 5
134 5
1 5
191 5
1 6
5 6
36 6
132 6
173 6
62 6
193 6
10 6
142 6
179 6
173 6
77 6
91 6
204 6
131 6
62 6
76 6
98 6
177 6
111 6
194 6
95 6
27 6
204 6
210 6
190 6
35 6
24 6
95 6
12 6
84 6
218 6
143 6
152 6
59 6
62 6
199 6
12 6
135 6
109 6
81 6
30 6
183 6
209 6
84 6
57 6
129 6
180 6
184 6
176 6
165 7
110 7
143 7
161 7
36 7
198 7
159 7
17 7
143 7
204 7
211 7
100 7
196 7
182 7
195 7
170 7
139 7
85 7
217 7
59 7
194 7
146 7
105 7
87 7
38 7
68 7
60 7
178 7
206 7
138 7
143 7
119 7
164 7
9 7
104 7
82 8
10 8
145 8
27 8
91 8
44 8
16 8
206 8
82 8
182 8
173 8
99 8
36 8
143 8
98 8
164 8
123 8
18 8
205 8
146 8
16 8
143 8
40 8
148 8
50 8
55 8
91 8
95 8
149 8
162 8
167 8
175 8
31 8
217 8
55 8
192 8
113 8
204 8
165 8
121 8
38 8
188 8
213 8
128 8
1 8
50 8
71 8
129 8
56 8
178 8
124 8
143 8
200 8
183 9
115 9
200 9
153 9
69 9
199 9
175 9
28 9
184 9
151 9
37 9
214 9
24 9
100 9
148 9
37 9
188 9
188 9
91 9
190 9
129 9
84 9
124 9
14 9
40 9
205 9
11 9
127 9
8 9
1 9
209 9
179 9
95 9
214 9
147 9
58 9
122 9
17 9
131 9
75 10
122 10
218 10
95 10
90 10
52 10
205 10
78 10
192 10
57 10
182 10
190 10
187 10
94 10
26 10
15 10
11 10
136 10
156 10
96 10
6 10
73 10
27 10
76 10
55 10
114 10
62 10
107 10
47 10
74 10
205 10
84 10
51 10
148 10
129 10
112 10
115 10
63 10
211 10
103 10
132 10
127 10
84 11
10 11
158 11
78 11
63 11
177 11
178 11
122 11
38 11
96 11
179 11
199 11
106 11
6 11
198 11
100 11
24 11
108 11
112 11
56 11
212 11
210 11
13 11
104 11
38 11
178 11
180 11
42 11
56 11
134 11
68 11
219 11
31 11
29 11
155 11
26 11
101 11
193 11
7 11
117 11
34 11
45 11
103 11
174 11
105 11
203 11
126 12
170 12
56 12
127 12
211 12
214 12
90 12
168 12
173 12
173 12
145 12
189 12
24 12
142 12
157 12
25 12
218 12
146 12
109 12
128 12
152 12
115 12
147 12
166 12
37 12
179 12
57 12
144 12
184 12
117 12
193 12
39 12
153 12
155 12
184 12
104 12
4 12
128 12
91 12
64 13
167 13
17 13
44 13
26 13
25 13
162 13
65 13
71 13
131 13
44 13
150 13
168 13
139 13
209 13
120 13
62 13
111 13
194 13
130 13
12 13
29 13
135 13
119 13
219 13
142 13
87 13
24 13
84 13
51 13
112 13
142 13
144 13
119 13
158 13
158 13
42 13
47 14
160 14
82 14
183 14
78 14
96 14
76 14
194 14
100 14
214 14
147 14
147 14
154 14
182 14
180 14
10 14
158 14
34 14
153 14
189 14
218 14
79 14
33 14
97 14
111 14
128 14
136 14
182 14
47 14
130 14
210 14
6 14
33 14
36 14
85 14
140 14
58 14
208 14
97 14
36 14
92 14
143 14
31 14
137 15
143 15
209 15
165 15
214 15
9 15
154 15
31 15
151 15
109 15
215 15
146 15
135 15
49 15
77 15
213 15
72 15
45 15
55 15
118 15
158 15
173 15
61 15
212 15
20 15
6 15
207 15
128 15
84 15
121 16
38 16
180 16
50 16
87 16
46 16
65 16
34 16
151 16
103 16
92 16
131 16
204 16
40 16
48 16
104 16
46 16
36 16
171 16
94 16
34 16
148 16
45 16
164 16
36 16
165 16
181 16
110 16
59 16
164 16
120 16
67 16
94 16
76 16
187 16
3 16
16 16
180 17
54 17
99 17
96 17
64 17
103 17
40 17
103 17
80 17
174 17
125 17
200 17
163 17
23 17
213 17
200 17
106 17
174 17
122 17
98 17
160 17
136 17
172 17
200 17
201 17
87 17
12 17
218 17
99 17
170 17
38 17
145 17
53 17
35 17
127 17
38 17
211 17
172 17
64 18
65 18
103 18
150 18
103 18
99 18
105 18
149 18
195 18
174 18
187 18
16 18
198 18
154 18
24 18
181 18
71 18
144 18
130 18
54 18
163 18
55 18
86 18
211 18
172 18
9 18
73 18
136 18
209 18
107 18
115 18
56 18
171 18
90 18
22 18
207 18
