468
468 0
550 2
556 4
336 8
330 11
752 11
318 14
328 21
698 26
243 29
707 31
915 31
284 33
403 34
529 34
321 34
883 40
413 41
635 45
136 48
999 49
155 51
215 52
220 58
193 59
827 60
695 62
211 63
906 65
734 68
882 69
189 70
543 70
261 74
906 78
385 80
597 84
622 85
942 87
933 88
104 91
725 92
320 93
668 95
903 95
1 97
577 100
558 103
205 104
806 106
855 111
311 112
168 114
940 116
711 121
213 121
872 122
591 125
606 125
883 126
452 127
838 128
692 129
59 130
346 134
12 140
721 142
83 147
892 148
493 150
118 154
767 155
864 156
363 156
768 157
391 158
704 161
275 162
621 163
378 163
834 167
669 168
935 169
928 170
231 173
178 174
226 175
793 183
211 185
208 188
731 191
628 191
462 192
118 197
699 198
631 199
34 199
4 202
956 204
179 205
818 206
267 209
653 209
974 209
665 210
333 211
592 212
814 214
306 214
275 214
893 217
928 220
69 224
244 225
44 226
641 227
790 228
305 229
520 234
411 234
529 235
69 239
344 242
326 243
406 247
182 248
538 249
897 249
747 251
196 251
936 252
483 259
247 261
751 261
26 262
627 264
564 265
699 271
518 276
162 276
409 279
920 281
533 281
601 290
621 293
309 294
246 297
690 299
949 301
410 304
916 306
159 308
507 313
642 319
163 321
587 323
642 326
577 326
682 327
272 329
211 331
930 334
592 335
278 336
542 341
635 344
615 348
962 348
973 348
746 350
406 350
409 352
274 353
358 357
265 357
928 360
477 362
614 365
693 366
621 368
256 368
293 373
363 374
283 374
260 375
409 377
657 377
881 377
13 380
568 387
894 389
378 390
914 393
625 393
228 394
506 395
632 395
180 397
301 403
426 405
919 405
704 406
315 411
280 413
870 413
276 413
265 416
408 416
547 416
704 417
939 422
483 422
967 426
868 437
230 447
350 448
799 449
607 449
764 450
88 450
50 454
743 455
287 461
286 463
500 464
993 467
844 469
580 470
751 470
401 475
526 479
572 479
459 479
712 480
977 483
86 485
781 485
250 486
144 487
225 488
888 490
615 492
246 497
175 507
397 507
653 508
831 513
800 513
95 513
491 515
872 522
869 522
818 522
308 523
793 526
38 526
412 527
638 531
440 533
670 536
697 540
362 541
418 546
356 548
117 552
420 567
440 568
257 569
105 571
264 574
984 575
480 579
117 584
415 589
678 589
820 594
312 599
630 602
404 605
664 607
831 610
205 611
680 612
888 613
681 618
506 620
10 621
546 627
16 628
194 628
301 630
804 635
574 639
939 641
358 641
872 643
449 651
219 651
728 659
253 664
79 664
921 667
176 671
865 671
625 673
97 673
116 675
582 677
957 679
244 681
434 684
469 684
55 685
128 687
635 691
192 692
416 694
623 695
244 695
133 696
446 696
821 696
228 696
844 697
254 699
603 705
691 717
893 717
676 722
574 722
782 726
835 728
338 729
322 730
476 730
167 732
699 735
142 738
661 739
220 740
556 743
486 745
441 745
641 746
240 746
930 747
315 751
582 753
49 753
629 754
37 758
729 758
410 761
717 762
473 764
114 764
388 765
588 765
127 765
208 766
405 767
780 767
143 767
423 768
571 770
848 772
314 774
859 774
39 777
251 778
883 781
497 781
945 781
56 789
399 789
467 795
619 802
979 814
315 814
527 818
955 819
547 820
266 822
149 824
321 824
314 825
487 825
417 827
546 827
814 830
577 831
497 834
862 836
416 842
422 844
96 844
464 848
868 849
49 851
975 851
877 853
99 857
299 857
943 860
918 861
6 863
296 865
20 866
113 869
75 869
278 874
660 878
786 878
52 879
565 882
360 883
579 883
470 884
433 885
341 888
863 890
238 890
340 892
956 894
127 899
484 899
897 899
602 902
343 903
678 906
115 908
764 909
190 909
679 912
155 915
941 921
993 923
278 923
351 923
412 924
171 926
201 931
95 932
924 932
245 936
537 939
960 940
731 940
976 955
448 958
494 961
542 963
311 964
809 964
808 968
690 976
716 978
680 978
677 979
153 979
215 980
938 986
7 988
142 988
425 993
276 995
660 997
24 1000
