183
705 0
736 1
820 5
804 9
771 19
422 20
149 22
855 28
676 32
278 32
449 48
568 53
754 56
483 60
355 61
537 63
745 64
153 80
757 88
103 90
266 90
617 91
536 96
522 103
239 104
42 109
742 109
758 110
48 114
323 115
27 126
735 139
59 139
227 139
141 141
519 148
517 150
507 153
438 155
276 164
737 165
844 168
755 169
793 173
130 173
327 178
534 182
204 188
727 190
184 191
234 195
341 196
657 197
229 204
359 205
117 205
553 206
447 208
467 209
433 212
812 213
258 214
217 214
558 215
403 220
313 221
104 223
254 225
589 228
852 229
143 230
91 235
209 238
646 243
226 253
316 256
669 257
290 258
168 259
128 264
770 265
550 269
466 269
430 269
10 271
757 273
399 276
516 277
275 295
281 297
315 297
641 297
311 302
533 303
776 304
220 305
67 307
177 311
136 318
842 325
435 325
596 332
300 332
204 333
145 342
833 345
566 358
403 361
221 365
666 367
121 371
521 372
629 374
91 378
317 384
35 391
419 397
783 401
796 402
351 403
44 408
793 412
210 413
424 420
516 420
86 421
169 423
345 435
266 435
108 440
293 441
262 443
204 446
83 446
669 451
288 454
507 455
11 456
412 459
501 464
135 470
698 476
262 477
460 482
603 488
617 488
11 495
534 500
212 501
375 501
851 504
757 510
341 512
79 515
9 515
378 520
478 534
143 537
203 541
200 542
96 552
331 552
614 553
476 556
437 570
288 570
387 572
149 575
246 578
409 584
414 585
667 586
346 589
464 592
447 592
224 594
313 601
2 619
716 619
383 619
773 626
713 627
5 630
