1000
146 2147483637
943 2147483637
70 2147483637
901 2147483637
348 2147483637
966 2147483637
424 2147483637
672 2147483637
734 2147483637
920 2147483637
767 2147483637
357 2147483637
581 2147483637
575 2147483637
388 2147483637
90 2147483637
224 2147483637
781 2147483637
61 2147483637
670 2147483637
493 2147483637
151 2147483637
31 2147483637
966 2147483637
38 2147483637
623 2147483637
267 2147483637
684 2147483637
933 2147483637
606 2147483637
36 2147483637
257 2147483637
228 2147483637
455 2147483637
21 2147483637
420 2147483637
52 2147483637
98 2147483637
579 2147483637
89 2147483637
374 2147483637
806 2147483637
281 2147483637
497 2147483637
522 2147483637
196 2147483637
628 2147483637
966 2147483637
611 2147483637
691 2147483637
107 2147483637
503 2147483637
550 2147483637
935 2147483637
857 2147483637
891 2147483637
438 2147483637
336 2147483637
341 2147483637
110 2147483637
743 2147483637
226 2147483637
166 2147483637
345 2147483637
790 2147483637
603 2147483637
73 2147483637
308 2147483637
966 2147483637
415 2147483637
379 2147483637
802 2147483637
601 2147483637
8 2147483637
706 2147483637
327 2147483637
566 2147483637
933 2147483637
831 2147483637
639 2147483637
517 2147483637
141 2147483637
343 2147483637
176 2147483637
451 2147483637
589 2147483637
914 2147483637
503 2147483637
19 2147483637
461 2147483637
554 2147483637
108 2147483637
196 2147483637
282 2147483637
492 2147483637
908 2147483637
595 2147483637
147 2147483637
288 2147483637
19 2147483637
932 2147483637
391 2147483637
599 2147483637
572 2147483637
266 2147483638
320 2147483638
25 2147483638
575 2147483638
291 2147483638
154 2147483638
291 2147483638
852 2147483638
252 2147483638
458 2147483638
770 2147483638
560 2147483638
290 2147483638
660 2147483638
482 2147483638
305 2147483638
87 2147483638
707 2147483638
630 2147483638
186 2147483638
680 2147483638
862 2147483638
684 2147483638
902 2147483638
407 2147483638
446 2147483638
19 2147483638
836 2147483638
647 2147483638
998 2147483638
336 2147483638
146 2147483638
442 2147483638
510 2147483638
998 2147483638
537 2147483638
531 2147483638
964 2147483638
548 2147483638
158 2147483638
561 2147483638
31 2147483638
430 2147483638
404 2147483638
182 2147483638
716 2147483638
348 2147483638
945 2147483638
409 2147483638
533 2147483638
466 2147483638
51 2147483638
426 2147483638
796 2147483638
343 2147483638
981 2147483638
231 2147483638
179 2147483638
314 2147483638
662 2147483638
532 2147483638
682 2147483638
812 2147483638
989 2147483638
122 2147483638
241 2147483638
606 2147483638
926 2147483638
609 2147483638
47 2147483638
603 2147483638
826 2147483638
836 2147483638
39 2147483638
90 2147483638
275 2147483638
312 2147483638
943 2147483638
733 2147483638
688 2147483638
449 2147483638
189 2147483638
522 2147483638
496 2147483638
157 2147483638
120 2147483638
432 2147483638
263 2147483638
991 2147483638
863 2147483638
326 2147483638
431 2147483638
860 2147483638
1000 2147483638
941 2147483638
861 2147483638
515 2147483638
772 2147483638
266 2147483638
890 2147483638
84 2147483638
129 2147483638
903 2147483638
527 2147483638
499 2147483639
798 2147483639
189 2147483639
536 2147483639
103 2147483639
627 2147483639
692 2147483639
120 2147483639
845 2147483639
461 2147483639
42 2147483639
208 2147483639
332 2147483639
353 2147483639
353 2147483639
510 2147483639
996 2147483639
564 2147483639
8 2147483639
337 2147483639
111 2147483639
473 2147483639
680 2147483639
778 2147483639
832 2147483639
17 2147483639
79 2147483639
174 2147483639
611 2147483639
237 2147483639
944 2147483639
695 2147483639
329 2147483639
742 2147483639
964 2147483639
523 2147483639
771 2147483639
424 2147483639
823 2147483639
883 2147483639
293 2147483639
53 2147483639
328 2147483639
496 2147483639
907 2147483639
400 2147483639
278 2147483639
121 2147483639
307 2147483639
930 2147483639
602 2147483639
35 2147483639
1 2147483639
263 2147483639
772 2147483639
171 2147483639
720 2147483639
230 2147483639
660 2147483639
568 2147483639
754 2147483639
801 2147483639
732 2147483639
588 2147483639
76 2147483639
545 2147483639
6 2147483639
329 2147483639
977 2147483639
373 2147483639
566 2147483639
517 2147483639
654 2147483639
573 2147483639
735 2147483639
602 2147483639
437 2147483639
653 2147483639
310 2147483639
205 2147483639
728 2147483639
283 2147483639
220 2147483639
822 2147483639
494 2147483639
534 2147483639
30 2147483639
130 2147483639
938 2147483639
993 2147483639
192 2147483639
173 2147483639
405 2147483639
216 2147483639
764 2147483639
377 2147483639
751 2147483639
633 2147483640
344 2147483640
256 2147483640
29 2147483640
344 2147483640
251 2147483640
337 2147483640
865 2147483640
335 2147483640
576 2147483640
261 2147483640
901 2147483640
803 2147483640
304 2147483640
801 2147483640
910 2147483640
758 2147483640
771 2147483640
52 2147483640
731 2147483640
686 2147483640
618 2147483640
584 2147483640
25 2147483640
422 2147483640
867 2147483640
559 2147483640
327 2147483640
818 2147483640
990 2147483640
215 2147483640
340 2147483640
212 2147483640
88 2147483640
999 2147483640
570 2147483640
697 2147483640
90 2147483640
386 2147483640
950 2147483640
780 2147483640
409 2147483640
26 2147483640
765 2147483640
123 2147483640
668 2147483640
326 2147483640
619 2147483640
629 2147483640
756 2147483640
808 2147483640
205 2147483640
994 2147483640
845 2147483640
772 2147483640
978 2147483640
417 2147483640
202 2147483640
502 2147483640
453 2147483640
535 2147483640
934 2147483640
541 2147483640
333 2147483640
185 2147483640
110 2147483640
336 2147483640
881 2147483640
419 2147483640
672 2147483640
242 2147483640
363 2147483640
15 2147483640
574 2147483640
936 2147483640
302 2147483640
316 2147483640
638 2147483640
241 2147483640
512 2147483640
994 2147483640
269 2147483640
524 2147483640
607 2147483640
64 2147483640
764 2147483640
559 2147483640
444 2147483640
584 2147483640
546 2147483640
763 2147483641
317 2147483641
938 2147483641
339 2147483641
460 2147483641
854 2147483641
787 2147483641
368 2147483641
84 2147483641
874 2147483641
440 2147483641
847 2147483641
862 2147483641
240 2147483641
62 2147483641
877 2147483641
736 2147483641
884 2147483641
104 2147483641
855 2147483641
232 2147483641
737 2147483641
26 2147483641
256 2147483641
990 2147483641
602 2147483641
53 2147483641
926 2147483641
697 2147483641
285 2147483641
797 2147483641
451 2147483641
428 2147483641
106 2147483641
531 2147483641
579 2147483641
575 2147483641
261 2147483641
295 2147483641
348 2147483641
644 2147483641
776 2147483641
416 2147483641
123 2147483641
595 2147483641
142 2147483641
489 2147483641
13 2147483641
201 2147483641
312 2147483641
306 2147483641
4 2147483641
570 2147483641
147 2147483641
102 2147483641
524 2147483641
933 2147483641
990 2147483641
648 2147483641
686 2147483641
591 2147483641
261 2147483641
397 2147483641
336 2147483641
348 2147483641
123 2147483641
718 2147483641
352 2147483641
504 2147483641
189 2147483641
601 2147483641
188 2147483641
299 2147483641
939 2147483641
224 2147483641
221 2147483641
882 2147483641
904 2147483641
409 2147483641
852 2147483641
969 2147483641
325 2147483641
277 2147483641
799 2147483641
874 2147483641
617 2147483641
208 2147483641
278 2147483641
572 2147483642
236 2147483642
579 2147483642
896 2147483642
962 2147483642
532 2147483642
994 2147483642
401 2147483642
14 2147483642
192 2147483642
815 2147483642
456 2147483642
391 2147483642
667 2147483642
157 2147483642
424 2147483642
193 2147483642
291 2147483642
279 2147483642
14 2147483642
415 2147483642
297 2147483642
540 2147483642
608 2147483642
138 2147483642
560 2147483642
583 2147483642
968 2147483642
605 2147483642
221 2147483642
806 2147483642
790 2147483642
773 2147483642
273 2147483642
469 2147483642
720 2147483642
265 2147483642
232 2147483642
697 2147483642
666 2147483642
331 2147483642
168 2147483642
620 2147483642
506 2147483642
531 2147483642
206 2147483642
588 2147483642
944 2147483642
613 2147483642
610 2147483642
415 2147483642
236 2147483642
939 2147483642
289 2147483642
622 2147483642
367 2147483642
291 2147483642
371 2147483642
726 2147483642
411 2147483642
590 2147483642
150 2147483642
273 2147483642
799 2147483642
507 2147483642
92 2147483642
157 2147483642
152 2147483642
874 2147483642
228 2147483642
309 2147483642
944 2147483642
754 2147483642
563 2147483642
62 2147483642
873 2147483642
350 2147483642
655 2147483642
375 2147483642
596 2147483642
511 2147483642
365 2147483642
73 2147483642
867 2147483642
33 2147483642
333 2147483642
334 2147483642
786 2147483643
827 2147483643
378 2147483643
502 2147483643
342 2147483643
489 2147483643
627 2147483643
373 2147483643
675 2147483643
333 2147483643
848 2147483643
87 2147483643
483 2147483643
698 2147483643
906 2147483643
233 2147483643
54 2147483643
9 2147483643
446 2147483643
358 2147483643
634 2147483643
545 2147483643
488 2147483643
178 2147483643
855 2147483643
796 2147483643
467 2147483643
354 2147483643
185 2147483643
743 2147483643
957 2147483643
454 2147483643
675 2147483643
244 2147483643
696 2147483643
217 2147483643
523 2147483643
891 2147483643
84 2147483643
781 2147483643
150 2147483643
573 2147483643
297 2147483643
131 2147483643
531 2147483643
467 2147483643
738 2147483643
573 2147483643
33 2147483643
534 2147483643
541 2147483643
345 2147483643
423 2147483643
224 2147483643
121 2147483643
358 2147483643
892 2147483643
509 2147483643
62 2147483643
531 2147483643
443 2147483643
748 2147483643
468 2147483643
486 2147483643
474 2147483643
409 2147483643
536 2147483643
220 2147483643
258 2147483643
425 2147483643
41 2147483643
168 2147483643
65 2147483643
763 2147483643
322 2147483643
309 2147483643
914 2147483643
963 2147483643
216 2147483643
46 2147483643
341 2147483643
135 2147483643
788 2147483643
155 2147483643
326 2147483643
762 2147483643
121 2147483644
159 2147483644
117 2147483644
755 2147483644
631 2147483644
248 2147483644
163 2147483644
45 2147483644
685 2147483644
135 2147483644
312 2147483644
926 2147483644
318 2147483644
65 2147483644
676 2147483644
55 2147483644
35 2147483644
186 2147483644
506 2147483644
175 2147483644
834 2147483644
50 2147483644
777 2147483644
235 2147483644
577 2147483644
217 2147483644
630 2147483644
124 2147483644
747 2147483644
166 2147483644
629 2147483644
511 2147483644
539 2147483644
154 2147483644
811 2147483644
653 2147483644
97 2147483644
331 2147483644
397 2147483644
901 2147483644
425 2147483644
205 2147483644
538 2147483644
283 2147483644
378 2147483644
789 2147483644
875 2147483644
881 2147483644
391 2147483644
745 2147483644
490 2147483644
622 2147483644
284 2147483644
141 2147483644
866 2147483644
833 2147483644
664 2147483644
207 2147483644
345 2147483644
441 2147483644
559 2147483644
92 2147483644
59 2147483644
782 2147483644
684 2147483644
388 2147483644
224 2147483644
932 2147483644
374 2147483644
120 2147483644
549 2147483644
260 2147483644
373 2147483644
470 2147483644
108 2147483644
712 2147483644
555 2147483644
531 2147483644
927 2147483644
434 2147483644
536 2147483644
577 2147483644
814 2147483644
4 2147483644
76 2147483644
626 2147483644
141 2147483645
205 2147483645
100 2147483645
236 2147483645
717 2147483645
435 2147483645
182 2147483645
105 2147483645
816 2147483645
522 2147483645
596 2147483645
571 2147483645
488 2147483645
377 2147483645
203 2147483645
890 2147483645
371 2147483645
592 2147483645
596 2147483645
960 2147483645
216 2147483645
244 2147483645
855 2147483645
493 2147483645
483 2147483645
752 2147483645
629 2147483645
988 2147483645
649 2147483645
421 2147483645
191 2147483645
769 2147483645
153 2147483645
807 2147483645
899 2147483645
512 2147483645
346 2147483645
839 2147483645
508 2147483645
737 2147483645
931 2147483645
577 2147483645
474 2147483645
634 2147483645
978 2147483645
371 2147483645
12 2147483645
348 2147483645
380 2147483645
984 2147483645
363 2147483645
15 2147483645
700 2147483645
263 2147483645
811 2147483645
294 2147483645
89 2147483645
932 2147483645
659 2147483645
798 2147483645
187 2147483645
454 2147483645
772 2147483645
789 2147483645
218 2147483645
785 2147483645
642 2147483645
474 2147483645
636 2147483645
150 2147483645
168 2147483645
355 2147483645
308 2147483645
741 2147483645
976 2147483645
705 2147483645
974 2147483645
351 2147483645
968 2147483645
244 2147483645
907 2147483645
497 2147483645
528 2147483645
191 2147483645
576 2147483645
21 2147483645
783 2147483645
834 2147483645
545 2147483645
837 2147483646
335 2147483646
722 2147483646
865 2147483646
937 2147483646
515 2147483646
863 2147483646
202 2147483646
331 2147483646
221 2147483646
146 2147483646
40 2147483646
948 2147483646
890 2147483646
40 2147483646
918 2147483646
916 2147483646
201 2147483646
757 2147483646
381 2147483646
629 2147483646
908 2147483646
267 2147483646
973 2147483646
30 2147483646
551 2147483646
780 2147483646
336 2147483646
146 2147483646
521 2147483646
437 2147483646
812 2147483646
507 2147483646
8 2147483646
62 2147483646
197 2147483646
975 2147483646
171 2147483646
658 2147483646
729 2147483646
801 2147483646
382 2147483646
58 2147483646
120 2147483646
11 2147483646
593 2147483646
39 2147483646
144 2147483646
355 2147483646
385 2147483646
500 2147483646
422 2147483646
782 2147483646
963 2147483646
462 2147483646
842 2147483646
495 2147483646
169 2147483646
100 2147483646
737 2147483646
443 2147483646
785 2147483646
871 2147483646
507 2147483646
77 2147483646
108 2147483646
883 2147483646
286 2147483646
185 2147483646
958 2147483646
521 2147483646
280 2147483646
422 2147483646
961 2147483646
297 2147483647
657 2147483647
593 2147483647
718 2147483647
792 2147483647
241 2147483647
53 2147483647
614 2147483647
611 2147483647
27 2147483647
181 2147483647
766 2147483647
196 2147483647
466 2147483647
719 2147483647
210 2147483647
736 2147483647
419 2147483647
259 2147483647
584 2147483647
185 2147483647
302 2147483647
479 2147483647
303 2147483647
197 2147483647
521 2147483647
560 2147483647
597 2147483647
191 2147483647
898 2147483647
981 2147483647
77 2147483647
406 2147483647
182 2147483647
808 2147483647
531 2147483647
976 2147483647
834 2147483647
985 2147483647
840 2147483647
113 2147483647
990 2147483647
894 2147483647
23 2147483647
518 2147483647
523 2147483647
442 2147483647
140 2147483647
787 2147483647
750 2147483647
733 2147483647
407 2147483647
343 2147483647
745 2147483647
237 2147483647
921 2147483647
761 2147483647
145 2147483647
648 2147483647
839 2147483647
334 2147483647
222 2147483647
902 2147483647
166 2147483647
113 2147483647
628 2147483647
14 2147483647
457 2147483647
736 2147483647
289 2147483647
805 2147483647
960 2147483647
217 2147483647
92 2147483647
171 2147483647
931 2147483647
311 2147483647
997 2147483647
994 2147483647
382 2147483647
260 2147483647
996 2147483647
344 2147483647
456 2147483647
10 2147483647
51 2147483647
273 2147483647
13 2147483647
120 2147483647
856 2147483647
147 2147483647
747 2147483647
34 2147483647
487 2147483647
526 2147483647
