590
150 0
477 0
225 0
154 0
555 0
302 0
44 0
79 0
613 0
609 0
605 1
381 1
11 1
571 1
583 1
545 1
23 1
45 1
195 1
211 1
135 2
337 2
451 2
45 2
170 2
84 2
385 2
283 2
91 2
222 3
60 3
301 3
267 3
246 3
537 3
56 3
304 3
235 3
399 4
529 4
284 4
11 4
282 4
553 4
208 4
287 4
367 5
445 5
529 5
336 5
494 5
361 5
14 5
358 5
417 5
469 6
599 6
24 6
503 6
489 6
145 6
339 6
42 6
354 7
618 7
224 7
197 7
554 7
578 7
123 7
315 7
119 7
422 7
283 7
5 8
188 8
76 8
266 8
498 8
506 8
372 8
223 8
42 8
488 8
437 8
270 8
230 9
445 9
358 9
454 9
608 9
352 9
575 9
324 9
267 10
439 10
268 10
103 10
165 10
544 10
5 10
23 10
143 10
56 10
510 10
274 11
189 11
552 11
68 11
397 11
279 11
173 11
447 11
415 11
491 11
271 12
322 12
300 12
409 12
135 12
330 12
597 12
75 12
367 12
247 13
120 13
504 13
234 13
537 13
212 13
589 13
306 13
50 13
255 13
463 13
553 13
114 14
187 14
79 14
489 14
530 14
501 14
105 14
325 14
101 14
467 14
107 14
250 14
153 14
467 15
567 15
317 15
336 15
185 15
617 15
165 15
440 15
265 15
547 15
604 15
350 15
426 15
179 15
144 16
75 16
585 16
564 16
120 16
516 16
5 16
402 16
493 16
588 17
93 17
303 17
204 17
539 17
437 17
205 17
294 17
557 17
23 17
62 17
397 17
549 18
593 18
100 18
443 18
349 18
430 18
507 18
395 18
524 18
196 18
107 18
221 19
604 19
143 19
310 19
434 19
303 19
249 19
188 19
543 19
2 20
239 20
390 20
508 20
583 20
157 20
615 20
518 20
129 20
457 20
185 21
446 21
549 21
163 21
613 21
466 22
501 22
251 22
564 22
338 22
341 22
127 22
304 23
403 23
304 23
478 23
593 23
323 23
189 23
211 23
401 23
551 23
409 23
440 24
357 24
8 24
306 24
571 24
91 24
364 25
212 25
395 25
563 25
180 25
291 25
521 25
597 25
107 25
482 26
462 26
43 26
296 26
19 26
623 26
551 26
564 26
417 26
555 27
490 27
197 27
19 27
348 27
61 27
40 28
310 28
280 28
464 28
580 28
450 28
384 28
208 28
543 29
593 29
200 29
600 29
43 29
34 29
109 29
182 29
618 29
433 29
453 29
378 29
536 29
84 30
23 30
116 30
44 30
506 30
484 30
350 30
2 31
318 31
195 31
61 31
294 31
143 31
198 31
269 31
408 32
530 32
87 32
242 32
584 32
525 32
468 32
83 33
118 33
96 33
429 33
328 33
508 33
96 33
463 33
419 33
203 34
553 34
93 34
6 34
617 34
260 34
253 34
611 34
62 34
311 34
157 35
373 35
119 35
147 35
145 35
166 35
493 35
323 35
577 35
302 35
94 35
557 36
526 36
24 36
484 36
61 36
197 36
564 36
19 36
28 36
373 36
311 36
199 36
613 37
457 37
234 37
255 37
476 37
437 37
217 37
205 37
212 38
222 38
269 38
164 38
73 38
590 38
198 38
222 38
174 39
270 39
461 39
328 39
246 39
370 39
199 39
271 39
159 39
44 39
376 39
305 40
164 40
43 40
449 40
511 40
376 40
148 40
488 40
619 40
12 40
553 41
370 41
481 41
404 41
188 41
345 41
223 41
572 41
71 41
160 41
504 41
57 41
172 42
200 42
131 42
507 42
112 42
307 42
91 42
12 42
578 43
534 43
309 43
165 43
124 43
352 43
296 44
113 44
454 44
541 44
167 44
135 44
615 44
385 44
209 45
180 45
242 45
492 45
574 45
94 46
581 46
445 46
236 46
443 46
173 46
484 46
168 46
409 47
252 47
65 47
394 47
6 47
357 47
335 47
165 47
42 47
149 47
377 47
444 47
250 47
140 48
367 48
34 48
555 48
182 48
289 48
47 48
159 48
579 48
14 48
169 48
455 48
271 48
407 48
87 48
181 48
232 48
70 49
360 49
485 49
205 49
175 49
482 49
99 49
256 49
504 49
240 49
278 49
247 49
290 50
295 50
28 50
402 50
233 50
614 50
368 50
504 50
509 50
181 50
212 50
555 51
107 51
351 51
528 51
62 51
286 51
362 51
587 51
329 51
203 52
575 52
392 52
360 52
469 52
341 52
264 52
154 52
517 52
323 52
539 52
193 52
283 52
522 52
603 52
184 52
352 52
396 52
363 53
553 53
408 53
474 53
217 53
53 53
191 53
508 53
347 53
99 53
196 54
391 54
495 54
461 54
400 55
533 55
160 55
243 55
567 55
23 55
559 55
279 55
235 55
576 56
581 56
481 56
345 56
144 56
576 56
270 56
461 56
580 56
488 56
283 56
315 56
255 57
588 57
549 57
155 57
486 57
389 57
523 57
346 57
345 57
178 57
57 57
12 57
114 57
202 57
98 57
79 58
48 58
370 58
285 58
202 58
485 58
65 58
398 58
470 58
391 58
1 58
520 58
479 59
272 59
287 59
325 59
50 59
472 59
572 59
326 59
453 59
142 59
206 59
364 59
