1000
510 1
475 2
133 3
617 4
814 7
545 8
88 9
409 9
433 9
767 9
532 10
888 10
904 10
742 10
323 10
102 10
265 11
798 11
959 11
629 11
723 13
602 14
357 16
52 17
936 18
624 19
603 19
129 20
273 20
524 20
735 21
124 22
557 25
291 26
378 27
343 28
973 28
479 28
565 28
991 28
376 29
892 30
907 30
730 31
268 33
14 34
721 35
110 36
379 37
815 37
91 38
935 40
890 40
707 41
506 41
515 44
346 45
776 46
995 46
966 49
929 51
28 52
948 52
639 53
85 55
820 57
117 58
886 59
387 60
360 61
323 61
20 62
682 62
996 62
82 64
922 65
106 67
587 68
152 76
814 77
388 78
17 78
51 79
688 80
405 82
477 84
604 84
139 84
602 84
364 85
16 86
797 86
291 87
562 88
167 88
407 89
746 92
772 92
213 93
750 93
161 97
648 99
85 100
941 100
471 101
750 101
313 102
163 102
183 102
95 103
97 103
482 104
242 105
147 108
317 110
65 113
387 115
107 115
150 116
53 116
527 116
361 117
828 120
416 120
75 125
805 125
781 126
422 126
13 127
654 128
367 128
780 128
431 129
180 129
277 130
212 131
830 131
317 133
927 133
111 134
126 135
368 135
927 136
546 137
780 138
14 138
565 141
953 141
285 143
331 143
479 143
639 145
759 147
574 147
630 151
128 153
351 155
53 155
755 158
592 161
132 163
651 164
486 164
227 166
629 166
69 166
408 168
424 168
237 169
192 169
893 170
215 170
877 172
738 173
238 175
377 176
813 178
433 178
575 179
465 180
956 180
798 180
415 183
940 184
932 187
508 187
105 188
177 188
873 188
51 189
693 189
660 189
881 190
133 191
593 192
496 194
32 194
4 195
500 197
927 198
522 199
227 203
150 203
489 204
411 207
430 209
238 210
518 210
183 211
667 216
938 216
169 217
501 217
837 218
43 218
323 220
100 221
469 222
573 225
327 225
321 225
449 225
96 225
736 226
823 228
78 230
971 232
280 232
777 232
408 234
279 241
20 242
489 244
365 246
675 246
45 246
450 247
396 247
246 248
227 248
718 248
359 249
687 251
763 252
866 252
789 252
428 252
354 256
291 256
24 257
934 257
22 258
965 258
349 258
101 258
372 261
719 261
774 262
50 263
810 264
795 266
504 266
118 266
671 267
889 267
419 268
985 268
194 268
201 270
948 270
115 271
720 271
701 272
465 273
964 273
960 275
390 277
97 278
524 281
271 282
353 283
832 285
387 286
42 286
488 287
477 288
209 291
386 291
510 293
869 293
328 294
670 294
73 297
31 298
1 298
336 299
675 300
714 302
121 305
222 307
729 308
630 309
184 310
332 311
956 312
727 313
869 317
954 318
196 321
709 324
260 325
442 327
691 328
833 329
164 329
698 330
930 330
656 330
361 331
947 333
196 335
179 338
417 338
236 338
625 340
952 344
292 344
189 344
927 344
733 346
955 347
530 347
101 347
47 348
395 348
475 350
656 350
93 352
840 353
760 354
307 355
956 357
150 358
445 358
249 360
132 360
976 361
142 362
271 363
964 363
389 363
111 363
749 364
86 366
468 367
31 369
166 369
811 370
98 371
699 371
835 371
636 373
868 373
704 373
751 374
853 374
98 374
791 374
432 375
364 375
538 377
262 377
455 377
197 378
623 379
830 379
76 381
141 382
322 383
124 383
106 383
499 384
216 386
389 387
697 388
719 388
907 388
984 388
989 389
23 390
121 391
889 391
315 392
688 392
819 392
621 392
902 393
620 393
632 393
927 395
947 395
846 395
784 396
225 396
67 400
13 401
353 405
733 405
734 406
296 406
83 407
967 407
109 407
883 408
838 411
834 412
434 412
523 413
991 413
883 414
117 415
132 417
121 417
10 419
926 419
638 420
289 423
999 423
920 425
695 427
349 427
907 427
926 429
910 429
996 430
452 431
644 431
238 431
778 432
881 432
580 433
728 435
633 435
645 436
27 436
659 437
439 437
169 438
82 439
561 439
196 439
733 439
223 441
186 441
644 442
50 444
349 444
644 445
820 447
393 448
191 451
196 452
93 455
543 456
876 457
57 459
197 459
182 460
272 461
938 462
691 463
84 464
351 466
976 467
595 467
726 469
703 470
509 470
280 471
110 475
509 476
512 478
810 479
275 479
557 479
771 480
356 480
269 480
881 481
976 481
867 481
237 483
502 484
704 484
950 485
609 487
607 489
846 490
656 490
275 490
402 490
490 490
648 490
76 491
23 494
809 494
343 494
120 495
951 497
23 498
80 498
365 499
798 500
414 500
437 503
189 504
496 507
364 507
103 510
6 510
126 511
126 512
693 512
810 513
919 515
643 516
800 516
839 517
901 518
815 523
160 524
176 526
709 528
643 529
269 530
499 530
318 531
197 532
281 532
678 535
142 535
177 537
571 540
482 540
393 541
894 547
398 551
584 551
134 553
938 554
361 556
651 556
305 557
312 557
545 559
480 560
868 561
693 562
216 564
514 564
954 565
263 565
10 566
552 570
510 570
716 572
29 572
797 574
908 575
236 575
966 579
478 579
734 579
803 579
807 580
997 581
947 582
82 583
199 583
600 584
656 584
948 584
731 584
262 588
822 588
631 589
591 590
460 590
778 593
863 593
675 594
401 594
329 595
364 596
476 597
715 597
574 597
988 598
622 598
858 598
991 599
893 599
751 601
304 602
288 602
343 603
416 605
344 605
551 606
329 606
768 606
950 608
383 610
633 610
21 611
349 612
37 613
937 614
716 614
488 615
162 615
854 616
611 617
445 619
550 619
540 619
645 620
352 620
669 621
815 621
479 622
81 623
816 624
14 625
824 625
776 625
544 629
749 629
836 632
789 634
998 634
138 635
772 635
611 637
199 637
989 639
16 639
915 640
457 641
511 641
394 642
232 644
851 644
740 648
789 648
732 649
744 649
994 651
261 653
935 654
428 656
897 657
539 657
966 658
268 659
477 660
576 661
722 661
797 663
651 663
740 667
547 668
492 668
695 668
752 668
720 670
441 670
246 671
957 671
157 672
510 675
955 676
106 677
869 681
688 681
673 681
617 684
862 686
785 686
294 687
177 689
280 689
58 692
816 694
870 696
745 697
29 698
955 698
793 699
424 700
972 702
830 702
846 703
240 703
897 705
148 706
885 707
806 707
212 708
781 713
656 714
807 717
531 719
617 719
908 722
800 722
178 722
274 723
925 723
103 726
591 727
122 728
674 729
869 730
381 731
225 731
50 732
917 733
600 734
194 734
273 734
278 737
834 738
785 740
94 741
630 741
705 742
630 742
645 748
844 748
931 749
183 749
417 749
554 750
267 751
710 751
3 752
163 754
78 754
419 756
548 757
913 757
537 758
110 758
309 759
183 761
792 762
55 763
470 765
871 765
321 765
789 767
56 770
864 770
753 770
185 774
470 774
259 775
229 776
564 776
520 777
982 777
346 777
792 780
739 780
848 784
544 785
326 785
236 786
113 786
667 789
75 790
684 791
459 792
52 793
937 793
151 794
462 795
899 796
328 797
468 798
535 799
666 799
413 799
504 800
682 801
475 801
478 801
877 802
944 802
933 803
991 805
650 806
972 807
88 807
782 808
134 809
107 811
929 812
219 813
23 815
670 816
249 817
529 818
78 819
411 821
628 822
46 822
781 823
760 824
228 825
844 825
723 826
896 826
726 827
4 827
545 829
877 829
871 830
234 830
869 830
411 832
602 832
956 832
920 832
869 833
582 834
613 835
158 837
372 838
381 839
917 840
209 841
35 841
609 841
234 843
138 846
879 847
567 847
960 847
453 848
302 848
513 849
165 850
155 851
168 851
880 852
740 853
847 853
690 853
533 853
745 859
559 859
907 860
58 860
889 861
484 861
181 862
536 862
761 862
88 867
245 868
117 868
104 868
926 868
787 869
101 871
787 871
112 872
329 872
372 874
652 874
557 874
406 875
32 879
768 879
851 881
228 881
107 884
576 885
437 886
898 888
904 888
341 888
74 889
386 890
489 890
630 892
222 892
390 892
993 895
203 895
870 899
571 900
80 900
72 901
885 901
939 902
456 902
525 903
968 903
538 904
209 907
612 907
104 908
932 909
495 909
731 910
964 911
83 913
684 916
273 916
822 917
941 919
632 920
813 920
145 922
797 922
470 923
993 924
729 925
572 926
879 927
731 928
686 928
394 930
271 931
582 932
690 932
257 934
504 937
245 939
867 940
787 940
161 942
437 943
189 944
964 944
998 945
874 947
371 947
145 948
130 950
960 950
849 950
289 951
622 955
402 956
36 957
405 957
289 957
643 959
114 959
663 959
165 959
624 960
132 964
100 966
635 967
769 969
171 970
683 970
759 972
675 972
770 972
529 973
972 975
396 976
520 978
141 980
64 980
152 981
186 981
259 983
465 984
726 988
293 988
310 991
949 992
59 992
506 993
452 993
258 994
541 994
362 995
609 995
170 996
319 997
390 998
489 1000
