455
725 5
731 6
698 6
75 6
555 8
597 12
653 12
654 13
538 14
132 19
62 22
743 28
422 31
379 31
390 36
418 36
94 37
453 37
679 38
664 43
510 45
723 47
358 48
380 49
87 50
437 50
678 53
790 56
715 58
300 58
392 59
549 60
212 62
370 62
447 64
334 65
252 67
523 70
364 71
302 75
179 81
795 84
21 88
560 88
661 88
479 91
739 92
347 98
284 99
674 102
741 105
480 107
487 108
751 108
140 109
700 112
774 112
94 112
298 117
468 123
760 124
504 126
411 129
30 133
541 133
249 133
361 135
180 137
519 138
33 141
214 142
74 142
529 143
389 143
108 145
151 147
44 148
554 150
38 152
740 153
726 160
509 161
385 161
227 161
149 162
109 164
106 164
792 166
627 167
254 168
112 169
411 171
521 174
241 179
241 181
362 181
561 182
186 183
438 183
788 184
381 184
39 187
595 188
397 188
337 190
370 192
352 193
648 195
245 195
209 203
548 205
752 210
252 211
357 212
521 212
612 213
611 213
339 213
139 217
187 217
292 218
419 222
667 222
362 223
16 225
118 228
771 229
123 230
720 234
704 236
615 240
215 242
789 243
282 244
526 247
696 249
110 250
403 257
11 259
548 259
9 261
354 265
327 265
48 269
664 270
598 271
166 273
172 277
167 277
585 279
269 279
527 282
94 287
677 288
162 291
712 294
377 296
122 302
200 305
447 306
76 307
110 307
461 308
688 310
669 312
63 315
289 317
473 317
373 318
331 319
90 321
734 323
619 323
426 324
142 327
338 330
169 330
301 331
218 331
458 334
174 336
590 337
516 340
16 341
407 343
441 344
518 345
6 348
422 350
130 354
515 355
402 360
719 360
215 360
400 362
104 363
627 363
114 363
313 364
412 365
575 365
110 365
78 365
552 366
669 376
616 376
313 376
431 379
574 381
453 382
780 382
95 383
732 385
745 387
751 388
779 388
319 391
321 392
771 393
33 395
456 400
494 400
241 402
281 403
550 404
110 405
41 407
87 407
629 408
23 410
558 413
556 415
610 417
427 421
514 423
614 423
279 424
225 426
365 427
346 427
480 429
145 432
700 434
433 437
658 438
208 438
669 444
189 445
751 445
152 445
284 451
215 452
39 452
651 453
493 453
489 458
121 458
389 464
79 466
393 471
678 472
678 474
647 484
44 486
120 486
62 490
685 492
265 492
713 498
13 499
803 502
217 502
239 503
780 503
128 505
721 505
714 506
565 510
558 512
21 514
193 518
601 520
563 521
547 522
437 523
230 523
418 527
67 529
347 531
101 533
336 536
261 536
54 536
797 537
682 537
151 537
391 540
59 543
151 546
79 546
248 548
288 550
410 551
377 552
781 558
131 558
675 562
398 566
770 566
520 570
306 572
43 573
176 575
582 578
333 578
488 578
450 581
419 583
746 584
86 585
750 585
679 590
658 591
106 591
515 591
528 592
736 593
694 594
668 595
242 596
696 596
661 599
186 602
88 607
674 608
579 608
48 609
432 611
249 614
274 615
506 619
345 619
139 639
360 641
672 644
412 646
153 646
266 649
136 650
202 651
762 653
307 653
637 655
540 656
226 659
405 661
34 662
221 666
791 668
724 671
632 671
583 671
516 675
191 678
124 683
754 683
338 686
103 687
2 690
37 691
377 692
269 693
613 693
584 694
659 695
485 695
456 698
639 699
185 705
206 707
744 708
576 712
755 715
348 715
725 716
550 717
498 718
314 720
596 721
231 725
611 726
294 733
93 736
737 738
199 738
41 738
8 739
41 747
262 748
559 750
707 750
563 760
9 763
524 764
44 765
134 767
370 768
30 771
461 773
282 773
454 774
624 775
201 776
606 777
484 777
227 777
287 786
81 789
41 790
771 793
433 794
703 796
269 796
378 798
378 798
182 798
117 800
322 803
557 804
695 807
246 809
436 810
346 812
526 813
222 813
69 814
316 814
687 816
799 819
114 820
80 820
201 821
233 822
470 822
640 822
595 824
186 829
553 831
545 834
721 835
9 838
706 841
84 842
135 843
645 851
