475
307 0
57 1
53 1
274 1
111 3
130 3
304 4
253 4
166 6
177 6
73 6
19 7
156 9
234 9
197 9
89 9
15 9
120 9
7 10
313 11
186 11
114 12
290 12
278 12
131 13
143 14
34 14
138 15
96 17
16 17
173 18
76 19
126 19
143 19
166 20
33 21
304 22
140 22
67 22
82 25
19 26
155 27
225 27
149 27
136 27
298 27
137 29
280 30
189 31
134 31
262 32
182 32
206 32
109 33
239 33
222 34
164 35
153 36
275 36
299 36
168 37
87 37
302 37
252 37
133 37
93 37
191 39
49 40
256 40
131 41
197 41
55 41
234 43
29 44
27 44
83 46
170 46
207 47
261 49
213 49
254 50
9 50
240 53
93 54
148 54
288 55
78 55
205 56
245 56
176 56
55 57
323 57
283 57
148 58
53 58
98 59
161 59
131 59
83 60
136 60
156 61
253 61
245 62
281 62
231 62
22 63
94 63
127 63
85 64
20 64
258 64
303 64
160 64
31 64
259 64
61 64
233 65
77 66
45 69
258 69
74 70
282 70
36 72
321 72
207 72
230 72
292 73
205 74
139 74
202 75
51 75
134 78
303 79
113 80
154 80
5 80
154 81
84 81
35 81
232 81
137 83
33 83
60 84
104 84
294 84
27 84
44 87
41 89
139 89
323 90
192 91
225 91
69 93
71 94
132 94
84 94
278 95
292 95
254 97
62 98
124 100
227 100
141 100
257 100
153 102
114 102
286 102
159 103
264 104
324 105
227 105
80 105
247 105
129 106
224 107
287 107
8 108
80 109
92 109
201 109
58 110
173 110
298 110
309 111
283 112
18 112
94 113
95 114
193 115
7 115
50 116
313 116
90 117
206 117
18 117
116 119
197 119
238 120
226 121
75 122
233 123
46 123
250 124
156 124
282 126
139 127
230 127
145 128
232 128
321 129
257 130
306 130
100 131
103 132
231 132
255 132
166 133
128 134
205 134
241 135
8 135
115 135
142 136
239 136
88 138
121 139
196 139
148 140
78 140
51 141
156 141
31 142
58 142
305 142
13 143
193 143
157 143
121 145
234 146
4 147
242 147
280 148
94 148
3 148
59 149
170 149
315 150
123 150
166 150
34 151
193 152
240 152
95 153
202 153
110 154
307 154
190 156
311 156
120 156
314 156
136 157
45 158
43 158
106 159
66 159
119 159
18 160
210 160
292 160
177 162
284 163
90 163
258 164
47 166
41 166
32 166
100 167
114 168
60 169
163 169
122 169
119 169
192 171
184 172
36 173
134 173
21 174
111 174
13 174
321 175
253 175
10 176
301 177
2 178
9 178
195 178
318 178
77 179
115 182
324 183
205 184
77 184
320 184
104 185
37 185
161 185
313 186
10 186
292 187
40 187
271 187
146 188
165 189
43 191
247 192
14 192
276 193
146 194
185 194
311 194
243 195
270 195
223 196
278 196
321 196
102 196
280 197
232 198
311 199
304 199
190 199
293 199
124 199
44 200
282 200
118 201
164 201
101 201
93 201
315 201
9 202
126 202
6 203
141 203
90 204
179 205
92 206
218 207
278 208
308 208
94 208
171 211
208 211
111 211
226 211
314 212
275 212
145 212
225 213
300 213
210 215
221 217
56 217
171 217
173 218
301 219
149 219
123 220
211 221
26 222
218 223
146 224
274 224
207 224
244 225
114 226
99 227
233 228
18 228
148 230
68 231
100 232
256 232
175 232
297 232
289 234
135 234
75 234
51 234
266 235
119 236
13 236
2 238
62 239
322 240
69 240
11 241
108 242
273 243
9 243
49 244
144 245
26 245
152 245
71 246
237 246
97 246
218 247
125 247
241 248
265 249
301 250
46 250
306 250
22 251
38 251
127 251
195 252
101 252
191 252
197 253
30 253
177 255
163 255
191 255
147 255
314 256
206 256
113 256
57 256
278 257
79 258
162 259
38 259
29 260
241 261
172 261
20 261
243 262
263 262
176 262
21 262
178 262
74 263
190 263
66 263
197 264
6 264
234 264
101 265
307 266
238 268
151 268
125 269
140 269
263 270
243 270
198 270
286 272
237 274
80 274
11 274
118 275
88 275
80 275
288 276
281 276
301 276
216 278
50 278
152 279
200 280
1 281
129 281
119 282
