1000
535 2
522 2
499 2
700 3
507 3
472 3
864 3
200 4
30 4
710 7
452 8
757 8
364 9
339 10
987 12
692 12
201 13
640 14
193 16
472 16
26 17
312 17
433 19
656 20
148 21
224 21
564 23
4 25
11 25
828 25
515 26
861 27
801 30
81 30
482 33
874 35
496 36
641 36
273 39
729 40
436 40
598 41
579 41
281 42
888 42
836 43
594 44
66 44
438 45
117 47
97 48
942 49
692 50
596 51
515 52
211 53
959 56
218 57
756 59
833 59
221 60
619 62
53 64
490 65
485 66
22 66
452 68
505 69
456 69
732 71
182 72
643 72
659 72
6 73
120 73
93 75
97 76
598 77
423 78
432 78
867 78
789 79
522 80
999 81
330 81
216 84
460 85
194 85
553 85
398 86
230 87
130 88
310 88
875 89
662 89
77 91
975 94
706 94
613 94
358 95
658 95
244 96
748 96
313 96
869 97
435 98
839 99
653 99
350 101
206 103
790 104
272 105
122 106
989 106
508 107
199 108
951 109
74 111
857 115
191 115
579 115
634 115
461 117
108 117
991 117
884 117
957 118
477 119
32 119
190 119
438 121
700 121
437 121
716 123
452 124
591 124
206 125
839 125
249 125
718 125
237 125
495 127
876 129
625 131
59 137
875 138
33 140
349 141
673 142
840 142
653 143
192 143
590 145
813 145
483 145
780 147
424 150
724 152
854 153
1 155
383 155
827 156
803 159
8 160
295 162
241 164
642 165
393 166
947 167
31 168
694 170
590 171
298 172
106 173
676 174
965 176
215 176
881 177
615 177
588 178
406 179
4 182
246 185
21 186
214 187
372 188
724 188
76 188
566 189
115 189
198 191
654 191
231 193
732 195
414 195
245 197
597 197
680 199
410 199
131 199
765 200
28 202
550 202
97 203
213 203
68 205
543 206
594 208
15 210
925 212
132 214
329 214
953 215
316 215
43 218
202 218
906 219
562 221
299 222
924 224
488 225
41 227
686 228
558 229
241 230
247 231
993 231
664 231
522 231
341 232
64 232
740 233
792 235
297 235
597 237
123 238
738 239
638 239
230 240
124 241
923 242
434 242
331 243
960 243
505 244
879 244
633 245
7 245
877 248
816 248
930 248
524 249
392 250
553 250
538 251
472 253
274 256
462 257
67 258
436 259
916 260
795 262
47 262
532 263
569 263
782 265
598 265
4 266
120 267
180 268
299 270
482 271
652 272
946 273
210 273
951 273
927 275
127 278
632 281
667 281
650 283
14 283
431 284
193 285
130 287
813 289
604 289
473 289
302 291
538 291
445 293
437 293
796 293
572 293
898 299
542 300
91 303
196 303
480 304
718 305
502 306
209 307
832 307
667 308
622 308
244 308
488 309
585 309
748 313
333 314
371 315
956 315
771 316
7 316
857 316
56 316
440 316
161 317
371 319
80 319
980 321
706 322
801 322
128 324
318 325
759 325
237 325
582 332
856 332
129 333
376 333
201 335
228 336
363 336
299 336
875 337
972 338
700 338
538 339
932 340
763 341
966 342
394 342
270 346
630 347
643 347
832 349
757 349
671 349
719 349
970 352
632 352
242 353
975 353
148 358
573 359
453 359
836 359
774 360
558 361
575 361
750 363
231 363
680 365
968 365
269 367
594 369
982 369
247 371
888 371
785 375
131 376
722 378
815 378
760 380
743 382
94 382
756 383
733 383
523 384
373 384
65 384
416 385
7 386
549 387
824 390
139 391
957 391
327 393
553 394
691 394
846 395
301 396
996 396
898 397
588 398
302 399
565 400
947 401
365 402
150 403
731 404
784 405
49 407
234 407
264 409
399 409
71 409
133 412
271 415
186 415
759 416
159 418
253 420
877 420
670 421
85 424
420 426
884 427
454 428
899 428
996 428
724 430
928 433
918 435
727 435
288 437
465 437
146 439
417 439
768 441
907 442
515 443
507 443
397 443
855 447
225 448
69 448
744 450
492 451
306 452
61 454
557 456
856 457
912 457
588 458
555 458
834 461
950 463
120 463
159 464
950 464
51 465
449 465
266 466
431 467
230 468
952 470
972 471
337 472
561 472
405 474
510 474
898 475
240 476
691 480
528 481
682 481
54 481
155 482
138 484
718 484
899 486
269 486
311 486
290 488
77 488
459 489
604 489
240 490
275 490
249 491
609 491
788 492
603 493
226 494
902 495
811 495
309 496
724 497
376 498
661 499
794 500
36 500
196 500
409 501
526 502
767 504
991 504
656 506
288 506
991 508
623 511
497 513
697 516
768 517
294 518
428 518
612 519
431 521
824 521
580 522
290 522
136 523
280 525
836 526
252 528
152 529
140 529
541 533
211 534
843 534
826 538
191 540
313 541
946 544
265 545
198 545
689 546
129 546
427 547
624 547
340 549
49 549
31 550
325 550
733 550
640 552
8 554
78 555
85 555
585 556
808 556
648 558
792 559
60 559
477 559
244 560
990 564
537 567
164 572
158 572
798 572
933 573
447 574
943 574
112 576
518 576
650 576
328 576
882 578
494 578
181 579
696 580
786 582
899 583
311 584
872 584
229 584
632 585
778 586
472 588
556 588
393 589
354 590
311 590
162 590
262 591
658 592
520 592
533 593
793 594
52 594
328 595
305 595
715 597
218 597
935 599
959 600
999 600
774 601
647 602
723 605
710 607
48 608
501 608
153 608
967 608
586 613
924 613
159 615
695 615
537 616
611 616
469 621
784 621
3 622
771 622
23 622
590 625
871 625
948 626
425 626
483 626
196 627
105 628
238 628
590 628
749 628
835 630
985 632
856 633
470 633
939 635
63 635
25 636
945 637
279 638
595 639
195 641
949 642
695 643
664 643
462 643
921 644
612 645
594 645
974 646
46 646
292 647
468 648
938 649
812 649
946 652
168 653
620 654
315 657
201 657
526 658
704 658
522 658
910 659
426 659
5 659
431 659
387 659
357 659
56 661
181 664
500 664
932 665
992 666
886 666
146 666
341 668
702 670
962 671
584 671
212 671
276 674
799 674
364 674
640 675
24 676
449 677
117 679
589 680
36 680
492 680
593 683
403 684
551 684
198 684
177 685
219 686
852 690
110 692
701 692
266 694
939 695
895 697
6 698
38 699
491 702
775 703
148 704
113 708
832 709
493 711
7 712
74 713
41 714
825 714
739 716
292 716
295 719
503 719
478 722
684 722
971 723
928 724
170 724
938 724
304 725
978 726
250 728
778 728
65 728
209 732
140 733
218 733
921 734
94 734
293 734
52 736
714 739
456 741
332 741
191 742
95 742
587 743
732 743
155 744
102 745
598 745
610 745
354 746
1000 747
942 748
108 748
630 749
389 750
627 751
935 752
724 752
348 752
507 753
190 755
543 756
67 756
549 757
460 758
596 758
348 758
185 759
921 759
264 760
180 760
547 761
320 762
64 762
914 762
906 762
185 763
418 764
979 767
484 767
370 767
948 771
259 773
420 775
333 776
965 776
466 778
797 779
455 779
897 780
956 782
970 783
671 783
832 784
516 784
497 785
829 785
409 786
836 786
913 787
777 788
917 789
339 789
646 790
885 790
47 791
331 791
767 792
196 793
657 796
299 796
301 796
586 796
56 796
844 797
36 798
770 798
900 804
143 805
66 806
619 806
900 806
254 807
813 810
61 811
754 811
283 811
993 813
153 813
341 814
630 814
970 816
251 817
102 818
234 822
966 823
23 825
184 825
222 825
792 826
291 828
173 828
929 832
622 833
975 834
313 834
36 836
365 837
672 837
273 838
175 838
415 838
578 839
737 839
339 839
155 840
999 840
874 841
739 841
836 843
311 843
681 843
485 844
833 846
38 848
831 848
171 850
606 851
766 852
924 852
490 853
423 854
951 855
573 858
792 860
933 860
194 860
358 860
99 865
733 866
601 867
326 868
526 869
179 870
425 871
552 872
15 875
714 876
492 876
594 876
849 878
421 879
385 880
68 880
223 881
947 881
113 882
770 884
656 886
97 887
917 888
939 888
47 889
267 889
954 889
48 890
499 890
23 891
374 894
747 896
105 897
660 898
554 898
683 899
183 900
192 901
185 901
953 901
523 902
309 905
376 905
918 906
94 907
128 908
24 909
652 910
358 911
713 911
28 913
97 913
104 915
800 915
217 915
680 917
683 918
741 921
69 921
905 922
345 922
12 926
508 927
957 928
658 931
259 932
88 933
883 933
715 933
644 934
498 935
787 935
660 935
792 936
288 937
175 938
741 938
709 939
596 940
233 942
867 943
816 944
356 946
501 946
418 946
572 947
569 948
915 952
127 952
27 954
334 956
786 958
137 958
9 961
338 962
577 962
177 962
460 962
274 963
628 963
274 964
601 965
352 965
541 968
213 968
485 969
932 969
585 970
464 971
824 971
517 972
528 975
397 976
606 977
296 977
388 978
475 979
371 979
966 981
6 984
256 984
559 985
400 987
947 988
136 989
93 990
292 991
736 993
842 994
267 994
661 995
695 996
561 996
967 997
989 998
