545
54 1
343 1
454 3
151 4
417 8
173 9
41 10
387 11
68 18
330 18
140 23
21 24
220 25
360 26
341 31
473 33
249 33
502 33
31 35
65 35
291 36
19 40
476 40
187 41
514 43
408 45
183 45
7 47
69 47
376 49
389 56
281 57
419 58
61 60
365 64
475 69
366 71
495 72
452 72
199 73
99 76
393 81
438 81
52 81
18 82
193 83
427 84
150 87
161 89
443 90
204 97
439 100
132 101
161 101
500 102
291 102
278 102
446 103
521 106
346 109
167 110
284 110
523 111
150 113
388 113
333 120
425 120
89 122
56 124
108 126
232 129
230 132
39 135
139 136
118 138
93 141
533 144
61 145
186 147
252 150
211 156
114 163
107 164
356 166
49 167
148 168
268 169
58 169
268 169
189 171
434 173
383 174
396 175
155 176
167 177
395 177
183 178
161 180
490 181
344 181
47 182
129 183
2 184
329 185
325 186
329 187
502 187
275 192
404 195
509 195
441 197
280 198
187 198
335 200
29 203
259 203
59 204
19 204
171 205
448 206
178 210
295 211
219 213
176 215
540 219
475 222
96 223
13 225
378 228
378 228
420 231
218 235
245 236
534 237
24 242
309 243
450 243
67 244
240 245
6 245
248 247
346 248
334 248
440 250
268 251
110 251
288 251
141 253
262 254
315 255
455 257
504 258
5 259
452 261
408 263
167 264
470 264
37 265
362 265
121 268
117 271
476 273
381 274
135 279
56 281
203 282
345 282
508 285
83 287
248 291
520 293
298 296
202 298
352 300
518 304
514 305
307 306
37 306
423 308
113 308
65 308
97 310
76 313
437 313
430 318
161 320
160 325
222 326
5 326
290 329
312 330
519 331
262 334
89 336
475 336
126 339
495 343
364 344
49 344
532 346
192 349
386 349
350 351
16 352
252 353
396 353
505 354
187 355
120 356
495 359
310 362
212 365
196 367
36 367
467 373
337 375
481 376
521 377
374 379
55 379
24 388
51 390
334 391
269 392
56 393
21 394
403 394
399 400
369 401
355 402
254 408
82 408
83 408
520 408
491 410
506 410
87 418
106 418
545 420
202 420
168 421
71 424
297 425
278 429
375 430
349 432
243 433
246 433
156 434
328 435
470 435
155 436
208 437
110 437
536 439
25 443
154 444
350 444
177 448
207 448
264 450
116 450
232 450
383 454
340 457
124 457
112 458
320 459
318 459
294 459
487 461
394 461
273 463
397 463
308 466
25 470
193 471
431 474
25 474
484 477
246 477
284 478
257 478
378 483
62 486
115 488
493 488
533 491
373 492
247 493
472 494
484 496
231 498
121 499
104 500
84 501
387 502
465 506
348 506
121 509
417 514
323 514
255 517
314 521
186 522
225 523
105 526
419 530
270 530
531 533
484 534
469 535
382 537
124 537
487 539
441 539
255 540
150 543
4 543
316 544
42 546
533 549
536 550
128 550
26 550
356 551
393 552
105 555
226 556
361 556
471 557
282 562
280 563
526 566
91 569
253 573
217 577
379 578
480 584
112 584
9 585
460 585
285 586
115 586
268 587
529 588
345 592
121 592
55 596
334 597
542 597
262 598
454 601
506 603
475 604
71 604
109 609
537 610
515 612
39 613
350 614
155 614
511 617
224 617
146 617
304 623
507 625
21 627
394 628
147 628
497 628
223 630
191 633
141 633
57 635
486 635
301 636
288 636
18 636
131 636
283 637
539 637
242 641
355 642
328 644
401 646
292 647
305 649
19 652
461 652
239 654
39 659
162 664
396 664
152 665
346 666
498 669
396 670
353 671
345 673
423 674
60 674
29 675
273 675
432 675
365 677
228 681
1 682
284 682
366 683
483 684
274 686
160 687
281 687
192 688
315 689
158 689
374 690
388 691
159 695
85 696
234 696
339 697
367 697
263 701
538 704
224 705
81 705
151 711
327 712
365 713
408 714
262 718
27 719
347 724
471 724
76 725
9 725
378 725
249 731
292 735
3 736
495 737
169 737
461 738
9 739
350 740
273 741
284 748
424 748
77 750
135 752
188 753
39 754
258 755
483 755
398 756
350 760
317 760
486 760
6 760
376 762
245 766
68 769
244 769
241 772
128 773
21 775
1 775
119 778
390 782
355 782
84 784
119 786
389 787
72 787
214 791
174 792
447 793
149 795
463 796
292 798
293 803
4 803
508 808
13 809
472 810
389 811
231 811
331 811
339 811
477 812
14 815
42 815
324 816
349 817
49 818
310 820
400 820
351 820
504 821
426 828
357 830
477 831
433 831
483 831
209 831
439 833
315 838
113 839
308 843
93 843
218 844
468 845
437 845
101 846
226 846
364 846
299 849
329 853
155 854
329 856
484 857
329 859
369 860
52 860
435 861
467 862
496 863
278 864
493 865
429 866
429 867
169 869
30 871
217 871
94 872
420 876
425 877
88 878
25 880
322 882
248 882
60 884
411 884
