316
23 8
604 11
521 12
160 18
393 21
507 23
190 23
675 24
911 28
696 35
123 38
276 40
577 40
899 45
972 46
641 49
330 55
38 58
360 62
951 67
262 74
480 78
681 79
529 86
882 88
379 92
336 96
57 97
12 100
828 103
592 103
972 105
280 106
139 107
654 110
174 111
880 113
985 113
253 114
495 116
988 116
334 119
128 122
513 126
588 128
699 132
676 132
249 134
61 134
374 137
26 137
906 138
681 139
883 140
334 143
192 148
116 150
549 153
691 155
473 163
878 166
306 175
19 175
95 177
702 177
704 183
812 184
910 184
259 187
53 192
262 201
31 203
588 203
140 208
755 212
873 215
785 216
396 219
597 219
48 222
150 223
445 223
61 227
96 227
373 235
124 243
24 249
23 252
936 252
553 258
279 270
149 277
939 289
749 296
227 296
254 297
331 307
147 310
899 310
204 312
146 313
564 313
217 315
378 325
888 328
932 330
49 332
622 334
750 338
701 339
168 343
282 344
782 344
19 345
878 356
49 357
497 357
201 361
839 363
30 364
276 365
102 366
296 366
652 372
522 382
412 383
985 383
649 398
475 401
849 409
680 412
109 417
503 418
940 431
77 437
756 442
283 444
612 449
603 450
880 451
275 453
626 455
26 460
172 474
583 475
912 476
823 477
90 478
64 480
747 483
371 486
588 493
952 495
241 497
419 502
687 506
935 512
652 518
45 519
64 521
14 529
847 532
957 535
473 537
983 537
946 539
305 552
749 553
104 559
739 560
986 560
482 560
424 560
479 561
835 563
341 563
662 569
997 572
156 573
946 578
196 582
622 586
76 596
584 599
751 601
581 602
935 606
253 612
103 612
919 613
219 614
153 619
762 620
69 620
622 620
635 627
771 628
990 632
481 633
707 638
878 644
408 644
489 654
558 658
24 659
92 664
458 671
724 671
166 673
165 678
626 681
391 683
320 684
434 685
885 687
567 690
5 697
187 702
86 702
700 703
800 704
820 715
542 718
293 719
784 729
655 729
710 734
366 738
251 741
763 743
46 743
482 743
660 744
987 745
425 745
866 751
958 755
571 756
483 758
342 761
650 763
532 769
89 773
846 774
575 776
554 777
299 781
719 784
60 787
901 788
672 793
83 795
672 800
994 801
564 801
392 803
368 809
440 810
781 814
895 814
755 817
347 819
810 826
159 828
742 838
361 844
723 849
881 850
625 854
417 861
450 862
939 865
777 869
282 869
714 871
390 874
528 876
206 879
437 885
559 886
236 887
468 894
297 895
540 903
269 904
814 904
406 904
607 908
652 917
357 923
854 924
869 931
328 937
904 938
455 943
545 943
443 950
97 952
232 954
277 955
300 957
705 957
325 959
916 961
856 964
492 966
246 971
575 975
497 984
634 988
424 989
199 993
644 996
542 1000
753 1000
32 1000
