967
69 0
10 1
64 2
54 4
13 4
60 4
57 4
52 5
6 5
14 6
28 7
32 7
49 7
24 7
20 8
14 9
32 10
74 11
65 12
42 12
14 12
19 13
17 15
23 16
38 16
71 16
68 17
49 17
73 17
25 17
72 17
8 17
65 18
72 19
40 19
35 20
48 20
50 20
26 20
13 20
3 21
50 21
23 21
27 21
66 22
41 22
35 22
24 22
58 22
22 23
41 24
38 24
27 24
65 24
36 25
36 25
27 26
67 26
36 26
1 27
41 27
10 28
21 28
23 28
8 29
66 31
57 31
52 31
5 31
72 32
58 32
16 34
73 34
57 34
6 35
70 35
69 36
34 36
45 36
69 36
48 37
46 37
13 37
74 38
8 39
55 39
27 39
27 40
2 41
70 41
26 43
29 44
64 44
4 44
10 45
63 45
20 46
56 47
19 47
5 47
23 47
55 48
44 48
5 49
5 49
15 50
3 50
68 51
19 52
2 52
41 53
67 53
27 53
71 54
27 54
16 55
17 55
24 55
53 55
60 56
15 56
15 56
44 56
37 57
5 58
13 58
37 58
19 58
55 59
56 60
32 61
51 61
60 62
45 62
17 63
20 63
54 63
67 63
67 64
28 64
45 65
11 65
42 66
38 66
59 67
21 67
6 67
16 67
45 67
48 69
65 69
59 70
51 71
15 71
43 72
73 74
20 74
69 74
9 74
11 75
5 75
2 75
4 77
68 77
43 77
60 77
75 78
15 78
41 78
59 79
19 79
30 79
6 80
44 80
1 80
5 80
56 82
7 83
12 83
38 83
73 84
55 85
66 85
32 86
51 87
35 88
38 89
69 90
55 90
26 90
33 91
28 91
19 92
38 93
61 93
52 93
1 93
64 94
71 94
10 94
17 94
1 94
30 94
17 95
4 95
51 95
67 96
43 96
46 97
34 98
47 98
26 99
23 99
7 101
66 103
14 103
55 103
46 103
54 103
13 104
63 105
50 105
14 105
8 106
60 108
27 108
54 108
50 109
6 109
27 110
7 110
6 110
13 111
73 112
37 112
4 112
22 112
13 112
34 112
47 115
20 116
40 116
20 116
14 117
40 117
27 118
6 120
68 120
13 120
36 121
3 122
32 122
65 122
55 122
1 124
8 125
43 125
67 126
47 127
22 128
72 129
61 130
1 132
39 132
33 132
32 133
21 133
23 133
41 134
55 135
31 135
65 135
22 135
54 136
11 136
23 136
28 137
27 138
50 138
50 140
53 140
9 141
8 141
21 141
71 142
61 142
73 143
65 143
8 143
10 143
52 143
31 144
36 146
31 147
11 147
5 148
26 148
23 149
67 149
31 149
10 150
37 150
31 150
26 151
24 151
63 152
49 153
75 153
31 153
31 153
60 153
53 154
62 154
34 154
57 155
25 157
63 157
54 157
37 157
17 158
65 159
23 161
16 161
46 163
61 163
21 164
58 164
41 164
18 164
45 164
75 165
62 166
7 166
33 167
3 167
67 168
13 168
36 168
70 168
26 168
71 169
29 169
30 169
9 169
66 170
53 170
64 170
16 171
21 172
74 173
59 173
38 173
26 174
34 174
68 175
19 175
28 175
34 176
2 178
51 178
16 178
61 179
14 179
48 179
37 181
32 181
74 181
72 181
69 181
59 181
53 181
27 183
21 183
16 183
65 184
69 185
16 185
70 186
16 186
25 186
41 186
26 186
56 187
2 187
39 187
46 187
15 187
25 187
70 189
61 189
8 190
3 191
63 191
68 192
72 192
24 193
35 194
73 195
20 195
42 196
24 197
21 197
3 197
56 197
44 198
62 198
46 198
27 199
27 200
55 200
18 201
10 201
38 201
40 201
20 202
56 203
2 203
73 203
30 204
61 205
56 205
74 205
10 206
23 208
39 208
46 208
49 210
72 210
25 211
28 211
38 211
27 211
52 212
30 212
15 212
34 212
36 213
51 214
24 214
72 217
55 218
72 218
38 219
28 219
35 220
19 220
53 221
34 221
60 221
38 221
74 222
21 222
63 223
46 224
23 224
51 224
5 224
54 225
10 226
22 226
3 228
37 229
50 229
39 230
20 230
53 231
42 231
1 232
10 232
60 232
29 233
69 234
5 235
59 235
15 237
31 238
47 238
75 239
17 240
75 240
48 240
19 240
47 240
2 241
9 242
75 242
27 243
56 243
61 243
23 244
5 244
7 245
17 245
45 245
2 246
37 246
8 247
47 248
4 248
36 248
60 248
55 249
51 250
24 250
57 250
42 253
32 253
31 253
28 253
3 253
51 254
23 255
16 255
2 255
10 256
25 257
60 258
75 259
60 259
51 261
52 262
59 262
23 262
36 262
10 263
27 263
66 263
63 263
14 264
16 264
70 264
1 265
49 265
39 266
11 266
52 267
30 269
55 269
55 270
9 270
33 270
22 271
73 271
18 272
46 272
57 272
6 273
28 274
21 274
58 274
30 276
34 276
25 276
17 277
6 277
62 278
45 278
65 278
52 279
17 279
32 280
49 280
57 280
40 281
11 282
28 282
4 282
11 283
21 283
44 283
61 283
69 284
6 284
57 285
30 285
37 285
68 285
24 286
23 286
6 286
62 286
5 286
65 287
31 287
36 289
63 290
53 290
28 290
60 290
49 291
43 291
26 291
37 291
29 291
22 291
43 292
30 292
36 292
38 294
58 295
9 297
42 297
58 297
4 299
14 299
18 301
34 301
12 301
38 301
61 303
36 305
50 307
57 307
39 307
34 309
73 309
5 309
46 310
51 310
31 312
4 314
40 314
74 314
4 315
43 315
19 315
24 317
5 317
62 317
68 318
39 318
17 318
49 318
41 319
42 319
14 321
61 322
21 322
63 323
69 323
58 324
61 324
75 325
41 325
33 326
33 327
17 327
68 328
4 329
60 331
25 331
10 333
1 333
32 334
37 334
42 334
6 336
75 336
3 337
55 338
14 339
32 339
57 339
59 341
69 341
34 341
59 341
47 342
35 343
26 345
2 345
12 345
34 348
61 350
74 350
16 351
11 351
12 352
30 353
1 353
12 354
7 355
51 355
55 355
29 355
50 357
46 358
41 358
39 359
39 359
49 359
50 360
3 361
49 361
3 362
17 362
29 362
70 362
1 362
42 362
49 363
7 363
14 364
63 364
36 364
1 364
69 365
16 365
40 365
75 365
2 366
47 367
56 367
11 367
11 368
49 368
36 369
8 369
61 370
1 371
20 372
51 372
22 372
30 373
16 374
17 374
11 374
33 376
27 377
7 377
32 378
60 378
14 378
11 379
74 380
42 380
56 380
33 381
53 381
41 382
2 382
4 382
56 383
17 383
23 384
72 384
68 385
45 386
45 386
7 386
52 386
34 388
14 389
43 389
40 391
42 391
2 392
25 392
54 393
30 393
7 393
42 394
47 394
23 395
74 395
35 395
72 395
60 397
32 397
62 397
30 398
15 398
50 399
55 399
73 401
4 401
28 403
66 403
14 403
69 404
66 404
21 404
37 404
44 405
25 405
70 405
55 405
17 406
65 407
65 407
29 408
47 408
11 408
40 408
30 408
71 409
16 410
48 410
71 411
24 411
66 413
50 413
14 414
21 414
34 414
47 415
74 416
1 417
51 417
44 418
58 420
73 420
45 420
51 421
68 421
32 421
65 422
71 422
5 423
8 423
11 423
20 424
39 424
43 425
60 426
62 426
11 426
44 426
36 427
2 427
31 428
74 428
73 429
28 429
25 431
20 431
36 434
8 434
63 435
60 435
49 435
54 435
33 436
74 437
62 438
48 438
5 438
39 438
47 439
49 439
16 439
31 440
11 440
63 441
25 441
39 441
18 442
41 442
25 443
14 443
59 444
68 444
28 444
54 445
32 446
12 447
16 448
18 448
24 448
14 448
4 449
67 449
55 451
63 451
23 451
18 452
61 452
44 453
59 454
72 455
22 455
45 455
44 456
43 456
35 457
16 457
3 458
67 458
54 459
49 460
65 461
35 461
14 462
12 463
36 463
32 466
50 466
44 466
65 467
26 468
58 470
24 470
69 470
37 471
43 471
57 471
2 472
13 473
55 474
67 474
62 475
36 475
31 475
10 475
44 476
66 477
33 477
6 478
15 478
8 478
11 478
24 479
46 479
66 479
58 480
8 480
45 480
64 481
34 482
17 482
17 483
23 484
65 484
33 484
71 484
36 484
61 484
19 485
18 487
8 487
39 487
46 488
66 489
22 490
47 490
14 490
36 491
36 492
24 492
49 492
2 492
69 492
12 492
55 492
41 493
10 493
45 496
13 496
54 497
3 498
16 499
18 500
7 500
72 501
71 501
16 501
4 501
