1000
182 0
180 0
577 1
199 4
305 7
977 8
449 9
893 10
952 11
255 12
674 14
578 14
569 18
882 18
811 18
250 18
266 19
109 20
316 22
726 23
699 27
444 27
856 29
932 29
256 29
335 29
504 32
769 32
531 33
617 34
256 36
307 36
654 37
600 37
698 37
220 37
581 38
793 39
810 39
821 41
59 41
631 41
824 42
457 43
162 43
87 44
102 44
680 48
30 48
417 50
333 50
493 51
763 52
230 52
98 53
860 53
690 54
52 56
160 56
350 56
374 57
612 58
361 58
679 59
668 60
374 61
467 62
522 64
226 65
274 68
24 71
973 71
866 72
694 73
261 74
231 75
233 76
453 77
30 77
346 78
996 78
605 79
499 79
260 80
768 81
705 83
866 83
50 83
379 84
625 84
310 86
262 86
138 92
528 94
793 95
70 95
678 96
818 96
560 96
484 97
410 98
736 98
545 99
179 100
32 100
947 100
333 101
411 101
558 101
385 101
700 101
283 102
637 103
218 104
36 105
142 107
478 108
765 108
895 112
88 113
14 115
472 117
735 118
301 118
144 119
316 120
344 120
535 121
116 122
448 124
515 126
992 126
753 126
137 126
166 127
724 129
413 130
338 130
983 130
823 133
863 133
272 137
897 139
331 140
211 140
94 141
591 141
365 142
937 143
59 144
620 145
895 146
792 146
386 146
647 148
318 149
189 150
444 152
175 153
880 153
679 154
173 154
464 155
520 155
290 159
639 159
448 159
438 159
762 161
269 161
534 162
637 162
748 162
893 163
548 163
618 164
169 164
811 165
41 165
831 166
723 166
720 167
783 172
844 173
186 173
489 175
965 177
526 177
639 178
709 179
940 180
651 180
690 182
64 182
510 185
560 187
850 189
86 193
12 194
787 194
376 195
674 196
508 197
383 197
658 199
871 200
139 202
474 203
886 205
201 206
271 206
321 207
179 207
599 208
604 209
146 209
65 211
334 211
375 214
739 214
454 214
595 214
385 216
879 217
363 218
786 219
778 219
633 220
166 220
809 221
274 222
34 224
468 225
271 227
182 227
838 227
828 228
713 229
172 230
563 231
530 231
484 231
466 232
452 232
780 232
797 233
115 234
658 234
18 237
929 238
511 239
124 240
163 241
939 242
177 242
592 243
1000 244
68 244
276 245
384 245
427 246
156 246
921 247
825 251
269 251
401 251
51 252
634 252
167 252
806 254
406 255
482 256
426 256
746 257
143 259
859 259
743 260
219 260
786 261
592 262
445 264
169 264
375 265
964 265
142 266
658 266
716 268
26 270
445 270
24 271
485 272
864 273
726 273
708 274
881 275
745 277
961 277
542 277
847 278
301 279
523 279
814 281
286 282
319 282
209 282
608 283
952 284
234 287
131 287
664 288
199 289
605 289
42 289
637 290
579 293
186 295
347 297
130 297
883 299
548 300
792 301
429 302
854 302
744 305
344 307
903 307
284 307
271 309
467 310
214 315
346 316
46 317
349 318
403 318
142 320
404 320
964 322
170 322
39 323
599 323
345 324
447 325
905 325
638 327
962 327
381 327
919 328
970 329
679 329
255 330
731 330
13 331
987 332
899 332
458 333
409 333
865 334
642 337
804 339
394 340
99 341
154 342
609 343
793 343
489 346
611 350
846 351
265 351
918 352
9 353
66 356
422 357
134 357
811 358
294 358
471 358
927 359
747 360
228 361
526 361
144 361
240 361
450 362
480 363
54 364
729 367
512 368
860 369
820 370
483 371
943 372
687 373
479 373
764 373
835 374
759 374
225 374
412 375
289 377
316 380
983 381
641 384
15 385
607 385
625 386
568 386
925 388
32 388
799 389
528 390
531 390
226 391
344 391
567 392
397 392
47 393
925 393
913 393
41 394
507 394
613 395
562 395
159 396
716 397
931 401
944 404
297 404
842 405
323 405
933 408
173 409
194 409
503 410
892 412
250 412
753 414
597 414
619 417
121 417
219 417
733 418
755 420
501 421
195 422
750 423
748 425
461 426
642 426
46 426
358 427
606 427
333 430
60 430
801 431
761 431
510 431
368 431
406 432
540 432
1000 433
363 435
738 435
721 436
578 437
299 438
19 439
566 440
50 442
941 444
982 445
941 445
455 447
413 448
121 449
649 450
991 451
661 454
7 454
773 456
376 460
397 461
294 461
203 462
541 466
470 468
830 469
116 470
826 471
226 471
302 472
922 473
92 477
932 479
337 482
508 482
225 482
800 482
529 482
426 484
783 486
589 489
88 489
626 489
32 490
967 491
35 493
815 495
290 498
259 498
525 499
582 500
867 501
528 503
702 503
39 504
765 504
91 505
400 506
35 506
951 507
214 507
378 508
823 508
218 509
952 510
325 510
420 511
91 512
228 514
200 515
439 515
207 515
951 517
43 518
394 520
879 520
840 520
990 521
697 521
541 522
339 523
638 524
769 524
744 524
1000 525
461 527
584 529
474 529
297 529
701 531
300 532
917 532
229 533
757 536
872 536
571 537
903 537
11 537
971 539
153 540
614 542
664 542
293 544
748 545
428 545
517 547
118 547
458 548
192 553
28 553
324 554
810 554
883 555
886 556
640 556
391 556
136 557
656 557
912 558
719 558
728 559
52 560
949 562
140 562
335 562
138 563
767 566
498 566
447 567
590 567
201 567
921 568
932 569
103 569
121 572
347 573
227 574
877 576
879 577
109 578
59 579
852 579
38 580
876 582
753 585
837 585
40 586
857 587
466 590
461 591
582 592
751 592
852 598
293 599
678 599
713 600
779 601
312 601
393 603
125 603
889 606
945 607
571 609
114 609
191 609
32 610
324 614
767 615
695 618
500 618
211 619
110 619
230 619
570 620
447 621
457 622
835 622
327 623
734 624
377 624
395 625
295 625
40 627
133 628
926 629
281 629
785 630
95 630
46 630
505 632
776 634
245 636
167 636
994 638
865 639
178 639
555 639
677 641
756 642
476 643
832 646
775 647
217 649
955 649
443 650
583 650
306 652
296 653
781 653
386 654
166 656
996 656
226 657
36 657
159 657
68 659
406 665
479 668
2 668
134 672
868 672
124 672
530 672
902 673
885 673
595 674
220 674
681 676
201 676
700 676
173 677
140 677
490 678
522 680
810 682
282 684
311 686
690 686
397 686
330 687
75 687
56 687
539 689
311 691
189 693
802 693
781 694
876 695
990 695
322 695
555 696
202 696
658 697
710 697
45 698
582 699
352 700
485 704
246 706
379 707
130 710
721 710
280 711
15 714
167 716
830 717
785 719
147 719
788 719
790 720
925 723
168 724
475 725
565 726
825 726
853 728
490 729
309 731
826 731
734 733
18 734
436 734
155 737
226 738
744 740
307 740
440 740
603 740
146 741
406 741
334 741
885 742
386 744
192 745
373 745
137 747
395 747
540 749
270 749
147 751
622 752
519 753
71 753
943 753
65 755
182 757
545 757
900 762
794 763
520 766
996 767
245 767
348 767
601 767
768 768
890 768
581 769
813 771
147 772
658 772
644 773
76 774
743 775
930 777
725 778
627 778
771 779
541 780
831 781
291 781
584 786
950 787
355 788
265 789
898 790
621 791
845 792
864 793
80 793
682 795
329 795
713 797
859 798
496 799
195 800
596 800
617 800
965 801
342 801
711 803
930 803
679 804
224 806
436 807
559 807
500 808
348 809
129 810
9 810
414 811
800 812
778 812
958 813
590 814
617 814
262 814
27 815
151 815
440 816
654 817
45 818
772 820
85 823
926 825
545 825
368 825
588 828
185 828
36 833
340 834
240 835
785 838
451 838
205 838
994 839
439 839
431 841
374 842
486 843
732 843
70 846
966 847
160 847
554 848
764 849
781 850
235 850
570 851
506 851
81 852
667 852
338 852
364 853
506 855
250 859
510 859
23 860
613 860
325 860
285 862
211 864
278 864
167 867
771 871
284 871
423 878
134 880
591 880
67 882
213 883
96 884
427 888
670 888
28 888
864 889
5 890
556 891
317 891
486 892
306 892
710 893
418 899
301 899
360 899
808 899
801 899
59 900
732 901
59 902
923 903
532 903
64 904
266 906
440 906
205 907
908 907
430 908
885 909
555 909
350 910
34 912
159 913
895 913
963 914
469 915
719 918
260 919
532 920
712 920
234 920
545 921
67 923
80 924
570 924
820 925
389 926
343 927
969 928
732 929
361 929
597 931
675 931
241 933
935 935
883 935
730 937
576 940
240 940
365 941
961 943
630 945
532 945
355 947
525 948
323 948
668 949
845 950
141 951
243 952
849 953
168 953
431 954
182 956
672 956
718 960
213 960
624 961
342 962
954 963
614 964
190 965
247 965
743 967
279 967
206 969
684 969
519 970
152 970
499 970
38 971
487 972
204 975
512 975
44 978
598 978
389 978
305 980
834 980
606 981
378 982
860 983
696 984
123 984
801 986
40 986
222 986
341 987
90 988
150 989
301 990
913 992
954 993
206 993
806 995
94 995
241 996
257 997
144 999
776 999
367 1000
