632
904 1
632 1
819 2
664 5
152 7
636 7
772 8
737 9
858 9
547 9
261 9
823 10
27 10
469 11
629 12
419 13
277 16
213 16
775 17
124 21
147 21
553 21
823 21
124 22
181 22
423 22
179 23
134 24
704 26
444 26
815 27
140 29
466 30
459 30
807 30
78 31
475 33
479 34
262 36
596 36
557 36
466 37
443 39
626 40
901 40
898 40
828 41
542 41
77 42
803 43
705 44
681 45
167 48
805 50
813 51
879 52
867 54
899 54
741 55
460 55
305 57
727 59
909 61
305 63
172 63
615 63
420 64
487 67
576 69
726 71
491 72
299 73
409 76
347 78
338 80
785 81
583 82
611 85
706 89
645 90
207 90
166 91
360 92
7 94
656 95
430 95
907 95
417 95
288 97
861 97
67 102
762 103
896 110
543 110
433 111
668 116
329 117
754 118
723 118
767 119
201 120
395 120
49 122
465 125
43 126
580 128
707 129
659 131
214 131
794 132
698 133
566 133
776 134
223 134
220 135
136 135
191 136
126 136
276 136
295 137
718 140
849 140
284 141
858 141
854 141
340 142
717 142
619 143
78 143
880 144
705 145
151 145
864 146
335 146
760 146
172 147
104 147
392 147
86 149
671 149
893 151
766 151
416 152
286 152
905 155
192 156
881 157
710 159
689 160
484 161
330 162
442 163
51 163
598 163
768 164
1 166
354 167
218 169
362 169
628 170
802 170
660 173
734 173
368 174
588 174
354 176
895 176
508 177
696 177
37 178
38 179
805 181
682 181
89 183
30 184
854 186
292 187
388 190
527 191
300 192
292 192
179 194
572 194
85 196
730 197
60 197
270 198
290 198
97 198
378 199
503 203
289 205
31 207
897 208
629 208
28 210
897 210
687 211
101 211
331 212
13 212
225 216
275 216
884 217
572 218
258 218
503 220
885 220
117 224
61 225
680 226
126 228
448 229
884 229
226 233
179 233
402 233
24 235
202 235
909 237
713 237
816 238
738 240
399 240
855 241
700 242
536 242
28 242
477 243
580 243
342 245
13 245
621 245
145 246
351 248
770 249
556 250
800 254
891 256
271 258
540 259
300 259
520 259
69 261
497 262
34 262
318 262
611 264
368 264
367 265
695 265
775 266
636 267
826 267
856 268
802 268
770 268
571 270
423 271
163 273
764 273
810 275
215 275
269 275
189 276
219 277
890 278
806 279
851 279
749 279
341 280
402 282
21 282
820 283
885 283
828 285
342 287
595 287
258 288
16 289
816 291
493 294
654 295
887 295
460 296
341 297
47 297
590 297
111 299
194 302
203 302
845 302
299 303
323 304
617 307
241 308
247 308
624 309
798 309
877 309
195 309
127 310
502 311
323 312
187 313
838 316
722 318
747 319
61 319
110 319
544 320
148 322
569 324
505 324
775 325
604 326
69 327
432 328
662 329
159 329
853 330
605 331
778 331
794 332
203 332
891 333
375 333
644 335
804 335
342 336
634 336
170 337
268 337
668 339
112 339
431 339
386 340
900 341
690 342
618 343
387 344
696 345
904 348
525 349
560 350
32 351
530 351
809 355
697 357
272 358
882 358
21 358
655 359
678 360
690 360
669 362
359 362
295 363
642 363
385 363
251 365
638 365
370 367
541 367
692 368
131 369
392 370
705 371
320 373
453 374
269 375
450 377
722 379
394 380
442 383
694 385
591 385
658 387
341 389
908 395
430 396
849 397
506 398
463 400
19 401
193 403
669 403
21 404
861 404
364 404
631 406
166 406
295 407
182 408
267 411
472 411
421 412
399 414
165 415
115 418
786 419
446 422
279 423
13 425
696 427
904 427
601 427
610 429
842 430
509 431
562 431
432 431
382 431
59 432
474 432
167 434
674 434
644 434
809 435
33 436
231 437
359 437
828 438
828 438
1 438
502 444
287 445
683 446
570 446
401 448
395 449
429 452
811 453
71 453
893 453
772 455
19 456
134 458
202 458
841 459
204 460
502 461
594 462
220 462
546 463
547 463
779 465
786 466
908 467
157 468
665 468
877 468
871 469
278 471
327 471
46 472
402 472
11 472
24 473
908 479
145 480
219 480
225 480
707 481
796 481
232 482
406 484
727 484
705 484
907 485
808 485
196 486
454 486
693 487
358 488
124 488
165 489
172 491
639 491
382 492
904 496
149 497
672 498
681 499
661 499
448 499
29 500
809 501
443 502
646 503
445 503
694 505
122 506
283 506
595 507
599 510
385 510
140 511
335 511
567 512
136 513
849 514
527 514
324 515
324 515
688 515
814 516
728 517
206 517
246 518
802 520
175 520
372 521
853 522
578 522
821 522
184 523
307 523
848 527
190 528
394 528
805 529
7 529
535 530
749 531
113 531
693 532
798 532
805 533
404 534
578 534
830 535
238 536
677 537
124 538
97 538
335 540
627 540
688 540
773 540
803 541
424 542
818 545
70 546
109 547
777 550
553 553
448 557
308 557
13 559
29 559
558 560
130 561
593 562
258 563
235 564
696 564
370 566
120 566
662 567
75 571
644 572
203 573
775 576
551 577
292 578
163 578
747 578
373 579
912 580
352 580
649 581
369 582
876 583
93 585
819 586
478 587
619 589
501 590
35 592
746 592
511 593
696 594
711 595
874 596
741 598
272 598
836 599
801 600
185 600
720 600
436 601
644 601
64 604
719 605
342 605
643 609
763 610
107 610
734 611
130 613
128 614
614 614
487 615
184 616
506 616
758 618
830 619
355 620
447 621
33 622
779 624
541 625
340 626
687 626
491 627
390 630
619 630
55 630
10 631
626 632
885 632
431 633
634 634
717 634
503 636
514 636
716 639
670 640
866 642
444 642
383 642
