994
743 2
268 3
540 4
7 4
896 5
697 5
658 6
85 8
927 8
307 9
194 11
630 11
810 13
782 13
54 14
584 15
343 15
18 17
899 17
958 18
249 18
804 18
319 18
737 18
721 19
238 19
999 20
613 20
85 21
585 22
146 22
759 22
491 26
751 29
889 29
739 32
938 32
472 33
581 34
237 34
920 36
592 36
975 39
854 39
398 40
237 42
69 42
609 44
666 45
39 45
45 45
581 46
817 47
212 47
808 48
41 48
396 49
839 50
250 50
450 51
843 53
321 53
657 53
814 54
396 57
913 60
136 60
667 61
166 61
16 62
452 64
568 64
281 66
375 67
227 67
956 67
558 69
464 73
205 73
830 79
744 80
101 80
292 80
438 81
892 82
88 82
466 84
720 84
415 86
216 87
118 87
6 88
180 91
452 92
542 92
618 95
393 95
737 95
75 96
416 97
635 98
384 99
132 100
601 103
28 103
874 105
219 105
452 110
909 111
585 113
474 114
215 114
424 115
528 115
520 117
500 117
390 118
460 119
181 119
732 120
619 120
378 123
330 123
80 124
724 125
660 125
363 126
29 126
880 127
124 128
265 129
787 130
247 130
570 130
480 131
998 131
320 132
79 133
214 134
579 135
820 135
672 135
548 138
1000 140
8 143
556 143
392 144
709 144
79 144
638 145
675 146
92 146
412 146
822 148
168 150
716 150
961 150
60 150
533 152
284 152
790 153
595 156
240 158
68 162
846 164
360 164
847 166
428 167
597 169
3 170
176 171
817 173
363 173
165 173
455 173
266 174
598 174
369 176
373 176
829 176
184 177
601 182
575 183
848 184
852 184
727 185
636 186
456 189
46 191
146 191
640 191
309 192
754 194
153 194
968 194
597 195
490 196
335 199
71 201
36 203
82 204
749 209
196 210
195 211
882 211
395 212
667 212
371 212
696 215
794 215
452 217
539 217
378 220
65 221
201 221
528 222
872 223
549 224
164 225
702 225
876 226
37 226
427 227
213 230
811 231
867 231
413 231
631 232
48 235
701 236
981 237
331 238
962 240
6 242
92 242
572 243
793 243
18 244
828 245
855 247
445 247
134 247
122 248
958 249
677 249
264 249
303 249
185 251
31 251
239 255
103 256
509 258
236 262
13 262
604 262
870 265
882 266
32 269
82 270
825 274
219 274
250 274
678 274
983 274
1000 275
53 276
21 278
141 279
827 279
953 279
687 281
391 281
742 282
447 282
795 283
331 283
856 284
897 288
751 289
638 289
384 290
241 290
722 291
817 293
31 293
750 296
556 296
729 297
600 297
328 299
324 300
147 301
74 303
571 305
962 306
659 306
564 306
310 306
2 308
858 309
422 311
700 312
908 312
97 312
756 314
636 314
914 315
556 316
795 316
381 317
969 318
562 319
145 320
206 320
605 321
687 321
253 321
583 322
754 322
585 323
449 323
999 323
948 324
239 324
445 325
616 327
750 328
361 328
360 331
119 331
212 332
614 334
811 334
614 334
129 335
92 337
268 339
512 339
505 340
405 341
448 342
99 342
708 344
156 346
851 346
659 348
217 351
813 354
168 354
573 356
399 357
152 358
482 360
169 361
242 362
817 362
665 363
479 364
778 365
472 366
76 370
390 370
924 372
458 373
868 375
419 375
538 376
993 379
362 379
816 381
402 382
870 383
353 385
965 385
724 387
279 390
952 390
640 391
470 391
288 392
938 393
837 394
265 395
18 398
351 399
203 400
913 401
905 401
250 402
94 402
438 403
906 404
422 405
446 405
729 406
679 406
794 406
762 408
853 409
633 410
961 413
432 414
281 415
968 416
674 416
303 417
294 418
337 421
888 421
211 421
716 421
42 422
368 423
347 425
924 426
705 426
820 427
813 428
750 428
304 430
958 432
464 433
633 433
293 434
52 436
768 436
343 439
695 441
686 441
295 443
657 444
411 445
165 445
695 445
550 447
178 447
3 448
55 450
964 450
236 452
951 452
645 453
991 454
211 456
544 457
146 459
907 459
57 460
452 460
544 460
853 461
91 461
899 462
832 464
121 464
350 466
752 466
971 466
747 469
656 469
408 471
61 472
731 472
464 472
238 473
437 473
602 474
855 476
904 476
313 477
474 477
486 477
944 478
397 481
980 482
606 482
903 482
900 482
379 483
957 483
262 483
228 484
734 484
194 484
262 484
490 485
113 485
941 485
280 485
468 486
438 487
303 488
51 488
647 489
82 490
488 490
774 495
771 495
604 496
756 498
270 499
583 502
793 503
25 503
980 503
651 504
966 504
928 505
503 506
535 506
475 507
106 511
548 512
447 512
423 513
729 513
48 514
375 515
86 515
102 515
290 515
815 516
318 519
812 519
226 519
249 523
884 523
642 524
310 524
810 524
403 524
50 525
484 525
951 528
97 529
407 530
962 532
716 533
176 533
463 533
708 535
360 535
643 535
668 536
152 537
976 538
973 538
414 538
494 539
724 541
984 542
537 544
970 545
513 547
770 551
873 551
97 553
901 558
938 558
432 558
783 559
843 559
242 562
33 562
384 563
137 564
132 569
259 569
85 571
75 573
830 574
653 580
359 580
799 581
896 581
616 582
138 584
131 585
985 586
448 586
756 587
934 587
156 588
561 588
460 590
958 591
40 592
197 595
302 595
131 596
141 597
792 599
8 600
502 600
953 603
62 604
614 604
147 607
644 607
569 608
588 609
927 611
995 614
277 614
210 615
672 616
604 616
414 616
64 617
480 619
727 622
806 623
716 623
160 623
993 625
767 629
80 629
281 631
228 631
703 631
884 634
517 634
337 635
427 635
283 636
222 637
119 637
842 638
381 638
620 639
827 641
374 641
819 642
694 645
433 646
898 646
133 648
74 648
142 648
674 649
530 649
563 650
163 653
869 654
89 655
297 655
26 655
851 658
95 659
764 660
186 660
917 661
667 662
591 665
322 665
257 667
817 668
663 669
71 670
838 672
205 673
340 674
734 674
246 676
180 677
764 677
270 678
371 679
475 680
154 687
312 690
976 690
887 691
89 692
793 695
99 696
75 698
452 698
481 698
500 699
585 701
187 701
468 701
74 705
492 705
644 706
998 706
892 706
132 707
2 710
294 710
771 711
442 712
5 713
791 714
660 716
757 718
71 718
130 718
496 719
248 720
786 721
23 721
550 726
670 729
511 730
10 730
403 731
343 732
666 734
169 735
164 737
505 738
400 738
281 739
586 741
642 742
877 743
962 746
608 748
99 748
783 751
899 752
676 752
172 755
671 756
23 757
214 759
382 760
425 760
514 761
568 761
780 761
369 762
575 762
96 762
677 762
119 763
648 764
792 764
494 764
502 764
737 765
714 768
426 769
609 769
988 769
347 770
288 771
603 771
994 773
48 773
165 774
313 775
975 777
668 778
40 782
251 783
204 783
481 783
606 784
915 785
574 785
136 788
814 789
657 791
631 791
981 791
724 792
127 793
457 793
973 794
704 795
264 795
229 795
505 796
880 797
328 797
760 798
127 798
990 800
292 800
876 802
554 803
557 803
26 804
427 810
963 811
633 812
782 812
711 814
850 814
969 814
6 816
928 816
572 817
807 817
477 817
986 817
491 818
3 819
873 819
363 821
984 821
262 824
547 825
418 825
448 826
810 827
22 827
73 828
462 828
388 829
16 830
394 831
482 831
265 833
725 837
80 837
119 838
99 838
354 839
649 839
20 840
193 842
392 843
451 843
708 845
38 847
81 849
67 849
916 849
59 850
264 850
983 851
133 851
210 851
627 852
964 852
97 852
310 855
387 855
33 855
169 856
199 856
441 857
259 859
247 860
292 861
122 862
287 862
839 863
197 865
624 866
936 866
629 867
871 868
38 870
894 872
297 873
301 873
237 874
646 874
548 875
592 875
639 875
881 876
448 877
899 878
428 881
205 882
981 883
922 885
658 886
321 886
348 887
664 887
784 889
383 890
711 892
216 892
590 892
861 895
731 897
111 897
603 898
548 900
18 900
649 901
284 903
39 903
856 903
184 903
798 904
653 904
477 905
745 906
963 908
564 908
562 908
865 909
410 909
566 909
768 915
699 917
652 917
80 918
892 918
589 920
695 922
818 924
708 925
9 926
69 928
331 928
811 930
747 930
817 931
719 931
21 932
791 932
640 936
648 936
391 937
639 937
636 938
271 940
213 942
982 943
568 943
299 943
672 944
817 945
224 946
158 947
319 949
759 949
716 950
942 950
779 951
196 952
22 953
327 955
306 955
923 956
942 956
788 956
895 957
875 958
551 959
164 959
246 959
812 961
134 961
548 962
857 962
964 964
129 965
429 966
909 966
827 966
604 967
243 967
431 973
310 975
939 976
409 977
222 977
674 977
331 977
81 978
469 978
564 980
464 981
986 981
770 982
243 982
747 983
890 983
757 985
485 985
683 986
432 987
34 990
21 993
956 994
730 995
348 997
50 998
367 998
98 998
381 998
600 999
68 1000
