550
501 2
853 5
74 5
243 5
457 5
678 7
126 8
946 9
503 10
412 12
403 12
293 14
821 15
949 15
48 19
465 20
608 21
125 22
878 23
67 23
703 25
744 26
793 27
639 28
742 31
826 34
816 37
933 39
953 40
340 42
291 46
641 49
733 51
552 52
865 54
354 54
783 56
480 58
470 59
983 60
973 65
32 69
779 69
982 76
796 77
937 78
669 79
652 80
883 81
671 81
754 85
957 85
179 86
852 87
526 89
278 91
679 94
180 94
297 94
152 96
94 97
498 100
440 101
67 105
342 108
731 118
489 121
161 122
532 123
105 123
396 125
717 128
854 132
945 134
534 135
64 136
306 137
143 138
664 140
609 141
959 142
570 143
926 146
275 148
505 149
403 155
269 155
196 155
544 156
988 157
951 158
769 164
512 166
906 166
222 169
818 170
913 172
186 173
412 175
34 176
842 177
488 181
289 182
713 183
339 185
898 185
298 186
1 189
310 192
273 192
260 195
100 195
504 196
802 197
791 199
15 202
878 209
631 210
925 211
470 214
839 215
324 215
150 216
584 216
159 216
179 217
262 219
437 221
318 223
532 227
508 228
60 229
133 230
619 232
517 235
735 235
317 237
220 239
326 240
281 240
985 244
921 246
709 247
821 247
929 251
384 253
722 253
792 255
115 256
818 256
125 256
986 260
692 261
373 261
73 261
553 262
253 262
116 265
704 271
925 272
289 274
100 278
702 279
912 280
562 282
619 286
578 287
968 288
226 288
504 289
362 291
616 291
329 291
122 292
822 297
647 298
449 298
394 300
237 305
896 310
668 313
387 314
932 315
416 315
573 316
190 318
773 323
277 327
379 330
313 331
801 332
64 333
461 334
291 337
371 340
90 341
859 341
452 344
663 345
386 346
16 346
598 347
509 349
307 349
662 354
678 360
135 361
98 362
231 363
362 365
311 365
405 368
83 368
837 369
826 373
809 374
139 378
306 379
665 384
339 384
269 388
279 388
445 390
624 390
223 390
645 390
582 391
577 391
620 393
970 393
169 394
391 394
756 395
295 397
829 397
221 405
340 405
324 405
5 406
561 408
980 413
197 414
685 414
875 417
653 418
941 418
307 419
493 420
432 420
305 423
856 425
549 426
42 429
476 430
216 437
362 439
335 440
979 442
761 443
203 445
758 447
260 453
393 454
683 454
838 456
939 458
980 459
382 463
467 470
62 471
932 471
171 472
661 472
405 474
146 475
885 479
821 482
784 487
391 494
881 494
887 498
575 501
611 501
334 501
434 504
972 507
775 510
328 510
598 511
750 511
853 515
22 525
867 526
747 531
176 533
757 535
589 537
261 538
241 541
334 542
170 543
285 545
653 545
254 548
429 550
64 551
804 552
401 554
737 558
911 560
571 560
875 560
334 561
351 561
840 562
760 562
170 570
887 572
562 573
75 574
130 576
347 578
8 580
260 583
411 584
988 584
46 586
356 591
210 593
227 593
877 594
811 595
764 596
154 598
937 600
635 601
583 601
700 602
200 603
955 604
167 605
763 606
120 607
778 608
770 608
737 615
591 619
127 622
788 624
405 625
106 626
215 630
401 631
720 634
459 636
397 641
969 642
172 643
612 644
679 644
457 644
526 646
984 647
198 648
524 649
219 650
910 653
264 654
163 657
925 658
330 661
592 661
629 662
704 664
592 665
269 665
970 665
28 665
1000 667
436 669
707 672
507 673
954 674
617 674
236 674
499 676
643 682
448 683
449 683
607 684
156 691
615 692
630 694
335 696
486 697
372 703
18 706
409 706
35 706
482 709
805 713
741 715
945 717
862 719
821 720
990 720
824 722
311 724
593 726
319 730
816 730
959 731
507 732
753 732
426 734
742 736
149 736
854 739
970 740
709 742
149 743
785 744
887 745
451 748
913 752
669 753
189 755
227 756
27 759
759 762
417 765
384 767
519 768
620 771
225 776
598 778
195 779
503 781
103 782
649 786
24 787
1000 788
735 792
736 793
115 793
849 796
276 796
43 798
876 799
128 802
605 802
708 805
109 806
613 807
987 808
738 809
796 815
678 817
703 819
748 820
722 821
70 825
181 828
310 834
841 838
49 843
52 843
757 843
932 851
157 851
836 852
896 853
1 855
10 856
264 861
18 863
829 864
338 864
82 866
795 870
701 870
840 875
315 883
664 885
898 887
670 889
598 890
916 890
584 890
223 891
280 894
676 894
801 895
652 898
949 904
752 908
16 909
163 910
328 916
615 918
821 919
134 928
972 930
72 931
156 931
916 933
174 934
190 937
263 938
847 943
699 944
349 945
226 946
517 947
572 949
174 953
716 955
595 956
337 956
938 958
308 959
254 961
397 963
909 966
12 966
10 966
93 967
497 969
944 970
941 973
293 975
349 975
961 977
68 978
607 980
440 982
323 982
641 982
71 983
967 983
632 983
881 983
485 985
960 987
992 988
107 989
67 989
752 993
293 996
667 998
