1000
889 1
215 2
568 5
3 6
901 6
837 6
808 8
593 9
690 9
419 10
836 10
483 11
174 12
226 12
101 16
210 16
756 18
193 19
969 19
763 23
54 24
46 25
77 27
386 29
121 30
574 31
428 31
409 32
645 32
304 32
316 33
486 35
305 35
328 36
409 38
371 43
494 43
729 44
840 47
871 48
724 49
582 51
75 51
298 53
13 54
162 55
57 55
749 57
844 58
39 58
708 58
820 58
994 58
273 59
754 60
189 60
945 61
462 61
212 61
903 62
326 63
284 63
220 65
910 65
644 66
825 66
616 67
645 68
786 68
615 69
878 72
982 72
449 73
748 74
615 74
367 75
732 75
978 77
59 79
769 80
586 80
792 81
99 82
289 82
997 83
424 85
84 85
803 88
510 89
226 90
995 92
702 93
617 93
535 94
887 96
862 98
800 99
756 100
699 100
996 101
345 101
308 102
315 103
164 104
952 105
93 105
312 106
61 106
183 108
57 109
842 110
664 112
101 113
922 113
688 114
704 117
584 117
116 118
924 118
109 118
772 118
209 119
431 119
270 122
110 123
696 123
421 125
651 127
911 128
178 129
570 130
724 131
592 131
32 133
493 134
330 134
669 134
519 135
617 135
634 135
699 136
900 136
217 136
170 137
465 137
450 137
196 137
721 138
686 138
128 138
568 139
614 139
540 141
763 141
201 142
761 143
553 144
218 144
114 145
325 145
498 145
107 146
174 147
664 149
635 151
980 152
826 152
832 153
555 153
649 155
941 157
203 158
683 158
101 159
56 160
270 160
492 160
213 161
202 161
157 162
181 162
927 163
730 164
104 165
836 166
784 166
211 167
125 168
151 169
850 171
125 174
701 176
30 176
900 176
155 178
380 178
394 179
825 179
968 179
928 181
562 183
529 184
93 184
538 184
941 185
403 185
87 187
772 187
528 188
66 190
527 191
360 194
379 195
717 196
647 197
261 197
49 198
432 198
860 198
808 199
818 200
626 202
449 202
20 202
108 204
456 205
933 205
327 206
952 206
902 209
265 211
81 216
747 217
592 217
185 217
525 218
815 218
352 218
807 219
709 219
398 220
955 221
204 222
245 222
408 223
523 224
715 227
8 227
22 227
743 229
615 229
655 230
583 232
619 233
38 233
255 234
97 235
601 236
53 236
939 237
551 240
123 240
403 241
630 241
935 242
580 244
451 244
799 244
806 246
460 248
563 248
164 248
383 249
149 251
45 251
18 252
845 252
389 253
280 254
744 257
196 260
357 262
30 263
836 270
627 270
158 272
524 273
953 274
709 274
576 275
760 276
612 276
704 277
939 278
53 279
166 280
604 285
418 285
267 286
727 287
946 289
451 289
315 290
478 293
273 296
170 296
12 298
188 300
383 300
843 303
32 303
236 304
148 305
875 305
944 306
783 306
71 307
673 308
70 309
318 310
682 310
81 310
251 312
465 313
875 313
245 313
567 316
808 316
109 316
643 316
712 317
764 318
385 318
640 319
824 321
437 323
212 325
975 326
108 328
549 329
496 330
719 330
102 331
958 333
50 335
384 335
482 335
862 337
840 339
642 339
405 340
663 340
349 341
986 342
228 343
900 343
522 343
963 344
392 344
75 345
564 349
77 356
413 357
860 358
871 358
658 359
844 360
359 362
619 363
447 364
25 365
867 365
214 367
688 371
280 371
823 372
396 373
168 375
309 377
931 378
720 379
702 380
164 382
32 382
608 384
719 386
103 387
517 388
899 392
280 394
437 395
634 395
342 397
690 397
566 398
776 398
845 399
790 399
766 400
197 401
332 402
416 407
674 408
46 408
998 411
340 411
563 412
705 412
702 415
248 416
568 416
413 417
939 419
419 420
500 420
446 421
692 422
555 423
857 424
501 424
516 424
884 424
336 425
427 426
869 426
922 429
624 429
723 430
357 432
142 435
954 436
732 439
849 440
631 441
16 441
837 441
547 441
613 442
983 443
95 444
590 445
685 445
842 445
332 446
179 446
692 447
139 449
297 452
432 452
205 455
641 459
426 460
485 460
299 461
143 462
365 462
858 462
351 463
493 463
459 464
697 466
491 466
955 466
834 467
874 467
876 467
957 468
951 469
618 470
84 470
380 472
571 473
510 474
579 477
763 477
78 478
379 480
706 482
976 482
242 483
711 488
627 490
19 491
881 496
517 496
747 497
905 497
610 498
86 499
268 500
135 503
782 503
629 505
278 505
120 506
443 506
819 508
41 510
994 510
761 511
452 511
382 514
446 517
115 517
89 521
560 521
283 521
382 522
451 522
388 522
898 523
55 523
68 524
654 524
946 525
534 526
657 527
366 528
558 529
985 529
523 531
311 532
233 533
630 533
606 533
824 535
898 536
516 539
440 541
847 544
317 545
475 545
585 545
395 546
855 547
996 548
158 550
379 551
882 551
301 552
670 553
756 554
390 554
39 556
793 558
468 559
39 562
219 563
446 565
953 566
384 567
576 568
70 568
462 569
382 569
295 570
650 571
883 571
964 571
230 573
26 574
834 574
840 574
882 574
121 575
755 576
257 576
309 580
16 582
529 582
848 583
361 585
677 585
17 585
456 587
187 588
403 591
881 591
486 592
428 593
500 593
490 594
700 595
254 595
727 596
954 596
920 596
419 601
835 601
540 601
499 603
243 605
589 606
785 606
491 608
247 608
717 609
13 609
132 609
86 610
705 610
79 611
928 611
382 612
937 612
713 614
389 614
915 616
958 616
742 617
545 619
254 620
378 620
292 621
537 621
436 621
228 622
315 622
238 622
281 622
809 622
155 623
904 624
92 624
860 625
601 625
665 625
960 626
808 626
459 627
812 628
744 628
803 628
17 629
83 629
164 630
179 630
807 633
401 633
790 633
31 634
333 634
981 635
37 636
382 637
44 639
485 640
261 641
101 643
609 643
236 644
835 645
893 646
75 646
721 647
388 648
399 650
493 650
402 650
89 651
40 652
252 652
500 652
794 653
69 656
747 656
722 656
592 658
636 659
300 664
359 666
255 666
989 667
499 669
204 671
63 672
483 672
422 672
953 672
381 674
354 675
473 675
218 677
400 680
128 680
749 680
286 683
258 683
831 686
556 687
76 687
414 688
907 688
842 688
693 688
799 689
135 689
802 689
237 689
95 690
817 692
409 692
481 693
261 693
812 693
743 695
789 695
661 696
432 696
785 699
900 699
273 700
709 700
609 702
636 704
772 705
989 705
86 706
548 707
865 708
318 708
174 709
971 710
224 711
489 714
706 715
434 715
97 715
620 716
819 717
36 719
831 723
532 724
310 726
868 728
389 731
575 731
723 731
876 734
681 735
955 736
247 736
228 736
569 737
680 738
775 743
341 743
743 744
91 744
786 747
499 749
85 749
178 749
555 750
983 750
231 750
206 751
463 751
331 753
229 754
461 754
347 754
594 756
802 757
406 757
815 758
680 760
988 760
459 762
870 763
758 764
735 767
288 768
161 769
641 770
192 770
535 770
39 771
79 772
654 774
737 774
850 775
443 775
666 777
331 778
838 778
191 779
366 781
485 781
47 783
526 784
612 787
806 787
172 789
345 792
133 792
873 800
999 800
852 800
944 805
272 805
671 806
562 807
570 809
975 809
833 811
754 813
953 814
859 815
357 816
58 816
12 817
516 817
670 817
164 821
512 822
544 823
757 825
728 826
756 827
487 828
372 828
931 829
824 832
480 833
851 833
918 834
506 835
350 836
448 836
404 836
748 838
119 839
544 840
254 841
184 841
695 842
332 844
710 845
389 846
305 846
973 850
596 853
842 854
993 855
524 856
824 857
153 857
835 859
119 860
694 861
601 862
757 862
605 862
306 862
627 863
373 863
2 864
804 864
578 864
352 865
185 868
204 869
537 871
289 872
997 872
617 872
477 873
860 874
660 874
411 874
302 875
281 875
936 875
441 875
86 878
481 879
11 881
36 883
990 883
651 884
777 885
791 885
704 885
238 889
342 889
310 889
611 890
190 890
34 891
916 892
693 893
683 897
766 898
8 900
819 900
188 901
555 904
98 905
362 905
399 907
479 908
921 909
675 910
106 910
791 910
466 911
331 912
784 912
4 912
234 912
821 912
162 913
994 916
47 917
766 918
553 918
971 919
938 924
453 926
666 927
425 928
316 929
595 929
14 930
172 930
637 931
463 931
967 932
639 934
686 934
692 934
984 935
6 935
717 935
1 935
792 937
700 937
953 938
241 939
751 941
75 942
496 942
564 944
606 946
880 946
235 946
489 949
207 951
450 951
253 951
178 951
825 951
217 953
610 953
51 953
141 954
812 954
272 956
165 957
495 957
551 958
905 959
991 959
943 959
153 961
245 963
679 963
169 965
725 966
545 967
33 968
850 969
348 969
729 970
329 971
289 975
100 976
839 977
171 978
360 980
496 980
272 981
126 983
626 983
561 984
41 986
135 989
719 991
738 992
582 992
177 994
521 994
761 994
247 995
393 997
987 997
254 999
961 1000
558 1000
