131
668 4
915 7
439 17
668 38
716 39
24 40
989 58
276 68
191 75
824 81
195 90
366 108
687 112
402 121
792 125
944 133
191 136
938 141
301 144
77 148
124 148
282 153
560 157
129 168
219 176
795 183
73 197
659 212
513 223
49 227
298 251
803 262
521 265
120 269
633 284
313 289
460 313
588 318
385 320
591 320
855 324
832 334
6 334
554 336
15 337
137 362
346 363
493 365
373 382
490 407
578 423
702 429
886 430
68 464
954 518
211 521
854 530
987 552
413 556
991 561
850 575
891 580
564 596
504 607
983 618
85 633
363 638
471 648
377 654
499 655
288 656
458 662
397 665
799 667
498 668
86 669
36 672
615 679
337 688
762 690
754 691
171 700
100 711
695 713
520 717
710 722
96 722
714 722
45 724
675 724
426 756
89 756
630 769
432 771
557 779
968 790
527 808
303 816
795 817
829 819
578 822
713 826
697 832
642 836
393 836
659 843
556 846
485 848
100 850
686 864
171 868
426 872
676 883
900 886
838 887
677 889
231 892
773 894
782 910
867 911
709 912
921 915
668 918
426 923
142 930
498 938
414 938
789 941
320 945
508 987
328 999
