1000
339 2147483637
587 2147483637
46 2147483637
229 2147483637
200 2147483637
817 2147483637
37 2147483637
824 2147483637
202 2147483637
738 2147483637
529 2147483637
59 2147483637
325 2147483637
456 2147483637
481 2147483637
538 2147483637
964 2147483637
498 2147483637
177 2147483637
855 2147483637
953 2147483637
968 2147483637
234 2147483637
30 2147483637
854 2147483637
997 2147483637
743 2147483637
790 2147483637
768 2147483637
594 2147483637
120 2147483637
425 2147483637
875 2147483637
307 2147483637
249 2147483637
139 2147483637
514 2147483637
882 2147483637
59 2147483637
802 2147483637
677 2147483637
462 2147483637
880 2147483637
251 2147483637
441 2147483637
197 2147483637
341 2147483637
450 2147483637
302 2147483637
310 2147483637
479 2147483637
612 2147483637
672 2147483637
654 2147483637
355 2147483637
335 2147483637
168 2147483637
925 2147483637
304 2147483637
989 2147483637
800 2147483637
881 2147483637
567 2147483637
5 2147483637
491 2147483637
507 2147483637
559 2147483637
354 2147483637
680 2147483637
128 2147483637
200 2147483637
839 2147483637
405 2147483637
430 2147483638
768 2147483638
248 2147483638
938 2147483638
429 2147483638
860 2147483638
245 2147483638
544 2147483638
475 2147483638
102 2147483638
244 2147483638
284 2147483638
259 2147483638
918 2147483638
989 2147483638
437 2147483638
444 2147483638
807 2147483638
95 2147483638
819 2147483638
532 2147483638
603 2147483638
809 2147483638
930 2147483638
764 2147483638
768 2147483638
268 2147483638
845 2147483638
848 2147483638
424 2147483638
108 2147483638
270 2147483638
412 2147483638
194 2147483638
804 2147483638
813 2147483638
353 2147483638
836 2147483638
735 2147483638
110 2147483638
10 2147483638
301 2147483638
501 2147483638
490 2147483638
767 2147483638
287 2147483638
897 2147483638
859 2147483638
978 2147483638
410 2147483638
904 2147483638
27 2147483638
412 2147483638
609 2147483638
40 2147483638
717 2147483638
467 2147483638
879 2147483638
369 2147483638
401 2147483638
588 2147483638
360 2147483638
575 2147483638
923 2147483638
405 2147483638
671 2147483638
569 2147483638
942 2147483638
371 2147483638
934 2147483638
314 2147483638
556 2147483638
612 2147483638
377 2147483638
783 2147483638
507 2147483639
412 2147483639
608 2147483639
491 2147483639
155 2147483639
798 2147483639
660 2147483639
91 2147483639
291 2147483639
111 2147483639
673 2147483639
774 2147483639
809 2147483639
379 2147483639
923 2147483639
932 2147483639
73 2147483639
226 2147483639
93 2147483639
953 2147483639
322 2147483639
519 2147483639
815 2147483639
907 2147483639
794 2147483639
602 2147483639
715 2147483639
739 2147483639
269 2147483639
169 2147483639
94 2147483639
405 2147483639
728 2147483639
892 2147483639
76 2147483639
551 2147483639
900 2147483639
851 2147483639
45 2147483639
338 2147483639
551 2147483639
709 2147483639
968 2147483639
725 2147483639
928 2147483639
945 2147483639
290 2147483639
344 2147483639
40 2147483639
959 2147483639
989 2147483639
367 2147483639
447 2147483639
614 2147483639
787 2147483639
23 2147483639
179 2147483639
763 2147483639
135 2147483639
236 2147483639
532 2147483639
31 2147483639
10 2147483639
673 2147483639
739 2147483639
923 2147483639
400 2147483639
124 2147483639
652 2147483639
169 2147483639
445 2147483639
389 2147483639
598 2147483639
719 2147483639
283 2147483639
12 2147483639
798 2147483639
979 2147483639
88 2147483639
473 2147483639
494 2147483639
93 2147483639
324 2147483639
842 2147483639
108 2147483639
701 2147483639
802 2147483639
181 2147483639
225 2147483639
980 2147483639
639 2147483639
971 2147483639
130 2147483639
203 2147483639
326 2147483639
178 2147483639
658 2147483639
749 2147483639
851 2147483639
768 2147483639
36 2147483639
918 2147483639
221 2147483639
524 2147483639
580 2147483639
614 2147483640
718 2147483640
585 2147483640
449 2147483640
362 2147483640
374 2147483640
343 2147483640
27 2147483640
743 2147483640
932 2147483640
30 2147483640
262 2147483640
576 2147483640
491 2147483640
330 2147483640
653 2147483640
133 2147483640
81 2147483640
609 2147483640
810 2147483640
295 2147483640
191 2147483640
326 2147483640
558 2147483640
995 2147483640
906 2147483640
843 2147483640
698 2147483640
722 2147483640
655 2147483640
580 2147483640
380 2147483640
823 2147483640
997 2147483640
736 2147483640
272 2147483640
462 2147483640
556 2147483640
985 2147483640
369 2147483640
948 2147483640
264 2147483640
641 2147483640
218 2147483640
44 2147483640
448 2147483640
81 2147483640
302 2147483640
767 2147483640
291 2147483640
689 2147483640
749 2147483640
369 2147483640
99 2147483640
367 2147483640
573 2147483640
733 2147483640
857 2147483640
175 2147483640
784 2147483640
634 2147483640
251 2147483640
298 2147483640
925 2147483640
947 2147483640
668 2147483640
255 2147483640
159 2147483640
179 2147483640
744 2147483640
405 2147483640
955 2147483640
758 2147483640
371 2147483640
284 2147483640
763 2147483640
795 2147483640
256 2147483640
787 2147483640
349 2147483640
904 2147483640
610 2147483640
759 2147483640
581 2147483640
984 2147483640
309 2147483640
579 2147483641
759 2147483641
28 2147483641
373 2147483641
95 2147483641
851 2147483641
982 2147483641
315 2147483641
382 2147483641
288 2147483641
127 2147483641
277 2147483641
776 2147483641
801 2147483641
680 2147483641
247 2147483641
443 2147483641
516 2147483641
74 2147483641
844 2147483641
165 2147483641
947 2147483641
33 2147483641
655 2147483641
291 2147483641
362 2147483641
862 2147483641
300 2147483641
528 2147483641
471 2147483641
202 2147483641
838 2147483641
588 2147483641
622 2147483641
525 2147483641
403 2147483641
795 2147483641
572 2147483641
999 2147483641
432 2147483641
493 2147483641
855 2147483641
342 2147483641
643 2147483641
557 2147483641
422 2147483641
973 2147483641
159 2147483641
751 2147483641
823 2147483641
301 2147483641
135 2147483641
881 2147483641
724 2147483641
48 2147483641
280 2147483641
285 2147483641
836 2147483641
698 2147483641
605 2147483641
33 2147483641
976 2147483641
65 2147483641
52 2147483641
419 2147483641
657 2147483641
81 2147483641
266 2147483641
184 2147483641
581 2147483641
795 2147483641
470 2147483641
369 2147483641
672 2147483641
233 2147483641
351 2147483641
519 2147483641
51 2147483641
817 2147483641
319 2147483641
922 2147483641
458 2147483641
375 2147483641
54 2147483641
774 2147483641
773 2147483641
909 2147483641
377 2147483641
54 2147483641
608 2147483641
392 2147483641
850 2147483641
703 2147483641
385 2147483641
476 2147483641
355 2147483641
890 2147483641
382 2147483641
258 2147483641
793 2147483641
964 2147483641
598 2147483642
214 2147483642
438 2147483642
829 2147483642
185 2147483642
711 2147483642
813 2147483642
60 2147483642
967 2147483642
130 2147483642
525 2147483642
860 2147483642
646 2147483642
452 2147483642
966 2147483642
878 2147483642
56 2147483642
335 2147483642
725 2147483642
777 2147483642
532 2147483642
113 2147483642
173 2147483642
207 2147483642
369 2147483642
936 2147483642
316 2147483642
723 2147483642
983 2147483642
805 2147483642
286 2147483642
527 2147483642
791 2147483642
677 2147483642
656 2147483642
502 2147483642
36 2147483642
888 2147483642
298 2147483642
348 2147483642
197 2147483642
555 2147483642
159 2147483642
335 2147483642
302 2147483642
359 2147483642
707 2147483642
829 2147483642
335 2147483642
683 2147483642
1000 2147483642
120 2147483642
880 2147483642
190 2147483642
124 2147483642
868 2147483642
55 2147483642
35 2147483642
440 2147483642
700 2147483642
976 2147483642
936 2147483642
549 2147483642
488 2147483642
641 2147483642
645 2147483642
233 2147483642
651 2147483642
114 2147483642
215 2147483642
474 2147483642
805 2147483642
581 2147483642
725 2147483642
882 2147483642
423 2147483642
176 2147483642
972 2147483642
825 2147483642
581 2147483642
442 2147483642
392 2147483642
970 2147483642
842 2147483642
539 2147483642
146 2147483642
790 2147483642
131 2147483642
892 2147483642
91 2147483642
365 2147483642
873 2147483642
356 2147483642
817 2147483642
469 2147483642
451 2147483642
480 2147483642
501 2147483642
152 2147483642
96 2147483642
186 2147483642
712 2147483642
110 2147483642
927 2147483642
902 2147483642
888 2147483642
961 2147483642
540 2147483642
201 2147483642
770 2147483643
730 2147483643
909 2147483643
13 2147483643
368 2147483643
950 2147483643
390 2147483643
839 2147483643
229 2147483643
404 2147483643
683 2147483643
589 2147483643
553 2147483643
963 2147483643
645 2147483643
30 2147483643
53 2147483643
832 2147483643
307 2147483643
106 2147483643
826 2147483643
880 2147483643
237 2147483643
696 2147483643
395 2147483643
382 2147483643
304 2147483643
443 2147483643
33 2147483643
481 2147483643
198 2147483643
665 2147483643
616 2147483643
173 2147483643
459 2147483643
799 2147483643
640 2147483643
616 2147483643
753 2147483643
46 2147483643
826 2147483643
976 2147483643
393 2147483643
220 2147483643
627 2147483643
717 2147483643
604 2147483643
122 2147483643
168 2147483643
19 2147483643
721 2147483643
814 2147483643
209 2147483643
546 2147483643
703 2147483643
466 2147483643
541 2147483643
723 2147483643
615 2147483643
119 2147483643
364 2147483643
660 2147483643
80 2147483643
220 2147483643
823 2147483643
364 2147483643
324 2147483643
481 2147483643
493 2147483643
988 2147483643
925 2147483643
165 2147483643
136 2147483643
16 2147483643
911 2147483643
175 2147483643
122 2147483643
695 2147483643
853 2147483643
463 2147483643
448 2147483644
802 2147483644
500 2147483644
820 2147483644
652 2147483644
92 2147483644
186 2147483644
864 2147483644
559 2147483644
309 2147483644
935 2147483644
707 2147483644
839 2147483644
582 2147483644
282 2147483644
79 2147483644
569 2147483644
547 2147483644
94 2147483644
976 2147483644
677 2147483644
685 2147483644
491 2147483644
620 2147483644
112 2147483644
828 2147483644
671 2147483644
696 2147483644
880 2147483644
372 2147483644
408 2147483644
973 2147483644
713 2147483644
419 2147483644
813 2147483644
903 2147483644
161 2147483644
300 2147483644
714 2147483644
765 2147483644
596 2147483644
486 2147483644
246 2147483644
970 2147483644
701 2147483644
579 2147483644
618 2147483644
561 2147483644
287 2147483644
960 2147483644
166 2147483644
415 2147483644
125 2147483644
650 2147483644
670 2147483644
261 2147483644
631 2147483644
438 2147483644
824 2147483644
449 2147483644
266 2147483644
763 2147483644
761 2147483644
824 2147483644
719 2147483644
380 2147483644
908 2147483644
863 2147483644
543 2147483644
617 2147483644
986 2147483644
314 2147483644
336 2147483644
502 2147483644
956 2147483644
996 2147483644
602 2147483644
507 2147483644
97 2147483644
516 2147483644
315 2147483644
934 2147483644
24 2147483644
509 2147483644
599 2147483644
548 2147483644
198 2147483644
468 2147483644
539 2147483644
655 2147483644
90 2147483644
228 2147483644
316 2147483644
141 2147483644
355 2147483644
897 2147483644
426 2147483644
194 2147483644
185 2147483644
136 2147483644
486 2147483644
240 2147483645
418 2147483645
553 2147483645
635 2147483645
205 2147483645
528 2147483645
467 2147483645
700 2147483645
22 2147483645
140 2147483645
271 2147483645
199 2147483645
969 2147483645
824 2147483645
712 2147483645
79 2147483645
920 2147483645
345 2147483645
94 2147483645
524 2147483645
789 2147483645
642 2147483645
591 2147483645
838 2147483645
967 2147483645
489 2147483645
635 2147483645
983 2147483645
806 2147483645
786 2147483645
962 2147483645
347 2147483645
945 2147483645
513 2147483645
443 2147483645
225 2147483645
124 2147483645
909 2147483645
796 2147483645
490 2147483645
785 2147483645
209 2147483645
370 2147483645
711 2147483645
369 2147483645
621 2147483645
789 2147483645
513 2147483645
891 2147483645
701 2147483645
522 2147483645
450 2147483645
236 2147483645
525 2147483645
618 2147483645
916 2147483645
904 2147483645
164 2147483645
352 2147483645
372 2147483645
182 2147483645
84 2147483645
334 2147483645
809 2147483645
327 2147483645
70 2147483645
850 2147483645
108 2147483645
44 2147483645
759 2147483645
336 2147483645
540 2147483645
246 2147483645
881 2147483645
775 2147483645
156 2147483645
856 2147483645
208 2147483645
109 2147483645
509 2147483645
428 2147483645
310 2147483645
159 2147483645
795 2147483645
211 2147483645
881 2147483645
408 2147483645
852 2147483645
445 2147483645
680 2147483645
352 2147483645
594 2147483646
705 2147483646
990 2147483646
907 2147483646
838 2147483646
628 2147483646
987 2147483646
778 2147483646
429 2147483646
307 2147483646
614 2147483646
645 2147483646
312 2147483646
467 2147483646
24 2147483646
894 2147483646
815 2147483646
104 2147483646
290 2147483646
22 2147483646
360 2147483646
920 2147483646
332 2147483646
342 2147483646
376 2147483646
212 2147483646
950 2147483646
250 2147483646
538 2147483646
518 2147483646
85 2147483646
67 2147483646
581 2147483646
318 2147483646
492 2147483646
856 2147483646
11 2147483646
985 2147483646
551 2147483646
921 2147483646
73 2147483646
699 2147483646
629 2147483646
653 2147483646
234 2147483646
278 2147483646
295 2147483646
900 2147483646
508 2147483646
673 2147483646
311 2147483646
667 2147483646
884 2147483646
855 2147483646
83 2147483646
899 2147483646
357 2147483646
309 2147483646
177 2147483646
668 2147483646
543 2147483646
530 2147483646
802 2147483646
462 2147483646
518 2147483646
110 2147483646
123 2147483646
117 2147483646
456 2147483646
826 2147483646
210 2147483646
624 2147483646
240 2147483646
848 2147483646
353 2147483646
179 2147483646
172 2147483646
166 2147483646
593 2147483646
820 2147483646
450 2147483646
174 2147483646
875 2147483647
111 2147483647
458 2147483647
1 2147483647
667 2147483647
955 2147483647
620 2147483647
697 2147483647
115 2147483647
605 2147483647
713 2147483647
41 2147483647
335 2147483647
836 2147483647
374 2147483647
419 2147483647
737 2147483647
600 2147483647
877 2147483647
694 2147483647
291 2147483647
136 2147483647
967 2147483647
609 2147483647
57 2147483647
79 2147483647
135 2147483647
904 2147483647
386 2147483647
497 2147483647
358 2147483647
612 2147483647
871 2147483647
71 2147483647
547 2147483647
205 2147483647
996 2147483647
181 2147483647
257 2147483647
236 2147483647
687 2147483647
137 2147483647
819 2147483647
945 2147483647
481 2147483647
152 2147483647
492 2147483647
379 2147483647
601 2147483647
982 2147483647
411 2147483647
828 2147483647
559 2147483647
912 2147483647
323 2147483647
167 2147483647
463 2147483647
316 2147483647
29 2147483647
150 2147483647
510 2147483647
415 2147483647
809 2147483647
565 2147483647
440 2147483647
738 2147483647
721 2147483647
863 2147483647
413 2147483647
976 2147483647
887 2147483647
228 2147483647
616 2147483647
412 2147483647
637 2147483647
244 2147483647
627 2147483647
730 2147483647
394 2147483647
531 2147483647
512 2147483647
256 2147483647
186 2147483647
785 2147483647
152 2147483647
350 2147483647
329 2147483647
551 2147483647
243 2147483647
860 2147483647
589 2147483647
950 2147483647
780 2147483647
695 2147483647
921 2147483647
964 2147483647
557 2147483647
