1000
136 0
355 0
299 0
233 0
568 1
727 2
454 3
878 5
209 5
878 7
736 7
425 10
485 10
210 10
645 13
180 14
830 14
446 15
877 19
323 19
813 19
259 20
202 20
680 21
959 22
209 22
973 22
102 23
9 23
431 24
645 24
198 26
6 28
105 29
537 31
461 32
460 33
633 34
99 36
740 37
168 38
662 42
773 43
845 44
143 44
15 46
166 47
133 49
110 49
552 49
308 53
227 54
469 54
157 55
693 55
58 56
705 59
196 60
869 60
124 61
728 61
960 62
954 62
127 63
15 65
202 69
821 69
149 71
616 73
637 74
892 77
566 78
577 79
619 79
894 81
408 81
534 81
559 82
732 82
200 85
103 85
963 86
525 87
830 87
569 88
585 89
284 89
127 89
85 91
773 93
126 95
568 96
14 97
95 98
789 98
131 100
442 100
465 100
402 101
119 103
972 103
510 106
505 107
191 111
74 112
134 112
589 116
523 116
395 116
892 116
656 117
475 119
928 120
408 121
744 121
698 122
947 125
630 125
556 125
947 127
108 128
535 129
66 129
742 129
697 130
747 131
884 133
152 136
116 137
44 137
916 137
938 138
172 138
935 138
566 139
169 141
364 142
734 144
199 145
885 147
343 147
254 150
735 152
131 153
457 154
465 155
911 155
447 155
940 156
303 157
473 157
365 158
703 162
377 166
174 166
689 166
746 167
422 168
423 170
311 170
350 171
364 175
723 177
116 178
158 179
433 179
773 180
425 180
372 181
66 182
724 183
724 187
628 188
772 189
745 190
274 190
93 190
498 191
4 192
348 192
253 192
248 193
754 194
911 196
801 197
351 198
626 199
95 199
787 200
142 201
398 202
357 202
872 204
910 205
444 206
20 206
144 207
136 207
398 208
520 208
921 209
714 209
13 210
883 212
499 213
195 215
171 216
724 217
76 218
789 219
183 219
237 220
72 221
131 221
34 222
758 223
263 224
901 225
835 227
45 227
866 227
70 228
595 228
330 228
335 229
199 231
31 234
339 234
511 237
239 238
571 238
688 238
178 240
368 240
481 240
662 243
639 243
121 244
941 244
797 244
598 245
367 245
849 248
242 248
571 250
173 252
488 254
860 254
398 254
89 256
673 256
549 257
710 257
940 257
59 258
915 259
572 259
459 260
908 260
811 261
216 262
503 262
725 262
77 265
88 269
21 270
799 273
360 274
258 274
985 277
550 277
23 278
469 280
182 280
375 283
124 284
891 284
382 284
265 285
343 285
865 288
666 289
949 290
526 291
577 293
275 294
709 297
250 297
532 298
237 298
979 299
616 300
796 300
928 301
672 302
134 302
533 303
136 305
821 306
45 306
28 306
706 308
536 309
538 311
190 312
456 313
680 314
300 314
747 317
835 317
821 318
759 320
499 320
747 321
462 322
5 322
827 322
124 323
111 324
138 324
407 327
177 328
612 329
959 330
898 331
452 331
679 333
26 333
865 334
404 334
628 334
279 335
744 336
521 338
749 338
778 338
311 343
803 343
827 343
376 345
117 346
985 347
528 348
799 348
163 352
886 354
840 356
455 358
186 360
947 361
427 362
75 363
885 363
279 364
346 365
670 365
37 365
190 367
855 367
756 368
949 368
588 370
358 370
14 371
273 371
902 373
588 373
874 374
44 375
449 376
696 376
866 377
968 378
540 379
152 380
611 381
683 382
425 382
752 383
794 384
2 385
516 387
414 389
791 390
826 394
705 394
869 396
738 396
597 398
434 402
115 405
773 405
946 405
329 406
754 406
916 407
804 411
171 412
187 413
929 413
101 414
888 414
328 414
356 416
914 416
901 418
354 418
897 419
136 420
465 421
554 421
579 421
928 421
221 422
485 422
374 423
231 423
968 423
303 425
168 425
550 428
807 429
677 429
253 430
932 431
95 431
404 431
978 432
328 433
300 433
661 434
321 434
221 435
455 435
828 436
744 436
20 436
553 436
916 437
99 437
485 437
938 439
126 440
919 440
785 442
175 443
921 443
218 443
554 443
585 443
317 445
437 448
830 449
181 451
292 451
794 452
544 452
50 454
737 454
612 454
143 454
970 455
461 457
724 458
617 459
816 460
957 461
407 463
855 463
782 464
947 464
894 464
264 466
893 466
967 467
575 469
281 469
897 470
787 470
845 470
663 471
575 472
121 472
681 472
725 474
739 475
11 475
486 476
851 476
583 476
694 477
636 477
182 482
853 483
12 483
483 484
767 486
844 486
136 487
126 487
384 488
163 488
60 489
105 490
665 490
5 493
76 494
355 495
321 498
96 498
482 499
314 499
967 499
141 500
127 500
104 501
315 502
691 503
658 504
952 507
196 509
473 509
650 512
398 512
930 514
871 515
700 517
246 518
369 518
23 519
713 519
312 519
231 519
191 522
162 523
563 524
55 524
752 528
699 531
163 531
310 532
219 532
902 534
755 535
593 535
650 536
467 537
269 537
528 537
685 538
904 538
553 540
498 541
30 541
63 542
410 543
739 543
974 545
102 545
942 546
993 547
207 548
159 551
442 554
909 555
17 556
937 557
452 558
888 558
208 559
164 560
749 560
746 561
401 561
630 563
449 563
734 565
505 566
452 566
517 567
333 570
371 570
579 570
843 571
136 571
599 572
853 573
32 574
661 575
450 576
325 576
422 576
110 576
281 577
6 579
501 579
34 580
370 581
376 581
880 581
381 581
2 585
883 585
562 586
162 586
679 587
12 587
127 588
888 589
115 590
238 591
212 592
472 592
176 594
928 595
293 595
683 596
806 597
666 597
637 600
183 600
347 601
768 601
525 602
356 605
997 606
392 607
559 608
703 609
131 609
935 610
292 612
145 612
247 612
245 613
276 613
150 613
311 613
769 616
583 616
882 617
534 618
907 618
54 622
933 623
21 625
90 625
317 627
576 627
260 628
519 629
843 632
10 634
375 634
417 636
134 637
824 639
989 640
350 641
162 641
524 642
277 642
535 643
764 645
426 646
446 646
835 647
855 647
820 648
645 648
865 649
881 649
165 650
206 659
899 661
201 661
336 664
946 664
379 668
243 668
30 668
528 669
578 672
975 672
13 673
520 674
66 674
278 675
549 679
571 679
949 679
318 681
750 682
15 682
851 682
743 683
801 684
25 684
985 685
884 685
152 686
663 687
4 688
905 689
312 692
921 692
987 693
712 693
752 694
933 696
855 696
414 697
90 697
443 697
78 697
527 697
397 699
704 700
366 701
394 701
467 703
813 704
264 710
816 711
828 712
572 714
897 716
592 716
587 718
168 718
586 719
342 721
571 722
944 723
20 723
918 724
60 724
828 725
381 726
740 728
290 729
505 732
873 734
343 735
183 736
382 737
641 737
955 737
875 739
35 739
912 741
563 741
882 742
394 743
143 744
519 744
589 747
418 749
283 750
481 751
162 752
854 752
381 752
858 753
474 754
310 754
680 756
733 757
397 758
104 758
689 762
742 765
51 765
156 766
893 768
679 770
696 772
14 772
970 772
925 773
747 774
865 774
106 775
5 777
776 780
609 781
907 782
262 782
187 784
952 785
810 788
926 788
983 788
328 789
483 789
25 790
632 790
563 791
954 791
215 792
179 792
502 793
99 795
928 798
884 798
582 800
73 800
908 800
730 804
175 804
529 806
86 807
406 808
871 809
861 812
508 813
193 814
334 816
795 816
910 816
18 818
743 818
665 819
165 819
273 821
977 822
692 823
978 823
277 823
791 823
461 823
996 825
873 827
911 827
60 827
842 827
597 831
751 831
481 831
519 832
844 833
347 833
462 834
928 838
700 838
365 841
354 844
119 846
682 848
747 848
229 848
198 848
141 849
455 852
673 854
430 855
745 855
331 856
838 856
27 856
31 856
880 857
718 857
22 857
56 858
649 859
457 862
205 862
72 862
390 864
909 865
643 867
215 868
710 869
7 869
233 872
114 873
751 875
943 875
562 876
114 876
656 877
450 877
33 879
414 882
861 882
260 882
927 883
448 884
210 886
358 888
604 888
372 889
591 890
868 893
865 894
789 894
479 897
304 897
946 899
727 900
829 902
212 904
764 905
216 906
637 908
705 909
956 910
759 910
975 910
806 911
486 912
158 915
993 915
660 915
915 917
367 917
271 918
893 919
686 919
418 919
367 919
878 920
334 921
691 921
343 922
730 922
663 922
72 927
931 927
853 928
558 929
961 935
431 935
674 935
32 936
282 936
770 938
311 938
788 939
826 939
409 940
371 942
594 942
332 945
124 945
75 946
571 946
517 947
847 947
936 948
995 948
826 951
495 952
583 952
490 953
23 953
92 954
989 954
65 956
324 957
545 958
140 958
592 959
258 960
636 962
199 963
362 965
480 966
345 967
32 969
773 970
108 971
90 974
380 974
15 975
455 975
10 977
187 977
693 977
28 978
9 979
443 980
917 982
884 982
12 984
884 984
144 985
567 987
103 989
810 990
823 991
233 992
854 993
127 993
339 994
839 996
440 998
814 999
949 1000
