442
623 0
506 1
738 1
72 4
311 5
213 5
564 6
435 9
170 11
431 13
787 14
609 16
526 17
452 19
427 20
606 21
109 22
400 22
334 23
372 24
685 25
238 25
333 26
537 26
639 29
319 29
92 31
86 31
341 34
445 34
649 37
576 38
801 39
88 39
168 41
143 44
101 46
552 47
369 48
39 53
115 56
245 58
544 58
409 59
647 61
751 62
691 62
478 62
608 64
769 64
185 65
832 67
519 67
375 67
718 69
256 69
294 69
499 72
630 72
453 73
106 73
568 74
354 74
498 77
396 82
686 83
302 83
102 85
15 86
716 87
399 87
400 90
400 92
710 93
790 93
498 94
233 94
85 95
45 95
187 96
244 97
232 99
582 104
789 104
548 105
325 105
138 111
462 111
463 113
262 114
103 114
635 115
364 116
552 119
530 119
463 121
19 122
81 123
168 123
25 123
70 124
232 127
350 130
11 133
495 135
429 136
271 136
260 137
12 139
562 140
342 142
324 142
553 144
199 144
520 146
346 147
721 148
127 149
343 150
2 150
821 151
89 151
359 154
314 158
680 158
581 158
678 159
585 161
133 162
612 163
572 164
471 164
27 165
659 166
230 166
650 168
297 170
568 171
3 171
519 174
342 177
779 178
170 182
435 182
491 183
393 184
459 185
466 186
799 186
241 186
152 186
425 187
364 189
783 189
187 191
618 192
799 195
636 195
736 197
525 202
764 206
592 207
666 207
548 208
340 208
52 209
335 212
443 212
319 213
463 213
466 213
682 215
101 218
60 219
182 220
565 222
654 222
537 222
405 223
699 225
510 226
608 228
513 228
638 230
332 231
83 231
71 231
379 234
731 234
105 235
384 236
585 236
231 237
472 240
482 241
318 242
490 245
367 245
746 246
740 249
700 249
430 252
402 252
760 255
323 257
415 263
514 263
560 265
304 265
181 266
4 267
48 269
663 269
665 271
317 271
166 272
221 274
649 276
497 277
204 278
691 278
51 278
188 278
340 279
584 280
782 283
464 284
400 286
525 287
571 288
333 289
811 291
404 292
35 292
723 292
380 293
223 294
208 294
735 294
502 298
268 298
764 304
196 309
146 311
158 313
699 315
796 317
629 318
279 318
235 319
807 319
367 319
766 321
353 322
730 323
160 324
344 325
444 326
111 327
225 328
4 328
762 330
465 331
34 332
563 332
362 337
194 337
712 338
783 338
543 338
529 340
454 341
529 343
343 344
404 347
766 347
542 348
673 348
379 349
555 349
721 353
286 353
375 353
475 354
692 356
77 356
76 357
81 359
236 359
313 360
779 362
373 362
133 364
642 365
680 366
567 366
529 368
370 370
545 373
103 377
339 377
526 380
448 380
737 381
18 381
280 382
785 382
349 383
462 385
204 385
225 393
733 393
209 397
460 397
242 401
313 405
398 406
347 406
108 408
772 409
282 409
828 411
813 413
119 414
803 415
130 416
768 416
74 418
601 418
269 420
327 422
337 422
324 424
502 425
73 426
533 427
522 428
593 428
458 429
617 429
123 429
43 431
313 431
613 431
503 432
114 433
282 434
180 434
330 437
85 437
337 437
606 438
568 444
187 447
4 450
697 454
191 455
754 456
516 459
63 467
642 467
80 468
768 469
734 469
518 475
306 476
655 478
425 479
764 480
500 480
569 481
604 486
509 487
428 490
616 490
221 492
700 492
502 492
623 493
239 494
40 495
574 496
317 499
676 499
272 501
551 502
741 502
210 505
737 506
677 508
380 511
593 513
303 514
7 516
583 517
308 518
54 520
589 522
356 525
717 526
595 529
674 529
677 529
536 532
318 534
649 534
360 535
9 535
277 535
147 537
533 539
336 539
158 541
704 542
192 543
678 544
48 544
702 547
712 549
503 549
246 550
612 552
788 553
62 554
188 557
486 560
399 561
366 563
488 565
675 567
781 567
792 568
343 568
258 568
749 569
275 570
525 571
273 571
626 573
652 574
764 574
218 577
