684
969 1
77 1
459 2
160 3
74 5
621 6
845 6
876 7
269 8
592 9
381 10
403 12
220 16
890 18
332 19
881 24
273 25
906 26
231 26
92 27
232 29
404 29
151 33
757 34
289 36
426 38
966 39
797 40
637 41
812 41
163 43
406 43
606 44
540 44
597 46
601 50
509 51
46 52
279 52
643 57
168 60
156 61
768 62
322 63
684 63
582 63
765 64
148 68
705 69
883 70
883 70
423 71
144 71
157 73
26 73
556 76
218 76
553 78
995 78
451 80
837 80
185 80
811 81
312 81
710 81
450 82
875 82
603 83
291 84
920 87
532 88
311 90
77 94
420 95
132 95
211 97
930 97
440 103
149 104
116 106
37 106
325 108
748 110
882 110
750 111
761 111
892 118
1 119
657 124
75 125
616 126
54 131
487 131
685 131
792 132
340 132
357 133
586 134
695 135
358 135
674 136
875 137
194 138
456 138
908 138
973 139
563 141
45 142
912 144
999 145
817 145
565 147
849 149
413 149
143 151
804 159
600 161
649 162
253 162
331 162
190 164
514 165
286 167
269 170
441 171
568 171
869 172
169 175
968 177
946 179
841 181
393 182
173 182
853 183
659 183
835 188
587 188
153 188
446 189
696 193
600 193
410 194
485 195
433 196
297 197
605 198
400 198
888 199
803 200
272 200
814 201
745 202
389 202
930 206
194 206
202 206
58 207
478 207
641 212
573 214
955 214
422 214
174 216
233 216
615 217
841 217
222 218
683 218
161 219
575 223
527 225
447 229
689 230
523 231
774 231
768 231
769 232
56 235
947 236
146 236
608 237
15 237
141 239
579 240
10 240
166 242
830 243
604 246
97 246
72 247
419 253
516 253
35 255
611 256
515 256
444 259
368 260
322 263
279 267
90 267
418 268
673 271
609 273
833 274
161 275
81 285
88 289
231 289
945 290
62 290
419 292
53 298
307 298
34 299
306 301
934 301
548 304
345 304
316 305
779 306
662 307
834 309
967 309
262 313
119 314
929 314
155 316
808 317
231 318
423 319
528 320
892 320
19 321
316 325
862 326
968 326
62 328
412 329
355 330
450 333
960 334
814 335
228 336
644 337
42 338
452 338
348 342
496 345
58 345
546 350
32 350
751 357
14 357
165 358
934 366
130 366
467 366
872 368
443 371
665 371
439 371
654 372
171 374
358 378
683 380
185 380
623 383
506 389
160 391
670 392
275 393
946 393
969 395
602 396
998 397
461 398
588 398
15 399
75 402
536 402
913 405
112 409
885 410
232 412
612 413
505 413
483 415
448 419
844 419
492 420
862 425
72 426
263 426
316 430
152 431
514 431
208 432
940 433
800 435
431 436
23 436
157 438
355 439
478 440
304 440
292 441
334 441
102 442
68 442
236 444
176 445
369 446
894 447
953 447
725 447
914 451
33 451
884 452
17 455
493 456
10 457
64 458
157 460
769 463
677 463
691 464
570 465
906 466
968 468
507 468
965 468
627 469
804 470
195 472
536 473
475 481
392 483
761 483
546 483
693 484
88 485
946 485
612 485
412 489
924 489
945 490
313 490
729 492
623 493
398 493
84 494
663 500
236 501
45 501
728 503
212 503
522 505
512 509
95 510
594 510
704 513
135 517
730 521
663 522
488 523
998 527
404 530
234 531
1000 532
934 533
349 534
898 534
992 536
444 537
185 538
541 540
562 542
899 543
977 546
828 546
696 548
508 550
943 551
541 553
436 553
881 555
674 556
769 556
336 559
668 559
747 560
431 561
633 561
212 565
725 567
294 571
578 572
593 576
637 577
762 578
483 579
702 584
717 585
552 590
925 590
748 591
743 591
350 594
389 594
314 595
755 596
131 598
182 600
963 600
475 601
967 602
502 605
148 605
845 608
302 609
308 610
335 610
24 611
971 615
71 618
225 620
889 622
225 623
71 624
578 628
95 629
379 629
882 631
59 631
262 634
416 635
846 636
415 636
843 636
649 637
946 637
254 637
998 639
657 640
763 640
454 642
957 644
51 644
160 644
815 646
126 647
68 648
85 650
456 654
871 654
461 658
272 660
150 662
37 670
507 671
51 671
655 672
232 672
182 677
295 678
482 679
986 679
605 679
291 680
332 681
142 685
179 686
20 686
76 686
130 687
926 688
31 692
467 692
23 693
400 694
849 694
705 695
807 705
582 707
818 708
930 708
580 708
799 713
202 713
545 715
185 716
28 717
352 717
692 720
241 721
230 721
942 723
448 724
130 727
867 727
657 730
710 730
222 733
87 733
721 733
716 737
160 738
42 740
776 741
813 742
200 742
753 746
555 752
786 753
326 755
202 758
857 758
374 759
576 760
943 760
811 762
442 767
848 768
556 769
376 770
403 771
967 772
400 773
110 775
828 777
971 777
486 778
118 779
289 779
167 779
891 781
717 782
825 784
489 785
741 787
420 788
685 790
183 791
484 792
753 794
978 798
183 800
658 803
795 804
896 806
333 808
691 809
974 809
657 809
586 813
60 813
873 814
297 815
959 816
178 817
835 817
639 819
726 823
957 824
762 826
629 827
433 829
892 834
566 834
785 836
186 838
666 838
414 846
530 847
694 848
308 850
567 851
207 854
429 855
242 856
703 856
588 856
757 856
238 859
622 859
922 859
487 863
155 864
137 865
186 867
135 867
507 871
242 872
173 873
703 875
904 877
422 879
577 879
145 883
908 883
4 885
295 888
791 889
134 890
474 890
739 892
875 893
300 895
116 896
784 900
421 903
421 904
679 906
268 906
270 906
723 906
678 909
827 909
768 910
810 913
353 915
348 916
799 921
633 921
708 921
899 923
353 923
439 924
65 925
966 926
486 927
410 927
498 928
806 928
439 929
352 930
488 931
823 932
589 934
297 934
825 938
876 940
547 945
919 950
93 953
784 956
823 957
20 959
908 961
672 962
739 962
978 963
33 963
660 965
899 967
327 968
332 969
191 971
861 971
600 973
341 974
475 977
971 984
826 985
51 985
669 986
651 987
865 987
366 988
140 988
29 989
132 990
946 991
973 992
731 994
70 994
434 996
365 997
441 997
164 998
949 998
773 999
236 999
133 1000
