1000
78 0
629 1
992 1
136 2
754 2
391 2
575 2
806 3
399 4
97 5
834 6
219 6
447 6
51 7
11 7
313 8
761 9
623 9
764 10
863 10
451 12
182 12
85 13
828 18
464 18
869 18
495 18
231 19
361 20
891 22
206 23
165 23
77 25
517 25
576 25
114 28
427 29
835 30
819 30
984 31
892 31
569 32
221 32
654 33
570 33
426 33
529 34
128 34
426 34
803 34
676 34
433 36
724 36
532 37
488 38
285 45
276 46
29 47
266 48
797 49
413 52
972 53
326 54
381 56
82 56
796 59
631 60
33 61
325 61
940 63
344 66
191 66
42 69
31 70
903 70
846 71
778 71
180 72
42 73
521 76
824 77
346 79
535 80
848 81
245 82
519 82
370 85
918 85
622 87
686 88
536 88
435 89
499 90
406 91
802 91
47 92
801 93
158 93
120 93
550 93
21 95
224 95
67 96
432 98
183 99
650 100
366 100
411 100
784 100
213 100
862 101
579 102
763 103
848 103
977 105
714 106
836 106
123 107
245 107
936 109
758 109
552 110
237 110
949 111
287 111
402 111
114 112
889 113
447 113
935 113
460 116
533 118
435 119
714 121
54 122
365 122
405 123
164 126
651 126
464 133
302 134
236 134
103 137
374 140
868 140
403 145
45 146
176 147
521 147
438 148
679 148
826 152
400 153
898 154
457 154
371 156
790 156
701 158
984 159
273 160
335 162
309 162
108 162
428 164
492 164
886 165
447 165
853 166
931 167
357 168
275 169
78 169
595 170
929 171
160 171
209 173
789 174
826 175
312 175
139 179
484 179
165 179
483 183
657 185
198 185
763 189
150 190
299 191
209 192
503 193
365 196
967 196
32 198
632 198
251 198
26 199
936 200
906 200
103 201
205 203
246 203
106 203
739 204
451 204
444 206
760 206
878 206
94 207
341 207
886 207
678 210
457 211
440 211
923 213
453 213
409 216
211 217
615 220
366 223
205 223
28 225
706 225
561 226
120 230
817 231
172 231
123 231
849 231
46 233
593 235
47 236
656 239
287 240
532 241
634 241
656 243
77 245
871 246
918 249
461 250
852 252
429 253
450 255
841 255
847 256
607 258
768 258
48 259
122 259
193 259
895 260
477 261
149 261
788 263
560 264
313 268
717 269
757 270
771 272
95 272
115 273
444 274
923 274
177 275
165 276
354 276
868 278
723 278
651 283
6 283
535 284
304 286
875 286
481 287
7 288
406 289
836 289
614 290
307 293
819 293
487 294
561 295
503 296
303 297
123 297
686 298
253 299
395 299
448 302
450 302
306 303
30 303
184 304
878 305
751 306
24 306
586 307
290 307
592 307
5 308
860 309
35 311
576 312
750 312
427 317
113 318
295 320
358 321
135 321
534 321
580 321
89 322
827 324
140 326
183 326
583 327
80 329
766 329
690 329
779 329
74 329
583 330
779 330
464 331
859 332
535 332
627 334
664 334
296 336
562 336
300 336
43 336
786 337
8 337
250 340
837 340
839 341
286 343
236 343
424 346
884 346
126 348
622 349
168 349
553 351
761 352
246 353
832 353
274 354
702 356
294 357
552 362
305 362
392 362
47 362
723 363
920 364
974 365
312 368
981 369
780 371
913 372
632 373
506 373
715 373
612 374
388 379
925 383
522 383
516 384
776 385
210 386
723 386
270 386
92 388
989 390
356 390
637 391
528 392
102 392
378 392
465 395
880 395
468 395
188 396
41 397
143 398
775 398
220 399
255 401
437 401
913 403
963 406
916 406
288 406
47 406
36 410
745 410
416 414
25 414
643 415
699 415
627 415
980 416
782 416
889 417
482 418
164 420
220 421
763 422
687 427
835 427
504 428
755 428
326 429
329 429
809 431
882 432
307 433
326 434
357 435
312 437
175 438
951 439
192 440
465 440
111 440
293 441
977 442
579 442
634 443
421 443
974 444
596 444
442 446
715 448
8 448
557 449
733 450
742 451
572 452
247 452
122 454
66 456
315 457
861 457
620 458
644 458
174 459
887 459
925 460
887 462
497 463
8 463
687 465
226 466
93 466
553 468
991 469
811 471
441 472
138 472
909 473
363 473
860 477
150 477
142 477
489 478
215 480
950 480
889 481
736 484
969 485
151 487
345 491
214 495
412 495
899 496
89 497
725 497
198 499
426 500
735 500
504 500
363 501
942 503
384 503
771 503
621 503
49 508
840 508
379 512
290 512
209 513
815 515
108 516
452 518
155 518
794 518
598 523
101 524
257 524
855 525
178 526
887 528
661 528
265 528
490 530
643 530
478 531
918 531
709 531
310 533
279 533
448 534
315 535
406 535
542 536
950 536
956 537
402 538
948 538
436 539
408 539
348 539
712 540
513 541
456 543
452 543
526 544
376 547
684 547
782 548
891 550
960 551
748 554
453 556
68 557
589 557
967 557
950 558
869 558
661 561
261 561
211 563
35 565
257 565
91 566
628 567
83 568
842 568
871 568
343 569
684 569
789 569
46 569
777 571
467 572
474 573
111 576
182 576
377 576
401 577
354 579
292 580
426 581
423 583
29 583
762 584
89 584
820 585
72 585
637 586
595 589
47 590
601 590
312 591
543 592
971 592
394 594
879 594
5 594
911 594
435 595
747 596
457 597
132 597
768 600
712 600
227 600
384 602
834 603
345 605
184 606
434 606
65 606
126 607
527 608
813 612
560 614
241 615
826 615
140 616
914 616
376 618
852 618
717 618
24 619
459 619
555 621
102 621
606 623
838 623
431 623
303 623
703 624
416 625
626 626
593 627
280 627
19 629
13 630
748 630
61 635
198 636
199 636
119 637
565 638
747 641
521 641
237 642
364 642
474 643
891 644
66 647
933 648
599 649
290 649
18 650
766 650
653 651
269 652
79 653
648 655
845 655
90 655
331 657
159 657
993 658
986 659
85 660
823 661
910 661
76 662
655 662
845 662
886 663
528 664
951 665
468 665
816 667
667 668
840 670
433 670
198 672
247 672
561 673
838 673
748 673
474 677
230 677
811 679
682 682
577 682
574 684
30 684
776 686
746 686
986 687
30 687
14 689
225 689
687 692
334 692
975 693
18 694
192 698
45 701
749 701
992 702
177 705
140 705
422 706
78 707
305 707
870 708
32 709
387 710
980 710
174 711
353 711
173 713
342 714
354 716
659 718
754 720
438 720
378 721
855 722
173 722
533 723
938 723
111 724
651 729
912 730
122 731
22 731
505 732
552 734
964 735
922 736
522 737
159 737
466 737
90 740
947 741
10 742
780 742
488 742
630 742
70 744
241 744
991 745
199 746
528 746
584 748
253 748
90 748
279 749
675 749
319 750
203 750
395 750
58 750
171 751
1000 753
661 754
183 755
216 756
20 756
815 756
740 759
298 759
443 759
967 760
614 760
731 761
679 761
254 762
471 763
525 766
324 766
239 769
273 770
347 771
831 772
346 774
309 774
706 778
483 780
139 780
355 781
454 782
276 783
647 785
562 785
806 787
243 792
313 793
273 793
467 795
631 795
198 796
199 798
531 798
324 798
759 798
76 799
548 800
887 800
400 803
982 803
308 807
683 807
784 807
656 807
789 808
466 810
779 813
981 813
995 814
892 815
623 819
17 819
651 821
819 825
115 828
11 830
413 832
322 832
946 835
209 835
143 836
230 836
408 836
76 836
588 837
881 837
989 840
991 843
413 844
601 845
584 849
95 850
40 851
444 851
2 852
710 852
762 852
516 853
696 854
274 854
97 856
363 857
866 859
31 860
439 860
141 860
134 862
922 863
150 863
260 866
603 866
361 867
811 867
361 868
939 871
683 873
414 873
441 873
568 873
362 874
918 875
802 876
711 878
780 879
706 880
250 882
965 883
54 883
864 883
308 884
929 885
759 885
498 885
555 885
883 887
12 888
28 888
285 892
476 892
783 893
438 894
338 894
477 895
177 895
277 895
168 895
612 898
33 899
200 901
535 901
84 901
716 902
1000 902
721 904
374 904
178 907
395 907
727 907
525 908
742 909
281 909
757 911
809 911
451 912
277 913
13 913
109 913
81 915
498 915
163 915
51 915
667 916
42 918
698 918
111 920
132 920
101 922
966 928
678 929
600 930
180 930
636 931
310 932
712 932
728 933
630 934
580 935
514 935
310 935
619 936
11 937
976 937
256 937
970 937
329 939
527 941
779 942
382 942
894 942
106 942
815 944
570 946
273 946
876 947
561 947
151 948
98 948
798 949
57 949
340 949
948 950
551 950
970 951
374 951
551 952
421 952
712 952
754 954
629 954
502 954
68 955
576 955
432 956
340 960
445 961
738 961
769 964
745 964
322 965
8 965
388 965
45 966
916 969
3 970
52 971
192 971
629 973
642 974
992 974
735 974
683 974
20 977
806 978
79 979
870 980
885 981
921 981
226 983
90 983
947 984
188 984
515 984
620 985
703 986
615 986
848 986
805 988
835 989
82 990
396 990
727 991
778 991
826 994
949 995
31 995
184 997
748 997
512 999
