254
503 5
869 6
836 7
456 15
112 15
713 19
562 21
506 29
191 29
84 34
750 43
566 48
312 51
945 52
76 54
46 56
82 58
796 60
464 65
766 66
970 70
591 73
977 73
64 76
497 79
630 82
681 83
578 85
305 87
671 91
416 96
968 98
443 105
483 105
902 108
593 113
727 114
269 127
694 130
476 138
12 145
124 150
446 152
205 156
93 158
663 158
230 161
387 169
283 171
890 179
640 183
414 185
549 185
453 190
835 200
833 200
516 206
623 209
291 217
397 217
259 222
419 236
777 241
892 244
601 244
143 249
872 250
484 251
508 254
571 257
161 259
456 263
28 264
893 264
411 271
175 273
87 278
711 283
687 286
38 302
777 317
1 322
395 323
711 327
165 330
966 338
214 342
430 348
604 351
120 354
372 356
302 358
949 364
523 367
737 367
245 368
342 368
86 369
909 393
930 399
879 402
722 405
29 416
104 417
798 427
997 429
822 431
411 431
529 433
418 435
52 435
345 444
184 446
323 449
954 456
44 463
848 466
734 468
603 475
393 480
235 482
449 482
527 488
164 494
235 495
94 500
635 501
106 501
818 502
962 509
833 511
410 526
660 530
140 532
514 543
333 546
337 548
718 552
901 556
268 556
947 559
713 561
393 566
484 585
120 586
542 595
890 598
482 598
559 603
807 606
928 608
570 610
985 624
743 624
494 627
624 631
500 641
13 645
987 646
196 651
546 654
843 659
95 661
964 663
563 664
237 669
261 673
527 674
810 687
352 689
236 692
261 707
142 708
173 731
845 737
948 754
348 756
743 757
906 761
423 764
397 767
211 767
230 769
912 774
233 777
452 786
937 793
991 794
332 795
656 799
865 799
472 805
770 808
531 809
709 813
857 819
371 819
470 821
352 823
492 825
685 825
943 826
83 826
792 833
227 836
666 847
914 849
429 855
942 856
874 858
776 863
136 865
226 867
136 872
773 873
735 874
792 877
908 881
212 888
311 890
744 890
915 895
413 896
558 898
595 899
272 906
680 908
483 909
270 911
886 912
914 917
674 918
752 921
819 926
348 930
982 932
347 946
271 950
103 954
224 960
486 966
982 974
377 974
497 977
610 983
957 983
744 985
622 987
692 989
905 992
137 994
359 996
15 999
12 1000
