232
640 3
347 8
871 9
524 17
890 20
423 23
310 26
969 30
975 38
497 47
455 50
299 55
802 56
218 57
617 62
880 63
74 73
312 74
919 79
31 98
673 103
785 104
337 106
782 110
567 112
363 116
665 135
860 140
586 141
808 144
122 160
244 164
629 167
706 175
187 176
506 184
48 187
631 193
370 198
124 203
775 206
336 206
183 218
969 219
84 225
388 234
84 238
812 246
141 249
429 258
968 263
950 268
531 269
293 270
439 279
441 285
823 287
785 299
485 302
277 307
255 308
267 308
691 311
355 318
407 320
131 323
145 326
382 332
794 342
555 345
74 349
48 350
807 366
70 375
16 382
873 390
135 392
99 396
300 398
521 402
798 411
706 411
958 412
406 415
883 416
733 417
231 424
919 432
197 442
867 446
409 447
832 452
564 453
695 457
720 459
223 459
193 461
485 461
630 464
117 465
556 466
201 467
101 470
498 473
991 477
228 482
396 484
349 486
893 494
926 494
351 505
589 505
8 506
855 509
593 512
950 512
862 520
264 528
18 530
518 532
136 532
803 534
1 537
23 538
147 539
745 542
463 542
118 547
44 549
512 549
1000 553
104 555
420 559
198 570
748 579
465 582
289 584
556 588
349 592
274 608
402 613
676 613
60 613
691 618
384 622
19 623
714 630
30 637
786 643
610 651
558 652
122 653
947 654
694 661
192 665
225 665
93 667
902 669
242 672
420 676
371 683
470 686
78 690
718 691
999 699
626 702
95 704
453 704
416 717
668 724
80 726
226 727
74 727
964 733
646 742
807 747
149 749
86 749
883 750
195 752
881 753
724 757
237 761
757 765
179 767
493 781
414 786
108 787
619 788
999 792
600 799
671 804
671 806
969 808
596 811
949 820
560 830
214 834
328 872
539 873
257 874
555 877
716 886
601 886
729 889
434 894
794 894
41 894
100 895
381 896
584 917
830 921
976 922
354 927
143 936
147 946
859 950
707 950
478 956
839 965
578 966
126 966
431 967
166 969
53 970
507 977
399 980
867 988
194 990
565 990
705 997
819 997
