645
34 0
45 2
67 3
31 4
55 7
36 7
63 7
46 8
48 9
67 9
54 11
6 11
57 15
3 16
6 17
61 17
7 18
62 18
32 19
19 22
10 22
57 26
48 28
10 31
55 31
17 32
15 32
13 33
61 34
51 34
17 34
12 36
71 37
35 38
62 39
70 41
2 41
54 43
33 44
39 45
24 45
15 48
53 49
52 49
55 50
62 50
17 52
11 54
23 54
31 56
21 57
33 57
15 57
4 59
3 59
12 59
12 60
9 62
61 62
32 62
45 63
71 65
38 66
64 71
49 71
46 73
56 75
27 77
40 80
45 81
60 84
38 87
71 88
53 91
31 93
55 93
32 96
52 97
22 97
7 98
10 98
31 98
23 98
19 100
27 103
19 104
11 105
5 111
9 112
44 115
69 117
70 119
31 120
67 121
8 122
70 123
53 124
28 128
53 131
65 133
6 133
17 133
55 133
46 135
30 136
2 136
21 138
34 140
49 141
52 142
45 144
30 149
12 149
5 149
9 154
9 157
18 158
20 158
29 160
53 162
29 162
16 163
53 163
48 164
7 166
58 168
12 168
50 169
3 170
35 174
38 174
8 175
47 176
28 178
48 179
16 179
55 179
43 180
65 180
9 181
44 181
27 182
46 182
5 182
9 184
44 185
57 185
9 185
29 185
22 188
67 190
5 191
24 193
3 193
25 194
3 194
59 195
30 195
29 195
49 197
44 198
45 199
41 205
70 205
48 205
8 206
30 206
37 207
7 209
56 210
44 210
66 212
6 212
34 213
56 213
52 215
8 218
30 218
35 218
56 222
54 223
4 224
29 227
19 228
49 229
61 231
44 234
42 234
58 234
25 235
6 235
8 235
51 239
44 240
8 241
29 241
7 243
41 244
3 247
49 248
8 250
55 250
3 252
55 255
23 255
8 257
30 257
18 260
17 260
8 262
38 263
54 264
54 265
54 266
48 270
2 272
68 272
56 272
15 274
45 276
45 276
1 277
58 277
50 278
29 279
41 284
5 285
53 286
43 287
36 288
61 288
39 290
67 290
59 292
31 292
56 292
52 293
52 294
26 294
57 296
39 297
71 300
36 300
61 301
68 302
59 303
1 304
34 307
4 310
33 310
38 311
28 312
64 312
12 313
49 313
48 314
42 314
9 315
47 319
49 320
33 320
20 320
38 320
33 321
27 324
16 324
23 327
43 327
68 327
23 332
1 332
14 334
19 338
38 338
34 338
58 340
7 340
47 341
51 341
28 344
9 344
47 345
18 351
7 351
61 353
64 356
29 357
57 361
40 361
41 361
36 363
15 366
25 367
15 368
35 368
70 368
25 371
71 372
59 373
27 373
15 374
50 376
63 378
1 378
38 379
32 380
53 380
15 381
60 381
15 383
8 383
20 384
51 388
33 388
33 389
18 392
59 392
28 393
2 393
40 393
37 393
23 393
62 396
46 396
47 399
17 400
30 401
4 403
2 403
58 403
46 403
70 404
49 404
47 410
10 410
34 411
33 413
25 418
16 419
29 420
59 420
28 420
19 421
47 421
41 422
46 422
57 424
15 426
35 428
50 428
50 429
37 430
56 433
10 434
1 434
10 434
30 435
31 437
3 438
48 438
63 439
35 439
3 439
25 441
37 442
51 442
68 445
53 446
5 448
2 448
21 449
25 450
20 451
14 451
12 451
25 451
32 453
68 457
3 457
24 459
4 459
46 460
67 461
1 462
12 463
19 463
2 465
64 467
34 468
12 469
56 470
34 471
58 472
26 473
48 474
19 478
15 479
23 480
4 481
51 481
45 483
15 483
24 485
55 485
21 487
55 487
6 487
36 488
19 492
64 492
44 493
35 494
29 496
52 497
35 498
9 501
63 505
32 505
19 505
63 506
50 508
2 508
6 509
22 511
26 511
15 511
54 513
27 515
3 516
13 519
3 519
67 521
62 522
22 522
55 524
19 528
26 529
41 530
66 530
36 531
38 531
51 534
52 534
69 536
23 538
30 540
20 540
19 541
57 541
20 541
14 541
60 542
53 543
61 548
31 548
38 549
54 550
64 553
56 554
63 559
26 559
27 559
10 560
2 561
21 563
26 564
45 565
14 565
63 570
30 571
65 577
29 578
71 579
3 579
63 580
20 581
43 583
9 583
1 584
57 586
71 591
53 591
28 591
62 592
21 593
54 596
51 598
28 599
43 600
66 600
54 603
69 604
12 606
28 607
25 607
31 609
4 609
5 609
63 610
37 611
58 612
21 613
8 614
58 618
53 618
61 619
28 620
21 621
28 623
34 625
67 626
6 626
22 626
70 627
9 629
29 630
46 633
70 633
20 633
62 634
59 634
6 634
49 635
36 636
13 636
46 637
48 637
45 639
57 641
57 642
29 647
23 647
16 648
69 652
67 652
60 652
22 653
25 653
23 654
45 655
68 657
10 657
19 657
38 657
22 658
52 658
27 659
4 660
66 660
11 661
55 662
1 663
25 663
65 665
1 667
1 668
46 668
9 668
18 669
31 675
55 676
32 677
35 679
29 679
15 680
6 684
56 687
34 691
14 694
2 694
2 696
62 697
35 698
54 698
40 699
37 700
21 700
60 700
55 701
44 702
17 702
46 703
7 703
36 704
50 705
62 705
24 707
37 710
30 712
47 716
63 717
64 718
71 719
64 720
8 721
51 723
34 723
48 724
68 725
3 726
44 728
18 728
29 731
56 731
70 732
50 734
36 735
7 735
12 736
68 737
27 737
16 738
40 738
45 738
22 740
17 740
21 740
59 741
13 743
12 743
62 745
70 745
11 746
17 747
65 747
28 758
58 759
45 763
64 765
49 767
50 768
43 769
31 770
25 771
26 772
49 772
7 773
39 778
66 778
30 779
40 781
10 781
11 781
30 781
7 783
