754
134 0
6 0
36 0
111 0
123 0
63 0
106 0
70 0
117 1
51 1
151 1
11 1
59 1
88 1
85 1
69 2
80 2
127 2
133 2
43 2
36 3
2 4
126 4
154 4
146 4
107 4
63 4
84 4
50 5
155 5
22 5
35 5
75 5
43 5
35 5
10 5
133 6
44 6
28 6
12 6
85 6
148 7
153 7
61 7
127 7
60 7
64 7
130 7
69 7
146 7
54 8
51 8
146 8
22 8
5 8
90 9
147 9
103 9
28 9
135 10
79 10
86 10
103 10
19 10
102 10
7 10
125 11
33 11
138 11
35 11
156 11
126 12
65 12
72 12
8 12
143 12
116 12
76 13
142 13
153 13
103 14
45 14
146 14
92 14
62 14
29 14
54 14
20 14
17 14
90 14
30 15
19 15
119 15
70 15
36 15
51 16
121 16
87 17
140 17
35 17
43 17
107 17
152 17
47 17
113 17
43 18
49 18
80 18
95 18
122 19
21 19
54 19
54 19
87 19
7 19
87 19
55 20
7 20
14 20
35 21
123 21
97 21
50 21
16 22
59 22
131 22
80 22
23 23
98 23
59 23
122 23
128 24
65 24
117 24
16 24
99 24
94 24
55 24
152 24
115 24
47 25
153 25
12 26
58 26
20 26
132 27
73 27
148 27
78 27
87 27
102 27
99 27
64 27
70 28
22 28
127 28
39 29
79 29
47 29
69 29
115 29
92 29
105 29
138 29
127 30
5 30
119 30
108 30
155 30
139 30
92 30
15 30
31 30
14 31
141 31
28 31
66 31
129 31
131 31
125 31
146 31
6 31
128 31
14 31
135 32
4 32
97 32
118 32
8 32
128 32
77 32
60 33
6 33
71 33
40 33
21 33
144 33
9 33
17 34
105 34
146 34
116 34
29 34
108 35
137 35
27 35
12 36
138 36
23 37
85 37
111 37
153 37
153 37
99 38
136 38
56 38
104 38
47 38
32 38
59 39
44 39
12 39
70 39
42 39
155 40
69 40
102 40
104 40
63 41
34 41
143 41
66 41
133 41
38 41
11 41
92 41
81 41
6 42
93 42
71 42
82 42
59 42
129 43
128 43
105 43
14 43
68 43
53 43
43 43
148 43
154 43
144 43
36 44
63 44
26 44
45 44
67 44
37 44
11 44
132 44
4 44
87 45
120 45
86 45
124 45
96 45
15 45
67 45
131 45
136 45
130 46
97 46
33 46
87 46
121 47
4 47
41 47
120 47
77 47
10 48
140 48
29 48
112 48
85 48
148 48
14 48
97 49
148 49
112 49
44 49
53 49
81 49
121 49
115 50
143 50
44 50
128 50
47 50
39 51
128 51
120 51
91 51
9 51
89 51
113 51
149 52
152 52
41 52
75 52
85 52
32 52
41 53
119 53
75 53
21 53
10 53
32 53
34 53
79 53
56 54
77 54
11 54
13 55
23 55
103 55
69 55
65 55
113 55
138 55
157 56
78 56
66 56
36 56
97 56
148 57
67 57
45 57
102 58
80 58
96 58
95 58
37 58
56 58
25 58
25 58
95 58
4 59
16 59
50 59
23 59
29 59
125 59
118 59
84 60
156 60
47 60
51 61
92 61
41 61
80 61
157 61
11 61
50 61
35 62
26 62
142 62
45 62
147 63
32 63
119 63
54 63
120 64
42 64
17 64
19 64
155 64
65 64
63 64
119 64
32 64
11 64
41 64
107 64
23 65
13 65
63 65
99 65
91 65
21 65
144 65
122 65
18 65
76 65
98 65
34 66
92 66
35 66
114 66
55 66
82 66
41 67
55 67
46 67
5 68
146 68
60 68
95 68
35 69
58 69
31 70
52 70
44 70
104 70
99 70
91 70
13 70
138 70
143 70
135 70
27 71
126 71
12 71
93 72
31 72
12 72
144 72
21 73
18 73
100 73
101 73
128 73
46 73
103 73
70 73
148 73
85 73
52 74
48 74
141 74
132 74
89 74
101 74
103 74
95 74
100 74
83 75
84 75
10 75
128 75
143 75
129 75
142 75
110 75
122 75
59 76
120 76
92 76
33 76
105 77
131 77
7 78
129 78
9 78
97 78
30 78
144 78
118 78
19 78
62 78
83 79
52 79
79 79
151 79
72 79
41 79
155 80
81 80
17 80
118 80
16 80
62 80
75 81
1 81
49 81
14 81
57 81
101 81
124 81
78 81
87 81
18 81
10 82
26 83
34 83
31 83
11 83
115 83
33 84
128 84
151 84
150 84
157 84
108 84
106 84
154 84
124 85
140 85
94 85
23 85
87 85
17 85
60 85
4 85
88 85
50 86
151 86
99 86
125 86
142 86
127 86
96 87
24 87
62 87
29 88
121 88
45 88
6 88
97 88
36 88
46 89
102 89
90 89
146 89
79 89
110 90
31 90
85 90
21 90
35 91
115 91
76 91
13 91
92 91
58 92
69 92
123 92
68 92
58 92
133 92
108 93
83 93
45 93
79 93
59 94
128 94
87 94
92 94
117 94
51 94
143 94
113 94
117 95
101 95
84 95
21 95
28 95
79 95
1 95
147 95
82 96
67 96
11 96
135 96
71 96
56 96
81 96
103 97
143 97
94 97
55 97
43 97
64 98
95 98
32 98
97 98
121 98
64 98
137 98
109 99
87 99
41 99
132 99
114 99
86 99
151 100
33 100
90 100
88 100
92 101
60 101
85 101
67 101
80 101
88 101
11 102
61 102
115 102
133 102
92 102
40 102
37 102
86 103
116 103
106 103
121 103
155 103
63 103
72 104
75 104
133 104
61 104
2 104
8 104
154 104
17 105
119 105
84 105
23 105
74 105
119 106
74 106
60 106
74 106
113 106
59 106
123 106
90 106
62 107
68 107
28 107
77 107
106 107
38 107
113 107
152 108
99 108
55 108
53 108
100 108
76 108
143 108
39 109
154 109
154 109
60 109
116 109
46 109
63 109
91 109
69 109
1 110
59 110
149 110
113 110
66 110
122 110
150 111
28 111
63 111
80 111
47 111
56 112
103 112
106 112
28 112
150 112
106 112
53 113
154 113
91 113
88 113
90 113
15 113
128 113
5 113
28 114
101 114
94 114
18 114
108 114
71 115
13 115
21 115
76 115
57 115
7 116
74 116
36 116
30 116
55 116
50 116
75 116
139 116
38 117
123 117
17 117
153 118
54 118
109 118
83 118
31 118
84 118
104 118
102 118
102 118
113 119
38 119
90 119
66 120
29 120
73 120
5 120
95 120
120 120
75 120
120 120
17 120
50 121
66 121
131 121
120 122
21 122
151 122
41 122
96 123
123 123
46 123
25 123
99 123
41 123
82 123
35 123
45 123
122 123
15 123
147 123
112 123
27 124
6 124
43 124
35 124
33 124
67 124
104 124
