410
372 1
217 4
198 9
933 9
721 11
430 11
690 15
537 17
329 21
842 22
334 25
150 27
554 37
281 39
884 43
533 44
729 46
547 47
797 49
884 50
370 51
80 52
819 52
92 53
154 53
621 55
963 64
186 64
423 65
812 70
894 71
290 71
690 72
411 77
447 82
733 86
845 86
437 87
259 88
626 91
809 91
781 94
191 95
109 95
461 102
324 103
974 104
751 106
945 106
693 108
589 110
803 111
928 112
90 114
130 115
730 117
849 118
970 121
945 122
837 123
831 123
715 124
420 124
820 125
592 126
611 129
412 129
9 131
60 132
714 134
86 139
741 139
802 140
197 145
666 149
958 158
114 161
204 165
278 165
551 172
455 173
9 175
148 175
981 176
341 177
115 179
632 182
622 185
755 186
659 188
221 194
234 203
240 207
44 208
189 208
350 209
873 210
617 214
589 216
776 219
661 223
111 225
992 229
323 230
694 231
134 241
203 243
211 245
165 246
746 246
932 248
852 248
23 250
233 251
189 256
110 258
954 259
821 265
412 273
329 280
21 282
918 284
75 285
743 288
533 291
320 293
823 294
996 295
681 297
953 299
190 299
801 302
309 304
214 304
237 304
250 305
908 313
107 314
964 315
647 316
938 317
360 318
49 319
37 321
140 329
79 331
876 333
254 349
906 349
69 354
161 358
522 363
777 363
948 364
123 368
547 369
219 371
751 374
862 379
909 380
708 380
178 383
486 383
206 385
58 388
270 389
989 390
443 391
42 394
357 397
374 399
881 399
416 400
668 402
15 403
540 407
522 408
694 409
980 414
679 415
456 420
614 421
474 421
478 429
857 430
952 431
994 433
732 434
602 434
804 436
388 438
47 440
976 440
105 441
15 442
442 447
95 447
201 449
61 450
170 450
347 453
26 458
909 459
825 461
684 463
52 463
597 472
325 479
849 479
974 479
788 479
224 485
980 487
305 488
706 490
702 493
533 495
333 498
86 498
832 502
837 503
809 504
712 505
80 505
449 506
57 507
572 511
363 513
638 527
318 527
146 529
675 531
252 535
705 537
812 537
301 540
250 543
65 544
365 558
762 563
430 564
301 565
665 565
988 571
785 573
293 577
737 581
857 583
850 586
328 587
114 593
604 597
423 599
275 600
794 602
124 603
749 605
207 606
824 607
713 612
556 615
353 617
942 617
674 618
417 619
995 624
191 626
943 627
340 628
996 630
609 630
619 634
623 637
850 638
731 640
646 643
808 644
769 650
552 652
802 655
687 656
50 663
715 665
229 665
299 669
147 669
844 678
879 680
630 685
233 685
268 685
531 686
693 686
897 689
848 691
871 694
434 697
783 698
802 700
354 704
384 704
248 706
259 712
675 713
792 716
303 719
477 724
386 728
888 731
400 732
216 736
247 739
873 744
83 746
718 748
418 753
644 756
29 765
76 767
972 767
111 769
852 777
413 777
794 778
674 778
973 782
126 787
703 788
681 791
298 792
831 795
536 799
324 803
698 804
339 805
655 807
617 809
713 813
615 816
42 818
786 822
642 826
884 827
20 828
315 829
801 829
647 829
68 830
157 833
228 834
949 837
429 840
381 842
422 845
815 845
249 845
878 849
487 850
853 852
597 854
103 859
953 859
833 860
322 861
498 867
680 868
462 871
109 876
217 877
162 880
44 880
102 880
375 882
697 884
168 884
895 885
546 888
471 893
188 895
128 900
359 905
231 909
831 914
57 918
417 918
557 920
239 920
308 923
94 933
93 942
430 943
378 946
231 948
845 952
33 954
35 954
828 955
51 955
706 959
288 959
640 961
269 969
805 972
569 972
260 972
479 976
525 987
935 990
677 991
168 994
