850
814 0
732 0
795 3
105 4
562 5
722 5
613 5
951 7
221 7
614 9
161 9
965 10
710 15
776 18
770 20
201 22
619 22
261 23
737 25
32 25
183 26
236 26
656 26
951 32
574 34
856 34
887 34
528 35
273 35
21 36
381 36
183 37
248 41
539 42
473 43
526 44
825 44
290 44
149 44
911 46
474 48
484 50
309 51
141 51
17 51
191 53
481 53
349 56
334 57
968 57
951 61
759 61
214 62
113 62
472 62
471 63
732 64
276 65
262 66
24 66
713 66
863 67
452 69
330 75
394 79
446 82
713 82
232 83
751 83
221 84
129 84
959 88
462 90
107 91
484 94
586 94
523 95
744 95
754 96
471 97
43 98
395 101
214 103
183 104
215 104
249 104
614 106
401 108
625 109
969 111
490 115
661 116
187 116
895 116
679 116
425 117
192 117
702 121
983 122
89 122
766 122
931 123
386 124
626 124
826 125
690 126
747 126
707 128
507 130
113 133
55 134
677 134
282 140
16 141
300 142
516 144
408 144
695 145
59 145
608 146
995 146
508 147
360 147
979 149
964 149
789 150
187 152
86 155
997 157
412 158
616 163
562 169
173 169
390 173
866 173
511 175
343 178
956 179
752 179
85 180
885 180
360 182
53 182
710 183
898 185
548 191
952 194
23 195
86 196
706 198
629 199
147 200
929 200
888 201
346 205
735 205
145 206
168 206
960 207
600 208
226 212
266 212
351 213
740 213
841 215
560 216
57 220
620 222
102 224
299 225
601 226
386 228
185 229
602 230
996 231
750 232
819 237
313 237
229 239
485 239
871 242
695 243
872 243
115 245
723 246
367 246
552 246
177 247
351 247
527 250
283 251
87 251
703 251
835 252
684 254
139 254
340 255
676 257
433 259
959 261
18 264
352 265
327 268
584 270
74 272
624 272
305 273
724 275
853 276
588 276
24 277
77 278
628 280
44 283
305 283
546 288
545 288
507 289
501 291
897 292
385 294
438 294
683 294
916 295
922 296
606 297
655 297
48 299
310 300
95 301
156 302
106 303
639 303
593 304
473 304
427 304
436 307
512 310
777 310
969 311
316 311
573 311
253 312
201 312
497 312
893 312
269 312
31 313
808 314
452 315
750 315
913 317
881 319
575 319
332 320
294 321
99 321
407 322
321 323
687 323
452 324
537 325
691 326
908 327
143 327
497 328
171 328
434 328
57 329
933 331
459 331
729 332
704 332
659 332
437 333
329 333
877 334
963 340
839 340
752 342
523 342
142 342
679 343
477 343
252 343
632 346
154 348
498 349
209 349
657 352
514 352
851 352
809 353
836 354
559 357
186 357
284 362
475 363
444 364
840 364
958 365
891 365
94 365
722 366
445 366
841 371
132 372
277 373
344 374
14 374
396 375
785 375
260 376
812 376
156 377
66 378
318 378
115 379
343 380
988 383
251 386
414 386
597 387
885 388
327 390
195 392
318 394
444 400
904 400
601 402
615 403
124 404
389 405
306 406
391 411
719 412
335 412
488 412
189 414
961 414
20 415
709 416
744 417
246 418
759 418
185 419
763 421
277 421
429 421
690 422
470 423
377 425
557 427
382 427
272 429
857 431
587 433
68 434
713 435
937 436
270 443
806 443
136 444
141 444
347 447
38 448
199 452
214 452
712 452
371 452
915 452
354 456
889 458
797 460
728 461
805 463
837 463
299 465
294 467
131 468
667 470
770 471
109 473
980 473
372 474
757 475
141 475
264 476
241 478
502 479
787 479
841 479
643 480
616 480
157 480
472 481
6 483
364 485
320 485
497 485
369 486
349 486
323 487
404 490
755 491
144 491
538 492
330 493
451 493
908 495
95 497
506 500
758 500
34 503
417 507
600 508
78 509
448 509
183 509
464 510
949 511
294 511
886 513
229 513
280 515
185 516
424 517
312 517
316 518
514 519
483 519
111 522
28 523
835 526
56 526
60 527
380 529
505 529
325 530
153 534
693 535
596 535
271 537
530 537
392 539
752 540
708 542
308 545
641 547
233 549
88 550
465 552
546 553
163 553
218 554
221 554
961 556
630 560
105 560
155 561
332 562
606 564
498 565
421 567
657 567
173 571
391 571
802 574
21 574
722 576
38 576
296 576
577 577
408 578
329 579
241 579
318 579
332 580
206 584
997 584
517 584
143 585
548 586
173 587
480 588
822 592
583 593
758 595
391 596
897 597
238 598
800 600
355 603
836 604
892 606
49 606
243 608
814 609
320 609
514 609
65 610
599 610
683 611
45 612
162 612
915 613
333 615
862 615
294 616
905 617
56 619
995 620
705 622
866 622
889 622
354 623
293 624
869 624
650 628
331 628
922 628
708 628
518 629
163 631
337 631
788 632
779 633
28 633
760 634
938 634
94 634
379 635
849 638
608 639
283 640
323 640
62 640
301 642
845 646
57 646
547 646
349 648
839 648
171 649
896 650
301 650
710 651
950 653
689 656
768 656
8 656
125 656
740 656
326 658
784 665
753 667
800 667
603 668
808 668
269 669
575 669
666 669
387 670
749 671
103 671
847 673
795 673
636 676
627 677
450 679
690 680
997 680
892 681
104 681
133 682
378 682
255 686
568 688
161 689
693 694
318 696
600 700
789 703
298 703
525 703
502 703
526 703
249 703
232 704
497 705
982 705
744 706
890 708
701 709
60 710
203 710
467 710
982 711
125 717
172 718
576 721
366 722
487 722
427 722
764 722
517 722
561 723
272 724
477 724
830 724
560 725
367 725
830 726
750 728
849 732
85 737
616 741
575 741
10 742
36 743
735 744
467 745
632 746
849 748
578 748
5 750
884 750
9 750
26 750
344 751
894 751
382 753
834 755
93 758
970 759
374 762
134 764
375 765
230 765
914 766
69 766
595 768
999 769
489 770
640 772
749 773
387 774
820 775
55 776
927 778
216 779
48 780
457 780
391 782
291 782
789 783
339 786
119 788
139 790
854 791
491 796
401 797
775 797
586 799
885 800
187 804
630 804
561 804
707 807
483 809
461 809
449 811
77 811
392 812
559 813
965 814
936 815
581 816
511 817
664 819
681 820
601 820
308 820
875 821
375 821
162 827
447 828
913 828
993 828
188 829
653 830
865 831
498 832
376 832
965 833
650 835
185 837
577 839
413 840
404 842
404 844
18 844
899 845
380 846
404 846
792 846
38 847
200 847
703 848
289 848
824 848
861 850
923 851
701 852
883 854
40 855
123 856
882 856
17 860
73 861
883 863
883 863
955 864
785 864
179 864
616 865
347 865
449 866
330 866
81 867
218 867
663 867
721 867
685 868
609 868
665 868
266 869
612 871
399 871
182 872
780 872
644 874
757 875
868 875
837 876
169 879
901 879
858 880
251 880
702 880
33 881
518 883
432 883
112 885
143 885
837 887
18 889
968 890
783 891
710 892
478 893
80 895
757 895
366 896
480 900
255 902
546 902
184 903
988 903
390 907
33 907
78 908
576 908
107 909
196 910
547 910
305 913
230 914
183 916
479 917
125 918
916 919
984 919
582 920
123 920
435 923
505 923
32 925
358 926
906 926
935 927
542 928
603 930
969 932
770 932
430 933
871 934
390 937
442 938
444 939
449 939
135 939
888 939
964 940
543 941
178 941
837 943
19 946
441 947
416 949
274 954
369 955
847 956
144 957
574 959
127 959
871 960
78 960
852 960
147 961
942 962
744 962
707 963
873 964
272 968
838 970
150 973
941 973
775 974
639 976
91 976
423 977
612 977
560 978
594 978
286 980
852 981
406 982
679 983
35 986
864 987
699 987
133 987
559 987
774 990
167 990
435 991
907 991
627 991
565 996
