491
174 0
370 2
362 2
262 3
119 7
171 12
423 15
177 16
13 17
127 20
212 22
269 23
164 24
30 30
214 30
269 30
286 30
390 32
242 33
26 34
2 35
153 39
203 39
34 44
159 45
371 49
145 51
116 55
309 58
206 59
89 61
134 63
304 63
296 80
8 81
134 83
182 85
369 92
84 93
43 96
166 99
293 99
326 100
211 100
44 102
253 105
13 107
328 109
46 112
188 113
426 114
286 116
89 116
383 118
379 118
237 119
60 122
397 124
32 125
247 128
419 128
424 138
394 140
315 141
273 141
1 142
106 144
33 147
161 149
407 150
293 152
130 152
253 153
30 155
350 155
256 157
55 157
277 161
92 162
393 163
298 164
304 165
214 166
79 168
44 170
222 171
351 172
240 179
228 182
366 183
234 184
153 184
23 187
135 194
34 196
49 196
241 198
378 204
33 205
153 206
323 208
273 210
374 210
296 212
74 214
384 217
254 218
2 218
38 223
127 225
305 226
236 226
311 228
73 229
351 233
122 233
292 234
279 234
346 234
403 235
18 235
54 238
392 238
289 239
414 242
109 243
225 244
189 247
90 248
300 255
204 256
363 256
30 260
43 262
3 263
383 263
229 268
333 269
69 269
6 270
190 271
371 272
382 275
309 276
300 278
192 278
151 281
219 284
417 292
22 293
36 294
321 294
274 295
335 296
30 300
65 300
326 302
355 306
44 309
290 315
293 317
185 319
139 322
238 322
298 325
412 328
84 330
260 332
421 334
410 338
238 338
150 342
47 343
313 346
273 346
287 347
364 347
280 348
313 349
227 352
326 354
38 357
280 357
83 357
348 362
150 363
188 364
380 366
206 367
240 367
112 367
376 369
258 370
346 371
234 373
102 376
86 377
49 378
127 379
361 381
9 381
370 384
39 385
327 386
297 388
22 390
409 392
162 392
8 394
134 398
226 398
286 399
46 402
79 402
249 404
251 405
25 417
17 419
106 423
392 423
297 423
258 425
48 425
150 426
358 432
306 434
56 436
297 437
156 438
410 441
171 443
280 444
97 449
302 450
58 451
314 454
262 460
147 464
296 466
76 467
92 467
267 468
108 470
184 472
273 474
419 475
274 475
309 477
181 478
352 479
144 480
179 482
272 482
133 483
75 483
248 484
154 488
310 491
100 492
195 494
327 496
9 498
178 499
77 501
134 501
219 502
41 503
62 503
198 510
155 513
273 514
379 514
362 515
344 517
384 518
312 519
295 520
278 521
393 521
187 523
168 524
40 526
393 527
232 528
15 529
280 529
247 530
202 531
89 533
134 534
210 535
389 536
231 537
39 537
213 544
422 545
305 548
350 548
195 549
289 550
140 551
206 553
144 554
346 555
343 559
56 564
57 566
413 567
317 570
354 571
147 576
298 577
43 578
362 579
313 579
150 581
81 582
113 583
108 583
63 585
41 589
214 591
154 593
319 596
246 596
361 597
44 599
231 602
268 602
83 606
197 609
217 611
198 615
360 616
67 616
294 619
63 620
107 620
5 621
122 621
291 621
61 626
393 629
231 630
391 631
227 632
84 633
214 634
174 634
160 635
274 637
93 639
206 639
191 639
370 640
283 643
110 648
222 649
34 650
183 653
60 654
8 656
125 657
365 660
127 663
217 668
319 678
366 678
320 681
56 687
133 687
277 691
200 701
311 701
371 701
380 704
109 706
369 708
6 709
41 709
236 710
10 714
125 715
330 716
326 719
137 722
289 724
184 724
269 725
298 728
113 729
264 733
11 736
186 739
30 743
259 744
375 745
208 747
402 748
69 752
189 754
5 758
186 762
65 766
327 766
318 767
168 769
366 773
384 775
126 777
370 781
318 781
50 786
55 787
76 788
404 789
423 790
300 790
231 793
332 793
57 794
118 794
131 794
234 800
59 800
249 801
179 804
296 809
19 809
299 809
277 810
212 814
305 814
280 815
284 816
141 816
125 817
349 821
250 822
99 825
279 826
13 828
321 829
190 831
233 839
104 843
263 851
78 851
82 853
269 854
422 855
159 859
168 861
232 861
367 862
106 863
364 863
114 865
114 873
318 874
165 875
155 882
320 885
27 886
60 891
60 892
134 899
154 903
84 905
259 908
163 913
416 914
349 916
129 920
343 924
393 925
388 929
99 930
354 933
319 940
245 941
172 941
101 942
408 943
222 944
390 945
140 949
197 949
50 951
210 952
14 953
