492
217 0
244 1
809 2
787 4
314 5
814 7
482 8
988 9
55 10
684 15
537 18
585 27
446 30
690 31
262 31
25 34
541 36
691 38
363 39
662 39
837 40
338 47
320 48
636 52
551 53
818 56
492 57
928 58
109 62
199 65
923 72
723 73
899 74
472 75
793 75
251 76
934 77
522 77
175 78
784 80
536 81
438 83
598 85
407 86
833 87
733 89
183 90
529 95
551 97
648 101
991 106
752 107
940 118
994 122
919 123
603 124
209 126
54 130
598 132
740 133
868 139
216 139
958 142
193 146
80 146
472 146
542 147
62 149
835 152
233 153
73 155
204 156
838 158
979 159
311 159
422 160
721 164
533 165
787 167
934 168
803 170
406 179
175 180
757 180
28 181
828 185
501 186
199 187
878 189
594 190
978 190
205 191
911 192
445 192
609 194
525 195
424 196
725 199
979 201
81 204
854 206
916 208
561 215
401 216
931 217
674 220
904 220
631 221
218 223
912 230
131 237
277 239
850 241
93 242
783 243
224 244
175 246
256 246
71 246
696 247
494 247
473 250
763 255
260 255
207 257
54 258
176 259
157 261
528 268
111 269
67 273
480 276
927 281
516 283
949 285
564 285
683 286
162 289
641 292
755 293
862 310
611 310
309 311
679 311
366 313
636 314
285 316
148 316
533 324
639 324
368 325
946 330
206 332
449 333
524 335
228 335
779 340
592 341
210 349
575 351
964 352
311 353
639 355
483 356
928 357
358 357
664 358
418 360
419 361
325 361
257 363
72 364
939 365
539 370
999 371
784 378
130 380
832 380
294 384
401 386
569 390
590 394
44 394
983 394
130 399
548 400
524 401
875 405
939 406
70 406
941 407
673 407
505 413
646 413
836 415
184 416
762 416
789 420
577 423
692 426
762 426
270 427
252 428
858 429
514 432
902 436
796 436
655 438
456 438
879 440
557 441
71 442
984 442
434 443
488 443
786 445
290 446
457 451
794 453
811 454
876 454
269 457
826 462
179 464
396 465
677 469
395 469
63 469
169 469
110 469
586 472
714 474
915 474
249 476
803 476
478 477
829 483
595 484
143 486
962 487
624 488
812 489
893 490
493 494
328 495
524 495
691 496
146 497
527 504
487 509
250 510
93 511
357 512
60 514
862 520
309 524
379 526
493 526
661 528
778 530
159 531
187 531
382 531
172 532
123 534
888 535
790 537
598 538
794 538
385 538
42 540
353 540
705 547
951 549
222 549
325 550
384 550
647 550
543 552
554 555
600 556
490 556
929 558
637 558
295 560
200 560
993 563
385 564
274 565
242 567
708 567
497 567
933 569
34 570
548 576
565 577
442 580
678 580
388 586
598 586
48 586
546 587
444 590
244 593
802 595
47 597
475 599
240 601
129 602
196 604
971 604
371 604
296 606
947 606
86 607
1 614
123 614
638 617
649 619
746 623
229 624
104 625
775 627
512 628
183 630
180 634
721 635
866 640
147 640
509 641
225 641
457 641
387 642
360 643
978 655
693 658
876 660
60 661
840 662
271 662
951 664
326 668
271 670
778 671
178 673
566 673
80 676
84 681
417 682
24 690
874 694
657 696
202 697
996 698
569 698
647 699
311 705
255 706
90 707
481 714
25 717
622 718
48 721
108 722
341 722
263 723
716 725
793 725
947 728
405 728
829 730
532 732
902 733
537 733
78 737
760 738
336 739
298 740
620 745
674 748
596 751
574 754
423 755
314 756
330 759
886 760
198 762
769 762
607 764
291 768
240 769
398 774
111 774
861 779
267 779
85 781
172 782
116 784
373 785
384 786
829 788
439 788
951 797
240 797
101 803
363 805
923 805
761 805
247 809
468 812
225 812
959 813
568 813
808 814
340 814
278 814
869 817
358 818
451 818
761 820
198 821
584 821
850 827
5 828
185 831
22 832
280 833
831 835
322 837
445 838
647 840
972 840
559 847
764 851
160 852
417 854
694 855
406 858
686 861
214 861
269 863
371 865
643 867
952 867
969 868
98 871
213 873
601 874
885 875
552 875
461 880
47 890
492 890
433 895
444 896
964 897
557 900
281 901
354 904
832 904
111 905
368 905
253 910
332 912
500 917
910 917
31 924
895 938
64 943
82 949
734 953
84 959
213 959
364 959
605 967
984 968
447 969
228 972
382 973
31 977
260 978
709 978
860 978
888 979
158 979
15 979
733 980
649 989
956 989
310 990
269 993
516 994
