1000
412 2
294 3
317 3
353 4
191 4
687 4
358 5
758 6
74 6
989 6
114 7
577 7
746 7
779 10
945 12
387 13
593 15
62 18
748 20
169 20
497 21
600 21
348 21
525 23
775 24
734 24
181 25
878 25
602 25
139 27
632 28
942 30
69 31
675 32
569 34
167 35
370 35
9 36
432 37
471 38
597 39
535 39
457 40
487 43
596 43
642 44
126 44
224 45
905 46
727 49
368 51
863 53
986 54
801 57
49 58
671 58
370 60
202 60
753 61
603 62
562 63
29 64
734 65
1 65
679 65
441 65
927 66
638 67
539 70
723 73
962 74
505 74
379 74
195 76
380 76
786 78
622 78
726 79
980 81
959 81
473 81
98 82
985 83
329 83
827 83
409 86
641 86
806 86
805 86
24 87
324 88
619 88
587 89
84 90
9 94
120 96
642 97
126 99
980 99
497 100
387 100
645 101
851 102
928 103
824 104
349 105
698 106
808 106
540 109
403 110
864 110
14 111
38 113
114 113
978 113
756 115
836 115
211 117
683 117
195 118
639 118
49 118
187 119
171 120
371 120
277 120
595 124
224 124
796 125
851 125
970 126
868 126
778 128
577 128
252 128
443 129
699 129
948 131
687 132
419 132
638 133
680 134
95 134
207 134
996 134
676 134
835 135
521 135
796 136
257 136
701 137
714 137
171 139
937 140
64 140
369 142
349 143
364 143
402 145
804 145
398 146
473 147
553 149
33 149
253 149
993 150
896 150
95 152
741 153
571 154
75 156
283 156
397 156
364 158
744 159
159 159
204 160
991 161
641 162
2 164
799 164
74 166
54 168
607 170
227 170
769 171
207 172
43 173
147 173
479 175
319 176
229 179
657 180
321 182
50 183
799 184
992 184
298 187
518 187
725 188
420 190
759 190
955 190
949 190
259 191
108 191
610 193
512 194
181 194
563 195
373 196
61 197
132 197
191 197
788 197
737 197
325 200
298 200
496 201
214 203
64 203
562 204
353 205
816 205
210 206
9 207
285 209
717 211
721 213
178 213
458 214
849 215
205 215
265 215
686 216
9 216
580 217
976 218
805 219
411 219
445 220
834 221
555 223
674 223
583 224
24 224
731 224
101 225
904 228
704 229
260 229
284 229
160 231
516 232
693 232
585 233
485 233
163 234
854 235
559 235
947 236
57 236
712 237
604 238
24 239
284 242
344 242
144 243
735 244
978 247
675 248
147 248
543 248
354 249
812 250
370 252
442 253
873 253
420 255
731 255
648 255
310 256
788 258
775 258
408 259
648 259
7 260
200 262
199 262
493 263
686 264
349 265
62 266
459 266
340 272
828 274
308 274
482 275
312 275
50 276
961 276
514 278
425 279
275 282
424 283
900 284
274 284
69 285
753 285
315 286
545 287
856 287
791 288
972 288
512 288
854 289
441 289
922 289
522 291
777 291
204 292
722 293
89 293
204 294
112 295
84 297
310 300
163 300
407 300
700 301
411 303
77 303
296 304
542 305
495 305
591 307
176 307
960 307
197 308
288 308
193 308
906 309
807 312
192 314
791 316
394 317
56 317
549 318
692 318
632 319
747 319
846 320
903 321
508 321
631 321
883 322
129 323
390 323
376 324
755 325
845 327
167 329
301 331
181 333
804 334
788 334
52 334
395 336
385 336
722 336
295 338
300 338
496 338
225 339
222 340
613 346
380 346
211 346
680 347
605 347
255 348
940 349
525 349
148 350
517 350
661 351
802 351
939 351
312 352
140 357
354 357
906 357
783 359
328 361
683 362
81 363
876 364
644 367
880 368
848 369
332 369
797 369
971 372
440 373
291 374
96 377
966 380
593 380
511 382
224 383
75 383
826 388
303 388
607 388
231 389
805 390
62 394
368 395
168 395
935 397
11 397
913 398
18 398
701 399
160 403
288 403
254 403
992 404
674 406
46 406
956 406
52 406
496 406
281 407
506 408
308 408
412 409
235 410
640 411
54 411
654 411
79 411
615 412
868 414
672 416
271 416
610 417
983 419
168 420
273 420
940 421
8 423
337 424
135 424
66 425
216 426
388 426
638 427
734 428
786 428
733 429
946 429
880 430
830 432
180 433
663 434
952 434
774 435
597 436
954 436
34 438
64 438
79 439
164 440
592 443
391 445
656 445
341 445
788 448
690 448
486 448
763 449
539 450
965 454
980 454
932 455
553 456
869 459
324 462
128 462
276 464
913 465
701 466
28 466
432 466
839 467
600 469
35 472
176 474
805 476
888 476
765 480
135 480
124 482
395 484
731 484
279 486
685 486
640 487
361 488
149 489
955 491
744 491
445 494
490 494
956 495
350 495
797 495
567 495
91 496
536 497
489 499
521 502
377 504
153 504
303 504
444 505
273 506
688 507
972 509
480 510
350 516
840 516
364 517
761 518
481 519
448 519
140 520
285 520
425 521
961 521
882 522
914 523
562 525
584 529
250 531
613 532
539 533
181 535
385 535
284 536
185 537
595 537
317 537
66 539
726 539
810 540
592 541
815 541
587 542
985 544
32 545
436 546
824 547
258 547
760 547
659 548
209 548
449 549
36 549
157 549
795 550
722 550
757 551
409 553
693 553
992 553
872 554
888 554
186 556
700 556
514 556
191 556
388 557
817 557
976 559
841 559
652 561
657 563
605 563
454 565
409 565
576 566
365 569
818 569
798 570
53 571
601 571
483 571
437 572
793 572
931 572
939 574
133 575
651 575
781 576
605 577
367 578
52 579
571 579
267 579
43 580
967 580
656 581
60 582
962 583
508 584
540 585
608 587
36 588
625 589
453 589
114 590
881 591
803 591
378 591
610 593
699 595
155 596
785 596
97 597
762 598
180 603
434 603
187 604
235 606
709 607
674 607
725 613
58 613
371 614
705 615
643 615
586 617
673 618
125 619
517 620
635 621
744 622
907 623
593 624
179 626
462 626
427 627
180 627
517 628
313 631
365 632
524 633
342 633
444 633
218 634
643 634
116 635
756 635
533 636
687 636
867 638
830 638
878 639
204 643
199 645
364 645
495 646
32 649
238 649
293 653
4 654
704 654
686 656
102 657
978 657
901 658
177 659
421 660
56 660
993 660
569 660
139 660
83 663
979 665
888 667
997 668
144 668
740 675
933 677
29 677
26 677
565 677
491 678
74 680
959 682
442 682
127 683
62 685
789 685
776 687
873 687
236 690
798 692
443 692
980 692
649 693
996 693
986 696
974 696
803 700
123 700
341 701
484 702
683 703
436 705
50 706
893 708
333 708
22 710
962 711
794 716
148 717
780 719
450 723
713 724
934 725
146 726
855 726
191 728
790 728
330 729
324 729
162 731
554 733
26 734
396 734
987 734
678 736
492 736
260 736
770 736
524 737
583 737
258 737
544 737
565 737
343 737
803 739
911 740
32 741
654 742
884 742
396 744
671 746
340 747
668 748
19 748
989 749
316 751
527 752
659 753
145 754
772 754
759 754
395 754
222 756
557 758
712 759
456 760
168 762
508 763
531 763
551 763
364 767
695 767
805 768
427 769
390 770
619 771
923 771
841 772
408 775
622 776
697 777
987 778
873 779
452 781
85 781
324 783
631 783
79 785
858 786
779 787
434 787
447 788
68 789
324 790
489 790
333 792
451 792
205 793
58 793
150 794
637 794
397 794
579 797
716 797
942 797
551 799
119 800
796 800
104 801
925 802
691 803
731 803
497 804
632 805
855 806
847 806
437 806
931 808
592 810
100 815
854 816
985 816
89 817
794 817
517 817
654 817
727 818
793 819
430 819
386 821
10 821
984 821
928 821
72 822
920 823
728 823
281 823
259 824
720 825
530 825
12 827
417 828
288 828
949 831
631 831
259 832
719 834
863 835
179 841
863 841
107 842
670 842
832 843
585 844
938 846
499 848
742 849
162 849
169 850
451 851
804 856
429 856
103 856
770 858
25 859
684 860
767 861
713 861
761 862
277 862
920 863
893 864
178 865
818 865
973 865
259 866
276 866
243 867
917 868
666 868
606 869
467 869
212 869
813 873
382 873
5 879
128 880
241 882
848 883
276 885
841 886
204 886
135 889
811 889
893 891
612 891
602 894
764 897
807 897
926 898
253 899
355 901
156 902
383 902
101 903
255 904
482 905
452 905
654 907
8 907
453 908
760 908
539 908
754 909
467 909
875 909
308 910
459 915
573 915
333 916
171 917
325 917
292 918
900 922
337 922
5 922
627 923
221 925
428 927
207 928
201 928
975 928
129 932
976 932
947 932
904 933
110 933
629 937
257 937
340 940
128 941
648 942
831 947
782 947
695 948
700 949
240 949
295 949
527 951
500 951
642 954
501 955
583 960
146 962
936 964
66 965
264 966
635 970
284 971
117 972
186 972
360 972
294 976
446 978
500 978
671 978
425 979
959 980
121 981
106 981
365 982
954 983
816 984
113 985
835 986
991 987
456 987
565 991
391 991
310 991
889 991
411 993
497 993
316 993
61 995
254 995
312 998
639 999
959 1000
714 1000
