481
54 0
277 0
427 1
339 1
126 2
677 2
62 3
522 4
117 5
212 5
623 6
156 6
338 8
383 8
394 9
550 10
202 10
184 12
673 12
213 13
242 14
24 15
301 15
189 16
630 16
62 16
430 16
301 17
576 19
231 19
35 19
179 19
436 19
547 20
240 21
200 21
505 22
531 22
243 22
537 22
307 23
478 24
116 24
443 24
20 25
28 26
129 26
319 26
501 27
243 27
406 27
281 27
199 27
494 28
623 29
190 29
388 29
397 29
555 30
205 31
352 31
686 32
490 32
153 33
657 33
392 33
661 33
465 33
264 34
498 35
517 35
631 36
11 36
124 36
73 37
661 37
50 38
648 39
145 39
184 40
269 40
393 40
591 41
429 41
128 41
143 43
603 43
243 44
223 44
524 44
598 44
699 46
387 46
573 47
48 48
429 48
295 48
457 49
335 49
321 50
29 50
472 51
590 52
154 54
692 54
602 54
120 54
298 55
254 56
423 56
625 57
566 57
461 58
258 58
307 58
537 59
602 59
252 59
266 59
184 59
303 60
695 60
354 60
388 61
82 61
99 61
305 62
620 62
408 62
233 62
579 63
393 64
482 64
106 64
240 65
615 65
325 65
366 66
497 66
252 67
350 67
698 67
654 67
470 67
113 67
466 67
214 69
171 69
117 69
409 70
482 70
305 72
423 72
390 72
403 73
524 73
221 73
604 74
505 74
532 75
401 75
147 75
490 76
505 76
264 76
142 76
547 77
160 77
463 78
649 78
442 78
30 78
150 79
152 79
495 80
414 80
246 80
600 80
418 80
391 80
126 81
329 81
99 82
505 83
599 83
492 83
622 84
610 84
635 84
73 84
559 85
152 85
516 85
383 86
370 86
689 88
496 88
525 89
586 89
168 90
569 90
626 90
683 92
449 92
517 93
464 93
545 93
447 93
501 94
270 94
550 94
79 95
127 95
627 96
241 96
389 96
357 97
657 97
268 98
167 98
642 99
134 99
455 101
61 101
336 101
371 102
206 102
197 102
668 103
441 104
224 104
492 104
141 104
103 105
385 106
195 106
97 106
550 106
323 107
60 107
233 107
252 108
254 108
117 110
287 110
95 111
169 111
561 112
308 112
532 112
315 112
333 112
639 112
559 112
317 114
316 114
67 114
496 114
555 115
631 115
515 116
179 116
254 117
175 117
202 117
408 117
487 118
252 118
208 118
291 119
418 119
635 119
662 120
553 120
633 120
668 121
655 121
347 122
346 122
530 122
417 124
248 124
58 124
207 125
43 126
561 127
662 128
595 128
272 128
227 129
46 129
209 130
100 130
100 130
516 130
175 131
585 131
643 131
350 131
295 132
661 132
10 132
600 132
247 132
600 133
178 134
233 135
112 136
626 137
184 137
628 137
648 138
108 138
246 139
645 139
376 139
302 139
56 139
368 141
685 141
177 141
268 141
696 141
430 142
540 142
131 142
79 142
346 142
218 143
242 143
169 144
485 144
60 144
586 144
557 144
371 144
286 145
92 146
615 146
89 146
661 148
456 149
465 151
345 152
386 152
697 152
547 152
36 152
634 152
627 154
300 154
576 155
192 155
152 156
447 156
648 156
670 157
431 157
481 158
272 158
525 158
464 159
50 160
175 160
623 160
229 160
72 161
421 162
223 163
261 163
414 164
339 164
8 165
124 165
160 165
468 166
169 166
128 166
152 166
568 167
337 168
441 168
343 168
131 169
447 169
99 169
537 169
586 170
378 171
199 171
245 171
155 172
259 172
328 172
329 173
387 174
545 174
484 174
425 175
25 175
56 175
209 175
284 176
22 178
244 178
360 178
51 178
440 179
6 179
403 179
664 180
504 180
529 180
12 180
281 181
328 181
566 181
82 181
377 182
86 182
58 183
424 184
513 184
317 184
402 185
377 186
155 188
556 190
279 190
194 190
4 190
387 191
474 192
54 193
650 193
471 193
232 194
590 194
389 194
75 194
267 194
332 194
238 195
555 195
279 197
541 198
238 198
585 198
576 199
621 200
240 200
457 202
1 203
68 203
488 203
154 203
106 204
352 205
532 206
430 206
436 206
451 206
575 207
400 207
457 208
138 210
249 211
667 211
159 211
136 211
369 212
99 212
479 212
5 214
293 214
438 214
550 214
670 215
58 215
369 215
146 215
