1000
51 2147483637
187 2147483637
259 2147483637
210 2147483637
920 2147483637
56 2147483637
701 2147483637
107 2147483637
815 2147483637
517 2147483637
892 2147483637
876 2147483637
774 2147483637
137 2147483637
9 2147483637
610 2147483637
276 2147483637
518 2147483637
236 2147483637
523 2147483637
550 2147483637
211 2147483637
543 2147483637
637 2147483637
798 2147483637
897 2147483637
953 2147483637
400 2147483637
579 2147483637
179 2147483637
530 2147483637
115 2147483637
611 2147483637
765 2147483637
728 2147483637
214 2147483637
569 2147483637
992 2147483637
398 2147483637
973 2147483637
989 2147483637
345 2147483637
554 2147483637
704 2147483637
113 2147483637
378 2147483637
735 2147483637
776 2147483637
238 2147483637
62 2147483637
442 2147483637
526 2147483637
971 2147483637
401 2147483637
13 2147483637
43 2147483637
298 2147483637
214 2147483637
7 2147483637
296 2147483637
116 2147483637
841 2147483637
257 2147483637
137 2147483637
124 2147483637
251 2147483637
112 2147483637
579 2147483637
993 2147483637
582 2147483637
451 2147483637
554 2147483637
518 2147483637
486 2147483637
111 2147483637
90 2147483637
567 2147483637
460 2147483637
851 2147483637
228 2147483637
252 2147483637
502 2147483637
514 2147483637
346 2147483637
1000 2147483637
360 2147483637
769 2147483637
143 2147483637
549 2147483637
827 2147483638
963 2147483638
319 2147483638
212 2147483638
519 2147483638
574 2147483638
207 2147483638
660 2147483638
338 2147483638
570 2147483638
868 2147483638
622 2147483638
547 2147483638
472 2147483638
355 2147483638
458 2147483638
941 2147483638
129 2147483638
969 2147483638
497 2147483638
26 2147483638
360 2147483638
846 2147483638
226 2147483638
198 2147483638
332 2147483638
237 2147483638
472 2147483638
338 2147483638
197 2147483638
660 2147483638
259 2147483638
916 2147483638
760 2147483638
63 2147483638
635 2147483638
16 2147483638
612 2147483638
760 2147483638
77 2147483638
199 2147483638
101 2147483638
486 2147483638
552 2147483638
460 2147483638
888 2147483638
347 2147483638
862 2147483638
837 2147483638
611 2147483638
358 2147483638
12 2147483638
480 2147483638
961 2147483638
330 2147483638
292 2147483638
916 2147483638
440 2147483638
953 2147483638
584 2147483638
404 2147483638
185 2147483638
231 2147483638
793 2147483638
364 2147483638
777 2147483638
807 2147483638
865 2147483638
36 2147483638
99 2147483638
617 2147483638
317 2147483638
846 2147483638
977 2147483638
798 2147483638
71 2147483638
513 2147483638
920 2147483638
531 2147483638
199 2147483638
68 2147483638
356 2147483638
629 2147483638
544 2147483638
580 2147483638
317 2147483638
5 2147483638
274 2147483639
902 2147483639
201 2147483639
315 2147483639
659 2147483639
673 2147483639
962 2147483639
871 2147483639
257 2147483639
941 2147483639
208 2147483639
473 2147483639
288 2147483639
671 2147483639
532 2147483639
631 2147483639
612 2147483639
12 2147483639
438 2147483639
805 2147483639
493 2147483639
510 2147483639
624 2147483639
62 2147483639
914 2147483639
201 2147483639
16 2147483639
81 2147483639
447 2147483639
985 2147483639
356 2147483639
654 2147483639
978 2147483639
144 2147483639
437 2147483639
734 2147483639
56 2147483639
686 2147483639
456 2147483639
271 2147483639
49 2147483639
510 2147483639
190 2147483639
416 2147483639
40 2147483639
588 2147483639
790 2147483639
122 2147483639
297 2147483639
451 2147483639
299 2147483639
975 2147483639
159 2147483639
41 2147483639
437 2147483639
974 2147483639
639 2147483639
774 2147483639
14 2147483639
139 2147483639
972 2147483639
571 2147483639
186 2147483639
954 2147483639
574 2147483639
788 2147483639
745 2147483639
340 2147483639
963 2147483639
853 2147483639
487 2147483639
685 2147483639
337 2147483639
950 2147483639
705 2147483639
698 2147483639
96 2147483639
583 2147483639
135 2147483639
885 2147483639
277 2147483639
243 2147483639
402 2147483639
514 2147483639
856 2147483639
357 2147483639
159 2147483639
876 2147483639
903 2147483639
385 2147483639
848 2147483639
55 2147483639
778 2147483639
79 2147483639
992 2147483639
705 2147483639
248 2147483639
166 2147483639
982 2147483639
984 2147483639
918 2147483639
556 2147483639
27 2147483639
945 2147483639
616 2147483639
417 2147483640
236 2147483640
672 2147483640
788 2147483640
823 2147483640
906 2147483640
54 2147483640
883 2147483640
439 2147483640
389 2147483640
28 2147483640
809 2147483640
479 2147483640
696 2147483640
136 2147483640
326 2147483640
775 2147483640
243 2147483640
259 2147483640
316 2147483640
115 2147483640
900 2147483640
449 2147483640
56 2147483640
354 2147483640
321 2147483640
498 2147483640
226 2147483640
749 2147483640
59 2147483640
121 2147483640
843 2147483640
690 2147483640
786 2147483640
765 2147483640
736 2147483640
897 2147483640
101 2147483640
81 2147483640
384 2147483640
402 2147483640
576 2147483640
168 2147483640
757 2147483640
819 2147483640
434 2147483640
736 2147483640
50 2147483640
933 2147483640
873 2147483640
8 2147483640
193 2147483640
662 2147483640
409 2147483640
276 2147483640
282 2147483640
901 2147483640
456 2147483640
624 2147483640
164 2147483640
310 2147483640
848 2147483640
615 2147483640
107 2147483640
841 2147483640
513 2147483640
645 2147483640
96 2147483640
568 2147483640
884 2147483640
281 2147483640
816 2147483640
631 2147483640
96 2147483640
308 2147483640
760 2147483640
363 2147483640
707 2147483640
627 2147483640
970 2147483640
690 2147483640
782 2147483641
598 2147483641
487 2147483641
299 2147483641
539 2147483641
26 2147483641
828 2147483641
22 2147483641
685 2147483641
392 2147483641
792 2147483641
96 2147483641
976 2147483641
116 2147483641
987 2147483641
636 2147483641
698 2147483641
897 2147483641
689 2147483641
92 2147483641
322 2147483641
995 2147483641
623 2147483641
523 2147483641
546 2147483641
164 2147483641
343 2147483641
519 2147483641
694 2147483641
186 2147483641
71 2147483641
830 2147483641
131 2147483641
298 2147483641
54 2147483641
648 2147483641
439 2147483641
86 2147483641
391 2147483641
620 2147483641
624 2147483641
191 2147483641
800 2147483641
209 2147483641
460 2147483641
936 2147483641
678 2147483641
428 2147483641
150 2147483641
954 2147483641
131 2147483641
845 2147483641
307 2147483641
199 2147483641
972 2147483641
125 2147483641
460 2147483641
112 2147483641
581 2147483641
681 2147483641
604 2147483641
468 2147483641
55 2147483641
237 2147483641
996 2147483641
371 2147483641
183 2147483641
450 2147483641
712 2147483641
96 2147483641
988 2147483641
719 2147483641
371 2147483641
982 2147483641
148 2147483641
319 2147483641
914 2147483641
215 2147483641
492 2147483641
749 2147483641
804 2147483641
982 2147483641
174 2147483641
370 2147483641
589 2147483641
113 2147483641
325 2147483641
886 2147483641
716 2147483641
548 2147483641
227 2147483641
856 2147483641
705 2147483641
259 2147483641
5 2147483641
547 2147483642
630 2147483642
547 2147483642
8 2147483642
84 2147483642
690 2147483642
158 2147483642
813 2147483642
938 2147483642
580 2147483642
285 2147483642
372 2147483642
574 2147483642
95 2147483642
306 2147483642
430 2147483642
359 2147483642
89 2147483642
908 2147483642
195 2147483642
586 2147483642
976 2147483642
591 2147483642
141 2147483642
871 2147483642
319 2147483642
214 2147483642
610 2147483642
439 2147483642
540 2147483642
592 2147483642
715 2147483642
896 2147483642
82 2147483642
902 2147483642
730 2147483642
414 2147483642
317 2147483642
645 2147483642
776 2147483642
108 2147483642
395 2147483642
569 2147483642
29 2147483642
874 2147483642
413 2147483642
712 2147483642
628 2147483642
42 2147483642
649 2147483642
192 2147483642
883 2147483642
748 2147483642
413 2147483642
654 2147483642
958 2147483642
1000 2147483642
65 2147483642
537 2147483642
29 2147483642
196 2147483642
949 2147483642
203 2147483642
211 2147483642
368 2147483642
415 2147483642
759 2147483642
698 2147483642
481 2147483642
379 2147483642
598 2147483642
609 2147483642
656 2147483642
140 2147483642
671 2147483642
742 2147483642
565 2147483642
558 2147483642
694 2147483643
568 2147483643
894 2147483643
121 2147483643
543 2147483643
594 2147483643
827 2147483643
639 2147483643
908 2147483643
821 2147483643
29 2147483643
526 2147483643
318 2147483643
393 2147483643
435 2147483643
422 2147483643
396 2147483643
399 2147483643
854 2147483643
172 2147483643
479 2147483643
931 2147483643
746 2147483643
153 2147483643
363 2147483643
954 2147483643
553 2147483643
406 2147483643
957 2147483643
777 2147483643
14 2147483643
811 2147483643
587 2147483643
389 2147483643
497 2147483643
934 2147483643
458 2147483643
514 2147483643
414 2147483643
457 2147483643
546 2147483643
648 2147483643
366 2147483643
349 2147483643
361 2147483643
824 2147483643
878 2147483643
925 2147483643
867 2147483643
332 2147483643
173 2147483643
787 2147483643
797 2147483643
430 2147483643
595 2147483643
94 2147483643
620 2147483643
69 2147483643
198 2147483643
733 2147483643
636 2147483643
737 2147483643
678 2147483643
5 2147483643
462 2147483643
153 2147483643
529 2147483643
415 2147483643
204 2147483643
266 2147483643
816 2147483643
958 2147483643
301 2147483643
238 2147483643
273 2147483643
666 2147483643
152 2147483643
836 2147483643
841 2147483643
33 2147483643
784 2147483643
288 2147483643
781 2147483643
1000 2147483643
190 2147483643
512 2147483643
193 2147483643
986 2147483643
276 2147483643
944 2147483643
623 2147483643
964 2147483643
728 2147483643
249 2147483643
31 2147483643
13 2147483644
135 2147483644
594 2147483644
982 2147483644
603 2147483644
797 2147483644
337 2147483644
833 2147483644
705 2147483644
149 2147483644
170 2147483644
612 2147483644
713 2147483644
335 2147483644
121 2147483644
816 2147483644
415 2147483644
682 2147483644
354 2147483644
203 2147483644
219 2147483644
807 2147483644
972 2147483644
67 2147483644
712 2147483644
352 2147483644
505 2147483644
594 2147483644
986 2147483644
193 2147483644
790 2147483644
410 2147483644
844 2147483644
198 2147483644
330 2147483644
652 2147483644
313 2147483644
284 2147483644
936 2147483644
25 2147483644
9 2147483644
951 2147483644
298 2147483644
305 2147483644
556 2147483644
596 2147483644
163 2147483644
947 2147483644
204 2147483644
265 2147483644
155 2147483644
352 2147483644
410 2147483644
879 2147483644
624 2147483644
28 2147483644
749 2147483644
943 2147483644
790 2147483644
948 2147483644
933 2147483644
990 2147483644
240 2147483644
262 2147483644
291 2147483644
521 2147483644
961 2147483644
867 2147483644
340 2147483644
116 2147483644
214 2147483644
327 2147483644
532 2147483644
488 2147483644
447 2147483644
340 2147483644
150 2147483644
32 2147483644
830 2147483645
347 2147483645
496 2147483645
427 2147483645
722 2147483645
223 2147483645
866 2147483645
49 2147483645
244 2147483645
563 2147483645
642 2147483645
433 2147483645
24 2147483645
291 2147483645
818 2147483645
701 2147483645
445 2147483645
903 2147483645
604 2147483645
368 2147483645
445 2147483645
113 2147483645
55 2147483645
36 2147483645
312 2147483645
253 2147483645
729 2147483645
821 2147483645
335 2147483645
685 2147483645
732 2147483645
978 2147483645
756 2147483645
35 2147483645
927 2147483645
623 2147483645
338 2147483645
177 2147483645
258 2147483645
788 2147483645
427 2147483645
263 2147483645
54 2147483645
716 2147483645
678 2147483645
579 2147483645
991 2147483645
407 2147483645
156 2147483645
565 2147483645
919 2147483645
76 2147483645
216 2147483645
516 2147483645
863 2147483645
590 2147483645
87 2147483645
662 2147483645
788 2147483645
649 2147483645
776 2147483645
844 2147483645
253 2147483645
30 2147483645
421 2147483645
859 2147483645
199 2147483645
340 2147483645
696 2147483645
694 2147483645
40 2147483645
956 2147483645
33 2147483645
487 2147483645
445 2147483645
215 2147483645
141 2147483645
234 2147483645
321 2147483645
580 2147483645
923 2147483645
427 2147483645
321 2147483645
908 2147483645
561 2147483645
964 2147483645
536 2147483645
760 2147483645
715 2147483645
502 2147483645
711 2147483645
650 2147483645
45 2147483645
190 2147483646
355 2147483646
842 2147483646
544 2147483646
528 2147483646
339 2147483646
633 2147483646
914 2147483646
403 2147483646
637 2147483646
448 2147483646
993 2147483646
102 2147483646
69 2147483646
184 2147483646
922 2147483646
636 2147483646
720 2147483646
617 2147483646
200 2147483646
959 2147483646
265 2147483646
83 2147483646
115 2147483646
134 2147483646
606 2147483646
958 2147483646
69 2147483646
374 2147483646
23 2147483646
429 2147483646
794 2147483646
378 2147483646
145 2147483646
899 2147483646
900 2147483646
129 2147483646
124 2147483646
742 2147483646
15 2147483646
432 2147483646
194 2147483646
888 2147483646
889 2147483646
671 2147483646
883 2147483646
91 2147483646
865 2147483646
884 2147483646
12 2147483646
333 2147483646
244 2147483646
160 2147483646
139 2147483646
235 2147483646
437 2147483646
713 2147483646
83 2147483646
120 2147483646
486 2147483646
930 2147483646
229 2147483646
249 2147483646
56 2147483646
107 2147483646
634 2147483646
387 2147483646
146 2147483646
68 2147483646
942 2147483646
614 2147483646
208 2147483646
84 2147483646
665 2147483646
290 2147483646
211 2147483646
810 2147483646
837 2147483646
95 2147483646
737 2147483646
902 2147483646
674 2147483646
882 2147483646
864 2147483646
790 2147483646
608 2147483646
910 2147483646
438 2147483646
130 2147483646
481 2147483646
99 2147483646
783 2147483647
900 2147483647
518 2147483647
922 2147483647
33 2147483647
397 2147483647
293 2147483647
2 2147483647
304 2147483647
612 2147483647
409 2147483647
224 2147483647
530 2147483647
361 2147483647
449 2147483647
126 2147483647
666 2147483647
127 2147483647
225 2147483647
91 2147483647
501 2147483647
983 2147483647
824 2147483647
614 2147483647
514 2147483647
813 2147483647
417 2147483647
128 2147483647
207 2147483647
837 2147483647
172 2147483647
682 2147483647
917 2147483647
144 2147483647
176 2147483647
465 2147483647
347 2147483647
195 2147483647
623 2147483647
176 2147483647
52 2147483647
394 2147483647
262 2147483647
965 2147483647
73 2147483647
206 2147483647
395 2147483647
269 2147483647
585 2147483647
6 2147483647
601 2147483647
972 2147483647
188 2147483647
151 2147483647
622 2147483647
547 2147483647
329 2147483647
614 2147483647
688 2147483647
882 2147483647
999 2147483647
530 2147483647
391 2147483647
81 2147483647
749 2147483647
772 2147483647
685 2147483647
658 2147483647
896 2147483647
724 2147483647
509 2147483647
332 2147483647
108 2147483647
403 2147483647
272 2147483647
319 2147483647
504 2147483647
454 2147483647
726 2147483647
584 2147483647
885 2147483647
964 2147483647
410 2147483647
165 2147483647
504 2147483647
518 2147483647
582 2147483647
449 2147483647
378 2147483647
365 2147483647
91 2147483647
235 2147483647
235 2147483647
411 2147483647
637 2147483647
244 2147483647
569 2147483647
241 2147483647
903 2147483647
935 2147483647
612 2147483647
991 2147483647
370 2147483647
883 2147483647
212 2147483647
113 2147483647
619 2147483647
394 2147483647
