1000
315 0
929 0
417 1
411 1
704 3
215 6
567 6
926 6
527 7
173 11
889 12
389 13
214 15
88 15
512 16
404 16
897 18
557 18
827 19
161 19
509 20
960 21
28 21
455 22
598 22
689 25
966 26
554 26
621 28
325 30
25 31
389 32
897 34
776 35
388 35
916 35
558 37
899 40
696 40
431 40
404 43
396 43
323 44
352 45
133 45
973 47
61 48
383 48
310 50
243 54
214 54
786 56
455 57
285 57
783 59
873 60
68 61
966 62
412 62
872 62
791 63
959 65
871 66
778 67
44 67
105 67
705 73
105 74
775 74
264 75
197 76
223 76
751 77
891 78
995 78
284 79
997 80
454 81
730 81
336 83
109 83
192 83
376 85
171 87
995 88
236 88
106 89
920 90
17 91
14 91
55 92
442 93
728 93
16 94
968 95
840 95
559 95
442 96
255 96
398 97
242 98
386 100
979 100
709 100
521 100
668 101
677 101
25 101
914 103
995 105
496 106
574 108
464 109
759 110
99 110
180 111
652 113
227 113
493 116
664 117
157 118
615 119
267 121
398 122
261 122
617 123
643 123
675 123
73 123
684 125
920 126
804 127
985 128
327 129
392 130
931 130
375 130
550 130
248 131
871 132
887 134
634 135
24 135
314 136
907 137
204 137
908 139
70 139
828 141
554 143
538 144
233 145
892 146
669 147
958 148
478 149
104 151
76 154
386 155
912 157
316 164
461 164
559 165
174 167
923 168
646 171
890 171
172 172
432 172
564 172
582 173
335 173
516 175
74 175
258 175
289 175
720 175
647 176
326 177
850 178
155 179
799 179
730 180
382 181
801 182
375 182
550 182
345 183
778 184
215 185
271 187
248 188
205 189
757 189
590 190
364 193
873 193
793 194
665 196
237 199
34 200
484 201
592 201
644 201
571 203
86 203
829 203
816 205
959 206
203 208
977 210
226 210
672 214
999 215
693 216
677 216
909 216
320 217
771 218
171 218
620 219
853 219
491 219
679 221
114 223
852 223
969 225
356 226
594 226
829 227
489 229
82 232
59 232
588 233
381 233
561 233
431 234
710 235
26 235
982 238
592 240
644 240
892 241
677 242
392 242
408 243
412 244
8 244
137 244
417 246
207 246
675 247
541 247
301 248
135 248
230 248
279 249
745 249
832 250
302 251
797 251
869 251
788 256
919 256
685 259
965 259
566 259
181 259
902 263
286 265
271 266
791 269
599 269
83 270
180 270
736 271
981 271
878 271
132 275
903 276
961 277
720 278
669 278
616 278
123 280
94 280
585 281
926 282
912 284
948 285
605 286
180 288
486 290
797 290
415 291
816 292
88 292
698 292
762 293
341 294
854 294
786 295
333 297
753 298
543 298
821 299
934 299
787 300
373 302
867 302
557 303
79 303
447 304
659 304
566 305
492 306
861 308
7 311
367 312
427 312
534 314
294 315
525 316
880 318
807 318
137 318
497 318
727 319
829 319
604 321
854 322
414 323
596 323
649 324
750 324
904 326
39 326
585 326
988 326
70 332
562 333
839 338
859 338
112 338
172 339
710 339
581 342
53 343
619 344
80 345
150 347
855 349
276 350
246 351
97 351
402 352
450 352
92 352
708 352
179 355
470 355
24 357
431 357
341 359
516 362
114 363
415 364
874 364
148 364
43 366
89 366
369 370
4 371
320 371
471 372
112 372
710 372
791 373
221 373
214 374
406 374
954 374
510 374
120 375
9 375
41 376
673 378
957 379
805 380
966 380
700 381
855 382
300 382
235 382
127 384
716 384
234 385
191 386
812 386
295 386
264 390
226 391
904 392
269 396
609 396
14 396
567 399
727 400
167 402
862 402
690 402
113 403
436 404
334 404
123 404
253 405
950 406
902 407
845 408
275 409
362 409
357 410
193 410
348 411
522 411
787 411
970 412
697 413
457 415
448 417
324 418
613 418
389 419
833 419
146 421
202 423
381 425
781 425
321 427
77 428
238 428
771 428
991 429
729 430
431 430
857 430
1 432
325 433
37 433
31 433
320 434
895 435
115 435
160 436
739 436
706 436
857 438
210 439
827 441
251 446
895 450
915 450
714 451
589 451
724 452
12 453
700 454
119 457
698 457
830 457
146 457
943 460
70 465
901 465
348 466
966 469
424 469
672 470
734 471
920 471
767 471
357 472
581 472
575 474
388 480
90 482
224 483
781 484
61 490
670 490
493 492
151 493
31 494
966 495
38 495
623 497
267 498
684 498
933 499
606 499
36 500
257 506
228 507
455 510
21 514
420 518
52 519
98 520
579 520
89 520
374 521
806 522
281 522
497 523
522 523
196 524
628 526
966 528
611 528
691 529
107 530
503 532
550 533
935 533
857 534
891 535
438 536
336 536
341 537
110 539
743 540
226 542
166 542
345 544
790 544
603 545
73 548
308 549
966 550
415 552
379 552
802 555
601 556
8 556
706 557
327 558
566 560
933 561
831 562
639 562
517 562
141 562
343 565
176 567
451 567
589 569
914 570
503 570
19 571
461 572
554 573
108 576
196 576
282 576
492 576
908 577
595 578
147 579
288 580
19 581
932 584
391 585
599 585
572 586
266 586
320 586
25 587
575 587
291 587
154 589
291 590
852 593
252 593
458 595
770 596
560 596
290 597
660 598
482 601
305 602
87 606
707 607
630 608
186 608
680 608
862 610
684 611
902 612
407 613
446 614
19 614
836 615
647 616
998 617
336 618
146 618
442 618
510 619
998 623
537 623
531 625
964 626
548 626
158 627
561 627
31 628
430 628
404 630
182 631
716 631
348 632
945 633
409 634
533 634
466 634
51 638
426 640
796 642
343 643
981 646
231 646
179 647
314 649
662 649
532 651
682 651
812 651
989 652
122 652
241 654
606 654
926 654
609 656
47 658
603 658
826 659
836 665
39 665
90 666
275 666
312 667
943 669
733 670
688 671
449 672
189 672
522 673
496 673
157 676
120 678
432 679
263 682
991 683
863 683
326 686
431 687
860 687
1000 689
941 689
861 691
515 692
772 693
266 694
890 696
84 696
129 698
903 699
527 701
499 702
798 703
189 704
536 704
103 704
627 704
692 704
120 706
845 708
461 709
42 710
208 713
332 713
353 714
353 714
510 715
996 716
564 717
8 718
337 721
111 721
473 722
680 722
778 723
832 723
17 724
79 726
174 727
611 727
237 727
944 728
695 729
329 729
742 729
964 731
523 733
771 736
424 737
823 738
883 738
293 739
53 740
328 740
496 741
907 741
400 741
278 742
121 743
307 744
930 744
602 745
35 746
1 747
263 747
772 748
171 748
720 748
230 749
660 750
568 751
754 752
801 753
732 753
588 753
76 754
545 756
6 758
329 759
977 759
373 760
566 761
517 762
654 762
573 764
735 768
602 768
437 769
653 769
310 769
205 770
728 772
283 772
220 776
822 777
494 777
534 778
30 779
130 779
938 783
993 784
192 785
173 788
405 789
216 794
764 795
377 795
751 796
633 797
344 798
256 798
29 799
344 799
251 801
337 802
865 804
335 805
576 807
261 807
901 808
803 809
304 810
801 810
910 810
758 811
771 814
52 814
731 815
686 815
618 816
584 818
25 818
422 819
867 819
559 820
327 820
818 820
990 821
215 823
340 825
212 825
88 826
999 827
570 829
697 829
90 830
386 830
950 832
780 833
409 834
26 835
765 835
123 836
668 836
326 837
619 837
629 837
756 838
808 840
205 840
994 840
845 840
772 841
978 842
417 846
202 847
502 847
453 848
535 849
934 850
541 852
333 852
185 853
110 853
336 855
881 855
419 857
672 857
242 858
363 858
15 858
574 859
936 860
302 861
316 861
638 864
241 864
512 866
994 868
269 868
524 868
607 869
64 870
764 870
559 871
444 872
584 874
546 875
763 876
317 876
938 878
339 880
460 882
854 882
787 883
368 884
84 884
874 884
440 886
847 887
862 887
240 888
62 888
877 889
736 890
884 892
104 893
855 894
232 896
737 896
26 897
256 899
990 900
602 901
53 903
926 904
697 904
285 906
797 907
451 907
428 909
106 910
531 910
579 910
575 912
261 913
295 913
348 914
644 914
776 916
416 917
123 918
595 918
142 918
489 920
13 920
201 923
312 924
306 925
4 926
570 929
147 930
102 932
524 932
933 933
990 934
648 934
686 934
591 934
261 934
397 936
336 936
348 936
123 937
718 937
352 937
504 938
189 939
601 940
188 941
299 942
939 944
224 947
221 947
882 948
904 949
409 953
852 954
969 954
325 956
277 956
799 957
874 957
617 958
208 958
278 958
572 960
236 960
579 960
896 961
962 963
532 964
994 964
401 964
14 964
192 966
815 967
456 967
391 968
667 968
157 968
424 969
193 970
291 972
279 973
14 974
415 975
297 976
540 977
608 978
138 980
560 981
583 981
968 981
605 981
221 982
806 983
790 984
773 984
273 984
469 987
720 988
265 988
232 988
697 989
666 991
331 992
168 992
620 993
506 993
531 998
206 999
588 999
