776
489 1
858 6
17 7
319 9
277 10
220 11
892 11
114 11
552 12
129 15
14 15
758 17
328 17
827 19
252 22
525 23
160 25
161 25
151 25
713 27
564 28
804 29
322 31
213 32
322 34
140 36
837 39
165 39
20 41
896 41
689 41
995 43
268 45
867 46
198 46
269 47
133 53
673 53
775 53
798 55
636 55
903 58
830 61
781 62
915 63
195 64
561 64
785 65
348 65
907 66
251 66
272 67
229 67
133 67
43 68
578 69
622 71
584 71
434 71
662 72
71 72
915 72
239 73
223 73
249 77
990 79
510 79
200 80
996 80
581 83
874 83
852 84
326 85
130 86
265 90
867 90
780 90
195 91
831 93
237 95
587 95
166 96
426 99
537 99
827 100
728 102
924 103
598 103
214 103
370 104
109 105
247 105
721 107
869 107
437 108
302 114
917 114
668 115
944 115
71 117
779 117
576 118
76 119
69 125
668 126
781 127
607 127
415 128
780 128
252 128
505 128
515 129
671 129
115 132
811 133
953 133
468 134
304 134
505 135
331 135
934 135
161 137
16 138
41 138
485 142
572 144
298 146
959 148
180 150
538 151
395 156
315 157
297 157
879 160
906 163
526 164
265 164
3 166
620 169
897 170
618 171
799 173
925 176
134 177
268 177
972 180
161 180
629 182
175 183
261 186
379 188
222 188
377 188
6 188
421 189
302 189
459 192
30 192
651 193
950 194
305 194
307 194
574 196
638 196
370 199
145 199
804 199
104 200
561 200
741 201
958 201
14 202
825 207
716 209
882 215
434 215
906 217
148 220
413 221
418 223
9 223
518 225
344 227
712 228
994 229
982 230
958 230
670 230
301 231
846 236
838 237
735 237
92 238
509 238
521 239
300 241
136 241
58 245
290 245
347 245
543 246
790 246
411 247
138 247
247 249
225 250
883 251
175 251
338 252
280 253
934 253
145 254
779 254
700 256
427 258
116 261
650 261
393 262
649 264
751 266
370 272
853 273
54 274
390 275
327 275
786 275
245 277
352 277
901 278
503 280
312 286
602 288
7 288
364 289
447 290
561 293
37 295
799 296
243 296
507 297
164 297
756 297
251 301
306 302
961 304
709 304
557 309
544 310
793 310
135 312
435 312
277 315
17 315
305 316
145 318
952 319
674 320
603 320
293 321
956 322
638 326
869 327
407 329
900 329
636 330
705 330
682 330
602 332
520 333
39 334
380 334
357 336
220 338
394 338
628 343
844 343
775 345
826 347
651 347
788 348
886 349
923 350
414 351
37 351
650 352
70 353
862 353
595 354
327 355
913 357
589 357
388 359
1000 362
738 364
493 365
361 368
165 370
445 374
375 376
217 376
989 376
956 377
751 377
286 379
902 379
81 380
663 380
851 382
527 382
517 383
39 385
20 387
96 390
581 390
64 391
901 400
921 402
859 406
285 408
811 408
872 409
802 411
346 411
537 411
787 411
60 411
735 414
545 415
382 417
494 419
282 420
626 421
94 423
293 424
70 426
6 427
139 428
587 428
254 429
809 429
129 430
603 430
966 430
807 431
518 432
649 433
566 436
314 437
184 438
313 440
789 441
935 441
981 441
311 443
239 444
623 446
185 447
504 449
272 453
577 456
380 457
893 458
35 458
507 460
822 462
482 467
9 469
722 470
817 471
123 474
945 476
79 479
227 479
309 480
895 481
260 482
544 482
942 484
861 486
718 487
223 487
34 488
859 488
622 488
912 490
346 493
897 495
136 495
668 495
684 497
758 501
465 502
99 503
763 506
168 506
962 509
498 510
626 511
22 513
550 513
149 514
51 514
472 515
149 515
202 516
110 519
169 519
553 519
873 521
131 521
750 523
871 528
308 529
48 530
67 531
786 531
393 531
151 536
486 537
563 537
567 538
146 539
697 539
547 543
372 543
407 544
68 545
555 548
417 550
411 552
108 552
974 553
497 553
512 556
270 556
336 557
351 557
184 558
311 559
208 559
289 559
180 565
673 565
882 566
106 569
354 570
27 570
346 570
719 570
708 572
415 573
205 574
241 574
760 575
562 578
359 580
596 581
274 581
671 585
883 585
601 585
101 585
813 592
441 593
556 594
24 595
449 596
945 599
149 601
341 607
155 608
392 608
506 609
668 611
807 612
754 612
693 614
169 614
348 614
840 616
630 618
676 620
581 620
818 621
564 623
322 625
340 628
498 630
661 630
461 630
180 630
372 635
882 636
488 639
604 639
67 639
317 640
694 640
713 641
957 643
117 643
130 644
223 645
9 646
276 647
462 648
291 652
545 652
577 652
28 652
422 653
911 658
674 658
512 661
57 661
34 663
511 664
199 665
182 667
588 668
635 669
632 670
133 672
55 673
561 674
905 674
156 675
148 679
602 680
851 680
695 683
158 684
33 686
864 690
971 692
893 692
929 692
506 694
919 694
270 697
94 697
243 700
343 701
399 706
872 706
535 709
319 718
446 719
969 719
365 720
353 720
874 721
565 721
482 721
372 721
155 721
797 722
462 724
395 725
491 725
222 727
897 728
53 729
981 734
662 735
112 737
578 739
460 740
364 740
363 741
694 744
64 745
403 746
193 747
112 747
978 748
738 748
135 749
794 751
982 752
590 752
310 753
454 753
607 754
602 754
216 754
98 755
530 755
884 755
695 757
314 758
480 759
599 764
663 769
402 769
938 770
793 771
639 772
70 772
558 774
996 777
239 778
775 780
50 782
789 782
851 789
353 789
490 793
1 795
847 796
798 799
800 799
17 802
768 804
312 805
301 805
247 805
71 808
810 808
1 812
651 814
570 817
813 819
953 820
774 821
527 821
74 821
128 824
353 824
991 825
143 825
99 827
411 827
244 828
60 830
122 831
693 832
736 832
726 832
276 835
711 837
500 838
811 839
140 842
931 843
664 846
317 848
993 849
463 852
725 853
327 854
33 855
909 857
414 858
583 858
942 861
428 862
353 862
275 863
984 863
243 863
378 863
303 863
330 864
419 865
757 865
774 865
94 866
720 867
996 868
403 868
371 868
500 870
401 870
994 872
518 873
414 873
783 875
98 876
141 876
841 876
380 877
781 879
93 881
971 888
293 888
988 889
686 890
260 892
371 894
30 894
300 895
50 897
335 898
582 898
246 898
205 899
311 901
715 901
897 904
978 905
727 907
512 908
208 908
995 910
410 912
962 917
903 917
845 918
231 919
232 922
443 923
762 923
882 924
632 925
246 926
823 926
864 926
144 928
957 929
634 933
255 934
355 936
738 937
823 938
533 939
832 940
48 940
633 942
275 943
790 944
479 944
296 945
722 945
939 946
425 947
794 947
428 951
150 953
848 953
776 954
409 954
228 954
770 954
790 954
287 956
147 959
292 959
498 964
824 966
801 967
487 969
58 969
680 969
537 972
107 972
248 974
452 974
32 978
965 979
866 979
591 980
678 982
725 983
22 983
335 985
116 987
206 991
982 993
965 995
830 995
349 996
477 998
91 999
858 999
124 1000
