239
112 2
784 5
530 6
294 16
584 22
876 25
886 31
869 34
607 35
250 36
431 60
930 61
248 62
733 66
843 69
510 70
420 73
266 88
152 99
475 101
406 113
927 115
157 132
110 138
393 138
294 138
68 144
31 148
594 152
746 155
813 157
478 158
376 163
143 164
544 168
806 176
583 187
596 189
158 191
188 192
672 194
58 194
381 199
259 203
994 204
437 212
290 223
859 224
615 226
4 231
588 232
568 247
470 250
617 263
926 266
122 267
631 279
858 281
991 283
848 284
105 285
259 301
484 313
995 320
618 323
517 325
448 328
38 333
876 334
798 334
745 339
434 347
64 351
713 354
246 357
219 368
966 372
698 375
861 379
635 380
99 382
354 382
655 383
322 387
318 391
813 400
238 403
222 403
983 406
686 414
250 421
289 444
109 448
707 449
176 452
745 452
318 455
859 458
498 463
648 464
389 464
417 471
875 475
445 479
677 482
646 485
42 487
660 490
136 491
557 492
8 494
698 501
338 502
298 505
725 510
992 511
388 513
771 515
921 518
743 521
716 522
930 527
36 529
451 531
719 541
933 556
964 561
73 565
801 565
822 568
498 570
935 573
746 578
559 579
99 579
271 580
218 583
254 588
85 589
782 590
483 590
271 600
402 605
98 623
525 631
160 631
329 634
230 634
857 637
190 637
851 641
241 641
725 650
712 655
709 657
392 669
373 670
367 674
337 680
27 680
157 681
824 705
93 707
749 710
879 718
718 718
915 721
73 724
766 726
30 726
400 727
143 731
532 737
904 740
91 741
968 748
120 750
387 754
36 754
449 754
703 756
248 757
160 760
893 763
859 778
146 782
90 788
719 793
353 796
424 803
917 804
392 807
695 813
353 814
967 816
736 817
8 821
488 828
190 833
660 835
944 837
155 838
398 838
877 846
673 854
482 855
116 861
945 863
381 863
17 869
485 872
862 877
269 878
545 880
276 881
771 883
728 885
788 885
850 886
236 888
779 889
934 895
44 897
11 897
897 904
240 925
115 926
99 926
483 943
597 943
488 953
95 957
782 959
482 962
505 976
339 987
52 990
464 991
757 995
