394
912 0
714 13
298 13
965 18
33 19
679 21
722 27
727 29
607 35
891 35
470 38
271 40
207 42
6 44
60 46
559 46
396 56
876 58
102 59
387 60
168 62
844 62
399 73
606 74
697 75
84 75
527 78
640 78
367 82
498 82
22 83
98 86
837 90
802 95
569 99
813 99
312 103
731 105
799 108
695 108
604 108
597 111
280 114
522 115
935 115
788 120
450 120
398 121
460 123
621 126
376 128
110 128
224 128
985 132
451 135
780 150
178 152
355 156
834 161
288 166
25 166
727 168
936 168
238 169
732 171
443 173
63 176
35 182
121 186
721 190
269 191
603 196
190 197
251 201
560 201
199 201
276 204
710 213
936 224
34 224
963 231
650 233
132 236
36 238
564 241
987 243
587 246
627 247
348 263
581 267
493 271
921 282
553 282
741 284
818 285
983 286
142 289
141 289
754 290
465 290
665 295
95 296
846 296
412 299
778 305
768 306
990 311
699 316
221 316
520 317
774 322
525 323
652 324
933 325
477 325
912 326
676 328
889 329
983 330
595 331
675 334
568 334
292 339
360 342
412 343
298 345
260 345
278 346
144 346
549 348
848 350
838 358
360 360
835 362
21 363
274 364
752 369
232 376
773 378
33 379
417 380
823 381
908 382
903 386
596 387
623 390
269 391
86 391
457 391
102 394
263 395
285 396
135 400
200 401
11 407
631 417
362 418
495 419
478 421
461 423
868 424
376 424
754 425
287 426
952 426
478 428
461 429
565 429
653 430
58 434
279 436
210 437
276 439
939 439
675 441
896 441
930 442
214 444
709 447
671 452
226 452
993 452
402 455
465 458
221 462
65 469
358 470
185 472
917 479
520 480
119 480
841 483
740 488
8 489
345 489
388 490
26 492
832 494
276 494
426 496
896 500
293 503
66 504
535 505
671 514
665 515
510 521
841 521
23 536
349 537
18 541
268 542
518 544
442 546
82 550
232 553
528 556
631 558
358 559
884 559
962 566
305 566
973 567
821 567
998 569
901 571
692 575
225 577
620 578
31 579
894 580
596 580
16 581
413 582
118 585
334 589
866 590
792 592
205 592
190 596
408 602
854 604
887 605
899 607
243 607
24 612
235 612
389 618
528 619
250 622
865 623
365 624
758 629
203 630
791 635
508 637
899 640
402 644
430 645
509 646
340 652
479 653
665 653
96 657
165 658
215 661
801 664
296 667
406 667
484 669
947 670
623 677
110 678
426 679
562 688
22 690
660 697
338 697
378 700
771 704
812 713
77 716
399 720
746 726
986 729
26 732
232 732
210 733
286 735
8 738
289 739
792 741
12 741
688 745
890 749
352 749
370 751
228 753
340 754
984 766
821 767
903 769
985 770
153 771
587 783
644 789
810 789
650 792
469 793
421 794
799 796
752 802
826 809
518 813
243 814
120 815
889 816
846 816
799 817
308 821
667 822
27 823
123 823
211 824
626 825
942 826
613 829
97 836
322 838
199 843
44 844
587 844
711 847
682 847
432 849
266 849
685 849
648 862
804 864
953 869
804 870
248 871
960 872
974 886
852 887
873 894
182 895
100 897
989 898
519 899
770 899
822 902
23 906
728 908
53 910
947 910
686 911
50 912
137 913
681 914
743 915
845 915
436 915
291 915
847 926
183 928
660 928
221 935
581 938
812 941
374 943
860 944
599 947
47 950
307 951
484 952
832 955
381 955
769 958
579 964
956 965
600 967
966 968
355 969
644 974
294 976
808 977
410 979
49 987
753 989
639 990
121 996
383 996
786 997
