1000
313 2147483637
669 2147483637
409 2147483637
943 2147483637
473 2147483637
976 2147483637
605 2147483637
717 2147483637
32 2147483637
538 2147483637
335 2147483637
412 2147483637
386 2147483637
379 2147483637
948 2147483637
531 2147483637
959 2147483637
361 2147483637
420 2147483637
729 2147483637
675 2147483637
947 2147483637
800 2147483637
213 2147483637
351 2147483637
861 2147483637
589 2147483637
877 2147483637
185 2147483637
117 2147483637
607 2147483637
515 2147483637
527 2147483637
580 2147483637
146 2147483637
139 2147483637
801 2147483637
682 2147483637
478 2147483637
127 2147483637
721 2147483637
982 2147483637
899 2147483637
613 2147483637
967 2147483637
140 2147483637
527 2147483637
227 2147483637
738 2147483637
808 2147483637
734 2147483637
493 2147483637
103 2147483637
369 2147483637
439 2147483637
960 2147483637
28 2147483637
21 2147483637
855 2147483637
974 2147483637
110 2147483637
753 2147483637
615 2147483637
979 2147483637
610 2147483637
487 2147483637
738 2147483637
144 2147483637
443 2147483637
346 2147483637
234 2147483637
549 2147483637
897 2147483637
815 2147483637
416 2147483637
947 2147483637
663 2147483637
562 2147483637
975 2147483637
604 2147483637
560 2147483637
574 2147483637
394 2147483637
492 2147483637
434 2147483637
32 2147483637
37 2147483637
347 2147483637
988 2147483637
319 2147483637
555 2147483637
663 2147483637
669 2147483638
925 2147483638
574 2147483638
327 2147483638
620 2147483638
415 2147483638
3 2147483638
444 2147483638
803 2147483638
194 2147483638
951 2147483638
496 2147483638
986 2147483638
90 2147483638
320 2147483638
465 2147483638
132 2147483638
347 2147483638
452 2147483638
613 2147483638
674 2147483638
70 2147483638
847 2147483638
499 2147483638
84 2147483638
815 2147483638
347 2147483638
46 2147483638
79 2147483638
463 2147483638
919 2147483638
579 2147483638
187 2147483638
860 2147483638
41 2147483638
81 2147483638
598 2147483638
492 2147483638
389 2147483638
300 2147483638
630 2147483638
288 2147483638
654 2147483638
256 2147483638
284 2147483638
595 2147483638
383 2147483638
82 2147483638
559 2147483638
776 2147483638
313 2147483638
902 2147483638
229 2147483638
141 2147483638
229 2147483638
848 2147483638
115 2147483638
883 2147483638
683 2147483638
960 2147483638
848 2147483638
866 2147483638
254 2147483638
125 2147483638
914 2147483638
163 2147483638
234 2147483638
645 2147483638
909 2147483638
810 2147483638
923 2147483638
838 2147483638
63 2147483638
702 2147483638
208 2147483638
20 2147483638
161 2147483638
466 2147483638
737 2147483638
602 2147483638
164 2147483638
495 2147483638
898 2147483638
718 2147483638
192 2147483638
786 2147483638
860 2147483638
336 2147483638
717 2147483638
729 2147483638
627 2147483638
163 2147483638
376 2147483638
492 2147483638
169 2147483638
358 2147483638
185 2147483638
295 2147483638
612 2147483638
141 2147483638
624 2147483638
471 2147483639
838 2147483639
82 2147483639
548 2147483639
192 2147483639
148 2147483639
813 2147483639
783 2147483639
40 2147483639
249 2147483639
14 2147483639
198 2147483639
40 2147483639
88 2147483639
84 2147483639
290 2147483639
473 2147483639
767 2147483639
486 2147483639
758 2147483639
142 2147483639
44 2147483639
161 2147483639
725 2147483639
369 2147483639
474 2147483639
62 2147483639
270 2147483639
40 2147483639
967 2147483639
440 2147483639
277 2147483639
840 2147483639
697 2147483639
541 2147483639
261 2147483639
526 2147483639
425 2147483639
509 2147483639
917 2147483639
512 2147483639
751 2147483639
603 2147483639
611 2147483639
121 2147483639
247 2147483639
477 2147483639
307 2147483639
4 2147483639
447 2147483639
665 2147483639
25 2147483639
668 2147483639
518 2147483639
47 2147483639
467 2147483639
439 2147483639
884 2147483639
646 2147483639
939 2147483639
383 2147483639
113 2147483639
289 2147483639
725 2147483639
751 2147483639
211 2147483639
620 2147483639
766 2147483639
364 2147483639
301 2147483639
87 2147483639
30 2147483639
436 2147483639
834 2147483639
231 2147483639
380 2147483639
351 2147483639
91 2147483639
905 2147483639
78 2147483639
405 2147483639
717 2147483639
201 2147483639
597 2147483639
433 2147483639
681 2147483639
256 2147483639
513 2147483639
722 2147483639
437 2147483639
63 2147483639
892 2147483639
843 2147483639
979 2147483639
198 2147483639
535 2147483639
749 2147483639
763 2147483639
563 2147483639
557 2147483640
924 2147483640
866 2147483640
953 2147483640
955 2147483640
440 2147483640
209 2147483640
86 2147483640
164 2147483640
109 2147483640
466 2147483640
828 2147483640
545 2147483640
289 2147483640
171 2147483640
306 2147483640
133 2147483640
706 2147483640
904 2147483640
196 2147483640
992 2147483640
26 2147483640
389 2147483640
44 2147483640
430 2147483640
189 2147483640
733 2147483640
368 2147483640
574 2147483640
416 2147483640
20 2147483640
402 2147483640
781 2147483640
281 2147483640
481 2147483640
782 2147483640
322 2147483640
923 2147483640
823 2147483640
86 2147483640
275 2147483640
915 2147483640
495 2147483640
607 2147483640
537 2147483640
525 2147483640
908 2147483640
368 2147483640
121 2147483640
144 2147483640
822 2147483640
509 2147483640
261 2147483640
606 2147483640
890 2147483640
341 2147483640
213 2147483640
762 2147483640
543 2147483640
260 2147483640
24 2147483640
76 2147483640
7 2147483640
63 2147483640
307 2147483640
915 2147483640
649 2147483640
776 2147483640
835 2147483640
383 2147483640
122 2147483640
444 2147483640
744 2147483640
108 2147483640
52 2147483640
489 2147483640
353 2147483640
360 2147483640
869 2147483640
581 2147483640
925 2147483640
220 2147483640
339 2147483640
458 2147483641
662 2147483641
392 2147483641
76 2147483641
12 2147483641
367 2147483641
955 2147483641
794 2147483641
609 2147483641
156 2147483641
67 2147483641
339 2147483641
761 2147483641
638 2147483641
429 2147483641
576 2147483641
980 2147483641
593 2147483641
69 2147483641
94 2147483641
737 2147483641
259 2147483641
544 2147483641
579 2147483641
179 2147483641
628 2147483641
860 2147483641
120 2147483641
65 2147483641
592 2147483641
467 2147483641
873 2147483641
560 2147483641
72 2147483641
91 2147483641
366 2147483641
795 2147483641
509 2147483641
37 2147483641
406 2147483641
934 2147483641
231 2147483641
226 2147483641
279 2147483641
831 2147483641
378 2147483641
45 2147483641
633 2147483641
455 2147483641
404 2147483641
588 2147483641
449 2147483641
998 2147483641
987 2147483641
149 2147483641
999 2147483641
139 2147483641
103 2147483641
737 2147483641
194 2147483641
230 2147483641
77 2147483641
692 2147483641
871 2147483641
927 2147483641
62 2147483641
432 2147483641
183 2147483642
793 2147483642
647 2147483642
665 2147483642
465 2147483642
974 2147483642
544 2147483642
157 2147483642
579 2147483642
323 2147483642
645 2147483642
239 2147483642
166 2147483642
743 2147483642
198 2147483642
559 2147483642
368 2147483642
543 2147483642
512 2147483642
838 2147483642
90 2147483642
831 2147483642
999 2147483642
850 2147483642
575 2147483642
983 2147483642
207 2147483642
548 2147483642
82 2147483642
570 2147483642
347 2147483642
890 2147483642
959 2147483642
730 2147483642
861 2147483642
432 2147483642
221 2147483642
838 2147483642
698 2147483642
421 2147483642
689 2147483642
979 2147483642
692 2147483642
746 2147483642
483 2147483642
463 2147483642
649 2147483642
318 2147483642
585 2147483642
630 2147483642
184 2147483642
134 2147483642
223 2147483642
424 2147483642
953 2147483642
698 2147483642
149 2147483642
296 2147483642
95 2147483642
803 2147483642
690 2147483642
300 2147483642
976 2147483642
814 2147483642
20 2147483642
922 2147483642
902 2147483642
515 2147483642
888 2147483642
967 2147483642
345 2147483642
523 2147483642
37 2147483642
831 2147483642
9 2147483642
331 2147483642
695 2147483642
694 2147483642
819 2147483642
327 2147483642
249 2147483642
767 2147483642
574 2147483642
483 2147483642
519 2147483642
577 2147483642
655 2147483642
532 2147483642
604 2147483642
335 2147483642
253 2147483642
709 2147483642
415 2147483642
275 2147483643
12 2147483643
282 2147483643
110 2147483643
607 2147483643
563 2147483643
182 2147483643
58 2147483643
925 2147483643
255 2147483643
333 2147483643
31 2147483643
521 2147483643
820 2147483643
739 2147483643
846 2147483643
837 2147483643
924 2147483643
777 2147483643
871 2147483643
737 2147483643
120 2147483643
982 2147483643
155 2147483643
350 2147483643
339 2147483643
37 2147483643
962 2147483643
8 2147483643
261 2147483643
735 2147483643
983 2147483643
887 2147483643
945 2147483643
788 2147483643
904 2147483643
285 2147483643
512 2147483643
216 2147483643
190 2147483643
584 2147483643
25 2147483643
633 2147483643
29 2147483643
237 2147483643
927 2147483643
972 2147483643
862 2147483643
535 2147483643
201 2147483643
772 2147483643
905 2147483643
248 2147483643
187 2147483643
355 2147483643
406 2147483643
344 2147483643
895 2147483643
898 2147483643
754 2147483643
388 2147483643
312 2147483643
356 2147483643
652 2147483643
491 2147483643
263 2147483643
114 2147483643
728 2147483643
650 2147483643
277 2147483643
279 2147483643
468 2147483643
1000 2147483643
298 2147483643
51 2147483643
619 2147483643
631 2147483643
380 2147483643
159 2147483643
536 2147483643
764 2147483643
389 2147483643
259 2147483643
97 2147483643
659 2147483643
405 2147483643
88 2147483643
481 2147483643
217 2147483643
451 2147483643
152 2147483643
880 2147483643
823 2147483643
456 2147483643
920 2147483643
212 2147483643
406 2147483643
923 2147483644
831 2147483644
349 2147483644
76 2147483644
883 2147483644
459 2147483644
52 2147483644
292 2147483644
577 2147483644
389 2147483644
369 2147483644
129 2147483644
656 2147483644
355 2147483644
447 2147483644
871 2147483644
731 2147483644
174 2147483644
702 2147483644
17 2147483644
564 2147483644
74 2147483644
172 2147483644
263 2147483644
676 2147483644
979 2147483644
112 2147483644
224 2147483644
810 2147483644
148 2147483644
56 2147483644
714 2147483644
231 2147483644
763 2147483644
735 2147483644
851 2147483644
127 2147483644
2 2147483644
790 2147483644
111 2147483644
384 2147483644
966 2147483644
992 2147483644
782 2147483644
748 2147483644
52 2147483644
112 2147483644
682 2147483644
329 2147483644
826 2147483644
487 2147483644
79 2147483644
771 2147483644
385 2147483644
517 2147483644
303 2147483644
433 2147483644
622 2147483644
136 2147483644
732 2147483644
279 2147483644
967 2147483644
15 2147483644
705 2147483644
760 2147483644
744 2147483644
684 2147483644
735 2147483644
258 2147483644
27 2147483644
73 2147483644
265 2147483644
369 2147483644
238 2147483644
327 2147483644
683 2147483644
318 2147483644
5 2147483644
509 2147483644
611 2147483644
734 2147483644
81 2147483644
757 2147483644
885 2147483644
89 2147483644
791 2147483645
579 2147483645
664 2147483645
392 2147483645
828 2147483645
236 2147483645
568 2147483645
718 2147483645
980 2147483645
725 2147483645
753 2147483645
86 2147483645
287 2147483645
470 2147483645
573 2147483645
674 2147483645
32 2147483645
837 2147483645
507 2147483645
67 2147483645
452 2147483645
670 2147483645
120 2147483645
242 2147483645
639 2147483645
147 2147483645
694 2147483645
141 2147483645
461 2147483645
773 2147483645
820 2147483645
92 2147483645
20 2147483645
895 2147483645
210 2147483645
800 2147483645
145 2147483645
455 2147483645
873 2147483645
896 2147483645
290 2147483645
526 2147483645
232 2147483645
256 2147483645
254 2147483645
729 2147483645
344 2147483645
835 2147483645
171 2147483645
818 2147483645
734 2147483645
778 2147483645
309 2147483645
699 2147483645
790 2147483645
38 2147483645
457 2147483645
225 2147483645
617 2147483645
582 2147483645
599 2147483645
367 2147483645
355 2147483645
865 2147483645
598 2147483645
528 2147483645
483 2147483645
187 2147483645
275 2147483645
148 2147483645
254 2147483645
529 2147483645
69 2147483645
320 2147483645
456 2147483645
665 2147483645
557 2147483645
731 2147483645
967 2147483645
42 2147483645
491 2147483645
701 2147483645
853 2147483645
706 2147483645
989 2147483645
931 2147483645
874 2147483646
455 2147483646
916 2147483646
280 2147483646
256 2147483646
466 2147483646
332 2147483646
957 2147483646
616 2147483646
948 2147483646
668 2147483646
998 2147483646
119 2147483646
31 2147483646
117 2147483646
836 2147483646
744 2147483646
902 2147483646
62 2147483646
218 2147483646
474 2147483646
81 2147483646
473 2147483646
497 2147483646
274 2147483646
739 2147483646
547 2147483646
852 2147483646
36 2147483646
561 2147483646
932 2147483646
746 2147483646
108 2147483646
682 2147483646
787 2147483646
278 2147483646
375 2147483646
468 2147483646
999 2147483646
908 2147483646
420 2147483646
45 2147483646
11 2147483646
562 2147483646
127 2147483646
867 2147483646
354 2147483646
872 2147483646
529 2147483646
594 2147483646
261 2147483646
997 2147483646
410 2147483646
207 2147483646
772 2147483646
293 2147483646
44 2147483646
790 2147483646
542 2147483646
739 2147483646
596 2147483646
19 2147483646
699 2147483646
933 2147483646
920 2147483646
62 2147483646
219 2147483646
6 2147483646
366 2147483646
635 2147483646
369 2147483646
690 2147483646
491 2147483646
573 2147483646
814 2147483646
279 2147483646
518 2147483646
638 2147483646
570 2147483646
676 2147483646
408 2147483646
568 2147483646
29 2147483646
359 2147483646
650 2147483646
335 2147483646
532 2147483646
933 2147483646
746 2147483646
48 2147483646
645 2147483646
648 2147483646
149 2147483646
250 2147483646
479 2147483646
885 2147483646
977 2147483646
255 2147483646
624 2147483646
327 2147483646
363 2147483646
109 2147483647
32 2147483647
415 2147483647
438 2147483647
232 2147483647
606 2147483647
606 2147483647
641 2147483647
575 2147483647
478 2147483647
337 2147483647
394 2147483647
747 2147483647
459 2147483647
590 2147483647
445 2147483647
237 2147483647
276 2147483647
155 2147483647
467 2147483647
863 2147483647
596 2147483647
92 2147483647
86 2147483647
658 2147483647
409 2147483647
398 2147483647
339 2147483647
249 2147483647
5 2147483647
415 2147483647
246 2147483647
998 2147483647
639 2147483647
398 2147483647
142 2147483647
309 2147483647
437 2147483647
785 2147483647
480 2147483647
318 2147483647
81 2147483647
23 2147483647
842 2147483647
731 2147483647
533 2147483647
511 2147483647
18 2147483647
920 2147483647
105 2147483647
494 2147483647
770 2147483647
989 2147483647
703 2147483647
674 2147483647
498 2147483647
42 2147483647
842 2147483647
677 2147483647
150 2147483647
681 2147483647
979 2147483647
857 2147483647
113 2147483647
290 2147483647
975 2147483647
653 2147483647
155 2147483647
880 2147483647
29 2147483647
245 2147483647
119 2147483647
3 2147483647
209 2147483647
941 2147483647
621 2147483647
484 2147483647
766 2147483647
191 2147483647
475 2147483647
753 2147483647
98 2147483647
389 2147483647
239 2147483647
36 2147483647
164 2147483647
336 2147483647
538 2147483647
598 2147483647
154 2147483647
830 2147483647
121 2147483647
581 2147483647
961 2147483647
553 2147483647
291 2147483647
