1000
231 0
253 2
371 2
778 4
837 4
975 7
838 7
595 7
73 8
460 8
218 9
198 9
733 10
863 10
833 10
528 11
627 11
525 11
906 11
487 12
195 14
945 14
823 16
322 17
419 17
796 18
296 19
436 19
811 19
986 21
704 21
179 23
279 27
320 28
39 28
671 32
296 32
651 33
844 33
914 35
756 37
449 38
373 38
898 40
891 41
536 42
647 43
331 43
445 43
247 44
655 44
774 45
491 47
653 48
85 50
300 50
695 51
894 51
551 55
164 56
171 58
908 59
280 60
391 61
420 65
107 65
815 67
826 68
220 68
216 68
814 70
756 71
781 74
759 75
668 75
466 76
380 76
488 76
749 77
75 78
937 78
645 79
56 79
293 79
30 83
148 83
756 83
27 84
954 85
935 86
815 88
753 91
231 91
180 92
867 92
851 94
791 95
471 96
588 98
238 99
383 100
578 100
214 102
801 104
445 105
773 105
971 106
788 108
320 108
76 109
157 109
740 111
340 111
898 112
844 114
190 115
310 116
745 117
671 118
710 119
527 122
25 126
964 127
588 128
759 128
423 129
48 129
94 130
715 131
360 131
234 132
617 134
136 134
69 137
835 138
751 139
378 139
464 140
305 142
829 143
686 144
423 144
245 145
111 147
641 148
492 152
775 152
677 154
970 154
190 155
53 155
211 157
515 158
280 158
561 158
627 158
673 160
70 160
659 161
377 161
466 163
895 164
374 164
405 165
548 166
812 166
625 167
88 167
619 167
21 168
565 168
942 170
47 173
708 173
65 174
895 175
21 175
10 175
431 178
587 178
151 178
319 179
966 179
104 180
87 180
77 183
742 185
247 187
691 187
64 187
578 188
610 190
914 191
250 191
772 191
357 192
816 193
917 193
289 195
294 196
745 199
427 200
301 200
377 202
796 203
153 203
64 203
425 203
684 204
222 205
462 206
432 207
22 207
206 207
384 208
592 208
614 209
428 209
922 209
96 210
197 211
746 211
67 212
897 214
338 214
881 216
161 216
392 217
432 217
341 219
198 220
53 220
871 220
409 220
892 221
902 222
788 222
696 222
88 223
571 223
678 223
14 223
788 224
195 225
723 225
138 228
381 229
775 229
595 230
911 230
242 230
580 231
875 232
283 233
706 234
953 234
943 235
161 235
384 236
812 236
765 236
63 237
536 238
861 239
810 240
507 240
148 241
730 241
510 243
871 244
476 245
387 246
638 246
447 246
409 246
877 248
50 250
191 250
472 251
865 251
476 252
553 252
994 253
561 254
870 254
8 256
810 256
999 256
635 261
424 264
226 264
878 265
231 266
912 266
518 266
63 267
942 267
884 270
792 272
980 274
777 276
166 279
311 279
311 280
529 282
532 284
778 284
843 284
450 285
713 286
651 287
86 287
158 288
880 288
17 288
419 289
638 291
610 291
345 292
960 292
271 293
225 293
578 294
993 295
467 295
653 301
928 302
700 303
24 304
156 304
883 306
438 306
934 307
484 307
576 307
478 309
729 310
442 310
415 311
889 311
516 312
857 312
261 313
202 315
795 315
761 316
736 316
948 316
22 321
281 321
975 323
848 327
658 327
471 328
382 330
343 330
616 335
433 336
310 337
375 338
424 340
325 341
104 342
240 345
649 348
644 350
902 350
327 353
935 353
746 354
626 354
645 355
286 355
443 357
134 358
23 360
796 361
373 364
122 364
361 365
716 367
345 367
540 369
207 370
449 370
172 370
326 372
373 374
443 374
79 376
416 377
642 380
733 381
794 383
139 383
323 383
111 384
63 384
718 385
707 386
334 386
850 387
741 391
442 391
136 391
866 392
794 392
638 393
149 393
492 393
863 394
815 394
49 395
497 395
91 396
80 397
944 398
505 399
613 402
35 402
105 402
928 402
798 403
716 405
533 405
179 405
371 407
537 408
724 408
520 409
368 409
561 410
369 411
591 412
990 412
996 413
280 415
859 415
115 418
588 420
197 420
328 422
74 422
1 422
382 427
579 427
974 428
543 428
152 429
678 430
587 430
673 430
97 432
185 433
516 433
184 434
17 436
982 437
420 439
671 439
523 440
744 441
945 442
15 443
317 443
726 445
869 446
550 447
960 447
438 448
695 450
288 451
155 451
293 453
408 453
61 454
501 454
708 454
92 456
869 457
236 460
647 462
739 463
601 466
73 467
520 468
266 468
581 468
397 469
279 471
994 471
838 472
299 473
396 473
27 473
691 474
907 474
516 474
640 475
712 476
264 476
820 479
893 480
738 481
505 482
289 482
955 484
363 485
887 486
536 486
136 486
519 488
575 488
938 490
568 491
710 491
764 491
261 493
869 496
311 496
457 497
795 500
990 502
602 502
727 503
85 506
70 506
38 506
682 507
140 508
131 508
460 509
779 509
194 509
229 509
935 510
400 511
639 511
159 511
599 513
5 513
683 513
910 514
46 514
54 515
298 515
177 517
782 517
859 518
899 519
605 520
543 520
339 521
355 522
353 522
751 524
664 525
453 526
892 526
427 527
255 528
606 528
775 529
830 529
775 535
914 536
845 536
360 536
70 540
9 540
442 540
647 540
410 541
130 541
982 542
355 543
932 544
420 545
97 545
413 546
754 547
386 547
925 550
178 551
518 551
592 552
748 553
757 553
739 555
973 556
348 557
123 557
452 560
890 560
957 561
324 562
557 562
509 563
906 565
471 567
212 567
701 567
495 568
785 568
162 573
984 575
305 578
169 579
988 579
491 580
333 580
524 582
94 582
677 584
125 584
450 589
962 591
690 591
898 591
24 592
114 592
871 593
873 593
29 593
965 594
633 595
917 596
539 598
401 599
279 599
712 599
746 601
647 601
683 608
825 609
612 615
208 615
614 619
361 622
550 624
304 625
555 625
443 626
835 626
121 626
622 627
628 627
179 628
807 630
889 630
557 631
903 632
224 634
213 639
768 640
378 641
677 644
466 644
569 645
563 647
876 647
923 647
810 648
967 650
214 650
817 651
720 651
146 652
595 652
999 653
569 653
497 655
214 655
366 657
446 658
332 658
490 659
977 659
811 661
575 661
201 661
911 663
141 664
632 664
409 664
596 664
818 664
838 664
706 666
403 667
432 667
673 667
59 668
277 670
716 672
901 673
366 673
864 674
35 674
36 675
616 677
911 678
300 679
884 680
236 681
31 682
388 683
434 685
637 686
634 686
186 687
258 688
422 691
735 692
10 693
97 693
768 694
460 694
149 696
152 700
972 701
992 702
158 703
258 703
569 706
790 706
453 707
939 707
25 709
723 709
499 710
21 710
577 710
432 711
888 712
363 713
762 713
295 714
711 715
90 719
331 719
620 720
842 720
200 721
305 721
742 722
272 723
272 723
378 723
878 724
514 725
206 726
335 727
183 728
846 728
787 729
638 730
290 731
9 734
57 736
354 736
33 737
547 739
656 740
463 741
673 742
674 743
506 743
873 745
500 745
830 749
989 750
327 752
698 752
41 753
359 755
829 758
86 761
844 763
474 763
678 763
134 769
651 769
688 770
674 770
580 771
503 773
998 773
540 775
409 775
548 777
847 778
651 778
467 781
234 781
85 781
520 782
511 782
970 785
765 787
335 787
134 788
801 789
279 789
293 789
113 790
720 791
150 792
923 793
860 793
808 794
697 796
817 796
420 798
959 798
624 798
949 799
487 799
751 800
890 800
124 803
875 805
273 807
95 808
74 808
810 810
331 811
36 811
120 815
371 816
906 817
169 817
199 817
614 818
661 820
234 821
619 821
321 822
67 823
749 824
736 824
297 825
950 825
260 825
395 825
810 826
542 827
480 827
169 828
348 828
550 829
855 830
255 831
993 832
474 832
260 833
454 833
525 835
522 838
684 838
115 842
19 843
724 843
647 843
390 844
883 845
677 847
602 849
606 849
771 851
212 852
862 854
733 855
330 856
143 857
734 858
525 859
738 860
143 860
292 860
18 861
507 861
534 862
255 862
912 862
977 862
407 865
655 867
992 867
330 868
390 868
923 870
403 874
482 874
495 875
616 876
48 877
949 878
296 879
476 879
76 879
8 880
379 882
204 882
19 885
12 887
893 887
939 890
641 892
932 892
248 894
652 895
31 897
198 899
643 900
298 901
117 902
739 902
187 903
516 903
267 903
253 904
991 905
867 907
66 908
643 909
797 909
535 909
87 910
506 914
610 916
191 916
86 917
151 918
567 918
169 919
389 919
631 920
363 920
966 922
422 922
216 922
666 923
209 925
929 926
998 927
858 927
68 928
786 930
300 930
142 931
994 936
568 936
495 937
86 939
746 939
573 940
790 942
589 943
745 946
131 947
382 949
122 949
179 950
590 953
867 954
872 955
266 960
600 961
33 961
385 962
588 962
177 964
465 971
231 975
495 976
866 976
34 977
706 979
687 979
166 980
705 981
540 982
458 982
686 982
514 982
806 983
751 985
310 985
706 986
333 988
580 989
43 989
780 990
41 990
357 991
738 991
78 991
116 998
593 1000
