964
361 1
517 1
194 1
16 1
909 2
931 2
316 3
454 4
986 5
549 6
952 7
676 7
383 7
11 8
580 9
862 10
787 10
591 11
822 11
143 11
639 12
781 13
643 13
452 16
908 19
765 19
335 19
385 20
341 21
288 22
650 22
724 24
100 24
55 24
336 27
349 29
313 33
216 35
506 36
99 37
765 39
193 39
896 41
712 41
43 41
950 43
154 43
502 47
745 47
625 49
569 49
185 50
835 51
686 51
530 52
593 52
140 53
139 54
705 55
545 56
664 57
641 57
612 58
859 59
908 59
182 60
210 60
305 62
334 64
54 64
771 67
304 71
838 71
996 74
154 75
564 77
199 77
428 77
568 78
46 79
42 80
510 81
248 82
365 83
224 83
373 84
743 84
134 85
163 87
917 87
106 88
713 90
232 90
865 90
13 90
515 94
213 95
227 95
647 95
139 96
645 96
9 97
880 98
998 98
254 99
232 100
3 101
889 102
622 103
213 105
571 105
433 107
749 107
230 108
393 109
517 110
727 111
765 112
904 113
17 113
316 113
475 113
458 114
969 120
976 121
955 122
640 123
865 124
841 124
354 125
339 126
577 126
481 128
608 131
377 132
986 132
61 133
822 134
703 134
700 135
122 138
608 138
97 139
139 139
758 139
460 139
220 142
21 144
71 145
272 146
825 147
746 147
744 147
526 147
473 147
167 148
402 150
525 150
361 151
966 151
542 153
321 156
719 158
311 158
759 158
725 162
470 162
490 162
86 163
483 164
531 165
64 165
964 166
827 166
196 167
803 168
397 168
883 169
958 169
451 169
581 170
499 171
117 171
928 173
427 173
455 174
70 178
113 181
821 182
846 182
524 182
216 183
208 183
309 183
122 183
896 185
971 185
388 186
439 186
500 186
313 186
115 188
695 188
555 189
969 190
686 190
67 190
244 191
624 192
462 193
704 193
672 196
290 199
748 199
222 200
535 201
285 201
989 201
648 202
697 205
411 206
863 207
430 207
619 209
932 209
128 209
897 209
546 209
785 212
44 213
985 214
518 215
295 216
618 216
827 217
946 218
693 218
152 219
698 221
745 222
554 222
203 222
791 223
337 223
524 224
861 228
973 231
670 233
482 234
405 235
792 237
700 237
962 237
355 238
932 239
62 239
230 240
816 240
111 241
778 241
428 242
232 243
151 246
138 246
22 246
72 248
868 249
738 251
428 252
210 253
492 253
109 255
960 257
163 258
419 258
167 259
77 263
567 264
755 264
98 264
569 264
780 265
140 266
819 269
3 269
527 272
552 272
14 274
237 275
118 276
846 276
897 276
607 277
740 279
552 280
331 281
523 284
983 286
334 286
496 286
182 287
956 288
547 290
535 292
934 292
427 292
178 293
251 294
454 294
605 295
873 296
872 296
487 298
439 298
707 300
581 301
785 303
59 306
509 306
376 307
102 307
305 308
647 312
278 312
950 312
764 313
40 314
242 314
857 316
411 318
55 318
73 319
475 320
529 322
156 323
334 323
717 325
206 328
554 328
851 328
114 329
948 331
647 333
113 333
389 335
317 337
401 337
685 341
902 341
288 341
440 341
825 343
667 344
210 344
487 344
285 346
919 346
635 347
600 348
190 349
696 349
125 350
787 350
712 350
641 351
414 352
552 354
551 354
777 355
180 356
598 358
66 359
561 361
754 362
602 363
622 363
576 363
624 366
767 367
647 368
249 368
81 369
847 370
490 372
340 373
845 376
683 376
200 376
325 377
745 377
779 379
441 380
927 380
388 384
635 384
646 385
371 386
862 386
455 386
942 388
4 389
501 391
31 392
492 393
505 395
700 396
281 396
356 396
958 397
918 401
383 402
892 403
617 403
649 405
272 407
518 408
705 409
818 410
365 410
736 411
844 414
629 414
508 415
479 417
36 417
176 418
891 420
549 423
635 423
743 425
427 427
727 428
417 429
267 430
235 430
934 430
804 438
233 438
44 438
997 439
755 439
271 439
275 439
184 441
321 442
360 445
283 446
369 449
670 450
645 452
794 452
133 454
603 454
181 456
83 456
779 456
942 457
862 458
628 458
135 458
262 458
418 459
525 460
361 462
910 462
851 462
412 464
228 465
449 465
320 466
39 466
274 468
231 468
629 469
30 470
334 470
318 471
717 471
879 472
279 473
479 476
146 477
49 478
27 479
503 481
353 483
346 483
146 485
851 486
761 487
679 488
895 488
779 488
40 490
643 491
975 492
937 492
196 493
285 493
692 496
503 496
431 496
419 496
164 498
341 499
390 501
61 501
835 504
1 505
243 508
170 508
432 508
382 509
966 511
8 511
762 512
154 514
342 515
275 516
633 518
194 519
427 521
114 523
270 524
599 524
804 524
206 524
624 525
731 525
78 526
545 527
922 529
113 529
18 530
677 530
596 533
205 534
734 535
683 536
386 539
625 541
475 541
299 541
701 542
587 543
998 543
176 545
797 545
240 546
436 547
423 547
902 549
343 550
313 551
746 552
492 554
276 555
205 555
878 556
200 558
954 559
957 559
487 561
720 561
5 561
502 562
705 562
867 563
206 564
584 567
795 567
463 567
232 568
148 569
189 569
881 570
217 570
580 572
324 573
675 576
223 579
559 581
179 581
755 583
51 583
929 584
22 584
897 585
588 585
83 588
291 589
851 592
231 593
441 593
103 594
43 596
174 599
309 600
568 600
203 600
158 601
639 602
233 602
794 603
682 605
989 607
9 608
675 608
908 609
625 610
470 610
257 611
72 612
674 613
564 613
755 614
205 614
212 614
183 615
851 615
189 616
553 617
524 617
593 618
880 618
893 620
199 620
363 620
481 622
135 624
246 625
275 627
361 629
763 629
616 629
537 630
19 631
535 635
7 635
743 636
816 636
692 636
306 639
697 639
395 642
602 644
494 645
339 645
238 645
834 646
787 647
361 647
984 647
459 647
297 649
477 650
609 650
510 653
81 655
604 655
301 659
453 661
176 662
896 663
931 667
442 668
263 669
695 676
201 677
706 677
802 678
833 678
907 679
604 679
512 681
656 683
223 683
161 684
910 685
412 689
166 690
765 694
447 695
445 695
765 696
459 696
482 697
496 697
336 701
64 701
897 703
282 703
547 705
87 705
353 705
455 707
790 708
855 708
311 709
915 710
129 710
79 711
299 711
240 711
89 712
126 712
158 712
648 713
932 714
365 714
303 714
316 715
200 715
885 717
161 717
176 720
335 721
448 721
126 722
385 722
451 723
194 725
870 725
75 727
914 727
30 728
984 729
654 729
739 731
424 731
501 732
831 732
7 733
558 733
716 735
243 736
871 738
761 738
404 740
107 741
795 742
699 745
869 747
581 747
478 748
525 748
939 748
872 749
504 750
372 750
43 751
561 751
382 753
85 754
112 757
280 757
328 758
631 758
748 761
993 762
144 762
120 763
418 764
583 765
408 766
607 767
894 768
810 769
866 770
489 770
299 770
610 770
579 771
879 771
873 772
901 772
595 772
640 773
251 773
187 773
68 774
916 775
469 779
570 781
64 781
217 782
958 783
817 786
458 787
473 789
313 790
409 792
450 795
172 797
377 798
202 798
282 799
100 806
887 811
45 811
645 812
606 813
458 813
162 815
532 815
988 817
991 823
859 824
512 824
191 825
786 826
153 827
392 828
284 829
47 830
732 832
661 835
224 835
638 837
385 838
181 839
658 840
986 841
136 841
786 842
782 844
876 847
535 848
406 849
620 850
702 853
321 854
177 854
880 854
228 854
844 854
552 855
186 855
415 855
72 858
127 862
451 863
517 864
338 864
219 867
708 869
854 871
138 871
466 873
760 873
940 874
641 877
771 878
784 878
364 879
267 880
21 882
108 882
56 884
71 885
98 888
825 888
667 890
445 890
158 891
660 892
596 896
824 897
204 897
819 900
763 901
4 903
639 904
363 904
693 905
770 905
238 906
322 906
597 906
78 907
56 908
106 908
791 909
316 910
481 910
984 912
121 913
399 914
127 915
143 916
789 917
669 917
847 917
491 918
567 919
325 919
550 921
23 921
273 921
56 923
498 924
637 924
182 925
536 926
799 928
627 929
75 929
75 929
163 930
451 932
894 933
652 934
673 934
767 935
863 935
17 939
155 942
603 942
671 943
869 944
622 946
318 947
711 948
24 948
800 948
750 949
229 949
689 950
73 951
136 951
19 954
794 959
152 960
797 961
57 961
634 962
801 965
582 965
415 968
565 968
403 969
2 970
680 971
33 973
242 974
889 975
743 980
460 981
269 981
816 981
584 982
288 986
574 987
767 989
133 989
577 990
264 991
78 992
844 994
356 994
243 995
422 997
945 998
107 999
