259
811 0
722 1
289 1
104 3
308 6
39 13
343 16
898 17
275 21
311 22
346 22
175 23
655 30
854 47
45 48
231 51
537 54
845 57
172 59
361 61
288 62
748 70
433 82
765 83
860 83
11 88
460 93
744 94
122 95
394 96
13 103
691 104
870 105
661 107
814 109
879 113
932 113
621 116
698 120
113 121
190 122
678 126
227 129
650 133
111 134
81 135
327 137
521 142
495 144
437 146
585 154
637 157
361 159
227 169
253 175
292 179
390 184
932 186
722 190
2 192
163 195
487 196
643 200
203 211
168 211
649 217
411 217
145 223
531 224
692 235
254 236
238 237
846 245
984 246
600 246
949 250
59 255
155 262
937 266
343 271
983 275
358 278
118 286
622 291
26 296
30 304
1000 307
923 311
141 311
108 314
780 316
309 317
53 322
764 324
436 325
412 326
554 329
11 338
577 343
812 353
43 360
804 364
572 372
402 377
614 378
718 394
369 396
898 397
962 402
105 405
724 409
228 412
339 413
161 416
876 437
260 438
745 439
928 440
700 441
505 442
45 443
748 444
825 447
499 451
36 453
3 459
374 464
507 474
992 477
89 483
188 488
369 516
908 516
207 519
767 523
859 523
273 526
136 531
849 532
389 541
559 543
507 551
929 555
820 560
493 562
803 564
226 565
187 565
439 568
668 572
799 574
675 578
191 583
398 583
197 584
106 584
619 587
792 609
97 614
72 614
348 619
728 625
108 637
814 644
465 645
548 647
476 648
827 649
735 656
287 657
430 657
276 665
671 668
272 669
650 669
652 673
769 674
334 677
307 678
779 696
528 704
515 704
945 705
33 705
428 710
738 725
217 725
184 738
255 744
527 751
862 753
969 760
347 771
201 774
384 775
950 782
837 784
521 789
428 794
933 804
288 804
502 804
637 810
863 812
508 815
525 818
700 823
1000 838
560 842
468 842
912 847
376 849
719 849
281 850
699 852
158 859
823 860
27 863
375 864
973 865
369 867
16 871
332 880
230 884
349 887
163 891
186 894
997 897
218 897
522 899
221 900
578 902
522 904
50 906
582 908
430 911
650 919
337 926
832 927
1000 927
221 938
574 939
233 941
61 948
328 948
919 950
397 953
544 968
880 976
348 980
202 987
692 990
146 993
184 993
886 995
265 998
478 998
763 1000
690 1000
