1000
521 1
583 3
544 7
468 7
377 7
410 8
144 8
99 9
289 10
937 10
24 10
835 11
882 13
3 13
198 13
768 14
744 15
577 17
561 17
889 17
850 19
253 19
312 20
280 25
638 26
210 27
677 29
63 29
726 32
266 32
907 32
1 33
674 37
175 39
983 47
178 47
733 48
691 49
817 49
188 50
315 50
300 51
470 51
718 52
877 52
322 52
268 57
796 58
556 59
22 59
321 60
237 60
904 60
81 61
907 61
879 63
812 65
682 65
196 66
644 66
646 68
644 71
290 72
885 73
70 73
296 73
579 74
857 74
146 74
967 74
646 74
484 75
471 76
320 76
99 76
975 76
720 78
748 79
276 80
384 82
595 86
987 86
320 87
266 89
677 89
163 90
488 90
195 92
234 93
225 93
109 93
644 95
38 95
690 95
920 96
4 96
50 97
882 99
537 99
372 99
366 99
382 100
397 101
513 103
685 103
994 103
337 104
168 105
589 107
184 107
726 109
926 110
645 110
117 112
823 114
218 119
393 119
581 120
412 122
928 122
103 122
431 123
546 123
401 123
106 124
581 125
643 126
742 126
886 128
943 129
983 130
182 132
9 133
45 136
987 136
87 137
18 137
974 139
780 140
270 140
899 142
283 144
695 145
210 147
912 147
629 148
921 149
22 149
434 151
804 153
370 153
212 155
566 155
436 155
403 157
705 160
295 161
171 162
523 162
329 164
818 164
311 164
692 165
140 167
929 169
359 171
396 171
181 171
461 173
350 174
461 175
102 176
839 177
730 180
986 182
332 182
185 182
833 182
386 184
488 185
93 185
365 185
782 185
85 185
807 187
429 188
205 189
373 192
693 193
156 194
975 196
499 196
315 197
444 197
681 200
280 200
390 200
111 201
379 201
385 203
659 205
926 205
27 207
385 208
702 209
916 211
750 212
121 212
756 214
866 214
336 215
546 215
742 218
601 220
115 220
781 221
466 222
830 223
812 224
133 225
270 226
809 229
345 230
536 233
75 234
473 235
407 237
178 240
350 241
522 245
253 245
135 251
613 252
893 252
385 253
815 254
440 254
857 255
465 255
633 256
979 256
686 257
319 259
88 259
477 260
793 261
768 261
1000 263
278 265
489 267
468 268
713 269
149 270
936 270
625 270
825 271
702 273
42 274
426 275
622 276
72 276
136 277
76 278
704 279
200 281
493 283
820 283
401 286
913 286
284 286
205 287
494 288
199 288
739 293
915 295
296 296
631 297
421 298
795 301
469 303
37 305
481 306
482 306
245 307
245 307
893 308
270 311
86 311
760 312
292 312
252 314
74 314
513 314
197 316
61 316
642 320
67 320
935 322
52 322
23 324
985 325
433 325
374 326
91 326
833 327
323 328
457 328
786 329
733 329
186 329
120 329
530 330
684 330
604 331
80 331
607 331
204 333
510 333
866 336
402 337
508 340
72 340
916 341
176 341
112 342
611 343
899 344
92 344
515 345
819 346
580 346
444 346
308 346
549 347
644 349
21 350
787 351
369 351
499 352
320 352
795 353
353 354
783 354
985 354
427 354
574 355
898 356
482 356
484 357
682 359
398 361
516 362
177 363
820 363
262 363
696 364
659 365
454 365
235 366
36 368
706 368
645 370
454 370
181 370
328 371
641 371
784 375
280 376
242 377
10 377
384 377
397 377
597 377
473 377
714 379
882 379
933 380
476 381
903 381
192 382
768 383
182 383
583 384
644 385
623 386
99 388
454 388
154 388
640 393
31 393
701 394
850 394
574 396
532 397
271 397
679 398
160 398
109 398
497 399
39 399
303 400
620 403
907 403
72 403
157 406
350 407
565 407
928 407
293 408
409 409
658 410
150 411
699 411
689 412
961 414
831 415
290 415
293 416
157 417
987 417
348 418
388 420
674 422
340 426
489 427
241 428
468 429
796 429
858 430
224 431
544 431
914 432
644 434
35 436
859 436
544 438
761 439
329 439
895 443
165 443
338 444
50 445
679 446
680 447
832 447
226 449
636 449
929 449
669 449
201 451
155 452
944 452
617 453
549 455
791 456
483 457
498 457
963 458
155 461
688 461
416 464
264 464
172 469
380 469
460 470
746 470
158 471
208 473
426 474
229 474
64 475
158 475
385 477
192 479
906 480
873 480
58 482
662 483
335 485
878 486
960 487
546 488
859 488
194 490
391 490
997 491
771 492
734 493
17 495
796 497
156 497
156 498
891 499
169 500
6 500
292 501
621 502
34 503
290 504
230 505
712 506
325 508
519 508
689 510
4 511
336 511
925 511
607 512
342 515
747 516
867 516
143 516
371 517
294 518
288 519
206 520
328 520
186 525
563 526
894 527
273 528
695 529
199 529
494 530
23 531
265 533
386 533
456 535
383 536
342 536
533 537
895 537
666 538
617 541
736 543
831 544
30 544
547 546
566 546
14 546
213 550
669 550
961 552
783 553
536 554
626 554
988 554
859 554
275 556
384 556
444 556
492 557
325 557
174 560
753 561
40 563
186 566
975 567
135 569
478 569
846 570
726 571
424 572
68 572
770 573
543 573
137 575
127 575
850 575
654 576
219 577
658 577
699 577
645 579
553 580
983 580
993 581
439 581
144 581
696 582
440 584
386 585
979 591
714 591
441 594
93 594
196 597
208 598
190 598
887 599
467 599
48 600
845 600
189 601
35 601
330 602
898 602
965 603
498 603
993 603
185 604
150 604
58 605
176 606
689 606
769 607
226 607
142 608
683 609
956 610
592 611
639 612
431 613
297 613
682 614
982 616
80 617
785 618
554 619
72 622
726 623
216 624
501 626
466 629
46 629
213 629
702 633
525 635
144 637
357 638
761 639
365 640
737 644
242 644
299 644
970 645
772 645
205 646
703 646
854 647
94 648
963 649
9 649
494 651
882 653
275 655
428 655
525 655
410 655
68 655
674 657
963 658
986 660
321 661
314 663
27 664
23 665
814 665
519 670
321 672
375 672
466 672
884 674
146 674
339 680
108 680
555 680
683 681
675 684
692 688
128 689
859 689
282 690
867 690
127 692
186 692
943 693
898 693
277 694
16 694
634 695
273 696
346 697
702 697
705 699
91 701
909 703
970 704
876 705
915 706
500 707
518 707
757 707
915 710
273 710
568 712
577 713
154 714
182 714
380 715
461 716
940 717
713 720
932 720
752 721
942 721
923 722
114 723
458 725
656 725
672 726
627 726
179 726
431 726
357 727
213 728
703 728
953 729
289 729
76 730
43 733
858 734
780 734
842 734
561 738
286 738
348 739
7 740
515 740
456 742
594 744
997 744
795 745
303 745
263 745
464 746
341 746
660 747
400 748
590 749
950 749
513 752
61 753
764 753
299 756
127 756
514 757
463 757
61 757
714 757
772 758
212 758
988 758
660 758
35 759
42 760
691 760
864 761
526 763
496 764
591 765
338 767
458 767
620 771
806 772
950 772
932 773
426 773
219 774
923 777
297 778
83 778
791 778
484 780
603 780
599 781
287 781
311 783
23 785
642 785
557 790
873 790
564 792
2 794
129 795
521 797
60 797
665 799
832 801
793 801
212 802
315 802
429 802
365 803
668 803
528 804
763 804
801 805
55 805
37 806
537 807
757 809
744 811
233 812
404 813
436 813
787 813
575 815
671 816
836 817
668 818
445 819
536 819
694 822
181 823
414 825
136 825
852 825
446 825
316 825
579 826
438 828
145 829
253 830
779 831
934 831
420 831
29 831
120 832
82 832
795 832
30 834
20 835
213 835
454 835
485 837
715 837
125 837
42 837
365 838
66 839
574 840
184 841
790 841
564 843
454 843
46 845
894 846
475 847
376 848
322 849
620 850
818 851
904 851
213 852
612 852
850 853
651 853
208 853
986 854
5 855
507 858
576 860
165 862
643 863
779 865
138 867
82 867
923 868
906 869
112 870
328 870
400 870
632 872
432 872
644 872
62 873
801 873
740 876
463 878
328 878
729 879
93 879
254 880
233 881
172 881
420 883
880 886
536 889
586 890
537 890
33 891
49 896
553 899
320 899
417 900
708 900
898 901
511 903
291 903
393 905
101 906
438 909
294 909
811 911
689 913
297 916
152 917
879 918
902 918
126 918
567 918
848 921
699 922
959 923
181 924
704 924
677 925
159 926
688 927
326 927
419 928
244 928
837 928
313 929
258 929
629 930
614 931
193 932
265 932
780 932
121 934
275 935
43 936
813 937
504 938
79 938
526 938
693 941
4 942
159 943
707 944
603 944
333 945
380 945
562 947
554 947
446 947
539 948
891 949
367 951
116 951
104 953
612 953
136 953
804 953
209 954
344 955
4 956
57 958
928 960
733 960
491 960
53 960
284 961
550 961
612 961
209 962
775 962
584 963
665 964
167 964
934 965
49 967
121 970
629 970
878 970
620 972
922 972
20 972
145 974
318 975
364 979
823 981
91 982
81 983
520 985
826 985
948 988
219 989
472 989
804 990
470 990
766 991
446 992
235 993
687 994
833 994
733 994
801 1000
