852
199 0
384 0
60 1
411 2
110 2
761 7
328 8
934 12
317 12
572 13
396 14
229 15
487 16
759 17
799 21
375 21
895 21
730 22
841 23
727 24
566 25
78 28
954 28
833 29
564 29
882 30
513 32
174 33
590 34
670 34
733 34
392 36
136 36
335 37
32 38
673 40
725 41
883 44
87 47
105 47
558 49
72 52
282 52
920 52
96 52
851 53
379 54
185 55
6 58
374 58
324 58
902 67
265 67
438 68
107 68
490 69
124 69
421 69
10 70
35 71
664 72
229 72
88 73
305 73
459 83
487 83
852 84
132 84
950 87
190 87
101 89
418 89
793 89
845 90
335 91
624 95
115 95
952 96
220 97
307 99
604 99
296 102
689 103
578 104
968 106
971 106
493 108
554 108
489 113
105 114
482 115
406 115
933 115
154 116
669 117
406 118
329 119
385 120
385 121
76 121
263 121
765 126
531 126
386 127
165 130
715 130
237 133
787 136
798 137
267 137
423 138
708 138
863 139
960 140
431 142
327 144
361 145
539 145
847 146
908 146
648 149
38 150
745 151
527 152
69 153
224 153
169 154
652 155
350 156
777 156
127 157
911 161
157 161
989 164
858 164
888 165
174 165
805 167
1 167
680 167
720 169
906 170
266 170
807 172
386 174
278 175
820 175
737 178
298 178
109 181
937 181
160 182
287 183
473 184
975 185
982 187
622 187
972 188
974 189
753 190
816 191
657 193
871 193
421 193
624 196
275 196
142 196
18 198
14 198
583 200
729 204
493 205
908 205
545 206
811 206
233 207
38 208
326 209
56 211
491 211
180 213
337 217
345 219
661 220
680 220
316 222
921 224
192 225
238 225
53 227
724 228
407 231
229 232
419 232
537 234
60 237
691 240
622 241
868 242
73 242
478 243
505 243
984 247
362 247
15 248
20 250
453 252
779 254
885 254
964 255
275 256
412 256
948 259
94 261
386 261
716 263
233 263
360 264
210 265
333 265
284 265
496 265
730 266
204 267
124 267
464 268
63 268
557 269
634 269
811 269
706 269
577 269
851 270
496 271
56 273
641 273
497 276
798 277
434 277
724 277
155 277
664 278
109 281
435 282
881 284
167 284
698 284
510 286
754 288
514 288
753 288
654 290
517 291
840 295
219 295
132 297
929 297
55 297
743 298
899 298
172 300
892 301
598 302
512 304
5 305
542 307
487 307
365 314
48 315
764 315
585 317
241 319
325 321
178 322
611 323
824 325
497 326
36 328
806 329
882 330
758 333
398 334
652 334
795 335
376 337
501 337
774 339
82 340
185 340
485 343
540 343
74 345
253 345
945 345
523 348
494 349
249 350
818 350
896 352
50 352
935 353
365 353
528 357
924 357
38 357
1000 361
423 363
385 363
581 366
435 366
137 369
658 369
633 371
279 371
927 380
222 381
934 384
73 384
920 385
460 385
65 385
990 385
868 387
325 391
207 392
412 392
897 392
661 392
903 392
543 393
722 393
406 394
325 395
817 395
350 396
283 397
738 398
370 401
747 401
997 402
996 402
341 403
65 403
181 403
255 408
75 408
904 410
68 411
104 411
533 416
124 417
678 417
454 418
434 420
259 423
845 425
801 425
921 426
440 428
118 429
836 430
6 430
608 430
301 435
455 436
93 436
949 436
571 437
527 437
747 439
725 439
410 439
327 442
42 445
277 445
140 447
373 447
296 447
875 447
893 448
101 449
202 449
791 453
129 453
1000 455
466 456
506 459
285 463
931 463
75 466
635 466
725 468
346 469
556 470
988 471
307 471
822 471
961 472
540 474
588 474
161 478
925 479
708 480
408 480
3 480
74 480
941 481
985 482
817 482
150 482
765 483
180 484
250 485
138 489
548 493
481 497
765 498
358 499
509 499
614 502
657 504
407 505
996 506
291 507
52 510
213 510
575 510
268 514
416 515
277 516
875 518
508 519
281 519
575 519
615 519
272 519
580 521
976 522
522 523
159 523
718 526
98 526
133 529
650 531
538 533
689 533
308 534
459 534
655 534
473 534
584 535
755 536
287 537
835 538
93 539
439 540
207 541
221 544
409 544
6 547
551 551
608 553
807 554
537 554
124 555
65 557
445 557
991 558
25 561
274 563
517 564
470 564
325 565
71 565
118 565
733 566
150 566
467 566
494 569
780 571
359 572
607 572
679 574
135 574
166 575
791 576
880 577
285 578
590 579
230 579
954 580
858 581
34 581
689 581
715 583
344 584
730 586
559 586
710 587
189 588
973 588
474 590
65 591
271 591
934 595
202 595
914 597
910 598
991 599
541 600
447 602
493 603
999 603
154 603
637 603
497 606
944 606
474 608
586 608
503 609
228 610
305 611
990 611
165 613
541 618
501 620
804 620
862 626
951 627
458 627
459 628
108 630
420 633
849 634
632 636
233 636
298 637
522 638
490 641
422 641
890 645
152 647
632 647
163 647
444 649
115 650
231 651
474 651
509 653
188 654
508 655
207 655
620 655
1 657
654 657
218 658
516 658
441 659
675 660
364 662
501 664
969 667
434 668
838 668
340 675
888 675
77 676
216 678
367 678
94 678
379 683
673 683
397 683
724 685
60 687
586 688
338 690
406 691
683 692
9 693
182 693
919 698
279 699
585 702
166 703
960 704
766 706
345 708
549 710
890 711
825 712
114 712
596 712
771 714
224 715
522 716
161 716
243 717
967 719
195 725
970 725
981 726
783 726
611 726
483 727
30 728
110 728
312 731
366 732
644 732
757 733
872 734
72 734
159 735
231 735
821 735
69 738
835 740
718 741
856 741
909 741
101 742
268 742
114 742
633 743
266 743
713 743
849 744
969 745
199 746
565 751
714 752
979 752
864 755
4 756
315 757
134 760
971 762
902 764
336 765
968 765
581 767
607 768
897 769
854 770
477 770
740 771
917 772
384 774
976 774
109 776
413 776
194 777
19 779
336 783
671 783
944 784
916 785
238 787
298 787
788 789
332 790
868 790
996 794
649 795
643 796
463 797
391 801
185 801
136 802
805 802
117 803
429 803
544 804
125 805
326 806
403 806
735 807
923 810
8 810
779 810
287 814
257 816
314 816
509 818
452 820
825 821
801 822
922 822
387 824
375 827
341 830
264 830
289 831
148 832
810 832
816 833
709 834
191 835
83 837
196 837
342 838
110 839
797 841
603 842
851 843
585 844
37 845
972 846
288 848
417 849
484 850
529 851
817 852
384 852
110 854
332 856
100 856
30 856
356 857
827 858
515 858
74 858
336 859
465 861
228 863
595 863
379 865
517 866
362 867
354 868
110 868
416 873
75 874
714 874
765 874
15 876
234 876
923 879
827 879
841 883
426 883
337 883
584 884
492 886
927 887
990 887
525 887
115 889
626 890
803 892
360 892
137 893
968 893
895 894
978 897
792 900
894 900
96 901
649 902
718 905
928 906
721 910
767 912
17 913
919 913
806 914
520 914
786 914
480 915
11 917
742 918
101 919
69 919
560 922
935 922
610 923
454 924
797 924
27 925
94 928
82 929
937 929
927 931
305 932
943 932
346 933
154 933
402 934
435 934
896 934
58 937
652 940
872 941
832 942
2 943
146 943
930 943
207 943
217 943
832 944
717 947
356 948
729 948
455 948
544 948
260 949
86 950
833 954
343 954
435 954
626 954
721 956
241 956
775 959
123 959
171 959
981 960
297 960
322 960
699 960
932 960
688 963
192 964
503 964
299 965
42 965
529 965
536 967
65 968
665 968
931 971
92 971
279 973
888 977
792 984
324 985
446 986
555 987
161 989
274 990
169 990
760 991
732 992
454 994
159 996
400 998
807 998
536 999
933 1000
978 1000
503 1000
