270
26 1
24 2
34 7
24 8
4 14
27 14
18 15
23 17
3 17
36 22
29 24
11 27
37 33
8 34
4 39
25 42
22 47
12 47
16 47
33 49
38 52
36 53
22 56
19 64
14 65
22 71
37 73
10 77
3 81
22 82
9 83
5 84
14 86
21 90
19 94
36 94
2 95
13 97
29 99
3 104
21 109
13 115
39 116
23 117
21 118
17 119
34 121
31 122
19 125
24 128
3 134
28 135
38 139
39 141
28 142
24 143
5 143
2 145
8 146
17 146
21 152
2 158
32 159
31 168
22 169
33 171
3 172
20 172
23 175
24 176
21 178
15 194
37 195
8 200
26 202
34 206
19 210
1 212
31 215
25 220
16 226
1 243
4 244
25 246
22 248
14 251
13 254
3 256
8 258
21 259
21 259
17 260
14 267
36 268
26 270
38 270
30 270
10 272
16 273
25 276
1 279
38 289
16 291
18 292
26 300
34 301
13 305
21 310
1 310
6 320
23 322
15 322
24 323
1 323
24 325
24 325
32 326
8 326
2 334
39 340
17 340
21 341
8 349
13 355
24 358
29 362
6 363
29 366
3 369
7 371
9 374
24 375
18 378
14 381
5 385
12 387
11 389
32 389
24 390
18 392
15 394
35 394
30 396
8 400
19 401
33 404
25 405
22 414
14 414
17 416
13 417
8 419
38 419
6 421
2 425
17 426
13 428
19 429
10 431
22 431
3 431
30 432
3 437
4 438
19 444
39 445
29 447
24 449
15 449
12 451
31 453
29 453
25 457
3 458
5 459
10 460
36 461
25 463
37 464
30 466
27 466
38 470
39 471
17 473
2 474
32 475
22 477
33 477
36 479
11 485
27 486
28 491
14 493
23 499
24 499
25 500
19 503
23 504
22 504
7 504
34 505
36 506
21 507
4 508
21 510
9 513
3 514
4 515
37 515
18 519
27 519
12 521
27 522
23 523
5 524
15 525
17 525
1 527
29 530
29 533
26 535
31 539
13 540
15 542
17 542
14 543
16 544
1 547
37 547
24 549
33 551
22 551
19 557
6 558
5 560
1 561
34 561
27 562
26 564
4 565
2 565
5 568
19 570
31 571
30 572
21 573
10 574
29 578
37 579
3 583
5 584
4 585
23 591
3 591
12 596
6 596
7 598
32 603
15 603
30 607
35 609
26 611
1 619
22 619
38 620
1 623
20 625
10 633
2 634
1 638
