170
171 20
58 23
386 25
118 34
726 35
645 40
989 44
151 53
425 59
700 59
578 70
575 75
925 77
9 93
976 99
260 100
904 110
712 137
346 138
70 142
343 143
542 144
510 144
621 166
948 166
752 181
821 182
233 183
553 188
292 189
830 199
281 203
211 205
482 211
965 211
933 212
813 229
329 231
382 235
629 239
545 240
168 245
406 253
827 255
662 262
118 262
263 269
808 270
314 282
671 284
527 291
558 291
286 295
957 301
340 307
744 309
157 315
613 325
593 327
607 327
838 331
146 332
443 336
746 338
593 340
966 353
132 369
670 374
650 374
103 385
455 398
312 399
758 400
823 402
134 411
170 427
230 430
616 430
438 440
496 440
2 443
660 451
223 452
76 453
598 457
302 468
371 477
808 483
118 506
494 508
505 517
763 518
846 522
500 534
724 536
783 542
719 548
150 551
695 556
24 559
140 560
68 560
117 567
102 571
110 572
373 574
314 582
190 594
119 596
764 600
16 601
571 608
637 608
632 611
840 626
48 628
257 643
973 647
155 648
707 656
607 657
237 658
17 661
473 664
120 679
592 683
648 684
285 691
762 691
352 694
560 699
382 708
387 717
66 720
345 737
794 753
731 772
811 774
425 784
129 784
236 795
957 799
970 815
419 818
928 825
323 834
62 835
449 841
475 843
700 844
352 846
740 846
468 847
177 850
781 865
731 874
298 880
13 881
652 902
674 907
940 908
242 917
61 920
131 945
758 948
981 951
651 957
404 961
900 987
460 987
