316
223 0
307 1
348 5
345 6
267 10
275 11
270 13
145 19
95 20
134 23
265 26
331 26
137 28
3 28
339 29
22 32
223 33
247 34
272 38
228 38
5 41
197 42
373 43
227 47
34 48
52 50
50 50
181 51
233 56
282 60
328 62
259 65
226 65
279 65
221 72
90 80
371 86
252 86
317 89
119 93
216 99
352 99
24 100
287 100
345 104
143 108
183 108
361 109
13 110
8 111
274 113
297 115
316 115
269 119
152 121
80 127
390 128
201 133
335 135
152 137
326 138
148 138
152 138
96 139
84 141
141 143
374 143
1 145
312 147
25 148
360 149
278 149
91 149
68 151
243 151
99 151
319 152
376 159
98 161
337 168
66 171
154 171
53 177
382 178
310 179
86 180
123 185
125 185
25 186
188 191
296 193
49 196
141 198
143 198
373 200
191 206
163 210
164 211
244 212
300 215
205 215
31 220
6 222
92 226
197 227
85 230
100 230
61 231
6 234
362 235
346 237
351 239
362 240
31 240
154 241
278 242
23 243
213 245
339 246
45 252
42 253
288 253
68 254
117 254
316 254
152 261
300 262
2 263
324 271
347 271
339 273
188 278
265 284
23 284
251 284
282 285
338 288
221 288
38 292
233 295
362 297
328 302
71 302
355 306
69 309
180 311
17 318
24 319
69 320
345 320
375 321
278 322
211 323
101 327
372 328
249 331
43 336
120 337
178 343
91 345
19 352
272 354
286 359
156 361
153 362
246 366
118 367
34 367
255 367
372 368
261 368
177 368
106 372
315 374
147 375
30 375
262 376
144 380
226 385
102 392
161 398
19 399
82 405
327 407
355 408
355 408
17 409
23 410
224 410
357 413
273 418
138 433
224 434
249 441
316 445
335 450
325 450
270 453
306 455
114 463
315 464
216 464
280 465
46 466
46 468
240 471
2 474
267 475
56 477
148 479
32 484
39 489
126 489
11 491
200 494
87 494
225 499
168 499
188 502
328 504
183 511
227 512
1 514
210 515
298 515
79 516
35 518
100 520
227 520
294 521
371 524
24 524
347 529
88 532
388 533
359 537
82 538
126 541
292 541
46 542
368 542
229 542
369 545
158 545
157 545
6 552
165 554
222 555
269 556
210 558
3 558
297 559
129 560
206 563
135 563
178 566
345 567
78 570
209 571
294 572
136 572
294 577
227 579
376 579
372 582
284 582
337 583
368 586
194 589
207 597
346 602
341 603
82 603
163 608
311 609
134 611
46 612
128 614
225 614
305 614
280 617
280 618
315 619
169 621
81 621
389 622
154 622
350 622
97 623
342 625
55 628
330 642
361 642
267 645
68 647
141 651
255 651
178 656
157 658
383 659
344 659
390 660
4 662
382 662
313 662
12 669
228 670
291 670
29 672
84 673
335 675
284 677
43 683
23 687
189 692
47 694
