1000
656 2147483637
981 2147483637
781 2147483637
351 2147483637
726 2147483637
842 2147483637
901 2147483637
246 2147483637
944 2147483637
795 2147483637
612 2147483637
269 2147483637
815 2147483637
832 2147483637
604 2147483637
25 2147483637
781 2147483637
865 2147483637
93 2147483637
951 2147483637
842 2147483637
612 2147483637
644 2147483637
194 2147483637
943 2147483637
1000 2147483637
230 2147483637
638 2147483637
21 2147483637
498 2147483637
547 2147483637
955 2147483637
113 2147483637
148 2147483637
706 2147483637
153 2147483637
301 2147483637
891 2147483637
481 2147483637
336 2147483637
918 2147483637
929 2147483637
180 2147483637
493 2147483637
977 2147483637
896 2147483637
159 2147483637
1000 2147483637
857 2147483637
585 2147483637
540 2147483637
94 2147483637
666 2147483637
703 2147483637
230 2147483637
198 2147483637
530 2147483637
623 2147483637
248 2147483637
561 2147483637
571 2147483637
875 2147483637
140 2147483637
153 2147483637
43 2147483637
229 2147483637
101 2147483637
702 2147483637
212 2147483637
808 2147483637
79 2147483637
486 2147483637
831 2147483637
672 2147483637
94 2147483637
899 2147483637
754 2147483637
163 2147483637
347 2147483637
121 2147483638
472 2147483638
677 2147483638
675 2147483638
297 2147483638
581 2147483638
168 2147483638
457 2147483638
230 2147483638
96 2147483638
514 2147483638
171 2147483638
597 2147483638
908 2147483638
584 2147483638
573 2147483638
444 2147483638
838 2147483638
970 2147483638
961 2147483638
767 2147483638
880 2147483638
954 2147483638
115 2147483638
647 2147483638
547 2147483638
556 2147483638
266 2147483638
963 2147483638
93 2147483638
191 2147483638
913 2147483638
192 2147483638
585 2147483638
251 2147483638
966 2147483638
293 2147483638
963 2147483638
676 2147483638
768 2147483638
559 2147483638
941 2147483638
964 2147483638
708 2147483638
658 2147483638
555 2147483638
812 2147483638
423 2147483638
224 2147483638
230 2147483638
178 2147483638
462 2147483638
16 2147483638
286 2147483638
958 2147483638
682 2147483638
678 2147483638
197 2147483638
589 2147483638
794 2147483638
835 2147483638
474 2147483638
169 2147483638
733 2147483638
824 2147483638
487 2147483638
994 2147483638
162 2147483638
694 2147483638
244 2147483638
32 2147483638
272 2147483638
837 2147483638
137 2147483638
211 2147483638
880 2147483638
18 2147483638
449 2147483638
678 2147483638
918 2147483638
681 2147483638
776 2147483638
383 2147483638
527 2147483638
179 2147483638
980 2147483638
819 2147483638
66 2147483638
157 2147483638
436 2147483638
459 2147483638
218 2147483638
234 2147483638
196 2147483639
975 2147483639
738 2147483639
47 2147483639
632 2147483639
327 2147483639
568 2147483639
960 2147483639
606 2147483639
352 2147483639
151 2147483639
253 2147483639
732 2147483639
210 2147483639
602 2147483639
881 2147483639
955 2147483639
16 2147483639
777 2147483639
112 2147483639
643 2147483639
9 2147483639
198 2147483639
40 2147483639
861 2147483639
254 2147483639
873 2147483639
862 2147483639
785 2147483639
419 2147483639
765 2147483639
205 2147483639
112 2147483639
392 2147483639
898 2147483639
186 2147483639
963 2147483639
410 2147483639
860 2147483639
580 2147483639
465 2147483639
943 2147483639
240 2147483639
370 2147483639
469 2147483639
406 2147483639
850 2147483639
189 2147483639
263 2147483639
877 2147483639
155 2147483639
749 2147483639
496 2147483639
290 2147483639
945 2147483639
981 2147483639
292 2147483639
584 2147483639
233 2147483639
587 2147483639
148 2147483639
998 2147483639
579 2147483639
506 2147483639
918 2147483639
50 2147483639
571 2147483639
729 2147483639
872 2147483639
493 2147483639
308 2147483639
921 2147483639
59 2147483639
678 2147483639
336 2147483639
701 2147483639
621 2147483639
900 2147483639
299 2147483639
345 2147483639
273 2147483639
213 2147483639
326 2147483639
237 2147483639
404 2147483639
677 2147483639
6 2147483639
156 2147483640
932 2147483640
903 2147483640
77 2147483640
975 2147483640
871 2147483640
223 2147483640
666 2147483640
698 2147483640
666 2147483640
960 2147483640
156 2147483640
847 2147483640
990 2147483640
233 2147483640
690 2147483640
677 2147483640
900 2147483640
856 2147483640
499 2147483640
324 2147483640
375 2147483640
935 2147483640
658 2147483640
909 2147483640
373 2147483640
688 2147483640
818 2147483640
732 2147483640
190 2147483640
953 2147483640
529 2147483640
184 2147483640
671 2147483640
980 2147483640
995 2147483640
882 2147483640
280 2147483640
534 2147483640
414 2147483640
739 2147483640
755 2147483640
240 2147483640
557 2147483640
963 2147483640
982 2147483640
19 2147483640
643 2147483640
510 2147483640
894 2147483640
771 2147483640
943 2147483640
362 2147483640
113 2147483640
171 2147483640
278 2147483640
59 2147483640
655 2147483640
930 2147483640
376 2147483640
125 2147483640
685 2147483640
161 2147483640
286 2147483640
902 2147483640
589 2147483640
474 2147483640
441 2147483640
714 2147483640
789 2147483640
808 2147483640
302 2147483640
561 2147483640
381 2147483640
158 2147483640
251 2147483640
862 2147483640
284 2147483640
230 2147483640
559 2147483640
104 2147483640
796 2147483640
655 2147483640
837 2147483640
421 2147483640
390 2147483640
273 2147483640
626 2147483640
399 2147483640
872 2147483640
891 2147483640
524 2147483640
158 2147483640
63 2147483640
792 2147483640
149 2147483640
911 2147483640
528 2147483640
251 2147483640
644 2147483640
431 2147483640
281 2147483640
383 2147483640
98 2147483640
93 2147483640
848 2147483640
604 2147483640
775 2147483641
240 2147483641
417 2147483641
782 2147483641
121 2147483641
66 2147483641
235 2147483641
590 2147483641
283 2147483641
113 2147483641
578 2147483641
814 2147483641
643 2147483641
891 2147483641
258 2147483641
442 2147483641
462 2147483641
97 2147483641
794 2147483641
917 2147483641
965 2147483641
876 2147483641
430 2147483641
120 2147483641
86 2147483641
675 2147483641
875 2147483641
964 2147483641
596 2147483641
631 2147483641
500 2147483641
554 2147483641
182 2147483641
855 2147483641
224 2147483641
873 2147483641
68 2147483641
999 2147483641
317 2147483641
533 2147483641
854 2147483641
629 2147483641
165 2147483641
508 2147483641
819 2147483641
732 2147483641
478 2147483641
629 2147483641
924 2147483641
701 2147483641
771 2147483641
920 2147483641
468 2147483641
276 2147483641
250 2147483641
124 2147483641
594 2147483641
379 2147483641
464 2147483641
169 2147483641
263 2147483641
600 2147483641
382 2147483641
610 2147483641
975 2147483641
143 2147483641
44 2147483641
977 2147483641
782 2147483641
158 2147483641
917 2147483641
959 2147483641
476 2147483641
730 2147483641
813 2147483641
662 2147483641
153 2147483641
910 2147483641
167 2147483641
68 2147483641
357 2147483641
292 2147483641
42 2147483641
508 2147483641
2 2147483641
338 2147483641
148 2147483641
905 2147483641
441 2147483641
800 2147483641
894 2147483642
816 2147483642
516 2147483642
845 2147483642
578 2147483642
510 2147483642
408 2147483642
635 2147483642
772 2147483642
593 2147483642
502 2147483642
697 2147483642
443 2147483642
198 2147483642
799 2147483642
120 2147483642
426 2147483642
614 2147483642
3 2147483642
325 2147483642
739 2147483642
937 2147483642
562 2147483642
102 2147483642
256 2147483642
202 2147483642
392 2147483642
294 2147483642
110 2147483642
907 2147483642
958 2147483642
883 2147483642
552 2147483642
230 2147483642
315 2147483642
835 2147483642
962 2147483642
147 2147483642
571 2147483642
587 2147483642
788 2147483642
852 2147483642
157 2147483642
890 2147483642
377 2147483642
959 2147483642
444 2147483642
867 2147483642
568 2147483642
313 2147483642
891 2147483642
537 2147483642
391 2147483642
588 2147483642
948 2147483642
691 2147483642
309 2147483642
13 2147483642
55 2147483642
774 2147483642
431 2147483642
576 2147483642
693 2147483642
424 2147483642
928 2147483642
342 2147483642
313 2147483642
719 2147483642
165 2147483642
594 2147483642
274 2147483642
131 2147483642
680 2147483642
745 2147483642
768 2147483642
977 2147483642
78 2147483642
955 2147483642
78 2147483642
505 2147483642
115 2147483642
599 2147483642
920 2147483642
834 2147483642
177 2147483642
697 2147483642
714 2147483642
366 2147483642
470 2147483642
324 2147483642
37 2147483642
302 2147483642
727 2147483642
229 2147483642
245 2147483642
495 2147483642
977 2147483643
317 2147483643
917 2147483643
777 2147483643
463 2147483643
308 2147483643
599 2147483643
282 2147483643
797 2147483643
457 2147483643
235 2147483643
507 2147483643
650 2147483643
285 2147483643
616 2147483643
138 2147483643
757 2147483643
32 2147483643
762 2147483643
546 2147483643
107 2147483643
926 2147483643
774 2147483643
914 2147483643
710 2147483643
697 2147483643
73 2147483643
26 2147483643
503 2147483643
190 2147483643
311 2147483643
430 2147483643
642 2147483643
786 2147483643
152 2147483643
842 2147483643
604 2147483643
301 2147483643
843 2147483643
495 2147483643
974 2147483643
114 2147483643
584 2147483643
294 2147483643
669 2147483643
682 2147483643
365 2147483643
497 2147483643
469 2147483643
559 2147483643
328 2147483643
238 2147483643
629 2147483643
787 2147483643
459 2147483643
984 2147483643
782 2147483643
511 2147483643
691 2147483643
769 2147483643
464 2147483643
284 2147483643
684 2147483643
301 2147483643
12 2147483643
744 2147483643
667 2147483643
40 2147483643
227 2147483643
716 2147483643
875 2147483643
951 2147483643
992 2147483643
450 2147483643
451 2147483643
975 2147483643
347 2147483643
37 2147483644
628 2147483644
598 2147483644
476 2147483644
370 2147483644
328 2147483644
778 2147483644
378 2147483644
132 2147483644
579 2147483644
726 2147483644
469 2147483644
522 2147483644
928 2147483644
262 2147483644
413 2147483644
441 2147483644
102 2147483644
291 2147483644
331 2147483644
168 2147483644
459 2147483644
672 2147483644
76 2147483644
111 2147483644
194 2147483644
113 2147483644
636 2147483644
569 2147483644
739 2147483644
263 2147483644
217 2147483644
371 2147483644
607 2147483644
558 2147483644
22 2147483644
473 2147483644
669 2147483644
226 2147483644
35 2147483644
638 2147483644
820 2147483644
353 2147483644
902 2147483644
199 2147483644
834 2147483644
946 2147483644
499 2147483644
968 2147483644
949 2147483644
322 2147483644
784 2147483644
479 2147483644
881 2147483644
251 2147483644
238 2147483644
183 2147483644
254 2147483644
739 2147483644
941 2147483644
810 2147483644
956 2147483644
26 2147483644
740 2147483644
774 2147483644
725 2147483644
9 2147483644
913 2147483644
31 2147483644
918 2147483644
271 2147483644
377 2147483644
115 2147483644
271 2147483644
877 2147483644
635 2147483644
554 2147483644
370 2147483644
156 2147483644
409 2147483644
278 2147483644
187 2147483644
576 2147483644
985 2147483644
661 2147483644
231 2147483644
652 2147483644
396 2147483645
680 2147483645
208 2147483645
83 2147483645
933 2147483645
352 2147483645
210 2147483645
900 2147483645
854 2147483645
23 2147483645
180 2147483645
199 2147483645
674 2147483645
240 2147483645
669 2147483645
854 2147483645
643 2147483645
558 2147483645
416 2147483645
194 2147483645
360 2147483645
751 2147483645
342 2147483645
429 2147483645
160 2147483645
940 2147483645
155 2147483645
561 2147483645
705 2147483645
104 2147483645
713 2147483645
273 2147483645
325 2147483645
949 2147483645
426 2147483645
520 2147483645
458 2147483645
254 2147483645
993 2147483645
572 2147483645
257 2147483645
783 2147483645
61 2147483645
898 2147483645
207 2147483645
817 2147483645
877 2147483645
856 2147483645
897 2147483645
512 2147483645
369 2147483645
593 2147483645
83 2147483645
481 2147483645
844 2147483645
631 2147483645
108 2147483645
231 2147483645
127 2147483645
433 2147483645
265 2147483645
574 2147483645
707 2147483645
230 2147483645
894 2147483645
201 2147483645
164 2147483645
337 2147483645
105 2147483645
157 2147483645
797 2147483645
242 2147483645
533 2147483645
958 2147483645
247 2147483645
514 2147483645
122 2147483645
324 2147483645
106 2147483645
235 2147483645
194 2147483645
25 2147483645
913 2147483645
217 2147483645
664 2147483645
871 2147483645
755 2147483645
377 2147483645
333 2147483645
808 2147483645
264 2147483645
427 2147483645
374 2147483645
824 2147483645
277 2147483645
132 2147483645
951 2147483645
766 2147483645
508 2147483646
656 2147483646
882 2147483646
696 2147483646
536 2147483646
228 2147483646
381 2147483646
469 2147483646
716 2147483646
680 2147483646
908 2147483646
772 2147483646
714 2147483646
468 2147483646
60 2147483646
148 2147483646
378 2147483646
860 2147483646
75 2147483646
458 2147483646
205 2147483646
275 2147483646
420 2147483646
396 2147483646
803 2147483646
430 2147483646
163 2147483646
325 2147483646
813 2147483646
351 2147483646
220 2147483646
480 2147483646
426 2147483646
310 2147483646
617 2147483646
863 2147483646
661 2147483646
796 2147483646
478 2147483646
405 2147483646
281 2147483646
166 2147483646
501 2147483646
501 2147483646
517 2147483646
147 2147483646
546 2147483646
692 2147483646
556 2147483646
101 2147483646
276 2147483646
352 2147483646
425 2147483646
762 2147483646
823 2147483646
228 2147483646
934 2147483646
636 2147483646
94 2147483646
732 2147483646
968 2147483646
871 2147483646
712 2147483646
869 2147483646
571 2147483646
440 2147483646
594 2147483646
557 2147483646
806 2147483646
795 2147483646
173 2147483646
572 2147483646
391 2147483646
15 2147483646
327 2147483646
924 2147483646
213 2147483646
660 2147483646
950 2147483646
769 2147483646
717 2147483646
179 2147483646
330 2147483646
727 2147483646
499 2147483646
24 2147483646
404 2147483646
314 2147483646
14 2147483646
371 2147483647
938 2147483647
125 2147483647
895 2147483647
238 2147483647
829 2147483647
743 2147483647
158 2147483647
460 2147483647
412 2147483647
599 2147483647
82 2147483647
386 2147483647
917 2147483647
22 2147483647
409 2147483647
511 2147483647
198 2147483647
455 2147483647
952 2147483647
778 2147483647
710 2147483647
175 2147483647
770 2147483647
258 2147483647
328 2147483647
410 2147483647
848 2147483647
1 2147483647
349 2147483647
133 2147483647
648 2147483647
418 2147483647
489 2147483647
1 2147483647
467 2147483647
773 2147483647
86 2147483647
548 2147483647
964 2147483647
675 2147483647
702 2147483647
895 2147483647
546 2147483647
903 2147483647
882 2147483647
331 2147483647
235 2147483647
61 2147483647
549 2147483647
642 2147483647
513 2147483647
648 2147483647
874 2147483647
330 2147483647
405 2147483647
421 2147483647
412 2147483647
890 2147483647
652 2147483647
279 2147483647
791 2147483647
135 2147483647
1 2147483647
949 2147483647
116 2147483647
612 2147483647
406 2147483647
503 2147483647
653 2147483647
487 2147483647
358 2147483647
281 2147483647
61 2147483647
205 2147483647
436 2147483647
557 2147483647
846 2147483647
321 2147483647
728 2147483647
251 2147483647
491 2147483647
172 2147483647
73 2147483647
826 2147483647
500 2147483647
70 2147483647
194 2147483647
18 2147483647
422 2147483647
536 2147483647
668 2147483647
287 2147483647
461 2147483647
463 2147483647
563 2147483647
491 2147483647
