213
8 0
20 0
5 0
6 2
7 6
9 6
13 9
20 10
22 11
14 12
11 13
5 17
12 18
5 18
11 24
8 26
4 28
14 30
9 33
21 36
12 37
20 39
11 39
6 41
21 42
14 43
12 45
18 45
4 46
15 50
5 50
7 50
1 52
10 53
17 55
4 57
8 58
22 61
20 69
9 72
22 72
4 72
6 81
17 83
18 85
9 87
11 89
4 89
16 91
16 94
1 101
8 103
18 112
15 114
1 114
14 114
14 116
3 119
14 119
20 120
17 120
2 121
4 122
15 123
11 124
10 124
19 128
16 129
15 131
10 131
18 132
21 142
4 143
11 145
12 145
1 151
20 153
9 153
22 155
2 158
6 159
1 159
22 160
16 163
17 167
2 167
6 169
7 170
10 171
13 172
9 173
14 179
10 179
1 179
20 183
3 184
12 185
2 192
9 198
20 200
10 200
2 203
22 204
18 204
14 204
16 204
18 205
15 207
5 208
16 209
17 210
5 212
18 212
9 213
7 215
16 217
8 219
3 220
13 222
18 223
19 224
16 225
21 227
6 233
17 234
18 237
5 240
10 241
8 244
16 245
16 246
21 248
1 248
15 250
3 250
21 252
4 252
16 256
17 257
12 260
19 261
9 264
7 269
17 270
13 271
1 272
12 275
8 277
13 277
18 278
14 279
11 279
10 280
17 282
6 282
3 285
16 289
18 290
1 291
14 292
16 293
16 294
20 295
9 295
2 300
15 301
6 304
12 304
6 311
17 311
21 311
22 313
18 314
18 318
21 321
14 325
17 328
7 328
22 329
3 329
7 331
1 333
9 333
19 333
13 338
7 338
8 339
12 339
8 349
18 351
10 352
11 353
11 355
16 357
1 357
3 360
1 360
2 360
21 361
2 365
19 366
6 368
16 370
10 370
10 371
11 373
4 376
14 376
12 379
12 382
19 386
12 386
20 387
