734
566 1
425 2
589 5
561 5
446 8
609 8
402 9
964 9
153 10
353 11
32 12
849 13
568 16
170 16
817 16
936 17
511 18
866 20
633 21
992 22
94 22
314 26
30 26
98 26
962 26
251 28
547 29
793 30
400 30
704 30
412 31
551 32
469 32
201 34
122 34
903 38
610 39
417 40
922 41
161 44
351 45
31 46
342 48
584 50
120 51
408 51
483 53
932 57
616 58
78 59
468 60
985 65
888 67
239 67
120 67
708 68
609 70
140 70
341 71
456 73
905 73
59 76
95 76
227 78
57 79
949 80
709 81
522 83
981 83
186 84
136 88
379 91
149 93
463 97
805 98
38 98
678 100
932 100
54 102
858 103
649 103
863 104
657 106
945 108
780 108
553 109
820 112
45 112
18 113
462 114
504 114
639 114
405 115
722 115
480 119
884 119
918 120
378 120
152 123
43 123
389 126
217 127
45 128
696 132
788 134
820 134
109 135
734 136
11 142
213 144
462 149
518 149
788 149
882 150
780 150
570 151
970 152
669 153
674 153
711 154
402 155
796 155
100 157
43 158
370 159
314 161
639 161
727 167
385 168
751 168
616 169
597 169
731 170
131 171
691 173
193 174
703 174
173 177
33 177
195 179
981 179
242 180
268 180
317 181
34 182
132 185
749 187
770 191
686 191
859 194
105 195
532 196
348 198
510 198
331 200
607 201
762 202
936 203
713 204
582 204
264 206
45 206
228 207
707 212
753 216
384 216
222 217
779 220
51 221
96 221
506 223
105 224
915 224
642 225
166 228
989 229
186 233
798 234
337 236
438 236
627 238
358 239
979 241
715 243
303 243
982 253
142 254
313 254
135 255
873 255
832 255
884 256
521 258
469 259
786 262
891 262
422 263
246 263
481 265
139 267
146 269
822 271
306 272
519 273
504 274
156 278
378 278
292 280
562 281
506 282
864 283
860 283
772 284
257 285
607 287
471 288
232 289
365 289
620 289
78 290
157 294
451 296
693 296
482 299
115 301
437 302
946 303
777 305
26 308
563 308
382 308
489 309
585 309
290 310
430 310
922 311
662 313
42 317
437 319
844 319
578 320
77 322
599 323
158 323
6 325
71 326
589 328
574 329
242 329
383 331
829 333
320 334
986 335
411 335
776 336
874 336
996 340
475 341
795 344
200 351
511 352
860 359
402 362
572 363
42 363
937 365
72 366
830 368
962 370
64 370
828 370
798 371
695 371
56 373
503 373
715 376
159 380
616 385
183 385
869 388
751 392
12 392
176 392
3 394
142 396
531 396
722 399
908 399
745 399
876 400
856 401
973 403
717 404
839 406
80 406
869 410
897 410
760 410
977 414
227 419
654 421
869 422
739 422
505 422
100 423
310 424
511 426
253 426
153 429
666 429
127 429
639 430
176 431
288 431
399 431
851 431
253 434
671 435
267 437
323 439
471 441
398 442
105 443
273 444
575 448
203 450
709 451
710 452
149 452
504 453
136 453
578 454
726 454
453 454
961 455
255 455
661 456
778 458
523 460
808 460
203 462
248 462
629 462
874 465
367 465
907 466
572 466
745 468
986 470
910 470
725 471
916 472
713 472
99 476
768 477
196 478
653 481
730 481
140 482
730 483
344 483
283 486
899 488
608 489
577 490
610 490
402 490
900 491
741 492
666 494
154 495
934 499
371 501
875 505
578 505
835 506
180 506
822 508
394 508
20 509
83 510
604 512
622 513
406 513
330 513
620 514
529 515
459 516
478 519
484 519
226 520
942 520
418 520
562 522
110 523
814 523
948 524
801 528
782 528
416 528
457 530
688 533
417 538
466 538
750 542
469 543
75 544
441 549
590 549
747 552
965 553
41 553
329 555
919 557
723 560
986 561
382 561
759 563
635 566
660 566
539 568
590 569
658 570
403 571
695 572
682 582
487 583
397 583
48 584
206 586
968 589
423 590
766 590
355 592
184 595
86 596
177 598
410 598
694 598
588 598
615 603
318 604
201 605
962 612
943 613
817 614
401 614
94 615
283 616
763 617
259 617
941 618
894 621
213 622
789 622
187 623
235 628
560 629
80 630
41 630
246 631
440 632
753 632
256 634
854 634
853 635
327 635
493 639
196 640
110 641
814 642
632 642
845 643
576 643
141 645
470 646
774 653
367 654
239 654
707 655
850 658
634 659
481 659
828 660
497 660
813 661
795 663
125 665
343 666
96 667
392 670
292 671
59 671
680 674
6 674
401 681
628 681
960 683
129 684
761 684
905 685
362 686
525 690
491 690
458 691
762 692
197 692
813 693
175 694
218 694
207 694
410 694
450 695
772 696
727 696
331 697
765 701
598 701
548 704
217 704
637 705
679 707
454 712
536 712
8 716
864 718
80 721
122 722
792 722
767 723
705 724
960 725
76 725
534 726
406 727
780 728
270 728
843 729
913 730
244 730
158 731
852 731
707 733
367 734
902 734
823 735
237 737
424 743
408 744
785 744
110 745
794 746
360 746
607 746
431 747
147 749
484 749
902 750
191 752
149 754
781 754
372 756
937 757
121 758
775 758
979 758
617 761
47 763
111 764
637 765
927 766
800 766
421 767
507 768
467 773
949 773
602 775
480 776
908 777
808 778
51 782
167 783
556 784
401 788
743 790
355 791
284 792
875 796
127 797
147 799
832 799
971 799
420 800
768 801
968 801
309 803
366 804
798 804
377 804
911 804
326 806
468 806
755 806
605 807
733 809
665 809
632 810
559 812
812 814
613 814
667 818
520 820
661 821
896 821
923 823
630 823
295 826
380 826
892 827
609 827
863 827
432 829
967 831
958 833
966 833
98 837
89 838
780 839
321 841
604 845
966 849
5 850
584 854
748 855
832 857
357 857
393 859
897 859
88 860
511 861
642 863
828 863
102 864
177 868
452 868
126 874
919 874
132 875
889 878
946 879
506 879
14 880
586 881
373 882
885 883
894 884
199 887
728 888
625 889
365 892
265 893
996 893
624 895
877 895
414 898
713 899
287 899
354 900
724 901
342 902
792 903
185 904
923 904
873 907
852 908
926 909
118 909
980 911
933 913
471 914
42 915
830 916
464 918
410 918
52 919
952 919
459 920
264 920
220 921
211 923
597 923
350 926
612 928
412 929
303 930
732 931
612 932
60 935
690 937
88 938
262 944
51 946
740 948
624 949
918 950
292 950
992 952
425 953
177 955
990 958
706 959
442 962
214 962
679 962
128 967
247 970
648 971
449 971
426 972
384 973
991 974
179 980
776 980
192 989
678 989
404 990
619 990
598 993
526 995
914 996
273 997
710 999
405 1000
109 1000
