727
663 0
416 1
167 3
450 5
128 5
749 7
93 8
385 11
572 11
358 11
697 12
192 12
412 14
605 16
360 17
925 18
636 19
794 24
284 28
631 29
767 29
600 30
981 30
550 35
685 36
498 38
332 39
906 40
4 41
122 42
773 48
664 48
870 49
338 49
878 50
93 51
984 51
2 54
996 58
552 59
86 60
258 62
55 63
164 64
87 65
717 66
506 66
988 70
565 78
11 79
26 79
730 80
222 82
6 85
907 87
381 92
433 93
162 94
852 94
543 94
129 95
929 96
586 96
723 98
591 99
121 100
936 101
379 102
709 103
785 106
469 108
124 109
714 112
84 112
676 113
874 121
440 121
851 122
746 123
229 127
653 128
2 129
107 131
402 131
599 133
964 135
80 135
129 137
695 138
897 138
919 138
364 138
371 138
293 139
993 140
752 140
909 140
981 142
597 145
642 145
24 146
886 149
752 150
500 151
913 151
44 151
476 152
841 153
750 154
105 154
923 154
256 154
879 154
211 154
833 157
624 157
586 158
875 158
422 158
77 160
953 162
333 163
448 163
839 169
272 169
285 172
152 172
254 176
672 181
19 181
364 182
520 184
945 185
58 187
926 188
336 189
668 189
817 190
481 191
631 191
321 193
23 194
344 196
846 198
759 199
385 200
954 200
840 200
38 201
450 202
654 202
813 202
272 203
4 203
273 209
636 212
236 214
665 217
502 221
620 222
181 223
800 224
524 225
817 225
260 226
865 228
540 230
963 230
553 232
790 232
57 235
670 236
509 237
578 238
208 238
997 239
112 240
621 242
870 242
644 243
403 243
240 245
153 245
203 249
205 250
28 253
801 255
745 258
335 259
452 260
775 260
531 262
942 264
820 266
342 268
373 269
544 270
222 273
366 275
653 276
352 276
125 277
345 277
409 277
675 279
651 280
335 280
913 280
657 283
711 283
872 285
282 285
386 287
270 288
27 292
844 292
155 293
966 294
931 294
763 294
661 295
248 299
169 302
628 302
954 305
96 305
993 306
84 306
917 307
718 309
887 310
729 310
835 310
43 311
598 311
852 312
698 314
658 314
116 315
401 315
874 318
144 318
325 319
601 321
730 324
580 325
21 326
125 326
535 326
491 331
573 333
4 336
297 336
554 336
929 337
817 340
710 342
108 343
872 343
30 347
204 348
576 350
828 350
390 351
470 352
936 352
372 352
724 353
485 355
387 356
980 356
963 356
76 356
827 357
181 357
306 359
228 360
322 361
353 361
443 361
872 362
660 362
648 363
437 363
473 366
842 368
448 370
50 371
359 373
507 375
982 376
750 377
30 380
100 380
305 381
741 383
129 384
156 385
997 386
91 387
453 388
319 389
458 390
520 391
288 391
394 392
627 392
703 393
370 395
862 397
187 399
497 399
216 401
644 403
816 403
394 406
838 408
723 410
462 411
331 413
211 413
56 414
947 414
238 417
679 419
11 419
713 421
853 422
412 423
219 424
874 424
478 425
634 431
342 431
270 431
961 432
487 433
171 435
240 436
679 439
993 440
802 442
121 443
26 443
159 444
247 450
629 450
637 450
705 451
184 451
398 452
403 454
223 460
414 461
519 464
132 464
129 465
284 465
142 466
403 468
281 468
752 469
591 469
34 469
541 471
454 471
177 472
394 474
124 475
847 476
625 478
342 479
971 481
302 482
872 482
329 483
736 483
964 483
454 484
507 486
728 486
880 488
800 488
237 491
336 494
159 500
755 502
288 503
842 503
985 506
845 507
86 509
388 512
966 513
15 513
698 514
22 517
11 519
916 519
689 522
4 524
561 524
192 527
609 527
610 528
93 529
471 529
21 530
943 532
674 533
930 534
551 535
787 540
208 540
616 543
937 545
709 545
580 546
504 547
116 550
195 552
51 553
148 553
402 553
875 553
719 556
141 557
552 559
886 559
319 560
703 560
37 561
793 562
278 564
726 567
308 567
819 569
657 570
164 571
552 575
540 576
744 577
96 580
698 581
1 584
994 585
646 585
908 586
737 587
397 592
488 593
363 594
461 595
350 596
963 598
766 600
776 602
620 602
581 602
562 603
208 604
981 607
329 607
447 607
947 607
429 607
363 608
974 609
986 610
18 610
957 612
868 612
60 613
42 617
486 617
844 618
66 619
820 619
719 620
619 621
603 622
309 624
206 627
978 628
302 628
825 630
291 630
683 630
235 631
689 637
280 640
221 641
46 643
11 645
113 647
541 649
690 651
813 654
474 655
692 656
41 660
450 660
652 661
364 662
996 665
161 669
693 670
451 674
271 674
388 674
330 676
375 678
757 679
106 681
772 681
316 681
140 682
913 685
795 685
60 686
66 689
154 691
111 692
777 693
942 694
837 695
191 697
493 699
608 700
174 700
277 701
733 702
11 704
237 708
749 709
765 710
263 710
271 711
250 711
135 711
322 712
434 718
58 721
26 722
581 726
923 728
738 731
811 734
733 735
677 736
692 736
43 737
261 739
239 746
2 748
86 750
364 754
963 754
899 758
964 759
951 759
283 759
457 761
26 761
842 761
110 762
594 766
758 769
115 770
906 772
107 772
957 773
741 773
377 776
446 776
819 778
927 779
625 780
13 782
601 782
594 783
275 784
749 784
39 786
23 787
386 787
369 788
807 788
187 790
122 792
634 793
126 798
243 803
653 803
464 804
592 805
240 806
44 809
286 812
87 813
282 813
505 814
226 814
527 820
698 823
562 823
92 824
98 825
992 825
983 828
932 829
608 829
954 830
51 831
102 832
425 836
615 837
93 839
637 840
670 842
500 843
511 843
189 844
248 845
714 845
237 845
554 846
858 847
676 850
380 850
400 853
772 856
733 857
561 859
709 859
418 860
48 862
410 862
299 864
465 865
484 865
363 868
157 868
981 870
216 873
937 875
800 875
403 877
160 878
206 879
90 879
211 880
120 880
602 884
339 884
606 885
626 887
318 890
132 892
277 895
301 898
327 899
287 900
812 901
551 905
530 906
357 907
422 908
45 908
546 909
381 910
301 915
329 915
109 916
741 922
778 926
191 928
45 930
468 931
61 935
408 936
758 936
727 938
432 938
156 939
566 941
791 941
964 942
141 949
46 951
555 952
770 953
289 953
964 957
189 958
659 959
258 960
824 961
197 962
882 966
279 966
127 967
935 967
72 968
708 976
896 977
624 978
370 979
399 981
731 982
729 984
394 986
260 986
559 986
223 989
49 989
761 990
479 990
516 990
583 991
53 993
16 993
994 994
224 996
956 997
727 998
579 999
