1000
240 0
16 0
919 1
510 1
634 3
539 3
30 4
387 4
674 5
601 8
232 8
630 11
206 11
517 12
539 13
616 13
995 16
2 17
629 17
369 17
395 18
198 18
327 18
515 19
939 19
768 20
901 21
1 22
521 22
852 25
816 25
131 27
706 27
924 27
26 27
835 29
307 29
570 31
972 31
78 32
979 32
141 32
979 34
3 35
453 37
734 37
428 38
729 39
873 41
713 44
584 44
157 44
406 45
977 47
507 48
873 49
68 49
552 50
207 51
837 52
960 52
675 53
894 54
651 55
463 56
999 59
66 59
779 60
55 60
503 61
979 61
914 62
931 63
620 64
158 64
452 65
67 65
917 65
564 67
397 68
746 69
688 70
135 72
335 75
498 75
42 75
215 75
905 76
963 77
507 77
624 79
903 79
799 79
368 82
691 82
955 85
289 88
195 88
361 88
471 89
273 89
572 91
26 91
491 92
84 93
512 94
481 94
195 95
841 96
178 97
600 97
283 98
580 99
684 100
757 101
825 101
464 103
208 104
119 105
783 106
178 107
781 107
182 108
927 109
757 110
725 111
336 111
528 113
42 113
195 115
333 116
976 118
532 120
171 120
524 120
816 120
283 121
19 122
27 123
57 124
245 125
963 127
929 127
682 128
883 128
356 128
441 129
577 129
445 130
91 131
33 134
641 134
53 134
208 135
191 135
411 135
972 138
894 139
62 139
457 139
353 139
195 140
63 143
859 144
535 147
732 148
896 148
750 150
677 152
706 153
380 154
602 154
339 155
411 156
867 157
258 158
851 160
71 161
269 162
513 162
402 162
531 162
25 164
176 165
788 165
846 166
173 166
573 169
302 172
441 174
210 175
599 175
507 175
983 177
707 177
907 177
438 177
358 178
655 179
810 179
517 180
250 182
17 182
177 183
309 184
643 185
675 185
342 185
466 186
189 186
742 189
558 193
442 193
745 194
160 196
385 196
616 200
155 200
897 201
718 202
145 203
61 205
185 206
614 206
64 206
424 207
715 208
367 211
166 212
974 213
661 215
825 215
145 216
389 216
711 218
118 220
22 221
453 221
867 221
54 222
556 222
388 222
819 223
978 223
176 225
469 226
991 231
162 232
877 233
217 233
46 235
777 236
642 237
660 238
300 241
315 243
732 243
780 244
94 245
539 245
681 251
434 252
730 253
876 253
535 253
133 254
119 254
950 255
201 256
765 256
454 257
689 259
558 260
502 260
728 263
793 263
392 266
400 266
865 267
821 268
661 268
332 268
403 269
425 269
964 271
514 271
505 272
550 272
924 273
732 275
307 276
551 276
268 277
321 279
650 280
700 280
517 280
23 280
885 281
659 281
61 281
63 281
661 282
322 282
308 283
446 284
476 285
532 286
901 286
357 287
34 289
864 290
757 290
175 293
209 294
231 294
165 295
374 295
981 296
684 301
195 301
999 306
899 307
458 307
67 308
859 308
700 309
171 312
144 314
311 315
203 315
33 315
441 316
973 316
430 317
669 318
882 318
47 318
992 319
46 319
854 320
890 321
620 321
919 322
590 322
472 322
437 324
721 324
698 326
943 327
479 328
580 330
129 331
566 331
894 332
981 332
613 332
27 333
710 334
32 335
293 336
706 336
216 336
854 336
169 337
99 338
963 338
40 338
244 338
630 338
851 341
988 342
533 343
415 343
113 343
704 343
26 346
731 347
900 347
913 348
505 348
898 350
117 350
893 351
470 353
771 354
791 355
835 356
952 356
837 362
208 364
853 364
383 365
30 368
570 371
168 373
335 373
698 375
661 377
176 378
640 378
906 380
175 380
682 381
50 381
146 382
486 382
403 383
492 389
253 390
838 391
375 391
239 391
956 392
491 392
796 393
924 393
178 394
740 394
538 397
768 399
48 399
108 400
525 402
32 403
62 404
544 404
527 404
609 405
411 405
504 406
647 406
459 406
797 407
568 407
699 410
46 410
344 410
305 412
770 412
233 413
602 414
812 414
963 415
742 416
852 416
377 417
766 418
788 419
495 419
679 421
197 422
706 422
162 424
69 424
403 424
730 425
597 426
407 427
684 428
77 430
702 435
572 436
356 436
135 438
837 439
857 439
145 441
889 442
43 442
307 442
261 442
827 443
764 443
683 443
774 445
998 446
240 447
439 447
85 447
704 448
445 450
940 451
507 451
32 452
400 453
626 454
751 456
339 458
106 459
591 460
322 461
287 461
464 462
120 462
181 464
614 465
239 465
584 465
656 470
793 471
580 471
166 472
186 475
408 478
135 478
487 479
910 479
826 479
510 479
946 482
490 483
188 483
231 484
148 486
865 486
374 488
972 489
729 490
280 494
745 495
90 496
769 497
521 498
805 499
823 499
126 500
396 500
370 501
109 502
570 505
864 505
905 505
738 506
288 507
976 507
379 509
611 510
691 510
592 510
700 514
33 516
974 520
357 521
657 521
652 523
269 527
394 528
485 528
652 529
203 529
675 530
869 531
15 532
392 535
309 537
888 538
495 538
797 539
173 540
211 540
960 541
326 542
492 542
594 543
487 543
216 545
112 548
779 548
551 552
423 553
298 553
797 553
935 555
709 555
705 560
468 561
362 562
290 564
270 564
59 565
346 565
907 566
303 566
118 567
463 570
188 571
737 572
413 573
364 573
744 573
983 575
488 576
704 576
603 577
342 577
165 578
411 578
339 578
30 579
77 579
692 582
712 583
561 583
121 586
256 588
296 588
795 589
513 589
512 589
108 590
292 591
280 592
341 593
238 594
269 595
48 595
899 597
662 598
701 598
532 605
470 605
23 605
171 607
381 608
368 609
365 611
961 611
752 612
314 613
135 614
599 614
337 614
561 615
575 615
191 615
310 616
609 619
18 619
172 619
964 620
389 623
898 623
981 623
170 623
968 624
93 624
657 625
879 632
60 632
144 634
653 634
499 634
811 635
923 638
91 639
364 639
221 639
492 641
195 642
296 643
535 644
961 644
404 644
300 646
871 648
242 648
764 648
579 650
782 651
953 652
526 653
616 653
531 653
200 653
471 653
718 658
882 658
910 658
749 659
106 660
118 661
121 661
754 662
444 663
47 665
547 665
900 665
529 666
829 666
385 668
435 669
422 669
209 670
650 671
631 673
809 674
494 681
206 683
885 684
815 685
308 685
357 686
553 686
595 687
595 687
110 689
114 691
926 692
928 692
604 693
587 693
585 693
425 693
221 694
932 696
818 701
794 701
65 702
536 703
277 703
146 703
342 703
792 705
995 705
547 706
532 707
283 707
331 708
616 709
607 709
822 710
395 711
213 712
247 713
781 713
98 716
416 716
672 718
348 718
84 719
338 722
451 722
710 722
138 724
390 725
8 726
818 726
173 728
802 728
329 729
47 731
995 731
853 733
193 733
871 735
72 736
795 737
366 738
377 740
682 742
723 747
312 748
851 749
423 749
323 749
504 751
227 753
176 753
816 753
42 754
507 755
605 755
760 755
301 756
694 758
10 760
627 761
738 765
44 766
84 769
710 770
641 771
839 771
953 771
517 771
359 772
99 778
455 778
978 779
204 779
635 780
931 780
28 780
865 783
873 785
64 785
138 786
99 787
650 787
941 788
700 788
120 789
913 790
963 791
43 791
387 792
790 793
140 793
886 794
882 794
91 795
767 795
79 796
351 796
958 796
405 799
532 800
404 802
385 803
224 803
312 803
851 804
125 804
684 804
210 805
403 806
273 807
985 808
31 808
150 809
677 809
617 811
314 811
738 813
680 816
57 817
873 817
956 817
708 817
216 817
945 818
222 819
932 819
214 820
44 820
397 820
96 821
822 823
617 824
692 824
296 824
522 826
588 828
298 828
579 830
974 830
290 831
667 832
943 834
346 835
309 835
28 836
868 837
594 839
949 840
975 841
882 842
316 842
748 845
6 845
995 847
90 848
393 849
989 851
198 851
672 853
824 855
646 856
964 857
884 858
746 859
655 862
19 863
713 863
729 865
301 866
822 866
146 866
410 867
897 868
137 871
435 872
641 873
511 875
534 876
658 876
517 876
722 876
528 876
330 877
676 878
53 878
334 882
824 882
783 883
112 883
281 885
306 886
477 887
878 889
282 890
768 890
279 891
389 893
101 895
97 899
798 900
254 903
186 904
888 904
999 906
751 907
504 908
359 911
458 913
244 916
12 918
610 919
528 919
578 921
85 921
650 922
362 925
975 925
666 926
23 926
459 928
344 929
131 931
326 932
966 933
921 933
71 935
398 937
503 937
993 937
475 938
85 938
796 938
844 941
321 941
693 942
663 947
533 948
912 949
878 949
341 949
505 950
882 950
826 950
385 952
270 953
193 955
67 958
35 958
309 959
833 960
931 961
121 961
667 961
720 964
874 965
66 966
738 967
837 967
413 967
220 967
751 967
141 974
612 977
628 978
957 979
897 983
613 983
985 983
560 984
783 984
584 987
432 989
332 989
491 991
306 992
925 993
733 994
806 994
305 997
811 997
52 1000
974 1000
