971
132 0
551 0
629 1
927 1
220 1
639 2
183 2
210 3
889 3
14 4
309 5
754 6
797 8
597 9
99 9
905 11
663 13
852 14
819 16
809 16
677 18
66 18
56 19
317 20
186 20
686 22
815 24
402 25
684 25
984 26
239 26
608 27
775 27
179 28
14 28
116 29
293 29
654 31
969 31
567 31
307 32
416 35
357 35
539 35
776 36
200 37
51 37
757 39
835 39
126 39
379 42
598 42
12 43
561 43
794 44
451 44
289 45
540 47
696 47
237 48
65 49
813 49
623 50
276 50
33 51
73 52
224 54
295 54
997 55
588 55
975 55
360 58
213 58
668 59
212 59
752 62
984 62
56 63
92 64
870 67
60 67
794 67
428 67
138 68
885 68
405 68
53 68
263 70
942 72
431 74
564 75
992 76
157 76
428 78
263 81
264 82
210 84
248 86
828 86
312 87
495 87
973 87
920 87
375 88
809 89
650 89
572 91
246 93
146 93
576 96
159 98
973 98
536 98
909 99
179 99
789 102
492 102
344 103
523 103
628 105
843 105
91 107
664 107
295 108
211 109
296 111
295 112
24 112
273 113
719 113
84 114
77 114
728 115
340 116
907 116
894 122
491 122
608 123
560 124
181 124
189 125
120 126
903 126
698 128
75 129
632 129
700 132
66 134
847 136
173 138
131 140
776 141
46 144
916 145
457 146
642 147
93 148
160 152
248 153
233 153
253 154
855 154
150 159
218 159
232 160
152 161
454 162
205 162
841 164
724 167
799 168
793 168
987 170
567 172
927 174
648 175
761 175
25 175
371 176
363 177
464 178
427 180
187 180
746 183
491 183
297 189
672 193
653 193
10 193
964 194
421 196
58 197
579 197
454 199
132 200
22 201
159 203
400 205
520 205
322 207
716 207
926 210
282 212
843 213
593 213
143 218
659 218
732 218
174 219
914 219
244 220
472 220
889 221
182 221
47 223
574 224
150 226
839 227
566 227
894 229
17 229
73 231
597 233
981 234
377 235
765 236
136 236
276 239
509 239
359 239
718 240
445 241
986 242
141 242
625 242
860 244
779 245
443 245
906 247
408 247
409 247
258 249
437 249
476 250
426 250
254 252
47 252
229 257
205 262
48 264
446 264
1 265
172 267
461 267
20 269
238 271
233 271
556 272
482 273
365 274
802 274
337 277
607 280
916 280
139 283
545 285
247 285
449 286
236 286
863 287
967 287
573 287
414 288
299 288
726 289
15 291
408 292
853 293
553 293
858 295
26 296
881 298
612 299
436 300
262 301
913 302
296 303
73 303
96 304
323 305
818 306
206 307
689 308
97 308
172 309
985 309
839 309
46 309
7 309
292 310
964 310
639 310
922 313
35 314
994 316
695 317
7 318
465 319
771 320
623 321
352 321
69 321
60 322
272 322
138 325
954 325
402 327
542 328
403 328
909 328
125 332
83 332
358 333
201 335
14 336
721 336
29 340
746 341
190 341
730 343
916 344
628 345
225 345
246 345
765 347
626 348
93 349
518 352
172 353
779 354
884 354
670 354
812 355
613 356
815 356
416 357
450 358
653 359
268 362
325 362
680 362
337 362
641 366
929 368
21 370
649 371
124 371
167 371
124 372
927 373
280 374
148 377
491 379
268 380
917 380
334 380
922 381
669 381
581 382
202 385
653 386
553 387
671 387
782 387
302 389
457 389
422 389
607 390
359 390
528 390
564 391
519 391
227 392
318 396
241 396
25 398
607 398
627 399
220 399
573 399
549 400
807 401
615 402
528 403
80 404
718 404
850 404
936 406
988 406
556 407
454 407
404 408
151 411
636 411
549 412
418 412
662 413
925 414
237 416
293 421
486 422
967 423
303 424
631 424
242 424
23 425
699 425
849 426
679 426
900 427
596 429
127 429
898 430
426 431
420 433
572 434
569 434
2 435
149 435
209 435
763 435
336 437
606 437
905 437
823 438
769 439
702 441
37 442
211 442
41 442
902 444
855 446
572 447
952 449
544 451
334 452
925 454
69 454
695 454
463 455
171 458
591 458
590 465
966 465
785 465
695 466
502 466
474 470
331 471
323 472
180 473
480 473
69 474
622 474
150 475
812 476
551 480
377 480
280 482
634 486
919 488
318 488
938 489
13 489
105 489
729 489
710 490
536 491
118 492
824 492
749 493
461 493
153 495
549 497
636 498
142 500
711 500
779 502
324 504
425 504
364 506
318 507
767 507
575 508
159 509
277 511
284 511
53 512
390 512
812 513
917 513
61 515
604 516
546 516
483 518
320 520
160 522
321 523
497 526
806 526
604 527
12 528
123 528
695 530
234 530
753 531
289 531
487 532
904 533
239 534
594 536
879 536
371 537
553 537
923 537
797 538
340 538
644 542
535 542
372 543
455 544
406 546
67 546
35 548
707 553
703 554
894 555
717 556
931 556
459 556
321 557
687 557
125 558
865 558
145 560
741 560
389 561
211 562
462 562
541 564
432 564
500 564
554 565
483 565
165 565
481 566
964 566
358 567
682 568
440 571
880 572
773 572
548 572
97 572
737 573
369 575
808 576
166 577
632 579
135 580
869 581
974 582
369 582
741 583
95 585
853 586
409 588
59 589
535 589
68 589
542 590
488 592
447 595
954 596
554 597
614 599
688 599
649 599
18 599
241 601
466 602
587 603
177 604
894 604
421 606
212 608
337 610
210 612
689 612
402 612
790 613
275 613
606 614
193 614
989 614
353 616
250 616
268 617
701 621
428 623
896 623
358 624
549 625
639 625
101 625
306 627
800 627
278 630
803 631
571 632
574 632
857 633
399 634
784 637
714 638
821 639
565 640
230 640
234 641
931 641
543 642
628 642
223 644
489 644
408 646
192 647
993 648
750 651
38 653
353 654
912 654
746 654
33 656
274 656
911 657
167 657
848 657
750 658
360 658
182 658
668 660
418 660
800 661
636 662
307 662
417 664
24 664
558 665
407 666
520 666
174 667
232 668
571 669
811 671
649 671
334 671
703 672
63 674
931 675
435 678
704 679
746 679
358 680
978 683
468 683
731 684
655 685
918 687
526 687
604 688
264 689
120 689
460 689
676 689
319 690
788 692
551 693
547 696
14 696
956 699
121 700
402 703
569 705
608 708
103 708
205 708
931 708
631 710
590 711
965 713
3 713
352 715
276 715
400 716
254 716
946 717
283 717
279 717
491 720
747 722
526 722
882 723
742 724
990 727
779 727
821 728
916 728
855 728
546 728
872 731
78 732
586 733
941 734
52 735
500 736
111 737
310 741
355 742
847 743
23 743
351 744
333 745
930 747
702 747
771 748
520 749
942 750
496 752
625 752
115 752
850 754
946 754
417 755
248 755
163 758
115 759
349 759
187 759
351 760
471 762
191 762
978 765
265 766
723 767
594 768
613 768
342 768
523 770
82 770
313 772
82 773
501 777
652 778
65 778
200 778
280 779
881 781
693 781
586 781
72 782
99 782
878 782
255 783
674 783
769 783
199 784
654 785
690 788
990 788
770 790
644 795
495 795
954 796
526 796
559 797
432 799
60 800
915 800
376 800
143 801
99 801
348 803
180 804
8 804
821 806
706 807
688 811
172 812
140 812
506 813
929 813
858 814
963 815
306 817
659 818
729 818
486 819
470 819
565 822
484 822
797 823
978 826
989 828
587 829
567 831
884 831
488 831
880 831
438 833
249 834
3 836
845 837
15 837
809 838
371 839
491 842
797 843
48 843
142 843
142 843
503 845
980 846
533 846
569 847
462 848
888 849
182 851
43 852
610 854
447 855
813 856
379 857
826 857
848 859
867 860
467 861
738 861
80 863
466 864
93 865
511 865
825 866
952 867
121 867
559 868
806 868
53 868
908 868
806 869
498 870
856 875
961 878
109 879
222 880
847 882
293 884
504 885
900 886
333 887
805 887
840 888
392 888
911 888
361 889
759 890
926 891
559 891
548 891
676 892
394 896
867 898
951 899
38 901
135 901
528 901
101 902
989 902
788 904
832 907
687 908
254 908
621 908
186 909
31 909
869 910
368 910
592 913
476 915
810 917
336 917
904 920
438 924
75 925
953 925
848 926
957 927
140 930
479 930
781 931
243 932
242 933
446 936
733 937
296 937
925 937
710 938
250 938
209 939
833 939
146 940
99 943
9 946
333 946
10 946
628 948
34 948
157 949
811 950
978 951
716 953
99 953
422 954
859 956
382 956
272 957
99 958
860 958
403 959
115 960
498 961
644 962
406 963
353 963
946 969
853 969
991 970
977 972
341 972
405 974
801 977
887 977
821 978
673 979
779 979
444 979
39 979
992 981
915 981
202 984
569 986
823 987
715 988
29 989
485 989
184 990
362 991
831 993
682 993
604 998
946 998
828 1000
