428
391 0
162 2
298 2
306 6
193 6
410 7
206 7
18 8
230 8
388 9
361 11
68 12
245 13
304 14
144 16
261 16
345 17
87 17
404 19
202 22
94 27
183 28
272 28
266 33
246 35
362 39
285 40
217 41
384 42
291 43
39 46
167 46
310 46
305 47
156 48
371 49
278 51
75 55
262 57
313 58
244 60
217 61
416 67
378 68
328 69
34 70
295 71
426 74
423 77
125 79
135 81
306 83
383 83
342 84
38 84
211 90
275 94
341 94
362 95
288 96
29 99
8 100
413 104
253 104
63 105
263 105
353 106
187 108
406 110
243 112
408 112
219 115
233 115
149 118
298 119
33 121
147 121
247 123
241 125
321 126
193 130
407 135
290 136
143 137
363 138
258 138
155 138
25 139
50 143
219 143
2 144
110 145
293 145
312 146
368 149
304 149
155 151
90 153
404 154
372 156
132 158
58 158
183 162
250 162
268 165
279 165
351 165
35 166
208 170
304 170
366 171
342 175
125 175
197 175
50 176
192 176
276 177
240 177
11 182
88 183
385 185
45 186
257 186
32 186
373 186
55 189
387 189
210 190
251 196
3 197
102 199
126 200
406 201
46 206
81 206
36 206
421 207
240 207
196 209
236 211
169 213
21 216
17 217
175 218
286 218
161 219
279 220
211 221
26 221
380 226
291 227
134 227
414 227
416 227
185 228
206 228
35 228
211 231
294 231
252 234
117 236
366 236
25 237
318 237
204 237
413 245
233 248
304 251
389 251
148 257
97 259
279 262
356 265
421 265
323 266
372 267
39 267
63 269
20 269
1 270
28 273
342 275
333 275
145 275
160 277
346 279
262 281
285 282
147 282
341 287
55 288
183 290
119 290
280 294
77 295
107 298
89 299
82 302
327 302
178 306
284 308
154 309
146 309
209 310
256 310
6 311
343 313
87 315
225 316
394 317
179 321
233 323
129 324
76 326
50 328
405 332
426 334
124 334
65 335
233 336
301 336
393 336
387 337
343 340
195 341
65 342
19 347
100 351
204 352
103 352
83 358
54 358
212 359
97 364
253 364
19 365
204 366
230 369
407 371
221 373
270 373
336 377
250 379
246 379
32 379
224 380
169 381
198 382
294 383
278 383
345 384
199 385
236 386
80 387
168 387
192 389
387 389
165 389
282 390
262 396
260 396
221 397
427 397
41 401
157 401
132 403
260 405
114 406
410 407
212 408
285 409
233 409
281 411
95 412
2 413
368 414
95 415
274 416
381 418
46 418
281 421
69 427
225 429
182 429
238 430
245 433
31 434
97 437
31 437
63 438
379 438
31 439
73 440
419 440
96 443
396 445
55 450
149 454
354 455
327 457
254 458
56 462
131 462
258 464
119 464
125 465
229 465
67 465
326 465
96 465
320 469
17 471
145 472
68 472
424 472
326 473
79 474
162 474
332 474
136 474
192 474
36 482
385 484
21 484
353 484
126 485
47 487
386 487
355 489
312 490
318 491
40 492
2 492
415 493
73 494
352 495
395 496
145 498
106 498
21 499
116 505
10 509
341 510
67 513
240 513
135 515
218 516
204 518
207 520
179 522
132 522
4 522
91 526
224 528
37 529
50 534
160 535
313 535
352 537
209 538
159 539
424 540
87 540
396 540
90 543
293 544
210 544
223 545
257 546
270 548
365 550
219 553
263 555
365 567
23 570
126 572
312 574
180 576
349 576
58 578
301 579
111 581
172 582
355 585
412 586
305 586
42 586
297 588
41 590
289 591
352 591
137 592
145 592
119 596
245 597
363 602
363 603
105 603
1 604
130 604
353 604
427 604
210 604
232 606
331 606
278 606
200 607
279 608
355 609
181 611
315 611
216 614
178 617
298 620
261 622
232 626
245 627
127 627
2 627
158 628
423 628
16 630
120 631
240 631
392 634
215 635
10 637
208 638
