813
505 0
92 2
622 5
759 7
462 8
286 9
313 9
876 9
331 11
206 11
915 13
596 14
864 15
276 15
444 16
880 16
370 17
478 17
81 21
631 21
21 21
941 23
620 24
834 24
518 26
656 29
858 30
23 32
959 34
838 36
648 38
8 40
52 41
400 42
996 42
976 42
45 44
258 48
257 51
90 51
170 51
682 51
333 53
551 57
641 57
315 58
891 60
875 60
148 63
405 64
232 65
363 65
910 66
197 67
469 68
374 68
899 69
345 69
621 70
739 72
472 73
17 75
51 77
386 78
671 80
668 82
976 83
729 84
718 85
835 86
381 87
358 89
284 89
650 91
190 92
212 93
764 94
440 95
882 95
405 98
173 98
242 101
821 101
49 102
88 102
799 102
154 103
213 104
289 104
45 107
971 107
275 107
544 109
261 111
359 113
993 114
322 116
717 119
605 119
170 121
202 122
922 123
571 123
139 124
41 124
288 125
199 126
847 131
749 135
544 136
906 137
901 138
723 138
283 139
975 139
606 141
490 142
155 144
410 146
190 146
325 147
451 147
482 153
27 153
835 153
930 155
965 160
118 162
876 162
537 163
757 163
892 167
900 170
665 171
191 173
244 173
86 173
276 175
576 177
491 178
656 178
612 178
834 180
225 180
393 182
475 183
699 184
248 187
417 190
466 193
441 194
398 194
60 194
143 195
717 197
445 197
304 198
747 199
462 200
942 201
660 202
995 202
736 204
444 207
716 208
711 210
599 211
373 211
75 214
677 215
819 215
725 215
214 215
332 216
762 216
453 218
413 218
645 219
101 219
652 221
202 221
66 221
186 222
199 223
489 223
552 223
350 224
917 226
516 226
506 227
657 227
545 228
195 228
338 228
252 232
482 233
960 234
344 235
966 237
432 241
621 241
666 245
992 246
524 246
782 246
336 247
30 248
172 250
618 251
754 251
9 252
885 254
961 254
858 256
320 258
916 260
451 260
894 261
965 262
464 265
465 267
49 269
795 269
925 270
461 271
867 273
70 273
422 273
794 277
883 278
242 279
72 279
432 282
521 283
823 284
977 284
496 287
99 289
152 290
887 290
742 290
34 293
112 294
973 295
407 295
882 296
711 296
396 297
873 298
58 301
568 305
698 305
914 306
960 306
388 306
188 306
549 307
389 308
991 309
834 311
891 311
148 317
945 320
833 320
497 325
105 326
348 326
49 327
615 328
283 330
102 331
25 331
536 332
663 335
332 336
993 336
998 337
567 338
167 342
416 343
424 343
429 344
939 344
204 346
700 346
175 348
1000 349
56 351
339 354
798 354
880 357
197 361
614 362
619 363
811 364
65 366
647 367
519 368
572 369
828 371
338 372
622 373
648 375
909 376
82 376
633 379
423 381
177 382
584 382
440 383
997 387
767 390
817 394
642 394
91 394
274 396
158 396
466 397
822 398
276 400
901 404
509 408
214 410
614 411
246 411
943 412
553 412
300 412
556 413
716 413
182 413
60 414
195 414
55 416
850 417
959 417
352 418
767 420
913 424
577 428
294 430
458 430
313 432
741 434
251 437
630 437
834 437
727 438
357 438
908 440
566 443
696 444
537 444
955 446
489 449
589 449
511 450
49 450
129 451
247 452
763 452
18 452
194 453
655 457
685 457
230 458
657 461
327 461
357 463
641 463
213 464
982 464
582 464
40 464
963 465
616 466
27 466
55 467
953 468
469 471
988 471
245 472
161 474
795 475
828 475
78 476
679 477
449 478
915 478
13 479
926 480
302 483
810 483
807 483
775 488
387 488
580 489
338 491
900 493
785 498
151 498
95 498
847 500
820 501
633 501
972 508
454 509
987 509
211 510
641 510
695 510
951 513
477 515
1 517
736 519
522 519
179 519
988 520
888 522
898 522
381 523
862 523
802 525
212 526
291 527
315 528
192 529
980 536
42 537
690 537
606 538
533 539
579 540
891 540
725 542
932 543
964 543
921 545
216 546
695 547
175 549
20 552
446 553
223 553
711 553
98 554
637 555
82 557
814 558
261 560
919 560
400 561
691 562
881 565
287 570
768 571
271 572
274 573
903 573
526 574
759 574
292 575
578 576
733 576
9 577
663 578
398 579
27 581
197 582
929 582
403 584
657 585
695 586
310 586
202 586
175 587
157 588
214 588
871 590
529 591
899 593
464 593
139 594
93 594
853 595
400 597
689 599
589 602
186 605
191 606
236 606
108 606
23 607
856 607
836 610
579 611
996 611
927 611
817 611
251 614
648 618
606 619
579 623
331 625
659 627
532 628
551 628
802 630
606 634
366 636
927 638
37 640
476 641
936 642
157 643
222 644
473 644
139 645
450 645
467 646
104 646
708 648
404 649
318 650
309 656
915 657
573 658
811 659
726 660
707 660
710 663
597 663
628 665
653 665
570 668
940 669
994 671
424 671
847 672
845 673
508 673
375 673
520 675
128 676
982 680
684 681
647 681
330 681
472 682
939 683
415 684
223 684
937 685
133 687
382 687
738 689
116 691
472 694
474 695
237 695
326 695
93 697
55 701
103 702
282 705
243 707
665 707
318 708
665 708
150 708
541 710
251 711
820 711
675 711
856 712
164 712
282 713
885 713
923 713
170 717
795 719
407 721
748 723
255 723
718 723
149 723
346 724
801 724
10 725
575 725
884 726
105 726
537 727
468 728
715 729
765 731
602 731
212 733
78 734
554 734
449 735
834 735
875 735
691 735
421 737
109 738
882 741
291 742
693 742
352 742
473 743
318 743
989 744
100 744
974 744
585 745
839 746
871 746
622 748
264 748
903 749
873 751
702 753
406 753
232 753
406 753
353 753
187 753
576 754
521 756
13 759
694 759
250 759
977 762
922 763
733 765
447 765
602 766
610 766
199 768
900 769
282 771
734 772
375 773
154 774
330 775
100 776
640 776
277 778
916 781
753 783
1 790
52 796
522 796
719 797
954 799
569 799
115 800
238 801
339 801
232 801
370 806
884 809
973 811
907 812
3 813
378 814
553 814
995 816
544 817
29 818
487 818
644 821
480 822
785 823
6 824
163 824
135 826
589 831
591 832
333 833
211 838
439 841
751 842
203 844
400 844
835 845
598 846
504 846
481 846
476 847
61 848
754 851
717 851
273 852
167 853
769 853
986 854
967 854
774 857
523 859
345 859
646 860
219 861
257 862
789 863
917 863
622 865
39 865
906 865
438 866
263 870
54 870
912 871
150 873
620 877
64 877
450 878
296 879
860 879
875 881
852 882
348 884
726 885
792 886
561 888
176 892
812 895
835 895
26 897
385 898
914 898
413 898
286 900
70 900
253 901
944 901
553 903
658 906
615 907
340 909
501 909
719 910
227 911
77 912
337 912
829 914
2 914
45 915
501 917
616 917
40 920
978 921
184 921
31 921
639 923
713 925
9 928
673 928
24 929
392 929
804 931
854 932
226 933
978 933
61 934
898 935
114 936
493 937
892 938
47 940
372 942
590 944
284 949
868 949
680 950
73 950
704 951
161 951
767 952
68 953
551 953
305 954
916 954
977 956
642 958
583 959
599 963
280 966
682 967
972 967
56 970
945 970
506 970
660 975
159 976
746 978
380 978
289 978
865 983
107 983
728 984
792 987
834 988
450 989
340 991
263 991
486 994
836 994
613 994
841 995
33 995
233 998
