243
401 1
318 4
648 12
823 13
920 20
191 31
485 34
906 43
394 47
930 50
570 53
119 56
133 56
762 62
214 62
689 65
585 68
608 69
564 74
823 86
637 89
212 90
267 95
461 101
754 103
143 104
416 104
552 109
701 111
589 113
376 116
291 118
242 121
883 123
618 125
80 132
615 145
365 146
377 150
772 173
837 175
29 178
423 185
468 186
203 192
358 194
857 196
985 201
581 212
311 217
784 220
203 225
46 229
39 236
554 237
940 237
301 239
89 240
158 242
237 244
3 245
953 251
528 252
845 258
782 261
249 262
3 262
301 265
820 268
584 268
556 277
104 279
625 281
257 283
635 286
714 291
570 292
152 293
175 298
98 311
44 314
822 320
217 321
841 322
570 324
593 324
559 331
539 333
429 336
70 336
429 337
645 338
694 341
577 348
825 353
690 353
788 360
915 364
871 364
411 373
661 377
793 380
727 380
438 384
9 385
812 394
444 403
763 406
849 412
315 416
507 420
803 428
442 434
778 445
66 448
519 449
142 450
999 457
946 458
822 468
162 469
493 472
416 485
718 485
846 487
105 491
873 494
724 496
785 500
170 503
678 508
964 509
270 514
243 520
140 522
601 525
894 529
282 530
756 532
2 534
979 538
782 552
977 552
441 555
443 562
295 564
90 567
300 569
56 570
375 580
414 583
357 583
867 585
247 586
232 592
451 594
69 595
686 595
137 618
295 619
74 622
419 631
784 634
98 640
807 640
519 640
713 649
677 652
158 660
128 663
768 670
558 677
992 700
898 707
867 712
861 724
98 724
58 738
478 748
39 752
107 752
253 758
516 759
151 762
597 764
548 765
92 767
871 768
965 772
104 773
241 774
52 776
111 777
631 783
653 785
753 791
340 791
642 794
453 797
364 806
115 814
375 816
560 819
101 820
529 820
185 827
505 836
763 837
785 838
17 839
361 843
169 848
395 849
899 850
588 852
581 853
752 864
405 867
132 875
716 883
589 883
243 885
590 886
831 892
117 897
955 916
119 918
419 920
171 929
729 930
888 931
628 943
257 945
272 951
608 952
88 970
134 972
960 977
912 984
450 987
403 990
91 992
272 997
