1000
894 1
707 1
907 2
809 2
853 2
164 3
380 5
543 5
404 6
889 7
35 8
69 8
691 9
6 9
476 9
925 10
7 10
33 11
367 12
591 14
374 15
385 15
951 16
481 16
217 19
789 21
15 22
491 22
355 22
733 25
987 26
655 26
181 26
517 27
539 28
637 31
361 31
615 32
618 33
238 34
481 35
380 37
301 38
74 39
22 40
599 41
562 41
617 43
460 44
702 44
849 46
799 47
865 47
108 48
976 48
702 50
103 51
743 52
315 53
149 54
565 54
286 55
423 55
778 56
197 57
540 57
435 59
835 59
599 60
594 60
731 60
88 61
798 62
781 62
477 65
869 65
163 65
44 65
609 66
172 66
53 69
279 70
313 70
948 70
471 71
320 71
623 71
265 72
89 72
872 72
593 73
496 73
56 79
315 80
869 80
513 80
176 82
666 83
804 84
153 85
978 86
99 87
93 89
344 92
189 93
515 93
266 93
866 93
678 95
76 96
43 97
247 97
146 97
77 97
750 100
184 100
125 101
233 101
178 101
586 102
847 103
287 103
6 105
384 106
807 106
897 108
88 110
523 110
734 111
393 112
51 113
122 114
632 115
105 119
310 119
975 120
717 121
43 121
71 122
227 122
412 123
45 123
924 124
8 124
335 126
410 131
249 131
842 132
236 134
464 137
992 139
664 139
718 139
421 140
536 141
629 141
405 143
311 143
163 146
655 148
139 150
544 151
586 153
455 154
188 157
480 159
869 159
599 160
730 160
209 162
936 163
223 164
440 166
283 167
665 168
48 173
737 173
671 173
169 177
96 177
635 178
843 179
843 179
196 179
832 180
156 181
992 183
874 183
795 183
548 184
278 187
329 188
237 189
466 194
888 194
578 194
949 196
757 197
176 198
809 200
115 201
271 202
293 202
963 203
942 204
966 204
632 206
710 206
548 207
179 210
788 210
83 210
350 212
200 214
309 214
127 214
581 216
819 217
828 220
379 225
149 227
338 228
577 230
946 230
32 230
207 230
930 230
85 232
415 233
791 233
134 233
237 235
219 235
888 237
704 238
431 238
585 239
157 241
600 242
983 242
924 244
640 244
818 245
646 248
756 248
403 250
825 250
367 256
802 257
228 257
930 260
28 260
227 261
694 262
372 262
871 262
291 264
16 264
354 265
495 265
54 266
835 267
930 267
496 268
822 268
350 269
663 273
484 273
724 273
613 276
82 277
65 278
135 279
440 279
782 281
939 284
523 284
389 285
644 286
857 286
965 289
873 290
795 291
998 294
902 295
761 296
788 297
80 299
72 299
558 300
716 300
623 301
327 302
378 302
394 303
282 303
547 304
798 304
249 306
787 306
417 308
500 310
40 310
539 310
631 311
252 313
338 316
81 317
741 317
882 318
998 318
37 318
715 318
287 321
206 321
460 322
623 322
167 323
725 324
694 325
776 325
562 326
491 326
362 327
849 328
953 330
295 331
121 331
667 334
271 334
812 339
988 341
17 341
174 342
354 342
387 342
319 344
756 344
668 344
86 349
858 351
531 352
692 352
18 353
209 353
882 353
52 353
185 359
321 360
397 361
507 363
747 364
531 365
365 366
302 366
288 367
751 368
506 369
599 369
158 370
426 371
3 371
624 371
505 372
369 373
638 373
570 374
224 376
37 376
703 376
154 377
477 378
158 378
909 378
954 379
110 379
90 381
186 381
392 382
400 382
687 383
801 385
880 388
368 389
873 390
403 390
705 391
671 392
874 392
762 392
608 394
628 396
628 396
600 397
556 399
625 399
699 400
547 401
268 404
54 408
276 409
717 411
447 411
973 411
352 413
831 415
746 416
217 416
602 418
787 420
251 421
604 422
187 423
271 427
111 427
837 428
375 429
977 430
76 431
573 433
312 434
430 436
929 437
725 439
733 440
123 441
882 442
330 443
706 445
929 446
309 446
101 447
73 448
338 448
131 449
92 451
604 454
410 456
39 458
167 458
597 458
606 458
297 459
11 459
350 461
228 464
202 464
101 465
872 466
284 469
253 469
935 470
653 471
126 472
101 473
987 474
375 475
379 476
490 477
194 478
996 481
480 482
441 483
567 486
895 487
988 488
109 488
688 488
398 489
196 490
722 490
535 492
970 493
980 496
16 497
183 498
752 499
268 499
700 499
768 500
768 501
902 502
297 502
820 504
941 504
315 505
678 507
130 509
293 509
47 510
238 510
100 510
502 511
733 513
448 513
643 513
831 513
655 516
496 516
595 516
287 517
308 521
443 525
993 525
925 526
248 527
765 527
110 527
371 527
682 528
999 529
615 530
802 531
220 533
134 533
776 534
914 534
218 538
192 539
737 539
32 539
161 542
488 542
891 545
455 545
972 546
701 547
292 547
587 548
50 549
409 553
687 553
950 553
3 554
851 554
502 554
148 555
722 555
414 557
941 557
253 558
675 560
991 560
917 561
2 561
546 561
531 562
967 562
484 563
385 563
222 565
246 565
782 565
675 565
594 566
879 566
823 567
790 569
56 573
820 573
283 574
403 574
638 575
50 575
132 576
419 578
141 578
717 579
33 579
643 580
823 584
785 588
866 589
810 589
77 589
324 589
696 591
206 592
570 592
946 592
460 594
194 595
764 595
490 596
871 596
41 596
9 598
774 600
298 601
660 601
818 605
396 605
23 605
72 607
28 607
255 608
755 609
637 609
376 612
521 612
492 613
885 613
934 613
889 614
971 614
552 615
166 616
776 618
355 619
781 620
794 620
906 621
12 622
918 622
677 623
735 624
34 624
944 625
205 626
938 627
300 628
309 631
701 631
102 632
679 632
974 633
847 634
638 634
137 635
77 637
380 637
807 638
625 638
438 639
771 643
536 643
111 644
412 645
906 645
806 646
828 647
683 647
13 648
596 648
136 649
539 650
852 651
932 653
888 655
226 655
760 655
179 655
43 656
747 656
756 656
435 657
888 658
887 658
208 658
433 659
257 661
354 664
613 666
306 666
225 667
260 668
856 669
668 671
118 672
619 674
518 675
58 676
493 677
265 679
110 679
346 680
986 682
684 682
985 683
722 683
335 683
978 685
138 685
416 686
230 687
722 688
557 689
511 689
855 690
898 691
599 692
139 694
962 696
1 698
156 699
974 700
318 700
668 700
839 701
528 701
792 702
639 702
194 705
719 709
923 711
966 712
115 713
729 714
475 714
801 715
700 716
582 718
562 719
108 721
384 721
895 722
213 724
926 724
868 725
845 728
300 728
916 728
959 729
418 729
869 729
673 729
897 730
497 730
175 732
19 733
895 735
56 735
608 736
115 737
732 737
1000 737
155 737
428 737
112 738
109 739
517 740
487 740
610 741
568 741
205 742
280 745
755 746
270 747
202 749
603 751
936 751
288 752
298 754
817 755
786 755
578 756
821 757
673 759
594 760
282 762
361 762
521 763
472 767
147 767
406 768
583 768
230 770
84 771
800 774
235 774
84 774
824 775
694 776
693 776
875 776
449 776
497 776
315 777
288 778
418 778
912 780
384 780
979 781
250 781
42 782
601 783
749 783
567 784
166 784
687 788
829 791
667 791
7 792
294 792
609 793
51 795
965 796
789 797
31 800
715 801
506 802
949 803
183 803
301 803
296 805
588 806
405 806
827 807
879 808
815 808
565 809
20 809
296 810
485 810
741 810
669 812
11 815
343 815
690 818
119 818
321 820
479 821
514 821
631 823
427 826
196 826
407 827
201 827
12 828
872 829
226 830
612 832
933 832
806 832
304 833
321 835
159 836
200 837
967 837
514 839
272 839
51 841
923 844
197 844
8 844
802 848
906 850
17 851
975 852
950 853
364 853
828 854
669 855
161 857
697 860
107 862
328 862
295 863
544 863
1000 864
308 865
351 867
534 868
834 868
463 868
875 868
386 868
237 870
715 870
368 873
831 873
316 873
340 874
926 875
861 875
250 877
246 877
353 877
610 877
518 877
645 878
320 879
478 879
155 881
976 882
936 884
706 885
318 885
783 886
162 890
528 891
793 891
773 892
738 892
26 892
25 895
630 896
790 898
353 898
456 899
48 899
121 900
526 902
489 903
399 903
945 903
30 907
87 907
404 909
329 912
13 913
207 914
842 916
263 918
134 919
43 919
515 920
237 921
336 921
153 922
510 923
246 926
818 926
761 927
717 928
99 928
478 929
166 929
895 929
768 930
155 932
703 934
264 935
968 936
735 936
702 938
112 939
870 940
58 940
574 941
471 942
631 945
588 945
850 946
730 946
986 946
123 948
445 948
877 949
810 951
252 951
918 952
466 953
535 953
93 957
550 958
380 958
906 960
435 960
706 961
510 961
961 962
905 963
232 963
943 964
847 965
314 967
974 967
637 970
578 970
9 970
965 970
619 971
18 971
745 973
140 974
744 974
708 974
415 976
758 976
222 976
509 977
578 977
786 977
937 978
979 980
641 981
402 983
266 984
982 985
741 985
18 986
378 986
379 987
777 987
429 988
579 988
747 995
216 995
88 1000
