1000
606 2147483637
553 2147483637
445 2147483637
987 2147483637
562 2147483637
352 2147483637
843 2147483637
261 2147483637
995 2147483637
799 2147483637
997 2147483637
234 2147483637
172 2147483637
850 2147483637
517 2147483637
605 2147483637
129 2147483637
790 2147483637
164 2147483637
903 2147483637
404 2147483637
227 2147483637
242 2147483637
701 2147483637
310 2147483637
894 2147483637
79 2147483637
158 2147483637
756 2147483637
352 2147483637
997 2147483637
673 2147483637
109 2147483637
702 2147483637
897 2147483637
542 2147483637
442 2147483637
373 2147483637
735 2147483637
517 2147483637
281 2147483637
964 2147483637
579 2147483637
402 2147483637
444 2147483637
530 2147483637
43 2147483637
251 2147483637
91 2147483637
180 2147483637
139 2147483637
451 2147483637
625 2147483637
838 2147483637
110 2147483637
69 2147483637
292 2147483637
178 2147483637
365 2147483637
457 2147483637
723 2147483637
752 2147483637
532 2147483637
48 2147483637
235 2147483637
242 2147483637
613 2147483637
174 2147483637
441 2147483637
816 2147483637
805 2147483637
448 2147483637
142 2147483637
21 2147483637
134 2147483637
838 2147483637
178 2147483637
54 2147483637
655 2147483637
863 2147483637
35 2147483637
933 2147483637
563 2147483637
541 2147483637
290 2147483637
532 2147483637
745 2147483637
150 2147483637
349 2147483638
289 2147483638
25 2147483638
645 2147483638
675 2147483638
185 2147483638
639 2147483638
281 2147483638
675 2147483638
568 2147483638
349 2147483638
200 2147483638
635 2147483638
214 2147483638
798 2147483638
469 2147483638
935 2147483638
935 2147483638
635 2147483638
266 2147483638
222 2147483638
343 2147483638
355 2147483638
459 2147483638
102 2147483638
197 2147483638
588 2147483638
942 2147483638
525 2147483638
445 2147483638
272 2147483638
985 2147483638
687 2147483638
410 2147483638
331 2147483638
535 2147483638
24 2147483638
18 2147483638
950 2147483638
285 2147483638
968 2147483638
838 2147483638
534 2147483638
66 2147483638
805 2147483638
373 2147483638
2 2147483638
58 2147483638
470 2147483638
856 2147483638
3 2147483638
164 2147483638
380 2147483638
923 2147483638
655 2147483638
860 2147483638
656 2147483638
15 2147483638
773 2147483638
409 2147483638
137 2147483638
472 2147483638
459 2147483638
20 2147483638
471 2147483638
946 2147483638
557 2147483638
485 2147483638
524 2147483638
213 2147483638
852 2147483638
9 2147483638
767 2147483638
977 2147483638
840 2147483638
625 2147483638
422 2147483638
290 2147483638
827 2147483638
87 2147483638
426 2147483638
271 2147483638
631 2147483638
804 2147483638
331 2147483638
757 2147483638
732 2147483638
644 2147483638
36 2147483638
24 2147483638
142 2147483638
714 2147483638
114 2147483638
696 2147483638
434 2147483638
907 2147483638
539 2147483638
751 2147483638
512 2147483638
103 2147483638
132 2147483638
462 2147483639
349 2147483639
54 2147483639
477 2147483639
799 2147483639
938 2147483639
422 2147483639
668 2147483639
153 2147483639
661 2147483639
576 2147483639
868 2147483639
679 2147483639
53 2147483639
412 2147483639
741 2147483639
321 2147483639
984 2147483639
240 2147483639
230 2147483639
847 2147483639
122 2147483639
764 2147483639
295 2147483639
606 2147483639
778 2147483639
154 2147483639
759 2147483639
549 2147483639
182 2147483639
709 2147483639
579 2147483639
831 2147483639
721 2147483639
891 2147483639
3 2147483639
192 2147483639
627 2147483639
284 2147483639
446 2147483639
219 2147483639
678 2147483639
454 2147483639
524 2147483639
792 2147483639
87 2147483639
668 2147483639
321 2147483639
662 2147483639
131 2147483639
13 2147483639
621 2147483639
908 2147483639
59 2147483639
679 2147483639
886 2147483639
142 2147483639
219 2147483639
11 2147483639
659 2147483639
609 2147483639
189 2147483639
849 2147483639
903 2147483639
610 2147483639
165 2147483639
96 2147483639
994 2147483639
793 2147483639
972 2147483639
656 2147483639
935 2147483639
853 2147483639
915 2147483639
262 2147483639
126 2147483639
47 2147483639
917 2147483639
473 2147483639
581 2147483639
466 2147483639
993 2147483639
348 2147483639
711 2147483639
423 2147483639
833 2147483639
525 2147483639
412 2147483639
265 2147483640
83 2147483640
98 2147483640
855 2147483640
160 2147483640
788 2147483640
135 2147483640
910 2147483640
615 2147483640
554 2147483640
997 2147483640
656 2147483640
143 2147483640
304 2147483640
543 2147483640
393 2147483640
538 2147483640
819 2147483640
269 2147483640
622 2147483640
715 2147483640
705 2147483640
384 2147483640
662 2147483640
404 2147483640
997 2147483640
869 2147483640
860 2147483640
396 2147483640
522 2147483640
807 2147483640
610 2147483640
784 2147483640
744 2147483640
208 2147483640
425 2147483640
484 2147483640
817 2147483640
557 2147483640
968 2147483640
655 2147483640
408 2147483640
52 2147483640
850 2147483640
131 2147483640
643 2147483640
466 2147483640
374 2147483640
683 2147483640
5 2147483640
134 2147483640
613 2147483640
461 2147483640
843 2147483640
305 2147483640
400 2147483640
437 2147483640
870 2147483640
342 2147483640
496 2147483640
914 2147483640
977 2147483640
90 2147483640
155 2147483640
565 2147483640
977 2147483640
906 2147483640
893 2147483640
353 2147483640
861 2147483640
683 2147483640
554 2147483640
823 2147483640
224 2147483640
341 2147483640
912 2147483640
983 2147483640
833 2147483640
743 2147483640
941 2147483640
573 2147483641
259 2147483641
238 2147483641
838 2147483641
36 2147483641
395 2147483641
374 2147483641
760 2147483641
617 2147483641
124 2147483641
924 2147483641
246 2147483641
140 2147483641
195 2147483641
327 2147483641
500 2147483641
695 2147483641
536 2147483641
60 2147483641
41 2147483641
367 2147483641
344 2147483641
184 2147483641
878 2147483641
645 2147483641
877 2147483641
177 2147483641
783 2147483641
252 2147483641
681 2147483641
365 2147483641
525 2147483641
2 2147483641
259 2147483641
805 2147483641
655 2147483641
459 2147483641
721 2147483641
870 2147483641
191 2147483641
249 2147483641
700 2147483641
673 2147483641
750 2147483641
994 2147483641
705 2147483641
766 2147483641
349 2147483641
667 2147483641
619 2147483641
560 2147483641
73 2147483641
589 2147483641
592 2147483641
871 2147483641
312 2147483641
547 2147483641
133 2147483641
483 2147483641
735 2147483641
582 2147483641
991 2147483641
612 2147483641
526 2147483641
996 2147483641
753 2147483641
210 2147483641
302 2147483641
529 2147483641
425 2147483641
140 2147483641
226 2147483641
203 2147483641
829 2147483641
861 2147483641
801 2147483641
324 2147483641
843 2147483641
200 2147483641
87 2147483641
3 2147483641
904 2147483641
665 2147483641
913 2147483641
932 2147483641
41 2147483641
223 2147483641
402 2147483641
482 2147483641
691 2147483641
231 2147483641
917 2147483641
760 2147483641
441 2147483641
221 2147483641
428 2147483641
541 2147483642
736 2147483642
737 2147483642
640 2147483642
918 2147483642
256 2147483642
567 2147483642
428 2147483642
669 2147483642
170 2147483642
306 2147483642
922 2147483642
396 2147483642
634 2147483642
939 2147483642
565 2147483642
618 2147483642
170 2147483642
633 2147483642
335 2147483642
667 2147483642
230 2147483642
815 2147483642
303 2147483642
197 2147483642
157 2147483642
598 2147483642
90 2147483642
612 2147483642
158 2147483642
171 2147483642
440 2147483642
919 2147483642
327 2147483642
749 2147483642
653 2147483642
96 2147483642
905 2147483642
358 2147483642
247 2147483642
308 2147483642
401 2147483642
780 2147483642
316 2147483642
132 2147483642
348 2147483642
578 2147483642
283 2147483642
37 2147483642
882 2147483642
160 2147483642
274 2147483642
343 2147483642
952 2147483642
229 2147483642
385 2147483642
678 2147483642
980 2147483642
380 2147483642
755 2147483642
654 2147483642
922 2147483642
576 2147483642
323 2147483642
404 2147483642
196 2147483642
825 2147483642
719 2147483642
438 2147483642
734 2147483642
771 2147483642
815 2147483642
991 2147483642
311 2147483642
520 2147483642
624 2147483642
808 2147483642
961 2147483642
547 2147483642
72 2147483642
919 2147483642
507 2147483642
315 2147483642
798 2147483642
778 2147483642
648 2147483642
262 2147483642
970 2147483642
206 2147483642
612 2147483642
229 2147483643
646 2147483643
912 2147483643
289 2147483643
212 2147483643
985 2147483643
279 2147483643
954 2147483643
446 2147483643
456 2147483643
601 2147483643
431 2147483643
991 2147483643
225 2147483643
1000 2147483643
997 2147483643
247 2147483643
238 2147483643
535 2147483643
903 2147483643
916 2147483643
78 2147483643
166 2147483643
11 2147483643
594 2147483643
244 2147483643
649 2147483643
735 2147483643
957 2147483643
532 2147483643
842 2147483643
970 2147483643
172 2147483643
608 2147483643
301 2147483643
151 2147483643
24 2147483643
484 2147483643
941 2147483643
363 2147483643
98 2147483643
501 2147483643
275 2147483643
720 2147483643
760 2147483643
20 2147483643
986 2147483643
483 2147483643
516 2147483643
15 2147483643
133 2147483643
157 2147483643
624 2147483643
762 2147483643
601 2147483643
428 2147483643
191 2147483643
352 2147483643
903 2147483643
833 2147483643
59 2147483643
394 2147483643
319 2147483643
5 2147483643
499 2147483643
858 2147483643
828 2147483643
759 2147483643
454 2147483643
368 2147483643
363 2147483643
913 2147483643
69 2147483643
107 2147483643
344 2147483643
371 2147483643
312 2147483643
838 2147483643
208 2147483643
306 2147483643
59 2147483643
914 2147483643
556 2147483643
740 2147483643
850 2147483643
769 2147483643
250 2147483643
892 2147483643
733 2147483643
267 2147483643
554 2147483643
701 2147483643
523 2147483643
820 2147483643
21 2147483643
200 2147483644
618 2147483644
493 2147483644
539 2147483644
860 2147483644
278 2147483644
761 2147483644
635 2147483644
127 2147483644
93 2147483644
756 2147483644
16 2147483644
409 2147483644
180 2147483644
390 2147483644
156 2147483644
280 2147483644
327 2147483644
337 2147483644
739 2147483644
549 2147483644
272 2147483644
140 2147483644
208 2147483644
948 2147483644
503 2147483644
95 2147483644
249 2147483644
935 2147483644
446 2147483644
866 2147483644
234 2147483644
119 2147483644
983 2147483644
105 2147483644
333 2147483644
17 2147483644
292 2147483644
835 2147483644
830 2147483644
297 2147483644
661 2147483644
108 2147483644
895 2147483644
442 2147483644
466 2147483644
200 2147483644
244 2147483644
434 2147483644
425 2147483644
884 2147483644
979 2147483644
896 2147483644
140 2147483644
567 2147483644
275 2147483644
386 2147483644
650 2147483644
406 2147483644
770 2147483644
565 2147483644
569 2147483644
298 2147483644
442 2147483644
52 2147483644
813 2147483644
423 2147483644
277 2147483644
436 2147483644
670 2147483644
913 2147483644
504 2147483644
276 2147483644
769 2147483644
332 2147483644
320 2147483644
170 2147483644
534 2147483644
358 2147483644
390 2147483644
8 2147483644
160 2147483644
694 2147483644
269 2147483644
550 2147483644
854 2147483644
806 2147483644
184 2147483644
396 2147483644
595 2147483644
115 2147483644
692 2147483644
455 2147483644
837 2147483644
655 2147483644
193 2147483644
811 2147483645
228 2147483645
356 2147483645
209 2147483645
32 2147483645
633 2147483645
250 2147483645
998 2147483645
909 2147483645
213 2147483645
962 2147483645
64 2147483645
84 2147483645
799 2147483645
951 2147483645
900 2147483645
774 2147483645
22 2147483645
115 2147483645
411 2147483645
375 2147483645
649 2147483645
729 2147483645
833 2147483645
80 2147483645
760 2147483645
514 2147483645
15 2147483645
347 2147483645
238 2147483645
148 2147483645
99 2147483645
28 2147483645
797 2147483645
174 2147483645
948 2147483645
911 2147483645
366 2147483645
504 2147483645
109 2147483645
1 2147483645
957 2147483645
763 2147483645
742 2147483645
470 2147483645
749 2147483645
946 2147483645
76 2147483645
745 2147483645
649 2147483645
31 2147483645
433 2147483645
212 2147483645
240 2147483645
320 2147483645
318 2147483645
830 2147483645
244 2147483645
708 2147483645
198 2147483645
52 2147483645
852 2147483645
327 2147483645
916 2147483645
994 2147483645
364 2147483645
19 2147483645
457 2147483645
918 2147483645
184 2147483645
804 2147483645
370 2147483645
937 2147483645
427 2147483645
996 2147483645
212 2147483645
93 2147483645
851 2147483645
971 2147483645
953 2147483645
613 2147483645
675 2147483645
158 2147483645
525 2147483645
630 2147483645
46 2147483645
618 2147483645
463 2147483645
636 2147483645
453 2147483646
396 2147483646
935 2147483646
370 2147483646
361 2147483646
61 2147483646
406 2147483646
104 2147483646
407 2147483646
973 2147483646
632 2147483646
470 2147483646
119 2147483646
978 2147483646
400 2147483646
229 2147483646
211 2147483646
247 2147483646
933 2147483646
897 2147483646
810 2147483646
324 2147483646
81 2147483646
538 2147483646
791 2147483646
756 2147483646
477 2147483646
550 2147483646
509 2147483646
356 2147483646
759 2147483646
629 2147483646
477 2147483646
25 2147483646
999 2147483646
325 2147483646
720 2147483646
303 2147483646
238 2147483646
203 2147483646
675 2147483646
990 2147483646
714 2147483646
553 2147483646
306 2147483646
922 2147483646
538 2147483646
685 2147483646
209 2147483646
545 2147483646
182 2147483646
130 2147483646
721 2147483646
870 2147483646
698 2147483646
378 2147483646
546 2147483646
325 2147483646
709 2147483646
583 2147483646
712 2147483646
405 2147483646
443 2147483646
404 2147483646
999 2147483646
238 2147483646
313 2147483646
523 2147483646
897 2147483646
17 2147483646
167 2147483646
405 2147483646
125 2147483646
662 2147483646
735 2147483646
286 2147483646
87 2147483646
990 2147483646
802 2147483646
639 2147483646
461 2147483646
948 2147483646
507 2147483646
803 2147483646
294 2147483647
41 2147483647
426 2147483647
957 2147483647
493 2147483647
136 2147483647
672 2147483647
589 2147483647
239 2147483647
572 2147483647
278 2147483647
573 2147483647
166 2147483647
971 2147483647
530 2147483647
291 2147483647
382 2147483647
403 2147483647
21 2147483647
975 2147483647
202 2147483647
206 2147483647
4 2147483647
196 2147483647
599 2147483647
197 2147483647
879 2147483647
982 2147483647
520 2147483647
770 2147483647
373 2147483647
651 2147483647
458 2147483647
924 2147483647
767 2147483647
726 2147483647
226 2147483647
956 2147483647
507 2147483647
662 2147483647
939 2147483647
840 2147483647
882 2147483647
270 2147483647
200 2147483647
186 2147483647
820 2147483647
745 2147483647
766 2147483647
304 2147483647
28 2147483647
177 2147483647
119 2147483647
282 2147483647
649 2147483647
545 2147483647
789 2147483647
695 2147483647
826 2147483647
107 2147483647
893 2147483647
588 2147483647
625 2147483647
865 2147483647
807 2147483647
437 2147483647
615 2147483647
77 2147483647
82 2147483647
934 2147483647
123 2147483647
903 2147483647
692 2147483647
298 2147483647
702 2147483647
248 2147483647
384 2147483647
620 2147483647
557 2147483647
181 2147483647
961 2147483647
566 2147483647
238 2147483647
645 2147483647
389 2147483647
464 2147483647
736 2147483647
777 2147483647
762 2147483647
383 2147483647
128 2147483647
817 2147483647
117 2147483647
