857
785 1
398 1
385 3
391 4
468 4
219 4
703 6
129 8
587 9
119 10
296 10
998 11
794 12
160 12
395 12
239 13
634 13
934 14
944 16
866 16
842 17
596 17
216 17
131 18
236 18
573 18
95 23
227 23
468 23
553 24
687 25
647 25
105 26
487 28
479 28
463 29
782 30
181 30
381 31
781 32
977 36
122 38
442 39
1000 39
601 40
137 42
85 44
762 45
759 47
991 49
988 49
962 49
251 50
560 50
893 51
850 51
609 51
149 53
538 53
286 54
908 59
301 60
245 61
37 61
46 66
603 66
359 67
285 68
474 69
768 69
913 71
23 71
866 71
840 71
844 74
945 74
618 75
839 76
104 76
128 77
797 80
853 80
684 82
341 83
603 83
213 85
39 86
679 92
489 93
449 94
719 94
694 95
96 96
678 96
894 96
773 97
534 98
767 98
698 98
331 101
888 102
719 104
391 105
961 106
741 110
46 110
61 111
352 112
995 118
170 120
182 120
693 120
623 121
227 121
47 123
862 128
955 128
665 128
268 129
190 129
798 130
742 130
105 131
266 131
105 131
119 131
62 133
943 133
783 134
19 135
342 135
576 136
203 137
123 138
842 139
533 139
609 140
834 141
947 142
428 143
457 144
594 145
954 146
748 147
494 147
315 149
2 153
715 153
433 153
806 155
813 158
698 159
355 159
178 160
453 160
891 161
818 161
577 165
712 166
591 166
344 167
70 168
608 168
59 169
47 169
258 170
746 175
344 176
932 176
381 177
824 177
208 178
533 178
631 178
960 179
992 179
340 180
981 182
906 183
672 184
81 184
676 185
912 185
346 186
872 186
739 187
677 187
163 189
231 191
472 192
661 195
958 197
513 200
827 201
460 201
721 201
868 202
62 203
402 205
774 205
96 206
1000 211
193 214
479 214
527 215
222 216
521 217
498 217
631 217
79 217
597 219
85 220
970 221
384 221
890 222
8 222
816 222
727 223
396 223
172 224
213 225
519 226
686 228
256 237
13 239
917 242
54 242
52 243
877 245
213 247
124 249
393 251
640 254
296 256
936 256
804 256
347 259
678 261
931 263
646 264
581 267
707 269
957 272
342 272
906 275
330 275
832 279
156 279
769 281
712 281
947 284
723 285
733 286
499 287
923 287
363 288
74 289
775 292
841 292
168 296
758 297
160 298
985 299
161 300
375 300
802 301
694 301
477 303
569 305
855 305
223 306
722 307
446 308
990 308
885 310
233 311
164 311
758 311
719 311
452 312
104 313
355 315
294 315
977 316
830 317
425 318
40 318
149 318
200 318
378 321
855 321
952 323
223 323
257 324
572 324
902 324
238 327
955 328
670 336
28 337
32 337
33 338
480 340
236 341
349 342
611 345
137 345
2 349
481 349
728 351
174 352
463 353
724 353
980 355
837 357
288 358
901 364
989 365
920 368
253 371
670 372
672 375
653 376
535 376
909 377
147 378
173 378
768 379
1000 381
624 381
590 384
860 385
294 387
587 388
643 389
785 390
749 391
293 392
623 392
933 392
564 395
385 395
198 396
403 399
585 400
301 401
341 401
599 402
320 404
726 405
571 405
727 406
282 407
792 408
269 413
714 414
291 417
806 420
671 420
437 421
536 421
661 422
478 422
159 422
608 423
50 424
804 425
604 426
738 426
340 427
180 427
839 430
158 431
78 432
993 433
94 433
220 433
737 433
223 435
405 437
725 439
454 440
373 440
578 442
998 444
580 446
310 447
266 447
5 448
77 449
460 449
443 450
416 451
911 453
243 453
43 453
347 454
368 457
169 457
960 458
253 459
631 459
134 462
218 464
376 464
866 465
508 465
412 466
897 468
973 468
896 469
845 469
474 470
908 472
703 472
894 474
209 477
96 479
270 480
615 482
981 483
672 484
367 485
221 485
924 485
46 485
811 487
592 491
831 491
137 491
967 491
153 491
297 495
472 495
331 500
966 503
850 503
98 504
455 507
376 508
77 510
491 511
1 511
796 512
739 513
581 513
715 515
287 516
146 518
146 523
377 525
23 525
612 526
576 526
183 527
158 528
597 529
493 531
814 531
436 531
283 531
509 533
994 534
683 536
672 540
754 541
990 542
980 544
929 545
827 546
327 547
765 549
190 551
755 552
221 552
809 554
482 555
706 558
402 559
130 559
797 561
229 564
602 566
439 567
445 568
342 570
567 572
845 573
142 575
713 575
568 575
885 576
573 576
260 578
72 579
661 579
203 580
757 582
559 583
181 583
925 584
480 584
593 584
954 586
517 587
489 588
533 588
732 589
917 591
331 591
450 591
934 592
319 593
237 593
887 594
783 595
33 596
114 596
715 597
391 603
364 604
438 605
434 605
383 605
727 606
67 606
606 607
825 610
321 610
664 611
494 613
266 614
193 614
241 615
465 616
615 616
563 618
603 618
307 620
747 620
987 622
159 625
560 627
963 628
770 631
89 631
604 631
748 634
75 635
868 636
490 639
229 640
186 641
620 643
970 643
89 646
760 646
201 648
46 648
225 649
728 649
953 650
129 653
676 653
672 654
62 655
712 655
805 658
173 658
974 658
504 661
768 661
656 661
782 661
465 662
437 665
190 668
697 668
705 668
41 671
192 672
858 672
676 672
708 672
465 673
713 677
63 677
608 677
656 677
947 677
590 678
90 678
761 679
291 680
233 681
977 684
64 687
374 688
794 689
908 690
390 691
692 693
332 694
416 696
977 696
394 696
39 696
822 700
160 701
814 702
897 703
619 704
216 704
347 704
559 705
426 706
208 707
320 707
255 711
759 711
590 713
985 713
588 713
961 715
810 715
269 718
974 720
488 721
799 723
103 723
989 724
32 725
459 725
790 726
776 726
785 731
499 731
396 731
974 732
487 732
21 734
627 735
283 736
972 736
239 736
292 737
443 737
333 737
821 738
459 738
321 738
413 740
46 740
875 740
163 743
410 746
885 752
330 752
478 754
467 755
686 755
340 756
286 756
49 756
778 756
145 757
222 757
227 759
863 759
792 759
635 761
323 762
208 763
193 765
269 768
24 768
731 769
991 772
703 773
51 775
121 776
900 776
25 776
968 777
269 777
346 784
397 785
993 786
556 786
93 787
793 787
385 789
693 789
572 790
908 791
841 792
614 795
440 796
426 799
876 802
915 804
825 809
969 810
864 811
45 814
146 815
783 815
297 815
796 815
887 817
614 818
868 819
940 819
518 819
734 820
913 820
286 820
912 821
661 822
188 822
981 822
824 823
608 824
335 826
815 827
831 828
34 829
582 829
390 829
208 830
431 831
915 834
483 835
445 835
687 835
312 838
127 844
687 847
775 847
64 847
595 852
981 852
566 854
482 858
551 858
871 858
65 860
274 864
90 864
773 864
294 865
546 865
578 866
350 868
205 870
210 871
881 872
619 872
688 874
15 874
312 878
434 881
689 882
780 884
465 885
128 885
439 887
940 887
69 891
992 891
389 892
970 892
340 893
578 894
37 897
199 898
715 900
733 902
915 902
106 902
475 903
524 904
156 905
533 907
844 907
496 908
641 909
887 910
17 910
892 910
110 910
673 912
874 914
913 916
704 918
509 918
309 918
885 921
704 921
986 922
302 923
38 924
635 924
486 930
221 932
465 933
367 933
174 935
214 935
426 936
285 937
421 939
977 939
994 939
946 940
770 941
323 942
487 947
815 951
516 951
383 952
4 954
663 955
405 955
268 956
148 956
820 956
374 957
89 961
149 961
8 963
814 964
331 964
979 964
388 966
915 968
418 970
519 970
655 971
499 971
705 972
825 972
965 973
758 973
211 974
446 977
605 980
193 981
155 982
74 983
471 983
489 985
926 986
634 992
683 994
463 997
493 998
