543
553 3
579 4
115 4
732 6
535 7
425 9
29 11
340 12
515 12
226 12
77 15
935 15
146 17
243 19
984 26
739 27
953 28
250 29
522 30
579 35
594 36
963 40
344 41
700 41
682 43
479 46
479 47
155 48
310 52
440 54
206 59
204 60
862 63
107 64
211 67
332 69
427 69
817 69
176 70
588 71
142 72
947 73
952 75
27 75
700 82
430 83
983 86
555 86
140 89
832 89
849 90
467 92
415 92
339 93
497 95
986 97
379 97
988 98
155 99
190 101
417 101
863 108
203 108
194 108
521 114
228 114
170 120
233 122
548 122
150 122
182 123
166 123
837 126
226 129
428 130
160 131
345 131
390 136
382 138
256 143
246 148
21 148
442 149
727 149
105 150
907 151
868 154
360 154
84 158
823 161
734 161
213 171
884 171
746 172
335 173
190 178
236 179
258 179
675 181
241 186
35 186
38 190
341 192
644 195
379 196
308 196
339 199
360 203
469 203
61 204
326 206
500 207
412 208
133 209
852 209
124 209
535 210
529 218
710 219
67 219
360 221
10 223
712 226
864 228
354 231
258 232
615 232
581 236
750 238
117 239
942 242
965 246
989 247
247 247
576 248
308 250
555 250
288 253
747 254
769 256
104 256
521 261
928 265
213 269
731 277
218 279
128 279
336 280
148 283
987 286
300 291
523 293
157 295
558 295
183 295
952 299
611 299
126 303
857 303
900 303
489 309
747 309
452 312
217 314
292 315
31 316
798 316
208 317
282 318
528 324
48 325
67 326
735 334
380 337
856 339
760 345
645 346
959 349
609 350
521 357
258 360
190 363
197 366
558 371
65 371
831 372
804 378
683 380
440 382
43 387
824 389
878 392
629 393
639 394
620 394
718 394
559 397
110 397
738 398
266 401
500 402
846 404
766 405
51 411
455 415
510 421
329 423
190 425
223 428
549 434
166 435
88 437
187 440
929 440
514 441
733 442
547 446
512 448
963 449
391 455
512 457
601 462
526 465
370 466
276 468
732 469
409 469
34 471
325 472
802 476
785 479
120 480
37 482
484 483
1000 488
172 492
812 493
719 493
319 495
579 497
569 498
762 498
480 499
915 500
88 502
895 505
250 508
420 511
22 514
72 515
901 516
474 516
665 518
165 523
950 523
493 524
718 525
751 525
608 526
732 526
783 527
319 530
163 530
409 532
901 533
591 533
60 534
472 535
351 537
195 537
787 537
955 543
138 544
297 550
701 554
888 555
908 556
366 556
204 556
503 558
216 560
611 563
199 564
409 565
972 567
21 568
116 569
819 570
235 570
323 573
472 578
257 579
235 580
915 584
620 584
274 585
20 593
153 593
733 597
405 598
901 604
412 611
983 614
653 614
825 614
135 615
179 615
897 617
716 618
57 619
637 619
348 620
365 622
173 625
323 628
636 629
320 629
79 630
135 632
607 632
172 632
996 633
433 633
686 633
489 635
984 635
102 636
737 636
81 637
588 640
33 642
677 642
420 646
586 646
803 650
533 651
1000 651
821 654
942 654
789 655
862 657
405 658
281 658
891 659
386 659
358 662
892 666
705 671
606 675
250 676
442 677
718 678
753 680
672 682
668 682
129 684
771 687
744 688
879 688
411 688
655 689
220 689
755 689
191 696
104 697
314 698
257 702
26 703
990 704
600 704
631 705
760 707
182 710
550 711
636 714
921 714
321 714
428 715
882 717
700 718
709 718
16 720
502 721
603 721
402 724
520 724
159 725
949 726
992 726
60 726
178 728
358 728
699 730
440 732
855 735
409 735
496 739
789 743
505 745
188 745
718 745
897 747
381 753
533 753
184 754
373 755
44 756
187 756
985 759
1 760
999 760
606 763
728 766
332 768
189 768
875 771
746 771
621 772
145 773
14 776
115 777
322 777
868 778
877 779
431 780
604 780
587 780
796 780
364 781
970 781
298 781
412 782
303 789
368 792
259 792
166 792
546 793
660 794
865 800
90 800
340 807
18 809
563 810
805 811
742 816
839 816
538 820
131 826
483 828
332 828
691 830
128 830
243 835
442 840
974 840
781 840
879 841
516 845
330 847
896 853
717 854
561 855
854 856
360 857
232 859
55 862
198 862
46 868
800 868
658 868
453 869
25 873
454 874
717 875
556 876
682 878
349 878
867 879
911 882
536 885
361 887
766 887
764 887
506 888
206 888
941 893
956 894
122 896
310 896
889 898
444 900
851 900
752 906
734 913
872 915
726 915
372 915
690 916
998 920
480 921
608 922
698 922
192 923
932 925
676 926
158 928
652 930
110 931
787 931
67 931
194 933
778 935
94 938
136 939
752 944
51 944
600 946
194 948
736 949
543 951
873 954
104 956
909 956
114 957
902 957
359 958
84 970
51 970
598 971
457 972
786 973
477 974
985 974
255 974
813 976
797 983
524 989
143 989
968 990
229 991
953 992
835 997
99 1000
