1000
913 2147483637
177 2147483637
92 2147483637
610 2147483637
868 2147483637
404 2147483637
365 2147483637
531 2147483637
545 2147483637
969 2147483637
174 2147483637
983 2147483637
435 2147483637
630 2147483637
340 2147483637
964 2147483637
149 2147483637
51 2147483637
795 2147483637
514 2147483637
342 2147483637
675 2147483637
803 2147483637
140 2147483637
10 2147483637
970 2147483637
463 2147483637
616 2147483637
771 2147483637
730 2147483637
142 2147483637
124 2147483637
739 2147483637
741 2147483637
828 2147483637
698 2147483637
463 2147483637
79 2147483637
440 2147483637
170 2147483637
541 2147483637
223 2147483637
859 2147483637
294 2147483637
498 2147483637
941 2147483637
336 2147483637
103 2147483637
141 2147483637
688 2147483637
175 2147483637
738 2147483637
640 2147483637
982 2147483637
602 2147483637
466 2147483637
340 2147483637
395 2147483637
978 2147483637
982 2147483637
428 2147483637
853 2147483637
429 2147483637
990 2147483637
220 2147483637
136 2147483637
830 2147483637
562 2147483637
557 2147483637
480 2147483637
924 2147483637
82 2147483637
453 2147483637
497 2147483637
516 2147483637
628 2147483637
821 2147483637
693 2147483637
724 2147483637
106 2147483637
733 2147483637
730 2147483637
661 2147483637
614 2147483637
750 2147483637
897 2147483637
413 2147483637
221 2147483637
185 2147483637
147 2147483637
479 2147483637
548 2147483637
239 2147483637
413 2147483637
296 2147483637
134 2147483637
178 2147483637
739 2147483637
84 2147483638
779 2147483638
786 2147483638
110 2147483638
954 2147483638
367 2147483638
44 2147483638
112 2147483638
447 2147483638
214 2147483638
432 2147483638
17 2147483638
381 2147483638
671 2147483638
517 2147483638
887 2147483638
323 2147483638
432 2147483638
297 2147483638
2 2147483638
370 2147483638
216 2147483638
965 2147483638
72 2147483638
440 2147483638
573 2147483638
834 2147483638
903 2147483638
506 2147483638
40 2147483638
618 2147483638
305 2147483638
955 2147483638
866 2147483638
684 2147483638
323 2147483638
985 2147483638
789 2147483638
49 2147483638
46 2147483638
482 2147483638
102 2147483638
386 2147483638
492 2147483638
222 2147483638
115 2147483638
787 2147483638
833 2147483638
993 2147483638
748 2147483638
538 2147483638
505 2147483638
194 2147483638
548 2147483638
566 2147483638
369 2147483638
743 2147483638
768 2147483638
231 2147483638
387 2147483638
708 2147483638
175 2147483638
266 2147483638
536 2147483638
786 2147483638
88 2147483638
47 2147483638
301 2147483638
648 2147483638
85 2147483638
127 2147483638
937 2147483638
203 2147483638
396 2147483638
949 2147483638
225 2147483638
613 2147483638
732 2147483638
935 2147483638
977 2147483638
476 2147483638
282 2147483638
29 2147483638
482 2147483638
315 2147483638
688 2147483638
705 2147483638
182 2147483639
489 2147483639
982 2147483639
305 2147483639
71 2147483639
581 2147483639
336 2147483639
370 2147483639
122 2147483639
375 2147483639
920 2147483639
928 2147483639
268 2147483639
656 2147483639
195 2147483639
703 2147483639
330 2147483639
164 2147483639
169 2147483639
621 2147483639
541 2147483639
204 2147483639
826 2147483639
439 2147483639
561 2147483639
384 2147483639
582 2147483639
365 2147483639
66 2147483639
242 2147483639
201 2147483639
928 2147483639
705 2147483639
346 2147483639
461 2147483639
232 2147483639
112 2147483639
601 2147483639
313 2147483639
23 2147483639
161 2147483639
472 2147483639
459 2147483639
216 2147483639
272 2147483639
973 2147483639
450 2147483639
163 2147483639
184 2147483639
839 2147483639
419 2147483639
762 2147483639
91 2147483639
205 2147483639
34 2147483639
523 2147483639
154 2147483639
131 2147483639
237 2147483639
928 2147483639
184 2147483639
265 2147483639
636 2147483639
910 2147483639
651 2147483639
379 2147483639
179 2147483639
273 2147483639
779 2147483639
324 2147483639
147 2147483639
28 2147483639
504 2147483639
782 2147483639
310 2147483639
472 2147483639
792 2147483639
876 2147483639
496 2147483639
914 2147483639
940 2147483639
198 2147483639
647 2147483639
302 2147483640
247 2147483640
285 2147483640
330 2147483640
73 2147483640
533 2147483640
667 2147483640
97 2147483640
78 2147483640
78 2147483640
667 2147483640
346 2147483640
496 2147483640
783 2147483640
924 2147483640
113 2147483640
372 2147483640
248 2147483640
770 2147483640
792 2147483640
454 2147483640
457 2147483640
218 2147483640
505 2147483640
308 2147483640
612 2147483640
530 2147483640
442 2147483640
84 2147483640
582 2147483640
104 2147483640
787 2147483640
937 2147483640
281 2147483640
464 2147483640
815 2147483640
921 2147483640
7 2147483640
706 2147483640
899 2147483640
693 2147483640
673 2147483640
786 2147483640
828 2147483640
286 2147483640
824 2147483640
986 2147483640
242 2147483640
77 2147483640
728 2147483640
774 2147483640
999 2147483640
946 2147483640
12 2147483640
236 2147483640
925 2147483640
895 2147483640
598 2147483640
329 2147483640
761 2147483640
614 2147483640
80 2147483640
515 2147483640
261 2147483640
534 2147483640
261 2147483640
916 2147483640
160 2147483640
592 2147483640
388 2147483640
155 2147483640
816 2147483640
113 2147483640
398 2147483640
747 2147483640
680 2147483640
761 2147483640
94 2147483640
87 2147483640
993 2147483640
25 2147483640
603 2147483640
912 2147483640
921 2147483640
8 2147483640
909 2147483640
77 2147483640
949 2147483641
700 2147483641
158 2147483641
540 2147483641
331 2147483641
472 2147483641
465 2147483641
310 2147483641
479 2147483641
95 2147483641
711 2147483641
270 2147483641
155 2147483641
517 2147483641
342 2147483641
549 2147483641
94 2147483641
893 2147483641
772 2147483641
711 2147483641
133 2147483641
336 2147483641
672 2147483641
893 2147483641
710 2147483641
509 2147483641
183 2147483641
280 2147483641
896 2147483641
377 2147483641
431 2147483641
33 2147483641
625 2147483641
902 2147483641
535 2147483641
595 2147483641
626 2147483641
677 2147483641
563 2147483641
220 2147483641
222 2147483641
337 2147483641
255 2147483641
592 2147483641
774 2147483641
561 2147483641
350 2147483641
746 2147483641
945 2147483641
806 2147483641
779 2147483641
567 2147483641
467 2147483641
989 2147483641
22 2147483641
356 2147483641
158 2147483641
197 2147483641
169 2147483641
7 2147483641
181 2147483641
121 2147483641
268 2147483641
390 2147483641
555 2147483641
972 2147483641
943 2147483641
247 2147483641
492 2147483641
646 2147483641
268 2147483641
997 2147483641
531 2147483641
637 2147483641
658 2147483641
360 2147483641
644 2147483641
315 2147483641
660 2147483641
801 2147483641
96 2147483641
671 2147483641
922 2147483641
231 2147483641
120 2147483641
961 2147483641
69 2147483641
91 2147483641
354 2147483641
800 2147483641
519 2147483641
192 2147483641
828 2147483641
176 2147483642
647 2147483642
579 2147483642
375 2147483642
208 2147483642
30 2147483642
267 2147483642
4 2147483642
280 2147483642
111 2147483642
913 2147483642
578 2147483642
549 2147483642
701 2147483642
183 2147483642
886 2147483642
326 2147483642
864 2147483642
948 2147483642
390 2147483642
542 2147483642
97 2147483642
954 2147483642
99 2147483642
977 2147483642
4 2147483642
791 2147483642
359 2147483642
751 2147483642
828 2147483642
90 2147483642
941 2147483642
403 2147483642
73 2147483642
982 2147483642
525 2147483642
82 2147483642
942 2147483642
107 2147483642
258 2147483642
130 2147483642
802 2147483642
816 2147483642
459 2147483642
731 2147483642
393 2147483642
689 2147483642
355 2147483642
621 2147483642
193 2147483642
735 2147483642
809 2147483642
209 2147483642
22 2147483642
701 2147483642
52 2147483642
700 2147483642
529 2147483642
954 2147483642
952 2147483642
788 2147483642
943 2147483642
998 2147483642
168 2147483642
750 2147483642
932 2147483642
447 2147483642
121 2147483642
609 2147483642
24 2147483642
331 2147483642
592 2147483642
238 2147483642
742 2147483642
534 2147483642
321 2147483642
769 2147483642
608 2147483642
705 2147483642
122 2147483642
264 2147483642
693 2147483642
680 2147483642
758 2147483642
297 2147483642
959 2147483642
35 2147483642
596 2147483642
246 2147483642
886 2147483642
248 2147483642
451 2147483642
93 2147483642
141 2147483642
288 2147483642
83 2147483642
44 2147483642
915 2147483642
318 2147483642
93 2147483643
598 2147483643
651 2147483643
730 2147483643
107 2147483643
711 2147483643
151 2147483643
684 2147483643
229 2147483643
921 2147483643
552 2147483643
323 2147483643
373 2147483643
648 2147483643
390 2147483643
848 2147483643
228 2147483643
667 2147483643
181 2147483643
299 2147483643
640 2147483643
297 2147483643
299 2147483643
24 2147483643
565 2147483643
354 2147483643
5 2147483643
843 2147483643
823 2147483643
15 2147483643
620 2147483643
308 2147483643
362 2147483643
472 2147483643
959 2147483643
281 2147483643
976 2147483643
454 2147483643
247 2147483643
385 2147483643
755 2147483643
506 2147483643
928 2147483643
14 2147483643
332 2147483643
516 2147483643
273 2147483643
268 2147483643
979 2147483643
431 2147483643
179 2147483643
426 2147483643
128 2147483643
708 2147483643
378 2147483643
529 2147483643
79 2147483643
696 2147483643
960 2147483643
356 2147483643
138 2147483643
878 2147483643
643 2147483643
215 2147483643
723 2147483643
460 2147483643
324 2147483643
635 2147483643
960 2147483643
871 2147483643
59 2147483643
778 2147483643
679 2147483643
188 2147483643
667 2147483643
600 2147483643
195 2147483643
599 2147483643
310 2147483643
281 2147483643
511 2147483643
151 2147483643
308 2147483643
181 2147483643
740 2147483643
774 2147483643
530 2147483643
395 2147483643
966 2147483643
813 2147483643
883 2147483643
937 2147483643
753 2147483643
5 2147483643
290 2147483643
508 2147483643
336 2147483643
438 2147483643
607 2147483643
856 2147483643
726 2147483643
185 2147483643
561 2147483643
253 2147483644
16 2147483644
782 2147483644
72 2147483644
885 2147483644
745 2147483644
813 2147483644
240 2147483644
586 2147483644
290 2147483644
908 2147483644
478 2147483644
880 2147483644
858 2147483644
559 2147483644
319 2147483644
347 2147483644
268 2147483644
527 2147483644
53 2147483644
265 2147483644
620 2147483644
239 2147483644
323 2147483644
915 2147483644
620 2147483644
910 2147483644
91 2147483644
287 2147483644
91 2147483644
597 2147483644
773 2147483644
890 2147483644
114 2147483644
248 2147483644
211 2147483644
216 2147483644
675 2147483644
53 2147483644
783 2147483644
401 2147483644
860 2147483644
977 2147483644
798 2147483644
222 2147483644
159 2147483644
461 2147483644
625 2147483644
534 2147483644
497 2147483644
902 2147483644
377 2147483644
949 2147483644
80 2147483644
32 2147483644
413 2147483644
341 2147483644
832 2147483644
221 2147483644
591 2147483644
239 2147483644
584 2147483644
950 2147483644
467 2147483644
24 2147483644
27 2147483644
619 2147483644
51 2147483644
106 2147483644
734 2147483644
27 2147483644
788 2147483644
453 2147483644
854 2147483644
136 2147483644
608 2147483644
433 2147483644
814 2147483644
965 2147483644
880 2147483644
998 2147483644
291 2147483644
299 2147483644
866 2147483644
297 2147483644
14 2147483644
940 2147483644
685 2147483644
994 2147483644
968 2147483644
341 2147483644
203 2147483644
712 2147483644
410 2147483644
533 2147483644
832 2147483644
824 2147483644
978 2147483644
425 2147483644
425 2147483645
61 2147483645
920 2147483645
243 2147483645
330 2147483645
78 2147483645
2 2147483645
443 2147483645
480 2147483645
597 2147483645
110 2147483645
922 2147483645
113 2147483645
458 2147483645
877 2147483645
259 2147483645
768 2147483645
119 2147483645
236 2147483645
324 2147483645
945 2147483645
955 2147483645
34 2147483645
869 2147483645
988 2147483645
198 2147483645
11 2147483645
372 2147483645
740 2147483645
116 2147483645
263 2147483645
488 2147483645
356 2147483645
630 2147483645
847 2147483645
347 2147483645
129 2147483645
312 2147483645
853 2147483645
807 2147483645
995 2147483645
881 2147483645
122 2147483645
771 2147483645
331 2147483645
732 2147483645
433 2147483645
616 2147483645
124 2147483645
958 2147483645
581 2147483645
615 2147483645
911 2147483645
586 2147483645
933 2147483645
81 2147483645
26 2147483645
122 2147483645
542 2147483645
542 2147483645
797 2147483645
419 2147483645
607 2147483645
407 2147483645
634 2147483645
626 2147483645
650 2147483645
15 2147483645
167 2147483645
168 2147483645
514 2147483645
102 2147483645
260 2147483645
694 2147483645
800 2147483645
599 2147483645
303 2147483645
48 2147483645
973 2147483645
628 2147483645
496 2147483645
597 2147483645
621 2147483645
543 2147483645
958 2147483646
854 2147483646
849 2147483646
814 2147483646
514 2147483646
23 2147483646
837 2147483646
839 2147483646
324 2147483646
70 2147483646
769 2147483646
74 2147483646
350 2147483646
461 2147483646
646 2147483646
763 2147483646
827 2147483646
127 2147483646
527 2147483646
844 2147483646
486 2147483646
29 2147483646
660 2147483646
621 2147483646
487 2147483646
446 2147483646
323 2147483646
800 2147483646
298 2147483646
832 2147483646
264 2147483646
826 2147483646
315 2147483646
878 2147483646
933 2147483646
409 2147483646
477 2147483646
538 2147483646
837 2147483646
295 2147483646
767 2147483646
604 2147483646
256 2147483646
412 2147483646
819 2147483646
464 2147483646
247 2147483646
802 2147483646
480 2147483646
250 2147483646
957 2147483646
308 2147483646
254 2147483646
34 2147483646
10 2147483646
937 2147483646
20 2147483646
952 2147483646
103 2147483646
643 2147483646
949 2147483646
688 2147483646
61 2147483646
894 2147483646
571 2147483646
825 2147483646
689 2147483646
688 2147483646
436 2147483646
94 2147483646
129 2147483646
689 2147483646
749 2147483646
570 2147483646
594 2147483646
541 2147483646
357 2147483646
357 2147483646
98 2147483646
934 2147483646
883 2147483646
497 2147483646
26 2147483647
267 2147483647
949 2147483647
947 2147483647
84 2147483647
966 2147483647
372 2147483647
888 2147483647
141 2147483647
533 2147483647
42 2147483647
388 2147483647
331 2147483647
975 2147483647
366 2147483647
929 2147483647
201 2147483647
975 2147483647
725 2147483647
579 2147483647
869 2147483647
56 2147483647
146 2147483647
557 2147483647
855 2147483647
94 2147483647
43 2147483647
842 2147483647
259 2147483647
370 2147483647
736 2147483647
639 2147483647
561 2147483647
680 2147483647
925 2147483647
820 2147483647
763 2147483647
29 2147483647
539 2147483647
711 2147483647
260 2147483647
841 2147483647
406 2147483647
709 2147483647
822 2147483647
707 2147483647
815 2147483647
789 2147483647
937 2147483647
96 2147483647
566 2147483647
75 2147483647
17 2147483647
945 2147483647
261 2147483647
550 2147483647
460 2147483647
114 2147483647
341 2147483647
527 2147483647
177 2147483647
491 2147483647
126 2147483647
897 2147483647
861 2147483647
595 2147483647
67 2147483647
895 2147483647
796 2147483647
980 2147483647
875 2147483647
211 2147483647
125 2147483647
647 2147483647
137 2147483647
916 2147483647
746 2147483647
275 2147483647
526 2147483647
48 2147483647
492 2147483647
299 2147483647
472 2147483647
501 2147483647
307 2147483647
