755
60 2
302 4
690 4
228 6
816 7
471 7
866 8
669 8
256 10
503 12
132 12
900 13
814 14
867 14
443 15
581 15
109 15
770 17
135 17
498 17
26 17
484 17
467 18
955 18
29 18
143 20
733 22
518 22
844 24
399 26
37 29
802 31
181 32
469 32
773 34
992 35
912 35
7 35
645 38
855 39
344 39
222 40
275 41
149 42
506 43
980 44
978 44
932 44
365 47
427 47
422 48
733 50
265 50
477 50
864 52
950 53
606 53
108 59
907 60
485 62
745 62
445 66
45 69
174 72
42 72
929 74
372 74
980 76
499 77
196 80
426 80
153 81
988 81
345 82
453 82
920 82
789 82
675 82
902 86
712 87
410 89
241 94
61 94
934 96
450 97
569 98
888 99
938 106
619 106
41 107
632 108
204 108
571 109
475 111
517 115
661 116
584 121
670 124
876 124
694 124
951 126
538 135
554 135
719 137
239 138
530 141
236 143
709 144
342 145
482 145
714 148
619 149
888 149
243 149
65 150
915 153
38 154
296 158
632 158
568 162
538 164
102 164
112 165
373 165
955 165
750 165
482 167
227 172
289 172
575 173
2 174
202 174
113 177
828 177
130 178
112 180
649 182
977 185
430 187
984 189
313 189
780 189
245 190
855 191
286 191
552 196
15 196
538 197
644 197
298 197
44 198
221 198
808 201
228 207
921 209
442 211
349 212
198 213
290 214
767 214
396 215
963 217
975 218
5 218
731 219
433 221
603 222
217 222
695 222
878 223
342 224
822 228
355 229
283 231
276 231
827 232
750 232
133 233
361 233
354 234
263 236
173 236
310 237
739 239
924 243
253 245
751 247
72 248
221 250
166 253
838 253
17 254
474 259
443 260
189 261
262 262
858 263
409 263
236 264
196 266
330 268
762 269
112 270
621 272
215 273
342 278
611 279
100 281
139 290
88 291
605 292
309 295
101 297
848 298
916 299
846 299
162 303
951 308
123 310
609 310
712 311
802 315
636 317
574 318
65 320
985 321
962 321
437 322
175 322
520 322
802 326
465 329
936 329
772 330
963 330
97 331
977 331
909 335
167 335
924 336
824 337
80 341
184 342
497 343
654 345
385 346
840 347
604 348
910 348
806 349
686 349
114 353
601 354
202 358
720 359
361 360
703 360
66 363
511 363
560 363
476 367
812 367
734 368
714 370
311 370
257 375
312 375
335 375
646 377
312 379
791 379
164 381
999 382
436 383
303 383
447 383
546 384
391 385
845 387
78 388
397 389
686 390
626 390
425 394
958 399
490 400
748 400
362 401
547 403
952 404
253 405
48 407
493 407
61 408
929 409
12 411
726 412
968 413
138 413
922 414
337 416
432 416
774 417
268 420
572 422
145 424
727 424
68 426
974 427
545 428
133 428
564 429
169 431
213 431
698 433
637 435
15 435
107 435
81 438
498 439
227 440
608 442
119 443
707 447
254 448
241 451
418 452
480 454
371 455
414 457
381 459
921 460
996 464
418 464
473 466
734 467
643 471
313 472
540 472
79 472
354 475
859 476
486 476
704 477
665 479
694 479
962 481
689 482
474 482
845 484
555 485
841 486
524 487
66 487
601 487
652 488
362 488
761 491
979 491
810 493
523 494
718 498
355 498
624 498
291 500
559 500
213 501
219 502
622 504
934 504
821 504
148 505
785 506
26 508
119 508
405 508
391 509
865 510
272 510
556 510
110 511
705 514
940 515
918 516
447 517
78 517
534 518
902 519
365 520
630 521
33 521
356 521
804 522
822 523
963 525
527 529
288 529
389 530
446 531
686 532
83 532
381 533
328 536
239 537
943 545
894 546
184 547
113 548
24 550
878 554
68 555
331 556
505 557
313 558
476 558
129 559
199 559
429 560
102 561
527 561
831 562
757 566
575 566
977 567
243 568
311 568
726 571
655 571
530 571
82 574
379 574
405 575
683 578
650 578
987 579
69 580
253 580
39 580
722 581
899 583
764 585
888 585
516 585
329 587
909 589
99 590
768 593
4 594
91 594
165 596
103 600
739 602
607 603
800 608
395 609
213 612
336 613
492 616
343 617
345 617
447 618
862 618
566 619
864 619
430 620
247 622
599 623
355 623
190 626
53 626
982 627
609 628
156 628
129 629
765 629
421 629
388 630
605 632
685 633
3 634
147 635
406 635
566 636
936 637
479 640
462 641
719 642
241 642
594 643
292 644
967 645
510 645
446 645
575 646
709 647
841 647
464 649
683 654
938 656
772 657
772 658
386 658
962 661
618 662
391 666
415 669
864 670
899 671
767 671
680 673
638 674
286 674
530 675
779 675
931 675
774 675
487 677
94 677
181 678
687 678
645 680
703 684
440 684
639 687
700 688
613 693
507 694
548 699
867 700
85 701
87 702
216 703
858 703
986 704
980 706
831 706
185 706
519 706
574 708
182 709
493 709
623 709
167 712
455 712
685 716
964 717
229 718
134 721
171 721
843 724
601 725
251 727
238 729
820 730
97 731
525 735
941 736
458 736
147 737
977 739
271 740
61 740
724 740
264 740
868 742
781 743
755 746
674 747
646 752
88 752
903 752
475 754
830 754
741 758
5 758
980 759
148 760
356 760
689 760
384 763
421 763
678 764
959 766
973 767
37 769
426 769
651 770
442 770
678 772
603 774
549 774
32 777
972 778
94 779
657 780
190 782
631 782
65 783
811 783
28 787
463 787
827 789
585 790
630 794
304 796
202 797
269 797
169 798
40 799
551 800
119 802
895 803
138 805
728 808
419 813
735 814
690 815
503 815
39 820
449 822
988 822
728 825
529 826
765 826
612 827
464 827
349 829
736 832
797 832
254 832
621 835
94 836
639 838
834 838
39 839
257 841
924 842
330 843
514 844
448 845
719 845
512 849
155 849
333 850
682 850
213 851
286 855
315 855
866 858
891 860
983 861
835 863
753 864
96 866
70 868
145 869
191 870
858 872
307 873
553 873
401 875
528 876
218 877
681 880
425 881
31 883
232 884
299 886
362 889
206 889
335 889
899 890
986 891
237 891
882 892
460 897
554 899
124 900
944 900
274 902
373 902
30 903
217 904
969 905
994 906
101 907
288 909
210 912
194 912
708 919
793 920
776 923
502 923
248 924
872 924
585 925
199 928
16 930
734 931
763 932
284 933
795 934
693 941
272 942
815 944
394 946
487 946
671 946
173 946
987 948
591 949
449 950
152 951
784 954
189 954
503 955
961 957
932 958
56 958
376 958
915 959
320 960
580 961
922 962
122 962
413 962
541 964
602 964
837 964
351 965
539 967
20 969
238 970
139 972
578 973
914 974
962 975
24 975
381 978
914 982
994 983
582 984
451 985
813 986
814 986
844 986
194 987
474 990
127 992
868 992
745 993
954 995
597 995
885 996
772 997
