908
214 0
406 0
833 0
46 2
43 3
928 3
594 4
656 4
138 4
705 5
499 5
40 6
86 7
742 8
711 8
486 8
774 9
31 10
733 12
23 13
700 13
340 14
874 14
414 15
275 15
563 15
343 16
652 16
502 17
470 18
164 18
152 21
685 22
81 22
259 23
680 23
264 26
497 27
19 27
655 29
708 29
884 30
930 31
617 31
378 32
634 34
642 35
604 35
948 35
531 38
169 39
151 41
193 42
238 45
94 46
257 47
874 47
382 49
770 51
708 53
185 54
773 54
824 54
8 56
245 57
616 58
688 62
814 62
454 63
16 64
56 68
231 69
735 70
805 71
27 72
139 74
104 75
871 77
971 78
226 78
128 81
605 82
912 83
910 85
381 87
391 89
82 95
558 96
723 98
324 98
495 100
636 100
398 103
712 103
554 104
195 104
346 104
929 106
484 106
784 107
33 107
614 108
74 109
103 110
677 111
703 111
440 111
779 112
661 113
157 113
747 114
644 114
392 114
439 116
255 117
611 117
346 118
139 121
206 121
733 123
329 124
830 124
249 129
73 129
140 131
796 132
873 134
261 134
560 134
314 135
82 138
341 138
376 139
30 140
754 141
800 142
294 142
597 145
242 147
336 148
352 149
373 151
655 154
659 156
460 156
78 156
777 157
482 161
293 162
46 162
976 163
110 164
803 165
688 165
818 165
779 166
344 168
418 168
293 168
674 169
990 170
960 171
580 172
462 174
192 176
493 177
63 177
39 178
779 178
115 178
861 181
256 182
651 183
751 184
408 186
868 186
467 187
131 187
681 188
959 188
425 189
229 191
530 193
884 193
457 196
407 196
330 199
355 199
232 202
181 203
299 205
417 205
457 205
33 205
290 208
278 209
172 211
63 212
523 213
573 213
723 213
654 213
700 214
739 214
969 216
168 219
84 220
277 222
805 222
682 223
178 228
990 228
449 231
425 232
369 234
633 234
807 237
789 238
179 238
214 239
648 241
483 241
652 246
876 248
661 249
37 251
398 251
858 252
908 253
425 254
617 254
538 257
889 258
981 258
660 260
102 260
115 260
892 261
476 262
747 263
435 263
387 264
233 266
721 268
914 268
239 268
94 270
834 271
873 272
132 273
724 274
541 275
828 275
247 275
888 281
81 281
225 281
274 282
708 283
964 283
125 285
442 288
289 288
755 288
440 289
206 292
538 292
355 293
128 294
24 296
118 298
123 299
257 300
293 300
639 302
973 302
89 303
775 305
951 305
372 307
58 309
182 309
225 309
382 310
556 311
777 311
911 312
8 315
193 316
653 316
217 318
132 318
16 320
768 320
979 322
274 323
268 327
153 329
999 330
378 330
203 330
570 331
659 331
220 332
330 332
23 337
636 337
469 337
960 338
737 339
156 341
241 341
760 342
164 342
749 342
500 342
373 345
733 350
30 353
988 353
972 354
396 355
556 357
946 358
893 360
203 361
347 363
534 364
731 364
341 366
978 367
874 368
855 368
107 369
780 371
114 372
12 373
905 376
706 377
337 377
601 378
175 381
127 382
241 383
479 385
916 385
701 386
385 387
224 390
107 390
30 390
867 390
743 392
170 395
759 396
926 396
771 398
168 399
215 399
854 401
529 402
907 404
294 405
298 405
343 406
630 406
788 407
657 407
400 409
263 411
298 411
392 414
96 414
227 415
87 417
566 417
686 418
839 419
832 421
392 421
990 423
884 425
454 426
769 427
604 427
647 428
388 429
423 431
450 434
349 435
328 435
474 436
123 439
208 439
17 439
537 440
789 441
621 441
119 445
500 446
636 448
325 448
179 450
463 450
611 450
436 450
530 450
41 452
703 453
185 453
710 454
230 455
357 455
619 458
391 459
683 461
628 463
588 464
173 466
114 466
359 469
391 469
104 472
41 473
641 473
544 474
780 476
551 477
197 478
285 479
133 479
379 479
654 481
904 481
485 482
260 483
388 485
644 485
708 487
857 487
885 490
234 492
580 493
146 494
100 496
353 496
471 496
406 498
783 498
835 498
385 501
760 502
916 506
507 508
986 510
578 511
845 512
577 513
948 513
139 513
806 515
748 515
686 516
684 516
704 516
696 516
318 518
994 518
568 519
312 521
789 521
364 522
180 522
65 522
169 525
159 525
428 526
615 529
724 531
710 532
605 532
733 533
845 533
753 534
368 535
151 535
780 536
1000 536
372 537
871 537
806 543
167 544
79 544
266 545
258 547
316 548
686 549
398 549
399 550
199 551
889 553
803 556
424 556
28 559
650 560
704 562
594 562
621 563
620 564
388 565
334 566
113 567
109 568
167 569
786 571
876 571
199 574
653 578
458 578
19 578
119 581
148 582
611 583
788 583
961 585
683 586
500 587
614 587
245 588
220 588
858 590
561 594
604 595
81 595
748 595
572 595
100 595
256 598
122 599
683 599
464 599
471 603
687 603
423 604
887 606
265 606
84 609
656 609
461 610
54 610
761 610
210 610
536 611
662 612
706 613
793 613
124 615
40 615
344 616
955 617
461 621
846 621
268 622
705 623
737 623
999 623
552 624
221 624
355 626
863 627
693 628
699 628
358 630
5 632
291 632
105 633
148 634
390 634
908 635
806 636
269 636
402 636
425 636
199 637
765 639
366 640
409 641
605 642
454 642
629 643
342 644
522 644
796 644
852 645
298 647
516 647
371 649
492 650
928 651
542 651
236 655
38 655
529 656
400 658
518 661
881 661
477 661
645 663
207 663
746 663
365 664
659 667
612 667
790 668
945 669
313 670
830 672
129 674
298 677
666 679
519 682
500 683
395 683
886 686
101 687
983 687
712 690
797 690
537 691
554 692
905 693
208 695
337 697
705 697
292 698
943 700
46 703
163 703
339 705
698 705
816 706
594 708
215 708
123 708
810 709
171 709
265 709
965 709
126 709
550 709
201 710
406 711
478 711
704 712
494 712
783 713
624 713
103 714
777 717
727 717
733 717
757 717
801 718
71 719
992 721
185 722
202 724
807 725
984 725
193 726
844 726
541 727
933 730
962 730
375 732
173 733
400 735
425 736
513 737
471 742
680 742
768 742
901 743
715 744
566 746
67 747
200 749
867 749
645 750
88 751
69 752
708 752
218 752
434 753
681 753
517 754
185 755
501 755
135 755
6 756
587 756
828 756
536 758
150 758
899 758
567 758
902 759
549 760
575 761
223 763
920 763
229 764
541 764
990 765
849 765
567 766
967 768
571 768
655 768
458 770
297 771
683 771
220 771
140 775
99 776
785 776
477 778
721 779
386 779
768 781
52 781
104 784
46 784
225 784
818 786
710 789
483 789
625 789
11 791
867 791
885 791
705 792
870 792
474 792
749 793
535 795
700 798
569 800
655 801
503 802
793 802
524 802
348 803
780 806
538 807
50 810
331 814
99 814
296 818
115 819
89 820
261 822
70 823
171 827
302 828
676 828
555 831
958 834
322 835
991 835
639 837
743 838
853 839
50 840
161 841
158 841
964 844
767 845
620 845
540 849
500 850
905 852
493 852
465 854
133 855
725 856
201 857
609 858
316 861
75 861
678 862
976 862
936 862
630 864
294 866
209 867
345 868
724 869
133 869
561 870
601 870
36 872
317 873
346 875
587 875
652 877
788 880
64 880
876 881
502 881
877 884
158 886
505 890
780 890
203 891
776 892
512 892
778 894
1 895
837 896
736 900
493 901
791 901
567 901
859 902
844 902
236 902
516 905
115 908
582 911
42 912
698 912
425 914
287 915
929 916
454 916
443 917
360 917
443 917
199 920
308 921
100 921
982 921
77 924
924 925
73 927
931 928
577 929
164 930
43 930
977 930
279 930
306 931
995 932
487 934
173 934
299 935
735 936
426 936
439 945
758 945
473 946
9 947
797 947
750 947
483 953
941 953
821 955
236 958
837 961
526 961
888 964
106 965
110 965
627 965
575 967
172 969
351 970
223 970
95 971
335 971
791 973
580 973
477 975
881 975
920 976
714 978
404 979
151 979
305 981
770 983
588 983
188 986
625 986
316 989
692 989
739 989
145 990
535 990
133 993
199 995
749 995
40 996
333 996
840 997
241 999
515 999
922 1000
