69
348 14
327 35
58 67
336 76
523 95
365 104
207 107
307 121
671 140
433 140
176 145
406 151
196 257
451 270
841 299
64 306
252 315
938 322
183 330
113 333
686 340
155 353
99 354
650 358
229 363
320 370
237 393
474 438
68 443
419 445
61 451
314 457
519 477
335 480
707 485
229 492
342 493
286 510
192 522
357 543
457 553
270 560
369 612
103 642
887 686
486 700
503 703
531 706
969 740
546 741
671 782
445 788
982 792
201 815
942 822
504 824
309 844
153 875
108 906
989 919
160 921
981 921
579 938
581 963
96 964
258 965
566 965
18 977
230 978
