1000
286 1
492 2
77 3
512 3
939 4
114 7
756 7
739 7
787 8
500 8
291 8
540 8
591 11
974 11
749 13
738 16
781 16
265 18
193 18
662 18
885 19
1 19
449 19
288 19
520 20
446 21
123 22
376 23
684 23
310 23
74 24
631 24
725 24
192 25
153 25
559 26
961 28
719 29
695 29
751 29
418 30
609 31
770 32
662 32
645 33
355 34
862 35
912 36
745 37
155 37
434 38
607 38
947 39
206 39
274 42
726 42
189 43
456 44
526 44
894 46
987 46
389 47
980 51
251 52
567 53
955 53
216 54
407 55
32 55
558 56
36 58
268 58
589 58
526 60
379 60
14 60
641 60
345 61
31 62
115 64
593 64
322 64
698 65
494 67
149 67
239 67
113 69
619 69
29 71
74 71
840 73
167 74
701 74
99 74
211 74
11 75
999 78
161 78
984 78
937 80
227 83
988 83
982 83
330 86
148 86
616 87
210 89
287 92
6 93
882 93
650 93
442 94
947 95
26 96
244 98
923 101
292 101
380 101
683 102
388 102
814 103
869 103
165 104
213 107
605 109
172 112
316 112
442 112
841 115
832 116
964 117
771 117
261 118
57 120
730 123
232 123
155 124
323 124
469 126
1000 126
758 126
874 127
333 127
192 128
547 129
189 129
104 130
620 131
99 132
681 133
935 133
593 134
873 134
652 135
638 136
805 136
288 136
531 137
305 138
468 139
2 139
347 139
82 140
39 141
320 142
442 142
902 142
618 142
519 143
647 145
913 147
73 148
406 150
502 150
100 151
620 152
485 152
30 154
891 155
530 156
449 157
649 157
115 158
951 158
565 159
358 159
745 160
116 160
451 160
265 161
387 162
44 162
207 162
46 164
470 164
17 165
262 166
31 167
104 170
984 171
738 172
181 172
890 173
929 173
618 174
94 175
525 175
206 176
696 177
759 177
821 180
318 181
371 181
389 182
305 182
104 183
815 183
101 185
675 187
941 189
102 189
37 190
332 192
514 192
168 194
923 195
396 196
686 196
269 196
286 197
12 197
381 197
962 200
185 202
355 202
359 203
317 203
109 204
571 204
360 206
749 206
455 208
929 209
627 210
377 210
909 211
645 211
739 212
707 216
162 217
673 218
41 221
788 221
16 221
167 222
413 224
282 224
373 225
555 226
712 227
456 228
929 230
631 232
178 232
685 233
632 238
792 238
929 238
621 238
631 239
551 240
789 240
138 240
234 240
436 241
241 241
928 242
91 242
743 243
822 245
693 246
340 249
483 249
415 253
943 255
451 255
339 255
958 258
748 259
577 261
523 262
801 264
893 264
257 265
235 267
599 268
225 268
96 270
412 271
104 272
667 273
139 276
591 279
134 280
447 282
994 283
527 284
201 285
27 285
699 285
115 287
985 287
982 289
431 290
415 291
53 293
603 297
315 297
552 298
585 298
121 299
169 299
901 302
909 302
489 304
375 306
626 307
954 310
169 310
251 311
990 312
979 314
714 314
888 314
300 315
476 317
981 317
245 318
198 318
73 319
521 319
827 320
670 321
400 322
378 326
726 327
665 328
437 328
418 329
148 329
186 329
535 329
370 332
35 333
248 333
763 335
105 335
914 336
704 336
7 337
213 338
879 338
111 338
17 338
92 339
555 340
713 341
617 342
257 342
884 342
883 343
496 343
363 344
860 344
780 346
626 351
406 352
549 353
266 354
978 355
563 355
897 356
352 358
491 360
993 361
647 362
773 363
739 364
396 367
81 369
754 369
54 369
860 370
939 370
522 371
850 371
154 372
206 373
753 375
475 376
873 377
607 377
39 379
450 380
643 382
743 383
884 384
701 384
809 384
502 386
615 389
463 389
907 390
505 392
406 392
733 392
145 393
184 393
499 393
888 397
778 401
988 401
490 402
24 402
783 403
374 405
144 409
902 410
727 411
425 411
47 412
994 413
91 414
904 414
988 417
178 418
530 421
498 422
908 426
587 428
717 429
776 429
808 431
624 431
923 432
678 433
857 433
249 433
444 433
562 433
744 435
640 435
107 437
536 437
989 437
770 437
51 438
271 438
88 439
15 440
738 443
70 444
442 449
172 449
195 451
946 452
512 452
929 452
827 453
773 455
291 455
138 456
900 457
153 460
836 460
115 461
68 466
84 467
372 467
113 468
24 474
484 474
69 474
735 475
546 475
585 477
9 480
698 480
877 483
450 484
794 487
295 488
513 488
867 489
30 489
612 490
623 491
287 494
850 497
451 499
920 500
113 501
750 502
300 502
621 503
541 505
749 506
450 506
158 507
108 507
282 509
238 510
709 512
160 513
463 513
227 515
788 515
421 516
47 517
220 517
911 519
450 520
62 521
866 522
592 524
262 526
330 527
303 528
125 528
515 530
971 530
848 532
572 539
868 539
208 540
970 541
571 544
287 544
143 544
164 545
778 546
214 546
982 547
595 548
958 550
30 550
666 551
23 551
33 553
646 554
589 555
669 556
701 557
352 559
48 560
234 562
384 563
784 564
617 565
243 567
969 568
428 568
512 569
536 570
984 570
208 572
395 574
618 575
640 575
888 577
149 577
432 578
748 579
828 579
193 579
965 582
817 586
592 587
568 589
842 592
844 592
847 593
269 594
311 595
191 596
199 596
110 597
354 598
345 600
222 600
289 601
392 601
275 601
873 602
2 604
251 605
361 605
715 605
688 605
587 609
171 609
290 612
76 613
833 613
815 615
473 617
470 617
702 618
604 620
877 620
574 623
491 625
658 626
561 627
657 627
385 631
192 632
303 632
121 633
318 634
659 635
17 636
87 637
576 638
503 639
61 639
194 640
750 642
536 646
959 646
349 646
482 646
335 648
5 648
934 650
56 652
549 654
823 655
824 656
176 657
679 657
834 657
611 658
516 658
241 662
131 662
878 662
981 663
739 663
960 665
647 666
581 666
103 667
265 667
810 667
187 668
688 670
366 670
759 670
578 671
48 672
861 672
163 672
253 674
753 674
424 676
60 677
137 677
889 677
735 677
564 678
338 679
668 679
837 681
400 682
633 685
578 688
458 689
164 692
495 692
140 693
234 694
47 694
292 695
958 697
666 699
797 700
727 700
891 701
526 701
606 702
650 702
805 704
181 706
189 706
205 706
451 707
706 707
969 710
551 711
682 711
820 711
560 712
497 714
151 714
888 715
687 715
59 717
8 717
478 717
4 718
112 718
373 719
185 720
889 720
196 722
244 722
467 723
862 724
503 725
491 728
946 730
241 730
333 731
434 731
236 732
285 734
764 734
511 740
683 741
725 741
205 741
513 742
583 744
895 745
388 746
588 746
396 746
128 747
874 747
967 748
503 749
664 750
389 752
881 753
1000 753
333 754
203 755
590 756
629 757
76 758
468 759
655 759
393 759
128 760
593 760
158 760
977 761
837 761
193 762
499 762
191 763
663 763
256 763
512 764
247 764
11 764
925 766
242 768
445 768
207 771
713 774
142 775
666 777
496 778
817 778
110 778
261 778
302 779
622 780
123 782
290 782
177 783
241 784
679 784
17 785
466 785
81 789
419 791
851 792
20 792
877 794
132 795
278 795
714 797
36 799
823 799
815 800
394 800
358 801
694 801
45 801
938 802
348 803
451 804
698 805
15 806
173 807
619 807
144 807
138 809
473 810
368 811
214 813
859 813
570 813
172 814
883 815
242 815
690 816
674 816
971 816
763 819
30 820
276 821
685 822
174 822
369 823
803 824
46 824
468 831
315 833
995 834
479 834
593 834
500 839
801 840
912 844
834 845
785 845
839 847
287 850
911 852
762 853
730 853
519 855
386 856
592 856
532 858
334 860
760 861
800 861
793 861
216 861
611 863
99 864
635 864
57 864
757 865
785 866
892 868
369 870
644 871
184 871
697 872
505 873
818 873
539 875
579 880
249 881
467 885
430 886
953 886
955 887
292 887
403 889
755 890
854 890
511 891
371 891
809 892
693 893
951 893
204 894
568 894
853 894
449 895
248 896
595 898
618 898
575 899
234 899
613 899
924 899
120 900
759 900
946 900
972 901
452 902
158 902
540 904
55 904
682 905
29 905
14 906
467 907
989 910
228 913
312 915
429 918
284 918
803 920
508 921
439 922
882 924
598 925
469 929
33 930
201 930
55 930
754 931
939 931
123 932
328 933
625 934
332 935
542 935
165 936
927 937
616 937
254 938
82 940
227 940
723 940
13 940
211 941
458 942
541 942
350 942
346 942
114 942
439 944
129 944
563 946
160 947
267 948
458 950
323 950
358 952
467 952
347 955
511 957
613 960
350 963
618 963
229 963
251 965
46 966
271 967
414 968
328 969
46 971
159 971
14 972
953 972
560 973
812 973
756 973
128 974
770 975
727 975
226 978
874 979
607 981
624 981
985 984
579 984
111 985
684 985
47 986
950 989
320 991
255 991
597 991
638 992
853 994
232 994
222 994
42 994
872 994
58 996
863 996
576 997
892 997
982 997
355 999
156 999
288 999
282 999
629 1000
