1000
332 0
720 0
857 1
609 2
430 3
767 3
216 4
599 4
490 6
531 8
562 9
354 11
155 13
135 14
48 15
494 17
310 17
22 17
333 17
583 18
77 19
645 19
418 20
183 21
876 21
547 21
494 23
591 26
13 26
688 27
763 29
314 29
473 31
559 31
561 34
931 34
783 35
20 37
810 37
355 39
378 41
583 42
610 44
142 44
330 44
316 47
27 48
613 48
644 49
209 50
188 51
529 52
884 52
295 53
148 53
330 55
332 56
642 56
829 57
164 57
155 58
370 59
332 61
609 63
232 64
925 65
991 67
617 69
757 70
390 71
232 74
512 75
637 76
360 78
476 80
702 81
755 82
169 83
675 83
317 87
97 88
374 91
868 91
890 91
832 93
625 94
375 95
797 96
310 97
238 100
288 101
848 101
378 101
459 103
117 104
219 106
9 107
414 109
243 112
133 113
444 113
717 116
279 117
100 118
944 118
574 119
310 119
507 120
126 120
172 121
517 121
686 124
750 124
781 125
929 125
182 125
725 125
578 126
515 126
463 128
4 128
299 129
961 129
63 131
888 131
887 134
584 134
521 135
308 136
409 137
979 138
823 138
359 139
900 141
84 141
503 143
833 145
345 146
332 146
597 146
737 147
212 148
326 148
582 150
216 151
831 151
42 151
352 154
42 154
597 156
2 156
853 156
198 158
988 158
449 158
457 160
31 160
622 161
373 163
992 165
460 165
533 166
420 169
287 169
160 170
805 170
701 171
189 173
697 173
758 173
991 176
160 176
797 177
596 177
477 179
549 179
805 180
556 181
955 181
474 183
55 184
745 184
706 184
754 185
564 186
342 186
146 186
387 188
969 189
146 189
576 190
905 192
754 194
461 195
811 196
842 196
210 196
783 198
437 198
923 200
323 202
895 202
737 203
385 205
79 205
634 206
491 207
912 208
417 208
962 208
923 209
36 211
811 214
934 216
801 219
624 220
590 221
849 223
609 223
377 225
505 227
74 229
488 229
355 230
720 230
270 231
759 231
919 231
854 232
343 234
274 236
35 238
392 238
506 239
713 239
508 240
99 244
953 245
403 245
280 246
213 248
354 253
787 254
893 255
534 256
996 256
570 256
687 257
351 259
266 260
280 261
882 261
482 261
955 262
576 266
493 268
703 269
221 269
296 272
777 273
205 273
674 273
862 274
236 277
404 277
944 278
120 279
196 281
632 283
551 283
871 284
92 286
139 287
432 287
216 287
845 287
508 288
396 291
738 291
843 292
702 293
728 294
62 294
587 297
192 297
351 298
298 300
580 303
766 303
834 304
84 305
62 305
949 306
30 308
336 308
241 309
622 310
579 310
81 311
684 312
874 313
221 313
755 314
682 316
571 317
515 317
877 318
930 319
471 320
932 321
519 324
400 324
198 325
827 326
380 328
200 331
275 332
31 332
977 332
326 334
907 334
647 334
230 335
571 335
561 335
846 337
285 337
259 342
469 342
427 344
680 344
330 345
599 345
834 346
411 347
113 347
148 347
747 348
270 348
509 351
608 353
362 353
802 353
761 353
875 355
196 356
573 357
27 358
867 358
721 359
442 360
433 360
446 361
192 361
215 362
146 364
562 364
553 364
491 365
344 366
560 366
29 368
282 368
624 369
301 370
496 371
203 372
795 373
449 374
43 375
955 376
148 377
981 378
961 380
736 380
544 381
303 382
24 382
315 384
367 386
936 388
118 389
936 389
823 389
495 390
115 391
752 393
753 393
193 396
895 396
363 398
112 400
354 400
474 401
232 403
970 403
319 404
976 404
23 405
737 409
646 414
569 415
312 420
208 421
578 422
336 424
527 428
785 428
877 429
96 429
170 430
785 431
468 432
148 433
471 433
575 438
312 438
199 439
96 439
234 441
639 441
140 443
382 444
789 445
604 446
825 447
683 447
499 448
290 448
16 449
557 449
850 449
139 451
490 452
440 452
209 453
601 454
86 455
662 455
634 456
755 458
307 459
25 460
786 461
158 462
968 466
385 466
968 469
132 470
454 470
349 470
1000 471
75 472
140 473
201 475
411 476
792 477
772 477
188 479
657 480
197 480
659 481
944 481
40 482
337 482
617 482
585 483
42 483
935 485
842 485
489 487
534 489
101 491
738 491
733 491
63 492
928 494
572 494
157 494
804 495
913 496
520 497
412 497
73 498
743 498
532 501
581 503
732 507
896 508
484 508
681 509
472 510
509 511
965 511
618 511
906 511
805 512
250 513
471 517
704 518
272 519
470 519
227 520
434 520
997 520
774 523
765 525
477 525
625 525
144 526
558 529
928 529
518 530
162 532
568 534
459 534
350 535
486 536
667 537
942 538
191 541
832 543
989 543
32 544
597 544
717 544
880 544
948 544
451 545
338 546
361 547
874 548
410 548
551 550
632 550
700 552
962 556
395 556
419 560
774 561
623 563
807 563
398 564
457 566
384 566
329 567
458 568
70 569
502 569
106 569
406 570
564 572
849 574
755 575
809 576
268 576
474 577
121 577
379 577
339 577
976 577
559 578
221 578
238 579
691 579
56 579
171 581
773 583
293 584
604 584
399 584
377 584
832 586
63 586
695 589
130 589
261 590
619 590
476 592
721 592
140 592
620 593
449 598
676 600
228 600
951 604
436 607
389 608
363 608
26 609
380 610
808 611
375 612
714 614
871 615
785 616
385 618
853 618
207 618
734 618
581 619
42 619
263 620
719 620
132 622
15 622
198 627
176 627
548 628
826 631
843 631
20 632
367 632
367 632
727 633
929 634
373 634
824 636
517 636
842 637
228 639
994 639
897 639
778 640
734 640
474 641
255 641
467 643
938 643
905 644
52 645
34 647
597 647
636 648
101 648
695 649
968 650
211 650
645 650
676 653
130 653
725 655
646 655
319 656
358 656
245 656
324 656
532 656
480 658
94 658
149 658
274 659
868 659
937 660
77 661
879 661
416 662
491 662
793 663
780 663
352 663
856 664
804 665
629 666
164 666
457 669
497 669
296 669
671 671
51 672
189 673
130 673
736 674
947 675
195 675
268 680
421 681
650 681
696 682
769 682
797 683
835 684
376 685
771 686
608 687
457 687
284 690
607 695
601 696
96 696
126 699
304 700
534 700
233 703
560 704
958 704
836 706
330 708
25 708
262 708
844 714
835 715
978 717
232 721
627 721
186 722
391 723
43 724
544 724
406 724
125 727
974 728
823 728
870 728
650 729
6 730
995 731
932 732
718 733
306 734
974 735
790 735
267 735
984 736
455 737
124 738
318 739
513 739
254 739
557 740
361 740
722 740
438 740
353 741
408 741
463 742
150 742
157 742
448 742
434 744
213 746
511 747
319 748
423 749
967 749
656 751
121 751
333 752
784 752
499 756
19 759
461 760
68 761
136 762
579 765
329 765
940 766
932 767
516 767
783 767
533 773
623 774
36 775
760 776
539 777
483 778
926 778
421 779
232 781
645 781
4 781
937 781
571 782
857 782
523 783
825 783
685 786
804 786
390 786
526 786
695 786
266 786
389 787
882 788
579 788
750 789
179 790
487 792
33 792
254 793
503 794
43 795
518 795
172 796
622 796
132 799
34 800
856 801
573 802
151 802
911 803
543 803
769 804
275 805
738 805
392 806
255 810
700 810
287 810
825 810
664 811
378 812
737 815
519 815
168 817
226 817
955 817
788 820
989 820
611 821
935 824
445 825
379 825
568 826
525 827
746 827
104 828
750 828
595 832
854 833
513 834
720 834
504 837
236 837
902 839
989 839
976 839
292 839
632 840
23 841
639 841
158 841
846 841
133 843
510 846
473 846
467 847
722 848
341 849
252 849
768 849
227 850
603 850
231 850
139 852
172 854
954 854
113 855
244 855
374 856
329 856
617 856
891 857
27 857
953 858
413 858
21 859
407 860
715 863
257 865
298 866
214 866
173 868
932 868
548 868
608 868
542 869
342 870
502 870
983 870
550 870
634 870
619 872
767 878
672 878
33 880
450 881
520 881
796 881
729 882
376 886
382 887
823 887
170 887
793 889
336 890
224 891
294 891
785 894
972 895
250 897
678 899
933 900
465 901
749 903
71 903
404 904
430 905
207 906
619 906
256 907
254 907
766 909
868 909
654 910
403 911
742 911
980 913
633 913
61 913
669 913
965 914
276 916
263 916
476 917
121 918
891 924
933 925
341 925
101 927
407 927
302 927
650 928
429 929
54 931
817 933
743 933
637 935
670 935
646 937
614 937
887 937
792 937
820 937
361 940
63 945
435 945
934 947
532 947
121 948
581 949
374 951
761 951
282 952
879 952
445 952
184 952
39 952
873 953
259 954
562 956
684 956
886 957
350 959
411 959
27 960
48 965
86 968
559 969
810 971
483 972
31 973
145 974
706 975
226 975
119 975
756 978
331 978
413 978
846 980
40 980
421 983
743 983
549 983
403 983
186 984
444 984
64 985
107 986
673 987
383 988
77 988
778 989
62 989
17 990
245 991
109 991
170 995
966 996
409 998
