378
266 0
158 0
944 1
940 5
308 7
566 10
484 11
62 13
796 16
5 24
713 24
62 26
168 27
745 27
746 28
280 30
484 31
103 32
909 33
818 34
210 39
95 45
632 46
883 48
606 49
595 49
346 60
951 61
15 68
455 71
374 71
225 73
906 77
978 78
883 80
859 82
351 83
462 95
466 96
172 99
476 103
182 104
669 108
541 109
661 110
757 111
77 111
201 115
92 116
472 117
710 120
41 122
681 122
835 125
404 125
318 135
390 136
601 138
155 140
845 146
688 149
197 155
553 163
293 164
34 171
781 171
586 175
302 182
111 183
75 184
921 185
299 195
711 205
63 215
981 216
192 218
671 219
518 220
352 220
313 226
85 229
96 232
436 233
247 238
903 239
636 240
878 248
161 252
546 253
229 256
60 256
685 258
652 265
975 266
196 267
698 268
194 269
239 272
364 273
491 274
389 274
788 275
72 277
10 278
649 278
625 287
452 294
64 295
628 295
473 296
8 298
998 301
28 305
191 306
66 308
656 309
80 311
685 311
991 312
952 314
735 316
352 322
953 326
977 327
91 328
695 330
828 333
932 336
994 338
397 338
262 343
24 343
193 347
442 349
357 361
168 364
427 369
675 370
505 374
968 374
337 384
911 384
621 387
470 387
243 389
20 390
268 398
485 403
379 405
713 410
65 411
415 411
129 421
253 422
761 424
308 426
929 434
26 437
580 437
858 448
49 449
950 457
816 459
749 460
311 461
289 462
485 462
6 463
386 464
86 465
851 467
244 469
316 469
847 473
785 479
240 480
343 480
22 483
311 485
557 491
165 492
910 494
867 503
689 505
546 506
579 507
806 509
699 513
321 514
274 517
686 517
130 522
237 529
765 534
461 535
478 539
612 540
928 553
98 557
104 564
434 564
92 570
370 570
416 574
858 577
184 579
725 582
960 586
198 593
544 593
272 596
973 597
310 600
197 603
940 605
177 605
188 606
370 606
647 606
77 611
373 613
433 616
590 618
765 625
663 626
901 627
517 627
78 629
380 629
594 630
994 632
3 632
913 641
140 642
36 656
533 658
12 660
29 661
725 662
543 667
235 669
235 671
316 672
522 672
644 678
935 679
282 679
40 687
757 690
491 693
165 694
861 694
609 695
693 695
716 695
546 696
207 699
712 704
320 704
454 706
410 708
306 711
226 715
739 719
51 720
559 720
548 722
478 726
12 729
539 731
420 732
751 735
91 737
190 737
602 740
562 744
205 746
177 746
144 747
245 748
839 750
812 752
786 753
926 754
133 760
285 760
773 761
926 764
324 764
313 767
844 771
544 774
490 778
383 780
649 782
719 786
909 789
477 791
993 792
200 794
325 800
269 804
740 804
228 805
116 806
954 811
496 815
34 817
688 818
84 818
66 830
953 831
151 839
393 844
679 848
491 852
603 852
47 854
197 854
412 857
397 861
107 864
406 865
750 874
490 880
773 881
306 881
907 884
403 885
853 888
798 888
746 892
935 892
414 898
21 900
384 907
749 909
187 909
804 911
221 913
123 915
997 919
992 920
183 922
180 923
444 923
793 923
572 924
954 927
311 928
192 937
322 937
752 943
886 944
157 946
177 946
333 949
811 953
120 956
191 962
784 963
292 964
507 967
28 968
125 970
83 970
681 971
485 976
82 977
274 978
646 982
288 986
71 988
28 988
376 991
683 995
742 996
591 996
