1000
141 1
599 2
835 2
579 3
304 6
311 7
956 9
292 10
865 10
96 13
604 13
453 15
107 16
861 17
624 18
423 18
534 18
283 18
603 18
515 21
415 22
565 25
263 25
41 25
182 26
369 27
136 33
332 34
452 35
420 36
940 37
812 37
298 38
761 38
1000 39
316 39
797 40
154 40
83 41
711 41
860 41
870 41
472 41
650 42
1 43
467 45
5 45
444 49
810 49
369 54
316 54
117 56
329 57
410 57
969 58
829 58
44 58
155 60
553 61
768 61
121 63
590 63
875 64
400 66
569 67
35 69
824 70
11 72
1000 73
602 73
542 74
926 74
171 79
874 83
483 83
401 84
918 85
305 85
4 86
707 88
836 89
510 89
281 90
458 90
728 90
193 92
855 92
282 92
461 93
609 96
623 96
813 96
14 99
94 99
515 100
609 100
209 102
433 103
585 105
539 111
966 112
893 114
634 115
837 115
359 116
137 119
662 120
470 122
848 123
390 124
425 124
344 125
303 126
21 126
817 127
729 129
80 130
262 130
414 130
562 131
634 132
239 134
886 136
236 136
626 136
448 138
128 139
548 142
135 143
661 145
309 145
771 146
492 147
807 149
513 150
769 151
669 153
278 154
433 156
773 156
484 162
893 162
351 163
448 167
538 168
405 168
440 168
661 169
10 169
121 170
227 172
507 174
543 175
996 179
285 179
285 182
796 183
511 183
414 188
820 189
528 190
712 191
600 191
528 191
827 192
374 192
281 193
210 193
100 193
626 194
267 195
451 195
193 196
611 197
731 197
697 197
450 198
611 198
550 200
956 202
674 202
418 202
459 202
905 203
823 206
912 209
142 209
414 209
687 210
581 212
647 215
651 215
227 215
875 216
980 218
382 218
391 218
998 218
716 219
463 220
91 220
845 221
705 222
441 223
87 223
29 223
958 224
664 225
779 226
958 226
576 227
955 227
314 227
907 228
448 229
749 232
492 233
223 233
46 235
458 235
839 235
109 236
352 237
736 237
593 238
186 238
960 239
120 242
70 242
254 243
544 244
435 246
816 246
396 247
874 248
366 248
680 248
785 249
431 249
130 250
174 250
524 252
758 253
376 254
109 259
634 259
845 260
314 260
57 261
398 261
428 266
564 269
576 270
643 271
190 272
589 273
289 274
317 275
331 275
924 276
435 276
911 277
584 279
270 282
724 282
126 283
671 284
443 284
176 286
176 288
105 289
717 290
131 290
189 292
661 292
19 292
536 292
891 293
464 296
42 298
889 301
151 301
478 301
385 306
54 307
912 307
294 308
298 309
304 310
242 312
268 312
549 312
923 314
715 314
533 314
377 314
450 315
875 317
483 318
526 319
957 321
714 321
786 323
399 325
732 326
502 326
841 328
416 329
46 330
659 330
608 331
727 332
7 334
460 336
425 336
279 337
984 338
935 338
187 339
549 340
34 343
177 343
537 344
875 346
958 346
945 347
57 347
253 348
617 349
649 349
232 350
809 350
879 350
618 352
677 353
363 353
409 355
606 355
464 355
175 356
870 356
674 356
284 357
441 357
22 358
235 359
399 360
372 360
936 361
813 362
181 362
687 363
883 364
189 365
380 365
1000 367
703 368
676 369
304 369
967 369
551 370
187 370
378 370
478 374
83 377
641 377
564 378
14 378
745 379
119 380
109 380
278 381
987 382
604 384
964 385
72 386
707 387
641 388
371 389
653 391
892 393
801 393
318 396
871 396
169 398
721 398
998 399
877 400
272 400
825 401
179 401
648 401
329 402
20 402
233 404
196 404
288 405
947 406
696 407
954 408
292 408
772 409
656 410
615 410
833 414
205 415
974 415
589 417
469 417
909 418
83 420
233 422
473 422
198 425
95 425
352 425
42 426
376 428
895 428
900 429
728 429
41 432
269 433
921 433
765 434
388 434
360 435
914 439
637 440
951 440
136 440
473 443
965 445
853 445
647 445
736 447
869 448
65 449
671 449
637 449
818 449
585 450
789 452
787 452
402 453
384 453
736 456
724 456
15 457
874 461
523 461
766 461
633 462
304 463
476 463
817 464
865 467
407 468
51 468
425 469
911 469
710 469
851 470
235 477
527 478
728 480
605 481
274 481
468 482
464 488
79 489
545 490
718 490
398 492
302 493
352 495
752 495
176 496
137 496
33 497
374 498
704 500
272 501
457 501
814 501
809 501
281 501
254 501
232 504
173 505
33 506
151 507
369 507
175 509
37 510
200 511
631 511
672 513
976 513
215 514
276 514
369 515
541 516
49 516
912 518
457 518
11 520
618 522
213 524
355 524
369 524
885 525
200 525
62 526
466 527
96 529
840 529
122 529
638 530
166 530
427 531
171 532
642 534
967 535
836 538
654 538
340 538
62 541
441 541
475 542
452 544
93 545
436 545
199 545
515 546
949 546
286 548
134 548
77 549
420 551
318 553
161 554
448 556
260 557
940 559
498 560
98 561
606 563
49 564
821 565
747 566
670 567
358 567
119 568
894 569
340 570
206 572
973 573
635 573
730 573
296 575
466 582
543 582
373 582
486 584
815 586
575 587
22 588
848 588
73 588
690 589
274 589
96 590
110 591
642 592
312 593
775 594
424 594
840 594
829 596
576 596
409 597
42 597
244 598
953 598
10 599
97 599
402 599
63 601
527 602
907 602
361 602
962 603
719 605
196 605
903 609
845 609
302 609
953 610
276 611
747 612
493 616
571 616
36 618
792 619
177 620
812 623
181 627
693 627
442 627
572 632
723 633
467 635
523 635
808 637
985 637
521 637
742 637
332 638
191 639
120 639
718 640
669 641
9 641
927 641
997 643
754 646
742 646
802 646
770 647
631 647
461 649
526 650
53 651
24 651
435 653
855 653
158 654
999 654
365 655
479 656
147 657
358 658
702 659
182 660
655 660
98 661
445 662
307 663
466 664
22 666
863 667
210 668
460 669
153 670
309 670
678 671
752 672
993 672
725 674
186 676
320 676
575 677
158 677
592 681
589 684
810 685
452 688
395 689
157 689
617 689
148 690
968 692
21 693
56 694
865 695
608 695
18 697
828 697
268 698
505 698
106 699
419 699
520 700
966 701
233 705
263 706
313 707
586 708
527 709
291 711
474 712
807 712
152 712
962 712
360 713
669 713
147 713
255 714
305 714
763 714
100 714
997 716
677 716
353 716
578 717
506 718
306 718
586 721
628 722
415 722
287 723
153 726
927 726
643 726
276 727
277 728
168 732
49 732
87 733
578 733
285 734
380 735
537 737
132 738
11 738
438 739
229 740
783 744
13 744
756 745
818 746
823 748
173 748
60 749
267 749
639 749
506 750
162 750
833 750
326 750
104 751
104 751
291 752
483 753
157 756
609 756
40 757
67 757
573 758
81 759
65 760
913 761
409 763
943 764
78 764
549 764
43 764
548 765
40 765
600 765
845 766
672 767
486 767
266 768
675 769
693 770
361 771
622 772
641 774
405 774
453 774
633 775
323 775
42 776
263 777
131 777
212 778
865 780
601 780
550 781
249 782
275 783
69 783
361 784
188 784
505 784
833 785
514 786
763 787
394 788
589 789
754 789
245 789
548 791
745 791
518 791
436 792
721 792
860 792
330 793
830 795
401 795
459 796
41 797
580 798
242 799
592 801
327 801
31 801
982 803
242 806
559 806
199 806
121 808
494 809
446 810
900 811
683 812
696 812
445 812
804 814
856 816
353 816
368 817
116 818
584 819
341 821
640 822
617 822
640 822
431 823
186 824
576 827
434 827
138 827
969 829
324 830
932 832
373 833
138 834
562 834
63 835
571 836
291 836
964 837
683 838
364 839
730 839
109 843
669 843
690 844
426 846
235 846
86 847
353 848
609 849
71 850
921 852
570 852
257 853
518 853
842 854
389 854
679 855
630 856
646 858
589 859
683 861
50 861
933 863
631 864
695 865
994 865
583 866
637 869
840 870
204 871
187 872
755 872
245 873
294 874
588 875
396 877
733 878
10 879
889 879
768 881
39 882
618 882
656 882
155 883
104 885
39 886
846 887
430 887
788 888
182 888
694 889
854 889
471 891
523 894
34 895
822 895
441 895
634 896
744 896
286 896
357 896
445 901
623 901
179 901
581 903
367 903
168 904
650 905
97 905
28 907
156 907
884 908
78 910
370 911
985 912
773 912
896 915
686 915
172 915
569 915
281 917
225 918
200 919
388 922
430 922
680 922
453 923
401 924
211 924
394 926
521 926
258 927
995 928
4 928
261 930
45 931
707 934
602 935
859 935
524 937
722 938
690 940
474 943
723 945
938 945
282 945
113 945
881 946
512 949
912 950
844 951
845 953
816 953
229 953
681 954
326 955
523 956
621 958
41 958
545 958
79 960
930 963
646 965
298 966
93 967
372 968
371 968
21 969
997 969
925 970
146 972
400 972
816 974
108 975
326 976
90 977
233 981
239 983
47 983
203 984
698 985
607 986
284 988
71 988
754 989
648 992
172 992
837 996
362 997
605 997
100 998
545 1000
