1000
309 0
60 3
389 5
313 6
844 7
322 7
433 8
79 8
97 8
181 9
286 10
993 10
269 10
947 11
673 11
920 12
751 12
218 14
721 14
405 15
328 15
949 16
146 16
903 17
940 17
534 17
112 19
516 19
188 20
797 20
264 23
628 25
862 26
961 27
523 27
968 27
9 27
696 29
768 29
806 30
743 31
672 33
181 33
259 34
876 36
305 39
951 40
799 42
986 43
793 43
492 43
791 43
549 44
314 44
296 44
769 46
293 47
111 48
68 49
633 50
299 50
250 52
411 53
905 53
365 54
524 56
5 57
9 57
466 58
253 59
498 60
763 61
342 61
459 61
67 62
516 63
398 64
625 66
388 67
108 67
125 69
699 69
624 70
667 74
557 75
245 75
822 76
169 76
448 78
806 78
6 80
420 81
731 81
7 82
448 84
862 84
780 86
61 87
95 87
948 89
453 89
706 89
225 90
300 90
880 91
755 92
296 92
556 93
518 93
88 94
679 95
905 96
199 100
558 100
781 103
497 103
860 104
32 104
672 105
453 105
137 106
978 107
535 107
856 107
384 109
601 109
904 109
409 110
101 111
93 112
173 114
133 116
154 116
902 116
660 117
334 118
692 119
562 119
208 120
473 122
219 122
812 122
327 124
19 124
957 124
784 125
860 127
848 128
395 133
196 141
535 143
425 143
147 144
407 146
815 148
800 149
629 151
384 152
413 153
679 154
10 154
208 154
650 155
743 156
398 156
311 157
794 157
79 157
356 158
507 158
968 158
766 159
668 161
280 165
245 166
421 169
287 171
795 171
152 171
707 172
64 173
435 173
473 174
267 177
315 177
484 182
112 185
95 185
214 187
940 193
811 193
258 194
388 195
938 197
436 198
811 199
13 199
915 201
960 201
925 203
398 203
492 204
937 205
535 205
538 205
181 206
960 206
471 209
928 211
497 211
561 212
996 212
519 214
938 215
876 216
190 216
21 216
893 218
446 221
477 223
946 224
368 225
984 226
614 226
826 226
45 226
229 227
134 229
807 232
612 234
200 234
20 236
158 236
366 238
32 239
22 240
396 243
806 243
737 245
478 245
329 246
516 246
489 248
416 249
148 249
476 250
24 250
398 251
141 252
337 252
731 253
854 254
114 254
912 255
215 256
856 259
481 261
667 264
785 264
138 265
408 266
414 268
229 268
840 269
639 273
690 274
99 274
992 274
564 275
219 277
90 277
820 278
428 278
160 281
334 282
999 283
584 283
133 284
669 285
663 286
800 288
40 291
750 293
614 293
896 294
359 295
706 295
1000 296
648 296
778 298
351 298
305 299
541 300
770 302
861 302
911 302
489 303
255 304
483 305
891 305
680 308
682 309
190 309
486 309
583 310
638 310
981 310
68 311
27 314
855 315
81 316
61 319
857 320
472 321
516 323
440 327
937 327
569 327
944 333
360 333
247 333
896 335
247 338
235 339
816 340
309 341
323 342
561 342
693 347
350 348
418 348
529 348
701 348
455 349
668 349
318 349
814 350
970 351
554 352
159 357
643 358
452 359
777 362
65 363
558 363
864 363
111 363
821 365
628 366
922 367
650 367
896 367
56 368
576 368
527 369
21 369
176 369
481 370
826 372
941 373
251 377
203 379
135 379
2 380
448 381
382 381
391 381
290 384
448 388
796 388
645 388
224 389
180 390
426 391
608 391
105 393
182 393
873 393
233 394
68 395
814 396
244 397
299 398
946 399
227 400
494 400
83 400
142 403
759 403
211 403
579 404
779 405
595 405
911 408
912 411
590 411
412 413
539 413
454 414
843 414
65 415
781 416
873 416
183 417
27 421
587 421
643 422
218 422
710 423
249 424
121 425
298 425
405 425
455 425
709 426
891 428
381 428
581 429
913 429
238 429
645 430
899 431
485 434
596 435
801 436
825 438
550 439
57 440
720 440
245 441
366 441
95 441
588 441
585 442
396 443
866 443
212 443
318 444
628 445
628 446
660 447
596 449
502 449
294 450
505 450
185 451
271 453
895 453
479 453
111 454
211 454
923 456
217 458
113 461
638 462
914 462
928 463
632 465
351 466
630 467
756 468
198 471
79 473
620 473
652 473
297 474
548 474
344 475
502 475
31 476
651 476
47 477
621 478
816 479
656 480
815 483
865 485
595 486
516 488
63 489
53 492
310 492
761 493
923 494
255 497
675 497
732 497
970 498
63 498
80 499
151 500
993 500
532 502
510 502
395 505
309 506
516 506
789 507
738 509
763 511
144 512
259 513
632 515
911 519
121 521
207 521
787 524
677 524
620 525
779 526
170 526
127 528
79 532
423 533
507 534
967 534
923 536
690 538
12 538
264 539
704 539
989 540
692 540
231 541
902 541
478 541
541 542
484 542
474 544
536 544
220 547
660 547
252 548
67 550
746 550
105 550
562 551
502 552
231 552
195 554
658 555
838 556
83 556
258 557
91 557
125 558
17 559
813 560
292 560
616 562
209 564
611 564
772 564
720 565
979 568
999 568
389 568
201 570
135 570
686 573
596 573
960 573
183 574
59 574
609 574
566 575
787 575
267 576
858 576
500 579
531 579
959 580
956 581
47 581
815 584
198 584
389 588
748 589
996 590
453 592
60 592
335 595
233 595
293 597
914 597
237 598
8 598
553 599
65 601
58 602
191 603
658 603
594 604
363 606
547 606
163 606
693 608
940 608
732 611
260 613
824 613
940 614
540 615
400 615
914 617
210 618
554 619
518 620
11 622
652 622
629 623
476 624
701 624
431 624
715 626
752 626
14 627
301 628
353 629
44 630
100 631
584 633
312 633
600 633
65 634
481 634
116 635
970 635
684 637
201 637
897 637
823 638
758 638
841 639
333 640
895 640
252 640
818 641
546 642
298 642
114 642
185 644
705 647
836 647
808 648
119 650
719 651
793 651
809 652
457 653
450 655
233 655
79 657
389 660
34 660
999 661
421 662
32 663
770 663
703 664
272 666
521 666
467 668
188 669
50 669
654 669
934 670
483 672
911 672
252 673
737 674
363 675
694 675
369 676
261 678
706 679
652 681
515 681
258 683
101 684
836 685
755 685
530 685
462 686
63 687
763 687
357 688
977 689
723 691
822 692
743 692
288 692
437 692
785 693
73 694
48 694
980 695
725 696
814 697
111 698
799 698
12 699
395 700
44 700
516 701
41 702
559 703
817 703
490 704
427 705
705 706
672 708
371 708
764 710
541 710
185 712
713 713
472 713
935 713
540 714
100 715
140 715
277 718
157 719
288 720
241 720
809 721
894 723
834 723
587 723
719 724
506 724
597 728
542 729
832 731
980 732
425 736
441 736
66 736
162 738
257 741
184 741
616 742
15 743
661 743
263 745
874 746
169 747
713 749
153 749
944 750
465 750
794 750
316 751
463 751
629 755
213 755
186 756
804 757
607 758
328 759
230 760
681 761
811 761
958 762
965 763
125 763
665 767
581 769
215 770
861 770
197 771
301 771
845 773
248 774
146 776
577 777
578 778
157 779
126 780
25 780
24 783
541 783
563 783
363 784
374 786
87 786
569 786
829 787
308 791
201 792
983 794
43 795
334 796
380 798
137 798
749 798
544 799
214 800
838 801
483 801
181 801
30 802
928 802
451 803
496 803
685 804
636 805
779 807
602 808
345 809
706 811
669 812
101 813
742 813
577 813
751 814
209 816
90 817
384 818
778 819
866 819
86 819
774 819
292 821
243 821
318 823
139 823
2 823
419 826
261 826
811 826
336 826
423 827
50 827
220 827
334 828
591 829
182 829
225 830
578 832
968 833
500 833
245 836
346 838
410 840
958 842
405 842
929 843
151 844
755 847
951 848
1 848
969 848
885 850
317 851
596 853
50 853
405 854
601 855
131 855
948 856
374 858
980 859
148 859
921 859
483 860
622 860
805 860
232 861
28 861
205 863
553 864
245 864
455 865
644 866
231 867
621 867
841 868
760 872
687 872
96 874
258 877
754 877
111 878
894 879
728 881
934 881
923 881
973 885
184 886
428 886
765 886
94 888
496 892
731 894
192 895
582 896
92 897
8 897
549 898
445 899
501 900
836 903
323 904
667 904
597 904
528 905
8 906
254 908
84 908
207 909
261 909
833 909
87 910
241 911
950 911
601 912
694 913
293 913
583 914
574 915
764 915
140 916
828 921
783 923
207 923
303 924
624 924
849 926
175 927
993 928
163 928
832 928
137 929
273 929
453 929
833 930
63 930
615 930
293 932
3 932
892 933
535 935
61 936
958 936
762 937
221 938
732 939
789 941
942 942
425 944
634 944
342 944
758 947
414 948
11 948
126 949
826 949
236 950
923 950
49 953
756 954
468 954
245 956
545 958
811 959
584 960
223 960
261 961
642 962
803 964
525 965
422 965
193 971
34 971
594 971
796 972
558 972
313 973
10 974
265 974
710 975
407 976
250 976
481 977
430 978
117 981
251 982
439 983
283 985
23 989
667 990
595 991
508 993
951 993
10 995
637 995
536 999
357 1000
