1000
907 1
628 2
69 2
563 5
853 5
648 6
86 6
414 7
296 10
828 13
97 14
630 16
169 17
881 18
94 20
482 26
956 26
651 27
513 29
128 32
123 33
647 33
609 34
267 36
980 37
258 38
414 38
378 40
635 41
509 42
747 44
665 45
911 45
258 46
905 46
804 46
694 46
858 48
546 49
798 53
805 54
222 55
834 55
411 57
863 57
663 58
600 59
213 59
647 59
742 60
963 61
46 63
825 63
999 65
468 65
197 66
975 66
895 68
564 68
603 71
403 72
865 72
322 72
207 73
656 73
346 74
561 74
423 74
919 74
926 75
616 76
916 76
426 77
227 79
842 80
719 80
144 82
681 82
954 83
897 83
799 88
767 89
235 90
553 91
295 91
676 91
10 92
781 94
64 95
84 95
990 96
456 97
83 98
810 99
401 99
930 100
276 101
924 102
751 102
728 102
943 103
777 104
723 104
937 106
271 108
340 108
481 110
152 111
793 111
149 112
684 112
637 112
478 112
476 114
402 114
363 115
874 115
841 116
9 117
395 117
866 117
903 118
988 119
70 119
244 119
903 119
229 120
745 121
908 123
355 123
33 123
811 124
805 125
477 125
166 125
236 126
461 126
164 126
52 127
927 127
896 128
738 128
363 128
668 128
644 129
790 129
164 130
756 130
465 132
581 134
381 134
252 135
161 136
506 137
933 137
391 138
910 138
661 139
711 141
735 141
39 142
687 142
350 143
443 144
863 145
269 145
811 146
512 147
278 148
748 151
2 152
445 153
654 153
43 153
357 154
73 155
728 155
930 158
994 160
610 161
264 162
552 162
322 164
200 165
130 165
969 167
2 168
7 169
720 169
675 169
303 170
682 171
427 171
393 171
373 172
546 173
364 173
855 173
683 175
635 175
718 176
413 177
695 179
926 181
643 181
295 181
181 184
772 185
676 187
998 189
745 189
233 189
387 189
821 190
751 191
280 192
941 192
9 195
40 198
210 199
568 201
906 203
429 204
728 205
312 206
253 206
260 207
730 211
198 212
45 213
190 215
188 216
567 218
209 220
842 221
347 221
27 223
597 223
953 223
57 225
718 225
933 226
212 228
436 228
683 230
808 230
792 231
863 232
599 234
569 234
372 236
206 237
446 238
194 238
685 240
794 240
485 241
41 241
442 241
40 241
655 241
926 241
750 242
342 243
381 244
104 246
102 247
350 247
229 247
14 248
765 250
884 250
664 250
84 251
267 252
911 254
317 256
177 258
664 259
807 260
729 260
227 260
815 261
674 264
571 265
245 265
116 266
365 268
482 269
565 270
992 272
211 272
878 274
236 276
716 276
161 277
368 279
820 279
103 281
786 283
892 284
195 288
916 290
620 292
197 293
809 294
598 294
230 294
142 295
322 298
896 299
44 301
561 301
42 301
312 302
180 304
759 305
502 305
248 307
818 307
336 307
790 308
951 308
950 310
459 311
485 311
75 312
406 313
148 313
564 313
944 314
971 315
814 317
952 318
786 319
957 319
415 319
682 320
32 321
572 322
383 323
506 324
755 325
623 325
796 326
766 330
240 330
362 331
850 331
80 334
65 336
380 336
749 337
764 338
647 340
76 343
389 344
71 345
150 345
317 346
747 346
635 346
652 348
219 350
866 350
508 351
25 351
481 352
814 355
57 356
181 357
870 357
942 357
244 358
469 359
973 362
452 363
829 364
714 364
38 365
497 365
518 367
586 369
316 369
38 373
963 373
346 374
219 374
72 375
785 376
543 378
974 378
107 378
416 378
459 380
884 380
71 381
68 381
948 381
713 382
817 383
706 384
29 387
505 388
891 388
408 389
428 390
990 391
539 394
762 394
293 395
37 395
598 396
612 399
482 401
146 402
706 403
599 403
783 404
373 405
960 405
814 405
854 405
972 406
122 407
845 407
591 407
203 408
647 408
460 409
121 410
548 411
906 411
563 412
646 412
202 413
233 413
590 414
379 415
559 417
48 418
942 420
254 422
468 424
141 424
101 424
415 424
737 426
567 427
303 430
752 431
805 432
44 432
693 432
316 433
861 433
558 434
278 435
781 435
165 435
449 435
384 437
967 437
709 437
345 439
966 440
783 441
388 441
9 442
26 443
317 444
385 445
837 446
622 446
949 447
638 447
297 449
14 450
698 450
28 453
952 455
935 455
951 456
411 459
964 461
523 461
604 461
464 461
738 462
418 463
471 464
176 464
657 467
555 467
556 471
614 471
150 471
903 475
636 475
808 476
768 476
966 476
764 477
697 481
540 481
508 483
73 483
57 484
100 484
58 485
283 486
522 486
491 489
351 489
234 490
214 491
599 491
174 491
137 492
525 494
996 497
881 497
575 498
951 499
840 500
469 500
41 500
150 501
294 503
54 503
332 504
713 505
35 505
294 505
994 505
449 506
936 507
365 508
154 511
795 517
880 517
559 517
240 518
556 518
310 519
736 519
503 520
345 520
803 520
736 520
869 521
763 521
885 523
38 523
500 524
710 524
462 525
567 525
246 528
136 529
34 530
554 530
725 532
990 533
119 534
950 536
935 536
156 537
710 539
160 539
520 539
774 542
605 545
127 545
277 546
178 546
3 547
333 549
870 550
677 550
153 551
105 553
585 554
94 554
692 554
198 554
303 555
855 556
819 557
758 557
592 564
371 567
408 567
86 569
534 570
370 572
249 572
216 573
322 576
978 576
333 579
600 580
344 580
843 582
835 583
214 583
653 586
702 586
683 587
334 588
123 589
174 591
822 591
11 593
439 594
804 595
378 596
69 600
348 601
887 601
759 603
576 603
996 607
30 607
340 607
612 611
483 611
111 611
494 612
997 612
298 612
988 613
755 614
540 615
347 616
495 617
662 617
850 618
399 621
416 621
634 622
108 628
134 628
41 629
702 630
801 630
702 630
381 634
16 634
214 636
547 638
74 638
790 639
546 640
104 641
639 644
835 645
604 646
430 652
422 652
508 653
200 654
131 654
908 654
986 655
83 656
865 657
437 657
744 659
938 661
653 661
297 663
972 663
117 664
370 664
969 665
69 666
377 667
626 667
679 667
479 668
754 668
695 668
473 669
822 670
577 674
219 674
609 674
991 675
936 676
734 678
663 678
790 679
336 679
685 680
305 681
214 681
208 682
169 683
447 684
40 684
117 685
239 687
746 689
295 689
617 690
347 690
557 690
133 690
194 693
995 694
229 694
372 694
528 694
284 695
563 695
826 697
444 698
90 698
304 699
624 699
874 701
599 702
120 702
300 702
34 704
636 705
150 706
496 706
745 706
436 708
941 710
456 711
76 713
511 713
622 715
581 716
607 721
130 721
860 722
478 723
760 724
545 724
747 725
364 728
93 730
807 733
965 733
411 735
691 736
504 737
487 738
521 740
371 740
994 741
53 742
619 743
712 744
138 746
566 747
485 749
123 749
648 752
495 753
468 754
680 756
646 757
336 757
873 759
932 760
588 763
606 765
200 769
832 770
172 772
695 776
303 777
128 778
887 778
913 779
707 779
325 780
195 781
892 781
438 781
309 781
871 782
58 785
964 788
72 789
823 789
846 790
233 791
810 791
89 792
236 793
769 794
967 794
919 795
787 797
551 797
530 797
411 798
301 798
60 798
527 798
621 798
857 799
226 803
64 804
963 805
731 806
737 807
744 807
407 807
866 808
164 809
672 809
999 809
403 810
872 811
48 812
366 817
917 817
333 819
300 819
144 819
158 820
306 820
491 821
60 824
102 824
366 824
414 824
70 824
560 825
812 827
629 827
472 827
947 827
663 830
644 831
443 831
958 833
411 835
546 836
134 836
220 837
1 841
779 842
719 843
890 844
979 845
812 845
617 847
954 848
587 848
708 849
87 850
897 853
656 854
817 854
801 855
707 856
636 857
995 857
92 858
190 859
849 860
225 862
192 862
343 863
815 865
803 867
35 867
427 867
278 868
450 869
80 869
670 870
692 873
912 874
984 874
498 878
687 879
428 879
164 880
343 880
166 883
752 885
759 885
202 886
82 886
959 886
864 887
645 889
158 890
450 890
26 891
168 894
279 895
484 895
736 895
867 896
515 896
249 899
570 899
462 901
644 904
995 905
521 905
307 906
745 906
144 906
763 907
797 908
839 910
889 910
840 915
680 915
39 915
404 918
274 919
246 921
193 922
904 922
545 924
851 926
263 927
412 929
33 929
769 930
444 931
513 932
359 932
729 933
375 933
632 934
127 935
305 936
773 936
72 937
974 938
848 942
908 944
61 944
920 946
385 947
381 948
675 950
980 950
472 953
178 953
387 954
134 955
416 957
371 961
745 961
678 962
470 962
594 962
439 962
985 963
356 963
137 963
68 964
807 964
104 966
563 966
234 968
80 969
742 971
979 972
851 973
757 975
626 977
347 977
805 977
957 978
695 979
846 979
103 980
779 981
249 983
310 984
281 986
742 986
412 987
577 989
621 990
671 990
588 991
425 992
261 993
573 994
577 995
532 998
240 999
753 1000
977 1000
