1000
359 0
270 0
235 1
518 3
624 3
794 3
626 4
697 4
331 5
31 5
843 6
80 6
90 6
211 8
80 8
95 9
32 11
113 11
936 11
373 13
869 15
970 15
302 17
260 17
472 20
922 20
869 20
624 21
112 22
496 22
546 23
982 24
622 24
811 24
314 26
807 26
750 26
634 27
491 28
9 29
154 29
128 30
157 30
144 30
540 31
462 33
100 34
421 36
361 38
676 39
93 39
600 41
248 43
641 43
104 43
75 44
59 44
412 45
551 45
161 48
515 49
339 51
4 52
170 52
717 53
979 56
530 57
777 60
732 63
365 63
916 65
345 65
345 66
397 68
52 68
131 69
910 69
696 69
438 69
615 71
960 71
91 71
683 72
11 72
988 72
112 75
464 75
821 78
757 80
728 80
8 80
124 81
670 81
321 82
262 84
824 85
329 89
4 91
587 91
119 91
954 92
914 93
283 94
251 95
279 96
44 97
489 99
435 99
416 99
94 103
180 103
386 103
841 105
791 105
429 105
309 106
69 107
729 108
62 108
264 108
459 110
483 112
74 112
448 113
123 113
962 113
23 113
471 114
747 114
324 115
573 116
317 116
924 117
200 118
144 118
350 118
614 118
624 120
707 123
876 123
225 123
116 125
228 126
322 129
649 130
48 130
995 132
671 132
138 134
327 134
495 136
487 136
959 137
495 139
683 142
148 144
651 145
815 146
226 148
283 150
304 151
26 152
503 152
91 153
965 154
48 154
403 155
967 156
475 157
384 158
151 158
706 159
209 163
979 163
243 163
707 166
889 167
46 167
60 167
838 167
622 168
886 171
214 172
827 173
395 173
764 174
301 175
509 175
958 177
972 177
72 177
594 178
220 178
393 179
768 180
657 180
941 180
279 181
418 182
990 185
847 186
994 188
788 189
721 189
58 189
680 190
587 190
85 190
158 190
540 190
543 191
905 192
913 193
292 194
840 195
695 196
51 197
479 198
593 198
591 199
181 199
131 200
58 201
647 201
976 201
402 201
604 202
239 202
22 203
818 203
233 205
147 206
375 208
519 209
603 209
25 210
951 211
383 212
481 212
58 213
336 213
117 215
147 215
974 216
821 216
516 217
870 217
737 219
165 219
495 220
376 220
403 221
624 224
377 231
474 231
440 232
349 232
662 233
582 234
672 234
52 234
116 234
614 236
958 238
293 238
783 240
364 241
758 242
479 243
153 244
20 244
316 244
926 244
673 245
44 245
728 246
945 247
707 247
368 248
104 252
827 254
34 258
538 261
187 262
676 262
532 264
268 264
890 266
988 268
649 269
213 270
687 271
694 272
145 273
130 274
879 274
856 275
867 276
260 276
445 278
488 278
85 279
82 279
906 280
431 283
730 284
411 284
584 284
553 284
573 284
267 286
752 287
201 288
510 289
849 290
140 290
894 291
890 292
357 292
392 294
427 296
423 298
400 300
239 300
92 301
571 301
26 302
566 303
971 305
558 305
499 308
243 308
591 310
663 311
382 311
356 314
285 314
979 316
80 316
687 318
224 319
951 319
179 320
430 321
810 321
358 321
145 322
273 323
531 323
471 324
796 324
203 324
475 326
161 326
276 326
731 327
314 329
844 329
796 330
819 331
794 332
78 332
128 334
492 336
751 339
233 340
731 340
126 340
391 341
50 341
348 342
312 342
150 343
366 349
605 351
973 352
831 354
277 356
508 356
352 356
142 356
197 358
810 360
744 361
951 361
439 361
453 361
104 361
185 362
905 363
225 363
199 364
147 365
548 365
844 365
500 366
355 367
905 369
550 369
87 370
414 370
242 372
243 373
625 375
99 375
365 376
529 376
471 382
825 383
716 386
458 388
589 389
596 392
123 393
787 393
154 394
299 395
309 396
718 396
538 398
843 399
129 401
617 402
79 403
579 405
697 406
143 409
81 409
517 410
204 410
807 412
524 412
690 415
548 416
976 419
233 419
517 420
685 420
947 421
700 424
610 424
534 425
96 426
300 426
961 426
612 426
668 427
917 431
788 431
711 433
877 434
336 434
697 435
724 435
515 436
656 437
684 439
625 440
280 441
782 442
832 443
489 443
47 446
100 447
28 448
424 449
836 450
483 450
234 451
44 451
959 452
250 453
260 453
123 453
563 457
740 458
326 459
897 459
409 460
850 461
302 461
379 461
970 462
216 462
205 463
82 464
646 465
229 466
292 467
1000 467
72 467
614 470
343 471
796 471
469 472
699 472
662 475
39 475
40 476
15 476
515 478
978 479
462 479
253 481
937 481
173 481
232 481
68 485
347 487
953 490
391 491
188 492
996 492
614 495
692 496
808 496
541 497
92 500
841 501
169 504
857 507
571 507
434 507
528 508
371 509
374 511
4 512
470 512
978 513
703 514
611 518
264 518
988 519
664 522
111 522
242 523
323 524
324 525
262 526
982 526
100 526
224 526
815 527
6 529
527 529
310 530
620 532
416 532
366 534
431 534
550 534
777 535
842 536
411 539
93 540
365 541
564 545
31 547
52 548
203 548
693 549
620 549
843 549
716 550
946 550
326 551
202 551
235 551
612 552
28 552
977 553
815 556
479 556
708 557
161 557
743 559
865 561
616 561
750 564
245 567
987 567
620 569
910 570
641 571
545 571
177 571
427 572
275 572
925 573
852 574
477 574
974 575
532 576
329 576
526 578
287 578
553 580
991 580
588 583
913 583
566 583
81 586
383 590
364 591
797 592
103 594
767 594
374 594
851 595
756 595
646 596
168 596
969 597
783 599
871 602
239 602
453 602
291 603
458 606
320 608
813 609
295 610
155 610
611 610
815 611
228 612
672 612
512 612
613 614
298 614
18 615
24 616
308 617
376 617
294 617
675 619
646 619
132 620
309 625
713 625
278 626
571 626
431 627
990 627
952 627
518 628
940 630
957 631
930 631
841 631
586 633
468 633
734 633
354 636
503 638
649 640
443 641
649 641
936 642
719 642
41 644
608 645
650 645
781 645
298 646
553 647
792 647
914 649
956 649
921 649
521 650
430 650
737 651
559 653
30 653
344 654
335 656
576 659
678 660
321 660
366 663
323 665
935 667
379 669
991 671
203 671
960 671
476 671
489 674
302 676
327 676
849 678
199 679
344 680
404 681
925 684
686 685
665 687
523 687
438 688
543 689
582 689
408 691
676 692
405 695
396 695
612 695
543 696
929 699
501 700
706 700
629 700
651 703
377 704
763 705
753 707
797 709
616 709
888 709
480 713
482 714
866 715
814 718
184 721
486 723
739 724
403 726
441 726
475 727
238 727
24 727
415 728
17 729
729 730
577 730
480 732
959 732
679 733
372 735
283 736
521 737
917 737
444 739
65 743
44 744
905 744
945 745
845 745
734 745
369 748
520 748
547 748
808 750
422 751
337 751
709 752
772 755
279 757
123 757
242 758
397 759
346 759
117 759
68 761
321 763
822 765
750 766
80 767
55 767
825 768
248 769
951 770
145 771
76 772
115 772
461 773
664 773
702 775
817 776
440 779
854 779
401 780
464 785
953 785
311 786
979 786
153 787
596 787
718 787
730 788
292 789
312 789
439 790
940 790
962 791
167 791
501 793
935 793
988 798
610 799
64 800
228 800
305 800
237 800
908 802
758 802
935 804
452 804
974 807
990 807
924 808
142 809
811 809
99 812
999 812
395 813
266 815
404 818
753 819
63 819
619 820
899 820
610 822
838 822
233 823
165 824
997 827
178 828
114 829
913 829
710 830
587 830
726 831
957 831
767 831
131 832
440 835
595 835
816 835
588 838
167 838
935 839
560 844
124 844
487 848
421 848
205 848
623 849
662 850
793 850
419 850
92 852
102 852
95 854
211 854
691 854
970 855
535 855
308 855
593 856
268 857
184 858
208 859
10 860
182 860
859 862
609 865
938 865
302 865
334 868
404 869
219 870
502 872
64 872
398 872
709 873
726 874
624 874
455 875
9 875
794 876
145 879
288 879
481 880
585 880
591 880
948 884
709 885
112 888
192 889
918 890
940 890
483 891
289 892
567 893
588 895
434 896
938 898
224 898
638 898
328 902
874 903
537 904
666 904
154 906
519 906
698 907
470 907
140 908
210 909
425 909
547 910
707 912
828 914
78 915
143 916
924 916
600 916
845 917
801 917
156 917
402 917
800 919
593 921
299 921
641 922
295 922
418 922
350 927
592 927
663 928
124 928
650 931
745 931
227 931
645 933
667 934
259 936
16 936
471 937
892 938
454 938
227 939
353 940
313 941
571 943
203 944
906 946
1 946
323 947
996 948
790 948
879 948
935 949
162 950
570 950
306 952
833 953
559 953
292 954
360 956
475 958
522 959
501 962
163 962
939 963
25 963
350 964
562 964
885 964
451 965
884 965
605 968
953 968
153 969
985 969
916 970
867 971
63 973
306 973
991 973
463 973
395 975
237 979
271 979
68 980
873 981
986 983
604 984
979 987
41 987
233 988
524 988
872 990
893 991
401 993
6 994
822 994
218 995
316 996
