1000
878 2147483637
812 2147483637
511 2147483637
184 2147483637
632 2147483637
286 2147483637
373 2147483637
579 2147483637
950 2147483637
817 2147483637
445 2147483637
714 2147483637
646 2147483637
320 2147483637
322 2147483637
175 2147483637
689 2147483637
516 2147483637
994 2147483637
972 2147483637
410 2147483637
378 2147483637
738 2147483637
269 2147483637
180 2147483637
895 2147483637
446 2147483637
844 2147483637
634 2147483637
7 2147483637
549 2147483637
234 2147483637
359 2147483637
807 2147483637
700 2147483637
909 2147483637
37 2147483637
873 2147483637
690 2147483637
369 2147483637
895 2147483637
394 2147483637
828 2147483637
527 2147483637
838 2147483637
680 2147483637
721 2147483637
483 2147483637
868 2147483637
411 2147483637
180 2147483637
162 2147483637
58 2147483637
726 2147483637
217 2147483637
339 2147483637
667 2147483637
66 2147483637
747 2147483637
530 2147483637
284 2147483637
354 2147483637
258 2147483637
215 2147483637
210 2147483637
31 2147483637
356 2147483637
581 2147483637
842 2147483637
252 2147483637
341 2147483637
117 2147483637
383 2147483637
847 2147483637
586 2147483637
674 2147483637
577 2147483637
25 2147483637
269 2147483637
868 2147483637
909 2147483637
876 2147483637
773 2147483637
745 2147483637
453 2147483637
995 2147483637
268 2147483637
795 2147483637
287 2147483637
761 2147483638
501 2147483638
331 2147483638
524 2147483638
518 2147483638
166 2147483638
780 2147483638
902 2147483638
704 2147483638
995 2147483638
339 2147483638
597 2147483638
882 2147483638
449 2147483638
279 2147483638
179 2147483638
869 2147483638
405 2147483638
316 2147483638
405 2147483638
159 2147483638
623 2147483638
397 2147483638
169 2147483638
251 2147483638
481 2147483638
214 2147483638
722 2147483638
648 2147483638
134 2147483638
678 2147483638
303 2147483638
607 2147483638
81 2147483638
718 2147483638
676 2147483638
94 2147483638
356 2147483638
178 2147483638
269 2147483638
879 2147483638
123 2147483638
785 2147483638
243 2147483638
986 2147483638
107 2147483638
392 2147483638
299 2147483638
938 2147483638
500 2147483638
719 2147483638
968 2147483638
57 2147483638
59 2147483638
668 2147483638
519 2147483638
885 2147483638
151 2147483638
87 2147483638
125 2147483638
100 2147483638
68 2147483638
202 2147483638
188 2147483638
852 2147483638
857 2147483638
858 2147483638
831 2147483638
771 2147483638
628 2147483638
564 2147483638
74 2147483638
374 2147483638
38 2147483638
520 2147483638
404 2147483638
795 2147483638
470 2147483638
131 2147483638
329 2147483638
748 2147483638
301 2147483638
326 2147483638
544 2147483638
872 2147483638
639 2147483638
298 2147483638
302 2147483638
844 2147483638
880 2147483638
595 2147483638
333 2147483638
776 2147483638
372 2147483638
114 2147483638
655 2147483639
742 2147483639
798 2147483639
89 2147483639
159 2147483639
947 2147483639
700 2147483639
17 2147483639
742 2147483639
121 2147483639
590 2147483639
417 2147483639
807 2147483639
167 2147483639
941 2147483639
733 2147483639
463 2147483639
556 2147483639
180 2147483639
234 2147483639
405 2147483639
709 2147483639
565 2147483639
607 2147483639
413 2147483639
322 2147483639
461 2147483639
641 2147483639
86 2147483639
64 2147483639
342 2147483639
977 2147483639
27 2147483639
404 2147483639
181 2147483639
184 2147483639
999 2147483639
111 2147483639
886 2147483639
967 2147483639
586 2147483639
272 2147483639
395 2147483639
454 2147483639
602 2147483639
709 2147483639
651 2147483639
119 2147483639
535 2147483639
294 2147483639
684 2147483639
531 2147483639
947 2147483639
154 2147483639
945 2147483639
843 2147483639
806 2147483639
158 2147483639
85 2147483639
598 2147483639
443 2147483639
587 2147483639
507 2147483639
904 2147483639
817 2147483639
63 2147483639
870 2147483639
773 2147483639
717 2147483639
696 2147483639
803 2147483639
402 2147483639
137 2147483639
805 2147483639
912 2147483639
859 2147483639
243 2147483639
49 2147483639
54 2147483639
669 2147483639
189 2147483639
771 2147483640
23 2147483640
241 2147483640
348 2147483640
10 2147483640
657 2147483640
852 2147483640
901 2147483640
357 2147483640
991 2147483640
121 2147483640
771 2147483640
903 2147483640
354 2147483640
413 2147483640
54 2147483640
415 2147483640
180 2147483640
558 2147483640
801 2147483640
267 2147483640
549 2147483640
77 2147483640
148 2147483640
358 2147483640
836 2147483640
199 2147483640
173 2147483640
876 2147483640
987 2147483640
760 2147483640
12 2147483640
780 2147483640
424 2147483640
515 2147483640
318 2147483640
42 2147483640
392 2147483640
363 2147483640
661 2147483640
78 2147483640
627 2147483640
597 2147483640
827 2147483640
171 2147483640
494 2147483640
106 2147483640
740 2147483640
905 2147483640
993 2147483640
91 2147483640
890 2147483640
990 2147483640
180 2147483640
114 2147483640
567 2147483640
59 2147483640
947 2147483640
145 2147483640
604 2147483640
803 2147483640
387 2147483640
30 2147483640
783 2147483640
361 2147483640
253 2147483640
304 2147483640
749 2147483640
307 2147483640
233 2147483640
159 2147483640
690 2147483640
186 2147483640
418 2147483640
356 2147483640
201 2147483640
571 2147483640
858 2147483640
448 2147483640
46 2147483640
938 2147483640
797 2147483640
894 2147483640
825 2147483640
154 2147483640
373 2147483640
279 2147483640
565 2147483640
243 2147483640
403 2147483641
707 2147483641
629 2147483641
177 2147483641
232 2147483641
860 2147483641
269 2147483641
951 2147483641
135 2147483641
220 2147483641
890 2147483641
890 2147483641
229 2147483641
60 2147483641
706 2147483641
524 2147483641
167 2147483641
843 2147483641
233 2147483641
965 2147483641
99 2147483641
657 2147483641
606 2147483641
537 2147483641
681 2147483641
523 2147483641
649 2147483641
323 2147483641
75 2147483641
508 2147483641
703 2147483641
641 2147483641
586 2147483641
699 2147483641
594 2147483641
193 2147483641
270 2147483641
444 2147483641
759 2147483641
464 2147483641
380 2147483641
959 2147483641
714 2147483641
88 2147483641
559 2147483641
755 2147483641
679 2147483641
560 2147483641
53 2147483641
125 2147483641
530 2147483641
13 2147483641
482 2147483641
316 2147483641
591 2147483641
170 2147483641
981 2147483641
70 2147483641
594 2147483641
814 2147483641
752 2147483641
195 2147483641
191 2147483641
582 2147483641
612 2147483641
120 2147483641
380 2147483641
239 2147483641
865 2147483641
762 2147483641
568 2147483641
428 2147483641
353 2147483641
392 2147483641
529 2147483641
876 2147483641
337 2147483641
724 2147483641
586 2147483641
403 2147483641
426 2147483641
677 2147483641
169 2147483641
513 2147483641
442 2147483641
77 2147483641
117 2147483641
154 2147483641
946 2147483642
866 2147483642
741 2147483642
437 2147483642
223 2147483642
581 2147483642
438 2147483642
98 2147483642
827 2147483642
674 2147483642
948 2147483642
854 2147483642
902 2147483642
218 2147483642
990 2147483642
569 2147483642
711 2147483642
80 2147483642
856 2147483642
597 2147483642
435 2147483642
547 2147483642
956 2147483642
122 2147483642
490 2147483642
935 2147483642
336 2147483642
277 2147483642
306 2147483642
158 2147483642
974 2147483642
517 2147483642
986 2147483642
768 2147483642
494 2147483642
373 2147483642
307 2147483642
467 2147483642
881 2147483642
145 2147483642
537 2147483642
266 2147483642
67 2147483642
376 2147483642
347 2147483642
587 2147483642
817 2147483642
623 2147483642
501 2147483642
462 2147483642
712 2147483642
811 2147483642
270 2147483642
437 2147483642
964 2147483642
628 2147483642
660 2147483642
177 2147483642
120 2147483642
279 2147483642
464 2147483642
855 2147483642
90 2147483642
574 2147483642
212 2147483642
153 2147483642
570 2147483642
110 2147483642
90 2147483642
364 2147483642
177 2147483642
145 2147483642
679 2147483642
125 2147483642
36 2147483642
419 2147483642
807 2147483642
545 2147483642
657 2147483642
987 2147483642
613 2147483642
204 2147483642
451 2147483642
520 2147483642
806 2147483642
294 2147483642
344 2147483642
572 2147483642
963 2147483642
873 2147483642
473 2147483642
464 2147483642
952 2147483642
112 2147483642
952 2147483642
854 2147483642
196 2147483643
746 2147483643
308 2147483643
628 2147483643
612 2147483643
995 2147483643
846 2147483643
576 2147483643
692 2147483643
904 2147483643
64 2147483643
942 2147483643
985 2147483643
41 2147483643
435 2147483643
128 2147483643
925 2147483643
846 2147483643
314 2147483643
319 2147483643
805 2147483643
733 2147483643
337 2147483643
770 2147483643
635 2147483643
369 2147483643
383 2147483643
545 2147483643
511 2147483643
454 2147483643
116 2147483643
36 2147483643
593 2147483643
16 2147483643
831 2147483643
979 2147483643
370 2147483643
295 2147483643
421 2147483643
768 2147483643
167 2147483643
519 2147483643
670 2147483643
657 2147483643
313 2147483643
516 2147483643
51 2147483643
933 2147483643
991 2147483643
571 2147483643
251 2147483643
676 2147483643
715 2147483643
985 2147483643
536 2147483643
900 2147483643
740 2147483643
194 2147483643
544 2147483643
363 2147483643
332 2147483643
476 2147483643
655 2147483643
683 2147483643
419 2147483643
303 2147483643
823 2147483643
727 2147483643
296 2147483643
758 2147483643
219 2147483643
309 2147483643
554 2147483643
619 2147483643
35 2147483643
254 2147483643
491 2147483643
417 2147483643
565 2147483643
179 2147483643
427 2147483643
122 2147483643
902 2147483643
76 2147483643
315 2147483644
849 2147483644
375 2147483644
838 2147483644
347 2147483644
719 2147483644
78 2147483644
714 2147483644
827 2147483644
258 2147483644
206 2147483644
550 2147483644
431 2147483644
804 2147483644
81 2147483644
756 2147483644
42 2147483644
963 2147483644
139 2147483644
274 2147483644
786 2147483644
933 2147483644
458 2147483644
447 2147483644
854 2147483644
606 2147483644
310 2147483644
547 2147483644
509 2147483644
258 2147483644
728 2147483644
389 2147483644
555 2147483644
212 2147483644
86 2147483644
239 2147483644
557 2147483644
73 2147483644
148 2147483644
441 2147483644
829 2147483644
786 2147483644
854 2147483644
628 2147483644
812 2147483644
161 2147483644
174 2147483644
966 2147483644
19 2147483644
773 2147483644
459 2147483644
761 2147483644
4 2147483644
885 2147483644
720 2147483644
432 2147483644
894 2147483644
263 2147483644
887 2147483644
882 2147483644
813 2147483644
374 2147483644
237 2147483644
699 2147483644
784 2147483644
330 2147483644
836 2147483644
201 2147483644
307 2147483644
592 2147483644
129 2147483644
956 2147483644
803 2147483644
73 2147483644
404 2147483644
553 2147483644
483 2147483644
350 2147483644
568 2147483644
945 2147483644
184 2147483644
942 2147483644
101 2147483645
423 2147483645
393 2147483645
533 2147483645
768 2147483645
325 2147483645
508 2147483645
238 2147483645
188 2147483645
769 2147483645
912 2147483645
662 2147483645
253 2147483645
679 2147483645
752 2147483645
879 2147483645
264 2147483645
566 2147483645
522 2147483645
137 2147483645
101 2147483645
252 2147483645
268 2147483645
326 2147483645
604 2147483645
580 2147483645
102 2147483645
19 2147483645
627 2147483645
579 2147483645
875 2147483645
591 2147483645
77 2147483645
869 2147483645
342 2147483645
95 2147483645
134 2147483645
826 2147483645
968 2147483645
415 2147483645
778 2147483645
185 2147483645
949 2147483645
725 2147483645
577 2147483645
942 2147483645
158 2147483645
919 2147483645
604 2147483645
524 2147483645
663 2147483645
5 2147483645
576 2147483645
867 2147483645
271 2147483645
502 2147483645
803 2147483645
955 2147483645
487 2147483645
118 2147483645
373 2147483645
632 2147483645
310 2147483645
637 2147483645
187 2147483645
724 2147483645
363 2147483645
737 2147483645
193 2147483645
455 2147483645
719 2147483645
153 2147483645
474 2147483645
799 2147483645
843 2147483645
922 2147483645
167 2147483645
692 2147483645
743 2147483645
421 2147483645
642 2147483645
14 2147483645
96 2147483645
444 2147483645
613 2147483645
353 2147483645
205 2147483645
85 2147483645
199 2147483645
629 2147483645
372 2147483645
514 2147483645
684 2147483645
922 2147483645
642 2147483646
700 2147483646
267 2147483646
719 2147483646
961 2147483646
685 2147483646
957 2147483646
969 2147483646
35 2147483646
293 2147483646
399 2147483646
699 2147483646
683 2147483646
471 2147483646
556 2147483646
700 2147483646
521 2147483646
661 2147483646
170 2147483646
609 2147483646
455 2147483646
677 2147483646
815 2147483646
255 2147483646
717 2147483646
29 2147483646
853 2147483646
444 2147483646
94 2147483646
951 2147483646
776 2147483646
766 2147483646
105 2147483646
414 2147483646
961 2147483646
292 2147483646
960 2147483646
851 2147483646
833 2147483646
944 2147483646
251 2147483646
825 2147483646
169 2147483646
482 2147483646
318 2147483646
392 2147483646
291 2147483646
349 2147483646
883 2147483646
442 2147483646
58 2147483646
477 2147483646
37 2147483646
840 2147483646
55 2147483646
922 2147483646
138 2147483646
430 2147483646
841 2147483646
217 2147483646
866 2147483646
803 2147483646
661 2147483646
687 2147483646
590 2147483646
409 2147483646
466 2147483646
563 2147483646
306 2147483646
863 2147483646
770 2147483646
5 2147483646
554 2147483646
472 2147483646
965 2147483646
32 2147483646
485 2147483646
748 2147483646
951 2147483646
704 2147483646
802 2147483646
992 2147483646
994 2147483646
491 2147483646
879 2147483646
764 2147483646
535 2147483646
4 2147483646
177 2147483646
435 2147483646
783 2147483646
809 2147483646
850 2147483646
93 2147483646
240 2147483646
181 2147483646
716 2147483646
987 2147483646
995 2147483646
593 2147483646
800 2147483646
293 2147483646
369 2147483646
751 2147483646
791 2147483646
801 2147483646
519 2147483646
939 2147483646
661 2147483647
575 2147483647
828 2147483647
405 2147483647
351 2147483647
311 2147483647
585 2147483647
868 2147483647
980 2147483647
20 2147483647
999 2147483647
665 2147483647
826 2147483647
554 2147483647
527 2147483647
476 2147483647
880 2147483647
902 2147483647
851 2147483647
485 2147483647
77 2147483647
790 2147483647
843 2147483647
878 2147483647
171 2147483647
319 2147483647
164 2147483647
62 2147483647
794 2147483647
536 2147483647
410 2147483647
374 2147483647
180 2147483647
292 2147483647
390 2147483647
90 2147483647
49 2147483647
672 2147483647
558 2147483647
27 2147483647
752 2147483647
503 2147483647
993 2147483647
812 2147483647
188 2147483647
992 2147483647
712 2147483647
41 2147483647
920 2147483647
428 2147483647
796 2147483647
591 2147483647
818 2147483647
27 2147483647
503 2147483647
313 2147483647
528 2147483647
907 2147483647
503 2147483647
785 2147483647
909 2147483647
797 2147483647
97 2147483647
459 2147483647
416 2147483647
935 2147483647
375 2147483647
764 2147483647
613 2147483647
613 2147483647
662 2147483647
67 2147483647
475 2147483647
178 2147483647
599 2147483647
504 2147483647
396 2147483647
961 2147483647
101 2147483647
999 2147483647
770 2147483647
181 2147483647
896 2147483647
692 2147483647
394 2147483647
117 2147483647
835 2147483647
669 2147483647
259 2147483647
213 2147483647
888 2147483647
470 2147483647
26 2147483647
216 2147483647
