580
326 0
260 0
324 1
213 2
83 4
236 4
298 5
41 5
205 9
302 9
104 9
142 9
311 11
279 15
70 15
169 16
277 18
112 19
113 19
95 20
229 20
111 21
228 22
154 23
84 23
1 24
260 26
140 27
152 27
224 28
182 28
27 31
210 31
313 33
273 33
41 34
231 36
150 38
166 41
209 44
232 44
206 45
121 45
290 47
100 47
198 53
149 54
220 54
139 54
184 57
18 57
243 58
303 61
273 65
289 68
29 68
228 69
153 72
202 74
27 76
201 78
134 78
252 79
308 80
274 81
238 81
131 83
208 85
325 85
32 86
302 89
274 90
238 90
10 90
230 92
289 93
81 93
238 94
329 98
294 100
12 101
4 103
313 104
52 105
49 106
234 108
247 108
6 108
289 109
28 110
278 111
111 113
213 115
209 115
230 120
7 122
92 124
304 124
93 125
230 128
175 129
297 131
164 133
27 134
286 134
64 134
239 135
214 136
321 140
23 146
25 147
314 147
96 149
60 151
222 156
15 157
244 159
101 162
147 162
92 163
9 165
112 165
14 166
308 168
70 169
131 171
23 175
63 177
211 179
107 179
47 179
234 187
9 188
147 188
118 191
270 192
127 195
284 201
154 202
17 203
175 205
232 206
58 207
39 212
289 217
310 217
220 217
10 219
226 221
131 222
54 223
65 223
187 229
7 230
129 230
89 231
185 232
229 232
27 233
38 234
167 236
171 238
104 239
189 244
96 244
156 245
174 246
119 246
60 248
286 248
27 249
134 254
42 256
86 258
304 260
280 264
96 266
174 267
265 269
90 269
274 270
109 270
124 274
47 276
292 277
238 279
278 280
190 280
312 281
139 285
132 286
79 287
47 287
161 288
317 292
301 292
71 293
99 295
47 304
39 305
43 308
203 309
324 309
123 310
245 310
228 312
172 315
195 316
130 319
92 320
248 320
261 327
136 329
128 330
123 335
157 335
42 337
269 338
130 341
76 341
187 343
60 348
194 351
79 351
162 352
108 353
65 354
134 354
19 359
329 359
287 362
310 365
301 366
14 367
295 368
244 370
5 370
254 371
14 374
303 374
215 375
161 376
207 377
85 378
276 380
200 387
46 390
82 391
276 393
250 394
176 395
70 396
185 396
159 398
45 399
73 400
259 401
23 401
148 403
132 403
66 406
195 407
268 411
268 414
108 414
182 416
91 417
204 418
4 419
259 420
39 426
117 429
153 431
229 433
324 433
109 434
186 434
160 436
80 437
252 438
142 440
222 442
303 442
62 442
256 443
302 444
117 447
165 448
63 453
294 457
178 463
224 467
9 468
13 471
24 473
178 473
67 473
184 475
32 477
163 477
80 478
322 480
47 480
131 480
289 482
270 483
161 483
46 485
243 487
303 489
258 491
257 494
13 495
176 497
304 500
283 501
24 505
252 507
324 508
159 509
173 510
243 510
199 510
64 511
217 511
85 514
306 514
99 516
294 517
188 517
15 517
320 518
281 518
98 520
58 520
154 521
165 521
323 523
232 527
146 529
322 531
226 531
34 531
272 532
283 533
226 534
28 538
155 539
32 540
46 541
22 541
73 541
237 541
268 542
65 549
120 550
197 551
185 557
237 557
98 558
141 562
26 563
239 563
284 564
176 566
155 566
74 567
23 567
193 570
227 570
36 570
38 573
269 573
219 574
319 575
74 576
178 583
166 584
185 585
231 585
179 587
165 589
166 590
192 593
243 595
280 596
83 596
268 596
76 599
104 599
186 600
190 604
99 605
323 608
321 610
81 616
320 621
286 623
190 624
92 624
204 625
145 626
115 626
161 627
294 629
140 630
129 631
99 631
136 632
71 636
183 636
31 636
9 637
254 638
178 643
1 643
187 643
299 648
313 652
305 654
257 656
310 657
192 657
3 658
31 658
214 659
244 661
76 662
151 662
313 663
110 663
95 665
240 667
257 667
136 668
310 670
181 670
76 677
110 680
166 681
306 681
242 682
7 682
123 683
26 683
243 684
71 686
282 686
126 687
112 691
232 691
65 695
137 696
60 697
249 700
278 706
137 706
108 709
70 709
253 710
8 710
158 711
244 713
285 715
299 718
150 720
305 721
177 722
252 725
147 725
319 726
223 728
25 735
190 738
277 739
193 739
71 741
268 743
305 744
100 745
16 746
23 746
305 747
179 747
213 749
257 750
78 751
10 752
246 756
196 756
162 758
287 759
168 760
304 761
314 767
37 768
317 769
36 770
114 774
126 776
257 777
17 778
302 778
40 780
306 781
148 781
300 783
94 787
146 795
288 802
204 803
158 805
13 805
251 811
267 812
33 812
133 815
127 816
172 817
121 823
132 824
148 824
161 825
21 826
277 827
219 827
321 828
175 831
153 831
87 832
151 832
15 833
54 834
126 837
307 841
82 842
171 844
146 846
73 846
152 849
239 850
206 850
276 851
48 855
132 855
46 855
271 860
235 861
23 861
63 868
258 873
52 874
253 880
111 880
10 880
205 885
195 885
244 894
224 898
139 898
282 902
238 903
232 905
1 907
189 908
242 908
2 910
49 913
170 913
237 914
126 915
224 916
163 919
200 921
182 923
276 926
244 927
142 928
149 929
11 936
