276
345 10
149 16
1 22
875 23
126 27
386 31
607 43
78 45
23 45
528 47
177 49
273 51
480 54
194 54
175 55
881 56
895 58
406 59
509 62
352 73
183 81
362 84
14 84
543 89
882 91
457 93
661 98
306 100
875 103
624 103
596 104
856 111
724 115
705 118
584 120
944 122
291 123
276 129
762 131
823 132
473 134
10 136
889 137
459 140
469 146
764 147
473 148
553 151
239 152
852 153
900 156
563 161
432 163
415 164
705 168
870 177
624 177
726 184
197 185
867 185
746 188
818 194
932 200
316 203
309 207
662 208
828 208
797 212
685 213
467 216
354 219
441 220
563 224
60 224
476 230
152 231
687 232
738 235
553 237
916 243
111 247
724 250
18 251
515 255
377 256
907 256
21 258
656 260
152 262
446 262
204 262
425 267
964 268
914 270
547 270
493 272
781 273
492 278
725 281
459 281
972 290
595 293
77 300
881 301
541 302
611 306
802 307
461 308
709 312
345 314
707 315
131 316
395 320
112 322
321 327
433 331
558 333
599 336
887 337
818 340
316 345
807 349
252 350
77 350
641 352
574 355
815 358
152 359
964 367
310 367
300 369
820 370
761 376
925 378
738 385
222 386
398 389
601 389
955 391
8 392
493 393
467 404
900 412
50 419
627 421
465 426
943 428
770 430
748 433
160 438
471 441
626 442
778 444
145 454
192 455
479 461
876 463
932 464
730 466
841 467
603 468
33 471
803 474
877 475
609 480
629 482
137 482
529 484
596 487
266 488
716 491
4 492
197 495
281 498
113 500
549 501
371 503
180 527
617 536
585 537
66 539
124 547
423 548
451 548
592 548
292 548
365 548
654 549
25 549
752 551
904 555
850 557
655 567
370 571
965 580
419 584
364 588
8 593
156 594
277 599
907 600
839 601
649 607
361 607
260 607
126 617
861 619
754 623
933 627
404 630
102 634
402 634
834 637
853 641
260 643
303 644
32 646
699 649
76 652
565 652
887 653
901 656
406 662
747 663
179 663
423 670
663 674
416 675
345 679
47 681
642 682
154 683
564 686
745 687
470 687
854 688
116 692
761 695
717 697
507 714
798 719
55 721
127 724
714 724
460 734
855 738
65 739
915 740
891 742
212 746
748 748
279 757
438 757
45 766
716 767
742 770
410 773
192 776
927 777
772 783
830 792
27 795
580 797
439 798
860 799
957 801
298 804
366 805
928 809
851 812
344 812
58 821
803 821
6 823
822 829
647 836
