136
33 3
83 4
88 6
24 6
14 7
37 10
80 10
78 12
122 13
52 13
42 13
34 18
11 18
47 20
113 20
66 22
51 24
37 24
38 25
18 26
121 28
46 29
19 30
87 31
89 32
89 38
11 38
95 38
109 39
127 40
24 40
60 40
85 41
33 42
104 43
15 44
78 44
131 45
87 46
7 48
25 49
112 49
70 50
51 50
51 52
6 53
63 54
104 55
11 56
117 57
125 58
134 60
71 63
124 63
106 67
99 67
85 67
56 68
90 68
134 70
76 72
103 74
85 76
86 76
83 76
117 77
62 78
52 78
12 79
75 81
70 84
73 84
79 86
117 86
94 87
70 88
125 88
49 89
23 91
94 94
128 96
98 97
49 99
111 99
49 101
73 102
41 103
53 104
114 105
119 105
2 105
60 106
4 107
23 108
25 109
51 109
15 109
84 110
73 111
65 111
58 113
22 115
50 119
116 119
135 120
99 123
39 126
123 127
63 127
77 127
51 129
119 130
11 131
64 135
95 135
92 137
99 138
66 138
51 141
45 142
46 144
30 145
58 146
20 148
52 148
22 148
25 149
14 151
50 152
80 152
87 155
84 155
51 155
73 156
74 157
19 158
