932
314 0
335 0
467 0
936 4
746 5
24 7
815 8
852 8
598 9
156 9
864 10
853 11
734 12
309 12
531 14
310 15
36 16
148 16
309 17
984 18
729 18
846 19
453 20
80 20
892 23
927 24
369 24
432 25
413 27
466 28
563 29
351 34
535 37
484 38
177 38
592 39
342 40
71 41
573 41
719 41
204 43
925 44
713 44
732 45
281 46
479 46
225 46
604 48
963 49
273 51
491 51
535 51
654 52
82 52
514 53
408 54
747 55
649 55
127 56
894 56
413 57
860 59
28 60
742 60
887 62
307 62
305 63
558 65
686 67
945 68
244 69
234 69
438 70
483 70
240 72
980 73
512 74
395 75
261 75
151 77
848 77
290 78
337 80
823 81
532 83
65 83
503 84
201 84
326 84
718 85
716 86
738 88
539 89
704 89
949 90
796 90
734 90
857 91
883 91
55 91
419 94
927 94
220 95
543 95
362 96
408 96
778 98
697 98
221 99
628 100
14 101
843 104
611 105
322 107
870 109
548 110
295 110
396 113
285 113
178 117
20 120
458 121
630 123
10 123
546 123
440 129
942 131
755 134
286 135
225 136
807 136
535 136
866 138
83 140
109 141
300 142
677 143
234 143
808 150
395 150
437 150
537 151
659 152
953 153
354 155
941 157
38 158
3 158
422 158
37 160
682 161
439 161
905 163
615 165
471 166
69 167
159 167
359 167
211 168
195 170
509 170
156 171
770 174
754 175
205 178
134 178
236 178
719 183
570 185
406 187
363 187
716 187
629 188
955 190
729 190
359 191
583 192
978 193
850 194
950 194
434 195
826 195
435 198
844 199
700 201
977 203
932 204
600 206
837 206
160 208
826 210
823 211
289 211
102 213
783 214
409 214
412 214
953 217
413 217
948 218
876 219
256 219
994 219
369 220
583 220
622 221
49 221
874 222
434 222
977 223
915 223
717 225
871 227
152 229
469 230
803 231
839 232
535 232
988 233
444 235
205 237
687 241
719 242
453 243
97 244
115 244
739 245
409 245
418 245
965 246
869 248
980 249
460 249
405 250
446 251
761 251
604 252
732 255
827 257
127 259
385 262
540 262
975 265
556 266
757 267
54 268
797 269
621 270
13 270
766 271
944 272
521 272
928 273
273 277
620 278
527 279
303 283
236 284
608 284
830 285
329 286
881 287
271 288
30 289
953 290
54 290
959 291
507 292
224 292
38 294
814 298
524 298
935 298
131 300
475 303
514 306
574 307
335 307
221 307
982 308
57 308
38 308
108 309
429 310
976 311
294 311
300 311
600 311
950 312
283 312
154 313
807 313
522 315
377 315
459 317
859 319
706 319
915 321
289 322
111 325
872 328
263 331
503 332
229 334
200 335
350 341
541 341
403 343
688 343
720 344
339 346
302 346
458 347
207 347
936 348
973 348
150 348
250 349
586 349
797 349
193 350
171 351
490 351
493 352
267 352
408 353
68 353
81 354
995 355
59 355
464 359
343 359
109 360
931 361
663 364
865 364
814 365
410 365
234 369
713 369
412 370
721 372
298 373
225 374
578 375
593 375
509 376
174 377
519 379
889 379
537 380
441 381
655 383
131 386
525 389
316 390
563 393
540 395
293 397
384 401
74 404
268 404
365 404
135 405
889 407
993 407
949 407
928 408
63 408
9 408
187 408
643 410
574 412
150 413
264 413
537 414
171 414
756 417
607 417
133 418
383 418
235 418
786 419
688 419
252 419
728 420
548 421
568 423
6 424
294 425
142 426
150 426
193 426
105 427
957 427
541 428
592 429
480 431
552 431
127 433
114 435
891 435
553 436
752 437
337 438
822 438
203 439
526 440
160 441
670 441
397 442
170 444
608 445
169 449
124 449
156 452
950 455
417 455
144 457
193 459
55 461
967 461
662 463
290 463
737 463
128 465
928 465
441 471
290 471
208 472
703 473
38 474
827 474
503 474
330 474
78 475
644 475
974 476
706 476
343 479
794 480
819 481
972 481
418 482
247 484
500 487
341 489
528 491
607 492
451 492
401 494
255 494
652 494
840 498
974 498
850 499
346 499
192 500
989 502
955 503
895 505
463 505
64 506
281 509
751 510
572 511
92 512
29 514
702 514
869 514
343 514
894 515
758 516
975 518
802 522
159 523
214 524
47 525
426 525
963 525
976 525
176 527
530 528
219 528
607 529
825 529
552 530
100 530
788 530
748 532
501 535
576 537
786 539
70 539
889 542
78 542
633 542
146 544
542 544
73 544
170 545
223 549
59 549
506 550
750 552
332 552
763 556
613 556
31 557
506 558
885 559
949 560
423 560
978 560
821 562
665 563
786 564
698 564
792 568
942 568
687 570
644 571
903 571
451 572
419 572
711 574
668 574
957 576
319 576
849 576
235 577
977 578
935 578
478 579
108 583
145 584
846 586
378 588
474 589
839 591
464 591
534 592
688 596
397 597
79 597
311 597
716 602
195 602
890 603
715 603
699 603
565 604
904 605
490 605
18 606
338 607
811 608
916 610
726 610
386 610
701 611
87 612
282 613
734 613
438 613
87 616
195 618
89 618
844 618
660 619
501 619
672 619
357 620
116 621
146 621
288 621
787 622
19 625
706 626
497 627
697 629
982 629
123 630
832 630
816 633
264 634
892 635
461 637
213 637
183 638
612 639
708 640
17 640
101 642
653 644
8 645
423 646
12 648
732 649
511 650
741 650
479 652
770 652
980 653
972 655
747 655
591 656
746 658
92 658
230 658
441 659
915 659
40 660
2 660
297 662
302 662
916 664
458 665
829 666
10 670
992 671
202 671
732 672
212 674
160 676
368 676
538 677
398 678
981 679
977 679
422 681
932 683
247 684
241 685
870 685
516 687
657 687
729 688
688 688
221 688
708 690
599 692
257 694
145 694
600 697
773 701
468 702
288 706
340 707
802 708
973 708
346 709
578 711
584 711
459 711
308 712
804 712
153 714
171 715
333 715
838 717
389 720
255 723
683 723
615 725
239 725
468 728
122 730
207 731
42 731
709 731
956 731
648 733
384 735
498 736
668 736
200 739
474 740
335 742
587 742
514 743
863 743
337 746
791 747
46 751
723 752
709 752
730 753
677 753
122 753
411 753
305 755
241 756
848 758
120 763
169 763
761 763
577 765
865 765
933 766
23 766
759 767
993 768
2 768
850 769
781 772
945 776
95 777
444 780
804 780
121 781
186 782
374 782
550 785
689 787
330 788
290 788
75 788
776 789
561 789
405 789
303 790
461 790
223 790
822 791
318 791
120 791
856 791
399 795
485 798
104 799
744 800
39 800
245 803
748 803
985 805
428 805
16 805
458 805
84 806
374 807
882 808
476 812
48 813
995 813
457 816
93 817
293 817
189 817
567 818
791 818
579 822
818 823
933 823
795 823
633 823
246 825
43 826
356 827
245 828
179 830
710 832
186 832
22 833
39 834
495 834
210 834
611 836
532 836
209 836
268 838
793 838
638 840
293 841
793 841
671 841
88 841
40 841
417 842
496 843
661 844
365 845
129 846
957 848
784 851
253 851
134 852
666 854
389 855
958 857
215 857
148 858
770 860
34 861
759 862
923 865
820 866
914 866
710 868
213 869
815 869
102 873
759 873
834 874
764 874
836 877
220 877
802 877
413 878
634 879
620 880
612 882
770 883
19 883
608 884
502 887
457 888
528 890
637 891
516 894
711 896
179 896
883 897
940 898
115 898
880 898
747 899
750 899
965 900
399 900
794 900
347 900
34 902
790 905
444 911
442 911
79 911
320 912
719 913
647 915
604 916
468 916
875 917
331 918
302 918
893 919
400 920
92 920
650 920
890 920
51 921
219 922
954 923
9 923
477 923
689 924
34 924
268 924
427 924
381 925
278 925
819 926
60 926
949 926
27 927
322 928
786 929
899 930
670 931
2 931
469 931
991 931
64 932
99 932
27 932
874 933
266 934
198 936
336 939
795 941
531 941
3 941
885 941
230 942
911 942
15 945
520 949
725 949
704 949
696 951
634 952
462 955
558 955
95 956
734 956
31 956
353 957
615 961
875 961
732 963
562 964
530 964
198 966
135 968
827 969
937 972
515 972
94 972
858 974
946 974
919 977
114 977
548 978
465 978
956 978
667 979
594 980
42 983
252 983
560 984
743 985
838 987
178 987
399 987
88 989
27 990
612 990
424 991
46 993
396 994
608 998
709 999
