762
697 0
821 1
344 2
220 3
80 7
581 8
887 8
700 11
252 12
246 12
267 13
624 16
195 16
716 17
560 18
399 20
848 20
317 24
32 27
534 28
657 33
181 33
631 34
697 37
115 37
924 38
798 44
496 45
253 46
390 46
940 48
369 48
851 50
308 50
38 51
608 52
277 52
331 53
300 54
644 57
574 61
476 65
167 68
491 72
477 73
347 73
911 77
924 77
932 78
647 79
931 79
64 80
592 81
468 82
649 82
465 82
951 84
939 84
360 85
654 85
900 86
324 89
934 89
209 89
379 90
413 91
871 91
332 92
299 93
493 93
246 93
616 94
403 96
770 96
266 98
369 99
215 100
114 100
832 101
975 101
877 102
397 102
704 105
108 106
756 109
585 114
490 117
88 117
612 118
1000 121
136 122
653 122
331 123
815 126
612 127
686 131
736 131
213 131
791 132
720 132
263 132
616 134
910 134
3 135
129 136
189 138
304 138
62 141
249 141
537 141
971 142
677 143
28 145
729 150
715 151
958 151
921 151
627 155
942 155
720 156
795 156
542 158
629 158
147 159
802 161
486 161
641 162
8 162
431 162
690 163
22 163
877 165
866 166
973 173
403 173
778 173
594 174
462 175
87 176
396 177
568 177
802 177
501 182
725 183
535 184
441 184
181 188
759 190
45 192
855 199
142 199
430 203
554 204
989 206
389 208
618 211
631 212
350 213
182 213
441 213
110 215
284 216
292 220
374 224
637 228
45 231
213 235
790 237
315 237
763 238
937 239
818 239
291 241
815 244
756 245
803 245
247 251
904 254
647 255
463 257
381 258
537 259
932 260
714 260
630 261
441 261
458 262
5 264
909 265
30 265
844 265
847 265
315 265
49 270
614 270
803 270
504 271
916 272
257 273
674 280
700 280
852 282
840 284
762 285
865 285
927 286
486 290
167 291
936 292
582 294
893 295
905 300
704 305
452 307
414 308
614 308
484 309
240 310
187 311
118 313
997 316
82 319
725 320
352 320
541 322
386 322
335 325
211 327
179 327
142 329
465 329
829 330
317 334
280 336
387 339
61 339
181 342
588 342
929 342
232 345
708 346
159 347
249 348
827 352
764 353
23 355
417 355
780 357
149 357
33 358
148 359
62 360
571 360
274 360
395 363
31 366
223 367
884 367
622 368
895 370
622 372
414 375
348 375
409 376
950 377
926 378
52 382
186 382
672 384
176 384
222 386
753 388
361 389
15 389
673 392
300 395
610 396
464 397
506 398
598 400
990 400
75 402
384 402
574 402
526 403
852 404
925 405
82 405
873 406
267 407
744 407
32 408
198 410
730 410
224 410
995 413
648 418
775 419
240 420
904 420
850 420
336 422
175 424
656 425
672 426
181 427
734 428
679 429
305 432
762 432
921 433
403 435
458 436
888 438
654 439
925 442
7 442
745 447
209 451
815 451
345 451
842 451
672 454
99 454
329 454
882 455
150 456
672 459
591 461
97 462
67 462
148 462
991 465
212 465
261 466
755 466
703 467
83 469
163 469
99 471
421 475
127 477
701 479
514 480
741 480
759 483
686 484
167 485
383 487
727 497
595 499
114 503
600 504
289 504
963 506
801 510
788 512
584 513
898 518
382 518
43 518
307 518
472 522
90 526
883 530
256 532
416 532
128 536
842 537
82 537
509 538
749 538
907 540
753 541
262 544
591 547
176 547
787 547
335 547
110 549
58 553
851 553
692 554
81 554
422 555
649 560
744 561
642 563
587 564
126 565
965 568
990 572
639 574
918 575
25 578
295 581
397 581
328 582
116 582
403 583
907 588
793 589
85 594
986 595
39 595
644 595
563 595
194 596
792 596
284 597
695 598
581 599
441 600
482 602
361 602
572 602
35 603
565 604
678 605
267 606
1 608
497 608
863 611
635 611
889 612
240 614
257 614
367 614
862 618
764 618
888 618
118 619
750 620
790 620
608 621
994 622
348 626
416 629
522 630
320 631
596 631
3 632
107 632
377 633
678 633
96 633
551 634
364 634
464 636
984 640
939 641
603 642
309 643
355 643
90 644
781 644
418 644
502 645
694 645
308 646
23 647
402 650
365 650
687 652
174 659
909 659
250 659
381 660
985 660
25 662
980 664
77 666
81 667
437 668
650 670
574 673
814 675
800 675
121 676
236 677
765 677
291 679
915 679
595 680
167 681
775 681
964 682
192 683
836 683
82 685
614 685
359 687
455 689
236 692
341 693
465 693
973 693
966 694
550 694
361 695
655 699
202 700
539 701
89 702
55 703
6 703
57 703
106 703
82 704
872 704
45 705
128 705
197 706
725 706
900 706
190 711
554 711
879 713
821 713
487 713
473 713
247 715
365 717
108 720
22 723
325 723
732 724
63 728
163 731
574 731
858 731
999 732
929 736
812 736
114 736
991 737
479 738
254 738
303 743
723 744
993 744
801 744
851 745
239 747
917 748
821 748
564 748
790 751
67 753
700 754
767 757
944 758
182 758
431 759
811 759
187 760
780 761
84 761
224 763
775 763
860 763
512 764
375 764
520 765
418 766
814 766
110 766
333 770
587 771
443 771
748 772
550 773
440 773
721 773
350 776
937 778
681 778
813 782
875 785
655 786
200 786
884 786
785 786
424 787
748 789
846 789
879 789
778 790
592 792
320 793
423 794
599 794
365 796
689 796
631 798
958 798
51 798
754 800
945 801
934 801
279 801
47 802
495 802
537 802
847 805
106 805
309 810
698 810
512 815
270 815
408 817
71 818
355 818
443 820
670 821
552 821
582 821
245 821
186 823
28 825
920 825
73 825
911 826
701 828
897 829
54 829
720 832
901 833
108 833
138 834
714 836
659 836
402 837
786 837
506 839
584 840
18 840
814 841
190 841
716 844
455 845
865 845
995 845
282 845
853 847
247 847
354 850
113 850
751 857
445 858
613 858
535 859
797 859
353 862
557 863
914 863
645 863
405 865
842 865
982 869
141 869
526 870
558 872
888 872
811 873
603 877
202 878
541 879
238 882
475 883
608 883
693 884
320 884
147 886
426 886
670 887
977 887
692 888
98 890
417 891
67 895
663 895
959 897
904 898
508 898
559 899
235 902
795 904
744 905
678 906
522 912
527 915
883 916
393 916
524 916
979 917
878 918
92 918
493 918
313 920
973 920
19 921
877 921
768 923
34 926
216 926
130 927
328 930
75 931
871 933
665 938
461 938
896 939
880 940
36 943
84 943
598 944
454 944
998 945
863 945
729 945
608 947
792 948
341 948
673 949
44 949
918 950
437 951
848 951
761 952
325 952
311 953
210 953
489 956
641 956
235 957
127 959
860 960
167 960
993 962
747 963
677 964
213 965
302 965
466 966
490 966
793 975
88 975
601 978
528 978
530 979
203 980
506 981
689 982
455 983
826 983
673 984
448 984
78 989
995 990
45 995
893 995
