624
744 0
35 1
931 3
567 5
747 5
15 13
76 13
668 15
698 15
831 18
643 18
491 19
44 21
541 25
934 27
659 29
809 32
353 33
100 35
263 36
253 36
662 47
870 49
704 49
665 51
446 55
483 56
366 57
19 61
716 61
234 61
206 62
283 67
194 70
740 71
712 74
564 75
289 77
470 79
927 80
952 80
680 81
427 83
109 85
389 85
422 88
995 90
47 93
137 93
507 96
541 96
424 97
202 99
463 99
232 100
714 103
895 103
10 103
459 107
769 107
834 108
769 109
852 111
253 112
65 115
24 120
537 120
84 123
237 125
893 125
627 125
196 128
952 129
235 130
635 134
561 134
489 135
270 135
358 136
752 139
398 146
13 150
545 152
401 154
345 157
394 158
508 159
577 161
800 164
537 167
17 167
939 168
460 168
497 168
682 169
156 172
96 172
462 175
428 178
649 180
55 182
273 182
761 184
793 184
905 184
205 185
992 186
23 186
922 187
873 187
996 188
473 188
125 188
235 192
328 192
260 193
591 195
645 195
197 196
58 196
935 196
196 202
307 202
774 203
150 203
586 204
997 204
922 206
313 207
240 208
270 209
773 211
978 212
822 212
182 213
877 219
291 219
174 219
584 220
401 221
818 221
345 224
494 225
155 225
436 226
122 230
957 230
793 231
794 232
490 233
573 234
847 235
200 236
914 237
305 237
480 243
494 243
206 247
946 247
688 249
940 249
49 249
507 250
516 250
567 252
20 252
762 257
202 258
982 262
464 263
726 267
437 268
158 273
426 275
705 276
816 277
890 282
389 283
611 286
424 287
205 288
504 289
668 290
941 290
337 293
20 293
584 294
244 295
754 296
618 296
352 297
328 299
266 301
375 302
861 302
294 302
814 303
332 310
670 315
725 316
724 317
511 317
812 319
101 321
769 325
959 325
748 325
463 327
705 330
328 332
989 336
762 344
905 346
904 347
892 349
812 351
569 352
746 354
611 354
103 354
470 356
744 359
302 362
882 362
521 367
565 370
406 371
208 373
246 374
190 374
210 376
582 381
272 381
873 382
729 384
971 385
699 386
377 387
557 387
295 392
356 393
999 395
620 395
479 395
733 396
428 398
634 402
640 405
935 407
676 410
196 410
294 411
829 411
912 417
978 417
704 422
707 422
218 425
20 427
835 428
47 430
430 432
702 432
24 435
374 437
681 440
809 440
932 442
473 446
379 447
14 448
186 449
77 450
827 450
283 451
836 451
155 452
316 452
436 453
537 457
672 457
302 458
41 458
392 458
175 459
315 460
670 461
424 462
804 463
57 463
41 464
260 467
584 468
355 471
601 471
17 471
656 473
942 475
55 475
763 475
396 479
791 479
80 480
170 482
981 482
536 483
966 484
937 485
857 485
865 485
868 486
624 490
926 492
333 493
863 493
913 496
486 496
240 499
250 500
39 503
905 505
939 505
889 505
145 508
804 508
514 508
100 509
61 511
335 513
747 514
143 515
666 516
708 519
25 519
243 520
897 521
795 524
876 524
143 524
552 526
678 526
268 526
301 528
88 529
535 530
622 532
401 537
346 540
369 541
399 542
762 544
31 548
615 548
650 554
189 554
821 555
633 559
640 563
218 565
657 565
368 569
44 569
661 569
657 573
408 575
837 579
596 581
800 581
79 582
709 584
827 585
196 586
312 587
686 588
296 589
107 589
749 589
480 591
317 591
88 594
315 595
960 595
397 596
358 598
46 599
904 601
509 602
296 609
171 610
614 611
538 617
781 619
328 619
805 619
539 620
846 620
796 622
469 623
866 623
869 624
698 627
448 627
306 630
161 633
915 637
612 639
828 640
573 641
831 643
210 643
806 646
71 646
192 648
178 649
4 650
335 650
626 651
250 652
954 653
71 655
853 657
336 664
964 666
390 668
6 669
729 671
266 672
366 678
223 684
619 684
204 686
750 686
541 686
778 688
738 689
336 690
313 691
798 692
613 692
286 694
615 695
962 695
149 698
438 704
520 705
236 707
269 707
300 709
997 710
390 712
729 713
24 713
955 716
783 721
843 724
37 728
479 730
705 731
564 732
991 734
350 734
898 734
28 735
619 736
532 737
852 738
119 739
500 739
94 740
310 740
259 742
567 743
835 745
196 748
739 749
641 751
497 752
675 755
158 756
286 756
993 759
136 759
67 764
470 768
158 769
388 778
573 778
221 779
454 780
766 782
779 782
837 783
592 783
507 785
661 785
513 797
930 799
334 801
442 805
742 807
400 808
468 811
2 813
934 816
648 818
119 820
889 822
167 824
500 824
735 824
866 824
291 824
88 826
53 827
669 830
222 830
455 832
371 833
765 834
321 835
886 836
604 839
96 841
561 845
188 849
653 850
734 850
695 854
866 856
228 858
352 859
57 859
854 864
167 867
757 867
424 870
537 870
700 871
465 872
549 873
631 875
173 877
881 878
339 879
895 881
436 882
767 882
737 882
801 882
738 884
709 887
424 889
231 892
356 894
895 894
16 894
753 896
738 900
419 902
425 904
535 904
848 905
863 906
872 907
425 910
394 911
207 914
922 917
4 919
105 921
533 922
119 922
779 925
525 926
641 928
311 928
579 929
345 934
294 934
761 935
76 935
557 938
593 941
901 941
227 942
68 944
343 945
260 946
251 946
111 948
475 949
34 949
25 953
650 953
481 954
179 955
428 956
267 963
672 966
785 967
851 969
670 969
284 970
449 970
141 971
771 972
28 975
723 981
73 982
433 983
874 984
406 984
337 985
340 985
88 986
384 986
226 987
325 991
910 992
333 992
96 995
677 995
437 996
829 1000
