308
72 0
425 4
987 4
465 6
455 15
256 16
560 18
500 34
610 38
740 43
208 47
916 47
304 49
266 50
154 50
777 50
450 50
598 50
762 50
585 52
487 55
698 55
787 56
107 56
478 59
7 63
394 64
994 65
318 68
662 68
987 70
554 75
260 78
685 78
747 80
438 81
498 87
769 90
681 91
792 92
187 95
602 97
141 100
597 104
198 108
581 116
98 121
384 122
680 124
211 134
27 135
150 141
578 142
834 145
760 154
336 158
691 159
214 166
488 167
127 168
916 171
197 171
902 172
455 172
670 178
857 179
535 180
785 186
502 200
100 201
81 213
365 217
903 218
956 219
637 220
460 224
550 230
524 233
721 248
352 249
86 250
384 252
253 252
252 252
973 257
630 257
653 259
35 260
487 260
146 269
758 274
463 274
410 276
987 277
876 281
363 287
325 291
176 294
304 297
20 299
147 301
71 302
539 304
185 305
720 305
482 305
158 309
583 312
468 314
984 314
107 322
13 325
124 325
117 327
849 333
475 334
621 335
597 341
192 343
801 347
801 348
70 356
305 360
503 363
581 366
226 368
43 369
29 371
16 373
730 373
868 377
137 381
689 388
482 390
395 391
718 392
803 394
277 397
547 397
389 400
77 402
660 402
1000 404
527 422
8 426
290 428
522 431
332 432
39 434
364 442
483 443
107 446
569 457
187 461
874 463
623 464
184 467
48 469
262 469
64 476
707 477
824 478
798 483
99 484
475 487
284 491
424 494
528 503
462 504
125 509
536 509
361 510
168 521
125 522
801 525
976 525
987 532
523 539
382 543
107 545
555 545
12 548
572 551
549 561
989 562
662 563
601 566
226 568
372 573
518 575
552 580
570 581
401 582
100 582
526 591
447 592
945 593
305 600
866 602
562 602
690 603
4 603
549 605
737 608
256 610
819 613
103 615
984 621
224 625
23 632
147 633
899 638
339 640
799 643
658 644
891 646
967 650
404 652
547 661
726 662
229 665
105 666
939 668
304 671
704 672
319 678
351 678
194 679
197 682
648 689
328 689
568 698
204 707
292 710
885 715
679 725
421 736
92 737
110 741
581 743
170 745
337 754
656 754
193 758
360 766
580 772
440 780
133 784
983 792
110 799
610 801
609 805
147 806
719 808
539 820
889 821
214 829
473 834
377 835
521 836
53 837
604 840
848 845
561 860
143 863
279 866
145 867
894 870
375 877
509 879
690 879
953 880
699 881
688 885
819 889
295 898
154 899
867 903
844 904
934 906
984 908
736 918
171 924
830 930
773 933
766 937
150 938
296 941
815 942
53 944
83 950
402 952
422 953
640 953
21 954
185 954
133 957
502 961
501 968
523 970
398 973
546 976
697 977
610 980
408 980
930 981
406 985
309 998
