1000
445 0
4 2
873 2
933 2
735 4
321 4
407 4
490 6
808 6
563 6
512 7
862 7
285 8
928 8
165 12
899 13
288 16
844 17
973 17
599 17
100 18
41 18
785 20
30 20
566 21
743 22
422 22
820 24
356 25
215 27
745 27
64 28
607 29
699 29
469 30
862 33
502 35
311 37
406 37
190 38
18 39
906 42
622 43
75 43
744 47
784 47
560 47
169 47
11 50
973 51
765 53
316 54
899 55
211 56
259 61
61 61
304 62
663 62
51 64
959 65
266 66
20 67
183 71
816 71
417 72
54 75
305 76
569 76
168 77
433 77
838 78
87 78
438 78
518 79
701 80
317 81
869 81
423 81
960 81
929 83
241 84
948 84
729 85
905 85
672 86
194 87
727 88
121 89
498 92
574 94
964 96
259 96
17 97
151 97
55 98
65 99
961 100
921 101
78 103
633 105
32 106
374 108
152 110
236 113
14 113
561 113
843 113
359 113
456 114
896 114
467 114
100 116
935 116
283 119
703 120
684 123
118 123
551 124
374 129
352 134
490 135
880 135
738 136
634 136
302 137
635 138
766 138
459 138
684 140
383 142
432 142
924 145
225 145
337 148
426 150
428 151
823 153
9 156
757 156
979 157
545 158
399 158
966 159
621 160
55 162
397 162
545 163
668 165
338 166
885 170
768 171
478 173
503 173
319 173
68 174
929 176
928 176
397 177
355 179
316 180
721 180
681 182
630 182
217 183
1000 184
187 184
179 186
585 186
509 187
162 187
148 188
714 190
343 191
434 193
892 194
510 195
126 195
18 196
398 197
489 197
71 197
950 198
867 199
366 199
14 202
835 204
76 205
285 205
735 206
400 206
418 207
113 207
25 208
701 209
412 211
226 211
4 211
430 214
56 215
245 217
279 217
584 218
688 218
631 220
797 220
949 222
729 223
375 224
786 224
399 225
19 227
969 227
199 228
560 229
306 230
490 232
846 233
872 233
556 235
887 236
477 236
662 237
874 237
86 239
786 239
677 241
155 243
437 244
447 246
246 246
569 246
340 247
655 248
529 249
781 249
255 251
874 251
663 252
834 254
994 255
527 256
838 257
145 258
877 258
963 259
939 259
940 260
857 260
230 260
648 262
321 264
302 264
786 265
697 266
8 266
875 269
977 269
759 270
779 272
401 272
286 273
561 274
185 275
819 277
109 278
975 279
566 279
656 280
307 281
141 281
643 281
579 282
782 282
933 282
791 282
848 283
437 283
667 284
542 285
382 287
555 287
601 288
997 289
988 289
416 290
509 291
867 291
246 294
863 294
293 295
551 296
328 296
796 299
40 300
355 300
553 301
118 301
790 303
586 303
244 306
388 306
41 306
389 306
856 307
815 310
458 310
747 312
878 314
344 316
306 317
904 318
876 318
228 319
231 319
158 319
769 320
201 320
253 321
835 322
163 322
359 323
465 324
6 328
567 328
610 328
573 329
977 329
521 330
250 330
321 331
492 332
58 332
711 333
456 334
796 336
297 341
895 342
636 342
424 343
649 344
312 344
238 347
23 349
821 352
899 352
896 353
416 353
772 353
478 355
458 357
20 357
125 357
292 357
669 359
364 359
940 359
336 360
799 361
825 362
201 362
641 362
161 362
40 363
741 363
276 364
603 364
232 365
507 365
99 366
423 369
309 369
132 371
600 371
384 372
259 372
852 372
99 373
444 373
913 373
303 373
293 374
587 375
896 376
618 377
322 380
485 380
702 380
766 381
9 382
303 384
461 385
945 387
661 390
182 393
496 396
380 396
89 397
816 397
956 398
33 398
594 398
229 400
815 400
910 400
637 403
328 404
581 405
535 405
715 405
541 405
266 405
512 405
658 406
61 407
41 407
296 408
349 408
123 408
312 409
636 410
464 410
569 410
279 412
376 414
697 415
31 415
763 418
186 418
9 419
737 420
362 420
637 422
185 423
445 423
79 424
600 425
361 425
200 426
83 426
288 428
408 429
631 429
984 430
753 431
798 432
462 434
848 434
661 434
554 435
400 435
958 435
304 436
250 438
741 439
712 441
334 442
768 442
253 443
92 443
900 446
712 446
372 447
166 447
951 451
607 453
57 454
310 454
32 454
126 455
817 455
288 456
578 457
899 458
313 458
797 459
48 460
990 460
423 461
658 461
694 462
279 462
817 463
657 464
642 466
270 466
432 466
784 467
449 469
570 470
927 471
50 473
709 475
24 476
287 477
627 478
397 478
832 481
542 483
64 483
729 486
188 486
447 489
450 490
581 490
457 490
164 492
938 492
113 493
721 493
127 494
634 494
596 494
370 497
7 497
963 498
817 498
699 499
886 501
715 501
817 501
893 504
87 504
62 505
980 507
661 507
623 509
170 510
230 513
383 516
60 519
383 520
75 520
162 520
719 522
227 522
14 525
443 525
258 525
388 527
965 527
815 528
879 529
186 530
315 530
307 532
831 535
166 538
71 538
687 539
7 539
633 540
488 540
791 541
631 541
548 541
219 544
134 544
838 545
266 546
892 546
956 547
34 552
856 553
84 553
167 553
341 553
247 555
446 555
191 556
717 557
803 557
747 559
68 560
981 560
214 563
355 564
678 564
853 565
810 567
938 567
6 567
298 568
981 568
87 569
957 570
726 570
402 570
381 571
839 571
60 571
813 571
274 572
730 572
795 573
743 573
925 574
58 576
699 576
772 579
980 579
451 579
453 579
121 579
110 581
290 581
97 581
255 583
930 583
316 587
799 588
659 589
344 589
130 592
236 594
348 596
947 597
793 599
557 599
821 600
1 602
436 603
259 604
132 605
68 606
37 606
632 608
675 608
607 611
324 611
445 611
309 611
971 614
743 614
254 614
631 615
638 615
142 615
336 618
866 620
644 621
202 621
925 622
56 623
998 624
120 626
61 627
375 627
57 630
974 630
881 632
309 635
424 635
286 637
239 637
45 637
527 638
492 640
537 641
920 645
166 646
413 646
717 646
338 646
727 648
710 650
16 650
242 652
306 653
596 653
886 655
446 656
490 656
140 656
587 657
967 658
611 659
550 660
123 662
354 664
197 666
186 666
76 667
311 667
233 668
12 669
427 673
363 673
385 674
529 674
347 676
526 676
302 679
48 682
564 683
147 684
907 686
892 687
696 690
387 693
96 694
701 694
672 698
43 698
934 699
743 701
901 703
176 705
803 706
379 707
339 707
869 708
10 709
179 709
6 709
414 709
692 710
213 711
626 711
179 711
876 712
808 714
809 714
586 715
388 715
964 718
61 719
126 720
153 721
542 721
644 722
136 722
791 722
906 724
454 725
17 726
379 726
121 726
197 727
449 728
162 728
884 729
92 729
957 729
121 732
317 733
727 733
828 734
722 734
235 736
960 736
233 738
822 738
821 739
519 740
995 743
977 743
376 744
948 745
432 745
944 747
308 748
764 750
862 752
175 752
375 753
604 754
712 755
566 755
813 758
739 758
688 758
713 759
142 763
128 763
408 764
153 764
425 765
884 766
659 766
853 768
444 770
602 771
738 771
20 777
4 778
789 778
617 778
405 778
340 779
648 779
761 783
594 783
484 783
121 783
863 792
473 796
204 798
237 798
923 798
883 799
707 801
672 802
697 803
198 804
714 805
83 808
544 809
794 812
591 815
373 818
531 819
489 823
578 825
63 825
272 826
883 827
155 827
432 831
343 834
48 834
973 835
852 835
291 836
410 837
614 839
616 839
940 840
288 841
116 842
604 843
562 843
124 844
180 848
485 848
994 849
291 854
803 855
501 856
28 856
845 857
757 858
325 859
924 861
906 862
229 862
406 866
537 866
620 867
260 867
743 867
809 868
774 869
517 870
460 871
685 872
588 873
305 874
236 875
182 875
962 876
627 876
751 876
288 876
568 877
430 877
303 877
263 880
55 881
546 882
829 882
153 884
636 885
219 885
811 885
1 887
83 887
707 888
566 889
60 890
992 892
172 892
326 894
48 894
212 894
241 894
914 896
79 897
397 897
73 897
954 899
208 900
96 900
827 900
322 901
330 902
608 903
796 905
743 905
979 906
303 908
195 908
281 910
752 911
656 911
412 912
424 912
455 912
235 914
394 915
451 916
165 916
442 917
521 919
882 919
4 919
451 920
617 920
692 922
916 922
5 922
277 923
525 924
283 924
991 925
798 926
689 927
985 928
84 928
801 928
537 930
855 930
382 930
594 931
959 932
858 932
314 932
174 934
213 934
451 935
674 936
65 937
582 938
513 939
816 940
597 941
223 942
748 943
965 944
893 945
576 945
408 946
432 948
556 949
549 950
790 950
206 951
8 951
258 952
54 955
106 956
378 956
176 957
453 957
766 957
817 958
384 958
108 958
293 958
21 959
520 961
650 961
270 962
885 963
914 963
855 965
825 965
557 966
152 969
439 970
143 970
310 976
733 980
821 980
651 980
497 981
137 981
574 982
965 987
568 988
206 988
402 988
604 988
274 990
101 990
119 992
435 994
28 994
39 995
600 998
349 1000
