1000
488 0
509 3
232 3
730 3
236 3
349 4
228 5
972 8
979 10
723 11
923 12
354 12
101 14
66 15
382 15
407 17
671 17
329 20
485 20
895 21
187 21
467 21
452 21
535 22
614 22
210 22
176 22
112 22
898 23
633 24
648 26
566 30
716 30
105 32
166 32
450 32
737 33
498 33
23 34
61 34
469 35
552 35
520 36
525 38
482 40
683 40
517 40
428 41
489 41
605 44
702 45
11 45
234 46
367 48
328 49
858 50
663 50
838 50
761 50
830 51
144 52
51 52
992 53
134 55
956 55
519 56
637 58
785 58
4 59
721 59
819 59
740 60
752 60
134 63
180 64
341 64
724 64
144 65
632 65
205 65
364 66
801 66
325 68
722 68
365 71
769 72
34 72
370 73
51 74
159 74
133 75
960 76
673 78
56 79
955 81
735 83
702 84
73 84
119 85
755 86
753 90
283 90
866 91
641 93
768 94
328 94
916 94
403 95
714 96
716 96
942 98
602 100
38 100
265 101
251 104
923 104
820 104
295 105
937 105
318 105
495 106
653 106
988 107
347 107
585 108
738 108
934 112
941 112
97 115
297 116
366 116
74 116
787 117
25 119
176 119
932 119
429 119
530 120
93 120
33 120
609 121
434 122
393 123
526 123
216 127
110 131
699 131
961 132
741 133
412 134
163 134
252 135
504 139
831 140
613 141
271 141
396 145
827 146
176 147
364 150
986 150
543 152
74 152
426 153
987 154
427 155
276 155
657 156
291 159
274 160
537 163
970 163
875 164
278 165
445 165
611 165
598 166
685 166
323 167
983 168
765 168
106 169
528 169
87 170
236 170
472 173
653 174
373 177
819 177
224 178
378 179
65 180
318 180
322 182
125 182
640 183
900 183
95 186
428 186
278 187
741 188
307 188
583 192
876 198
525 199
708 200
953 200
309 201
950 201
805 202
350 202
457 203
588 205
456 206
575 207
647 207
415 214
418 214
449 215
759 215
230 215
463 216
81 218
393 219
712 220
407 221
318 226
191 226
211 231
945 232
73 235
396 236
863 236
784 237
707 237
15 244
509 245
707 246
391 247
585 247
406 247
855 248
364 248
196 248
337 249
221 250
140 251
331 251
103 251
32 252
981 252
655 252
772 252
950 252
891 253
614 255
338 256
751 258
391 258
44 262
690 262
78 263
921 264
615 264
894 265
949 265
572 267
487 267
175 268
487 269
587 270
324 271
946 271
271 273
671 275
807 275
455 275
733 279
723 280
996 281
497 283
655 288
122 289
824 293
543 294
262 294
702 295
64 295
363 297
748 298
290 298
797 299
158 299
535 300
909 301
258 303
485 304
452 306
600 306
838 307
251 308
532 313
979 313
709 314
686 315
266 316
924 316
914 316
776 317
263 317
308 318
230 319
373 319
388 324
471 324
914 327
899 327
134 328
836 329
356 329
865 330
88 331
765 332
441 335
548 336
338 336
296 336
751 336
415 338
246 339
997 341
696 341
791 341
126 342
931 342
414 343
787 346
191 346
988 347
931 347
731 348
20 348
148 349
592 351
675 351
430 355
848 356
912 356
128 357
659 362
103 366
388 367
180 367
489 367
125 368
682 369
175 370
159 370
755 370
439 371
548 372
548 372
606 372
594 372
421 373
199 374
399 376
272 377
79 380
210 381
116 381
395 382
521 382
793 382
590 385
479 386
752 388
392 389
660 389
544 389
205 391
419 391
145 395
997 395
9 396
341 397
206 397
767 398
562 402
419 404
195 404
785 406
813 407
300 408
181 408
801 410
170 412
982 412
941 414
939 414
424 414
55 414
806 415
739 417
691 420
809 423
481 423
855 425
848 425
545 426
844 426
6 428
4 430
780 430
30 431
520 431
962 433
419 434
201 435
548 435
66 436
258 437
59 437
360 438
148 439
254 439
404 439
678 440
445 442
86 445
666 446
853 449
197 449
171 451
654 451
929 451
1000 454
931 455
975 455
814 456
661 456
413 458
376 458
490 460
483 461
71 462
936 462
361 462
901 465
768 465
14 465
265 466
777 466
27 466
918 467
408 467
139 468
369 468
769 469
493 470
175 470
710 473
702 474
297 474
234 475
19 475
519 475
594 476
279 477
859 478
666 479
605 479
366 480
170 480
148 484
458 484
926 486
646 488
45 489
345 490
259 490
837 490
90 490
895 491
626 491
524 493
604 494
311 495
342 495
376 496
896 496
725 497
116 498
785 498
196 499
497 499
445 499
276 500
968 501
405 502
506 503
81 505
540 505
169 505
330 506
845 508
7 510
328 514
881 516
52 517
815 518
261 518
360 519
117 521
790 521
600 522
27 524
580 524
793 525
953 525
661 526
451 527
460 530
512 532
8 533
572 533
708 534
187 534
694 536
394 539
27 539
421 540
582 540
202 543
678 543
57 544
326 545
613 547
317 551
347 551
645 551
814 551
566 552
730 552
240 553
432 553
471 554
182 555
934 556
66 556
871 556
421 557
536 557
944 558
604 559
242 561
667 561
544 561
257 562
686 562
298 563
930 564
425 565
873 565
76 566
563 566
325 567
322 568
678 569
291 570
757 570
492 570
458 575
828 575
73 577
69 577
803 577
625 578
264 578
328 578
954 579
32 580
131 585
294 587
358 589
12 589
385 589
926 589
642 589
188 590
456 591
475 591
704 591
46 591
128 594
135 594
125 594
84 595
546 597
866 598
903 599
283 599
722 599
795 601
770 602
390 603
996 607
196 607
653 607
59 607
913 608
481 609
217 609
354 610
542 611
590 612
645 613
772 617
381 618
128 619
481 620
397 620
879 621
713 623
537 623
670 623
990 624
949 626
43 627
720 630
768 630
129 630
151 632
461 632
378 634
243 634
861 635
936 636
807 637
114 639
593 639
26 640
675 643
792 644
781 644
71 645
454 646
29 646
623 647
156 648
289 650
539 651
115 652
295 652
396 653
729 654
973 655
570 655
921 656
656 656
799 657
413 660
326 662
235 663
525 663
937 663
118 665
841 666
940 667
806 669
150 669
307 672
453 672
797 673
424 673
432 673
816 674
2 676
163 678
484 682
305 682
375 682
406 684
266 684
828 684
313 685
508 686
762 687
34 690
412 691
180 691
430 691
900 692
915 692
656 693
372 694
626 695
244 696
868 698
777 698
16 699
530 699
102 699
436 700
866 701
846 702
330 702
856 702
47 704
165 705
440 706
158 706
380 709
567 709
983 709
555 711
677 714
841 714
344 714
439 715
386 715
891 716
169 717
234 722
367 723
856 723
462 724
193 726
274 729
414 729
887 729
707 730
715 731
478 732
553 732
393 733
636 735
303 736
239 736
56 736
541 739
106 739
189 739
635 741
235 742
650 744
643 746
243 746
128 747
641 748
659 750
72 750
679 751
380 752
723 753
47 753
682 753
750 756
549 756
15 757
441 759
536 761
43 761
715 762
764 763
181 766
398 766
291 766
119 767
241 767
557 768
13 768
584 769
375 769
512 772
742 772
412 773
84 774
750 775
632 776
468 777
125 777
32 777
784 778
354 778
183 778
421 779
311 781
405 782
593 782
467 784
284 784
155 784
383 785
420 786
579 786
735 788
46 789
37 790
127 793
711 794
487 794
870 795
881 795
260 798
518 799
430 799
935 800
168 801
345 801
781 802
108 804
51 805
398 807
338 810
114 810
904 811
631 812
626 813
242 813
87 814
824 816
217 817
271 817
851 819
238 820
245 820
724 820
315 821
237 822
627 822
511 824
996 824
622 825
993 826
250 827
914 828
377 828
21 828
592 831
180 834
425 836
141 836
574 837
802 837
849 839
810 841
720 845
846 847
830 847
294 848
284 848
90 849
765 851
381 851
542 851
606 851
281 852
972 855
586 855
470 856
572 858
17 859
272 859
47 860
131 862
633 863
750 863
663 864
870 864
378 865
799 866
104 866
648 867
239 868
470 868
4 868
331 869
516 869
196 871
531 872
726 873
285 873
376 874
799 874
373 875
540 877
756 878
346 879
493 879
913 880
587 882
769 883
722 883
103 883
707 884
492 884
57 884
509 886
448 886
248 887
465 889
799 889
909 890
314 892
290 893
979 896
566 897
607 898
253 900
272 900
725 900
764 901
899 902
28 904
833 906
352 907
103 907
207 908
495 909
386 913
281 916
58 917
143 917
252 919
662 920
974 920
235 921
982 921
709 921
345 922
276 923
309 924
11 925
643 926
729 929
419 931
179 932
120 935
386 935
88 936
896 936
141 939
628 939
146 940
291 940
170 941
690 941
817 942
745 945
339 947
844 947
780 948
218 948
11 949
616 951
112 953
645 954
255 954
170 954
693 957
482 958
243 959
764 960
282 960
618 961
772 961
358 961
376 963
284 967
911 967
459 967
46 968
955 968
23 968
912 970
295 972
329 974
165 974
868 974
599 975
565 976
592 977
881 978
355 979
475 979
109 980
803 980
780 980
615 982
155 984
326 985
712 986
292 987
569 988
77 993
849 998
918 998
940 999
426 1000
