911
222 1
46 2
453 3
51 3
354 4
626 5
415 6
293 7
479 9
401 9
14 11
348 12
191 14
307 14
227 15
341 15
313 16
124 16
492 18
268 20
94 23
271 24
327 24
529 24
316 25
123 25
433 26
401 27
422 28
689 28
419 28
101 32
97 32
239 33
468 34
506 37
84 37
211 37
205 37
732 38
401 38
541 39
439 41
326 43
213 44
631 44
239 45
470 48
189 49
491 49
268 50
319 52
193 53
480 54
191 55
459 55
59 55
497 55
422 59
35 59
192 61
567 61
457 61
363 61
748 61
419 62
536 64
247 65
548 65
714 66
348 67
611 68
371 69
39 71
284 72
453 72
531 72
494 73
17 73
487 74
93 75
505 75
698 75
94 75
626 76
225 78
300 78
405 78
396 80
252 80
644 81
660 82
63 84
328 88
114 88
735 90
735 92
128 92
286 95
162 97
271 97
11 97
43 98
639 98
248 98
175 99
151 100
674 102
550 103
318 103
499 106
388 106
723 106
129 107
501 107
165 108
475 108
268 108
527 110
81 110
428 113
65 114
50 114
83 115
425 116
611 116
567 117
640 117
469 118
121 119
208 121
605 122
422 123
409 123
478 124
237 125
526 126
695 126
461 128
189 128
295 129
594 129
103 130
288 130
463 133
712 133
11 134
660 134
182 135
660 137
282 137
363 138
737 140
156 140
71 141
580 142
521 143
681 143
713 144
177 145
238 146
557 147
505 147
196 149
630 154
659 155
733 155
598 155
673 157
110 157
153 157
211 158
67 158
487 158
541 160
577 160
465 162
147 163
290 163
641 163
653 164
583 165
44 166
73 166
122 167
512 169
668 171
285 172
386 173
275 176
327 177
133 178
666 179
492 180
369 181
124 182
403 182
11 182
16 183
270 184
114 185
130 187
511 187
570 188
102 188
440 188
93 189
84 189
55 189
696 190
322 192
9 192
75 194
599 196
32 196
28 197
369 198
196 198
413 198
63 201
393 202
598 203
183 203
572 204
519 205
333 205
685 205
485 206
354 206
186 206
583 208
63 208
278 211
566 212
189 214
89 215
175 216
704 217
424 220
200 220
1 221
609 221
42 221
467 222
673 223
680 223
271 224
388 228
401 228
247 230
403 230
41 231
231 232
624 233
29 233
535 234
137 235
574 237
421 239
683 239
399 239
210 239
53 240
54 242
260 243
171 244
82 244
128 244
98 244
560 245
532 246
201 254
645 255
482 255
193 256
34 257
221 257
435 258
190 258
153 258
640 259
460 259
162 259
126 260
393 260
664 261
627 261
134 263
111 264
328 264
413 264
737 265
287 266
236 266
363 266
320 267
728 267
353 269
38 270
3 271
46 271
264 272
311 273
536 273
696 274
403 274
594 276
381 277
620 278
6 280
547 284
152 285
378 286
606 287
575 287
435 287
656 288
383 288
496 289
119 289
228 290
120 291
500 291
247 292
315 294
434 295
467 296
456 298
732 299
606 300
696 300
60 301
334 301
642 303
286 304
667 306
31 306
359 307
159 311
323 312
709 312
683 312
529 313
418 314
117 315
594 315
504 316
270 317
686 318
22 321
330 322
641 322
97 324
326 324
255 328
133 329
508 330
710 331
689 337
544 338
66 339
346 339
245 340
466 341
266 342
219 343
703 343
655 343
457 344
658 345
61 345
501 346
89 346
744 346
242 347
183 347
351 350
237 350
333 351
563 351
510 351
525 352
539 353
452 354
350 354
652 356
127 356
124 358
441 360
164 361
469 361
350 363
331 364
565 364
121 364
605 365
713 365
442 366
455 367
191 368
90 368
276 369
727 369
363 369
222 370
248 372
21 373
253 373
366 374
560 376
203 377
231 381
226 381
232 382
689 382
211 384
40 385
190 386
272 387
713 387
659 388
617 389
116 389
298 391
495 392
405 393
640 393
581 395
97 395
292 396
49 396
578 398
475 399
510 399
550 399
354 399
50 400
352 400
577 401
256 402
296 403
90 403
399 404
552 409
740 409
551 409
541 412
554 414
675 414
270 417
307 418
80 419
366 419
503 422
8 423
605 424
630 424
409 425
464 426
514 428
457 428
98 428
703 429
188 430
74 430
601 433
733 433
234 435
128 436
562 436
686 436
123 437
683 438
628 438
398 438
613 439
5 440
98 441
722 442
314 449
235 449
417 450
195 450
508 451
367 452
296 452
21 452
13 455
247 456
46 457
226 457
181 457
582 458
616 459
163 459
4 459
605 462
503 462
688 464
700 466
721 468
717 470
529 471
437 471
79 471
490 471
300 472
508 472
506 474
407 474
288 477
622 478
310 478
117 479
10 479
139 479
299 480
601 480
196 483
418 485
113 488
741 490
43 490
169 493
96 494
118 494
449 495
524 496
21 496
633 496
424 498
159 499
48 500
521 500
649 503
748 504
702 505
234 505
655 506
342 507
150 509
354 510
543 510
512 510
313 512
539 512
43 513
300 514
625 514
395 514
437 519
381 520
22 520
676 522
432 522
519 523
486 525
223 527
184 533
518 533
499 533
26 533
675 534
739 534
601 535
704 536
373 537
19 538
185 538
349 538
488 539
585 540
518 541
328 542
50 543
579 544
725 544
516 544
672 544
37 545
148 546
374 546
146 546
577 547
415 547
464 548
258 548
595 548
231 549
459 549
348 550
274 550
379 550
133 550
87 552
665 553
608 553
329 554
339 555
606 556
309 558
491 559
148 560
432 562
543 562
413 563
636 564
580 565
570 565
483 565
652 566
311 569
504 571
518 572
458 573
230 573
432 573
686 573
542 575
34 575
198 576
685 578
565 578
66 578
59 579
458 579
137 579
437 584
72 585
335 586
106 587
626 587
462 587
516 588
704 589
456 590
77 592
657 593
35 594
464 594
66 595
89 596
726 597
750 599
721 599
432 600
159 600
175 601
139 601
92 603
723 603
242 603
541 603
116 604
507 604
106 607
690 608
404 609
559 609
210 610
143 611
432 612
223 613
152 614
736 614
614 616
408 617
71 618
605 620
636 620
10 620
370 620
433 620
59 621
56 622
233 624
496 625
635 626
65 627
238 628
648 628
413 628
670 631
41 631
598 631
249 631
371 633
349 634
629 634
168 635
304 635
746 635
186 636
731 639
698 639
676 640
12 640
705 640
263 640
200 641
250 641
165 643
646 643
610 643
189 645
199 648
589 648
611 649
149 649
280 650
130 652
697 653
701 655
684 657
408 657
385 657
379 657
60 658
590 659
627 661
546 661
646 662
186 663
275 664
361 664
432 664
93 665
84 666
641 667
291 667
158 668
216 668
677 671
197 672
92 672
643 672
1 672
225 673
477 673
278 674
701 674
268 679
477 679
614 680
204 681
412 683
479 684
437 685
719 686
543 686
623 687
194 687
298 689
426 690
136 692
460 692
311 693
374 694
361 696
322 697
229 697
60 698
504 699
211 701
700 701
47 702
351 702
498 703
333 703
173 703
456 709
362 711
268 711
310 712
281 714
673 715
368 715
607 716
204 717
699 717
170 718
712 719
694 721
262 722
51 722
355 723
720 723
493 723
443 726
222 727
587 727
219 727
174 727
566 729
595 729
375 733
130 734
353 734
75 734
230 735
659 736
143 740
194 740
576 740
565 742
621 744
513 744
182 746
190 747
293 750
154 750
105 751
122 751
573 752
648 752
574 753
625 753
293 753
550 754
35 754
526 755
244 755
734 756
415 757
560 760
548 760
79 760
125 760
637 761
710 761
17 761
386 762
567 764
752 764
91 766
404 768
518 770
79 770
568 771
173 772
287 772
472 772
75 774
332 776
343 776
289 779
639 780
170 781
197 781
664 782
396 782
703 783
584 784
609 785
422 786
673 787
266 788
155 791
478 791
419 792
137 792
234 792
638 793
19 795
747 795
522 795
218 796
334 796
481 797
410 797
133 798
669 799
668 801
518 801
128 802
606 802
459 802
739 802
348 804
564 805
735 806
228 806
666 808
726 808
71 808
752 810
257 811
148 811
263 813
597 813
61 813
710 813
653 813
149 814
452 816
219 816
684 817
102 817
253 819
228 819
565 821
83 821
672 822
564 822
92 823
642 826
564 827
602 829
715 829
424 830
201 831
