76
25 16
58 54
35 60
4 125
25 139
5 139
5 149
70 172
34 174
20 193
41 198
25 208
38 219
28 224
52 247
75 250
66 254
5 263
9 297
73 313
3 375
42 386
3 387
37 411
38 412
66 419
49 424
21 459
2 462
2 472
42 473
49 480
16 481
16 484
53 495
52 511
28 527
48 532
37 534
13 535
49 537
18 572
57 576
22 580
51 583
2 592
14 605
18 622
4 627
65 643
59 644
36 673
64 690
55 691
33 707
37 715
66 717
40 734
44 750
23 752
52 775
4 815
11 826
49 828
43 831
75 837
67 842
70 861
4 864
4 864
2 876
36 885
43 917
4 921
6 948
75 960
