1000
906 2
145 3
508 4
478 6
504 6
702 6
722 7
174 7
418 8
311 8
110 10
870 10
848 15
479 16
941 17
179 17
402 18
958 19
773 20
966 20
537 21
649 22
940 22
266 25
641 26
981 26
92 28
991 29
609 31
119 34
292 35
126 37
241 40
950 40
761 41
633 41
178 42
522 43
803 45
859 45
607 46
237 46
213 48
368 49
862 50
768 51
488 51
993 53
726 54
560 55
127 55
147 55
23 56
748 57
252 60
543 61
536 61
714 61
868 61
623 61
360 62
404 63
494 66
110 66
426 68
644 68
940 70
420 70
359 71
622 74
194 75
911 75
167 76
410 77
231 77
222 82
43 83
796 83
408 84
865 85
604 85
43 87
338 87
747 88
64 88
475 88
157 91
828 91
463 92
287 93
218 95
907 95
314 96
413 96
178 98
791 99
532 99
982 100
658 102
906 103
87 103
480 103
933 103
539 105
111 109
138 109
477 111
998 112
949 113
248 114
941 115
193 118
874 118
96 118
126 120
369 120
101 122
194 122
154 123
142 123
617 124
713 125
510 126
765 129
562 130
907 131
509 133
60 133
923 138
113 138
251 140
197 140
705 140
612 141
127 141
212 143
935 144
828 145
2 146
754 146
174 147
570 150
618 151
67 154
305 155
430 155
527 156
971 156
877 157
907 160
39 160
632 161
368 161
21 161
77 161
123 162
598 162
997 165
400 167
387 168
57 170
641 171
512 171
727 173
439 173
778 173
703 174
707 175
663 175
986 176
663 178
20 178
353 180
291 181
589 182
591 182
909 183
113 185
690 185
715 186
611 186
422 186
215 186
867 188
804 189
248 193
31 197
92 198
333 199
275 199
325 200
576 200
162 202
594 202
175 202
155 205
662 205
797 207
601 208
625 211
397 212
135 213
17 213
365 213
654 214
851 214
557 216
50 217
546 219
92 221
844 221
83 222
272 222
345 223
763 224
494 224
776 225
766 226
615 226
978 228
137 229
436 229
282 230
393 230
911 230
794 232
515 233
266 233
576 235
332 235
351 236
666 241
56 241
883 241
581 241
162 243
126 244
500 245
136 245
209 246
851 247
689 252
649 253
10 257
155 257
183 259
178 259
88 259
551 260
426 264
887 264
70 265
240 267
915 268
451 268
168 270
532 271
388 272
73 272
724 273
382 273
385 273
442 274
824 275
560 275
789 276
464 277
950 279
41 279
853 279
615 280
656 281
132 284
107 285
515 285
126 290
116 290
928 291
55 293
908 294
644 295
673 296
858 298
577 299
402 300
871 302
140 302
238 303
751 304
624 305
595 309
376 309
947 310
288 310
448 312
928 314
888 316
263 317
169 322
926 322
18 323
408 324
368 324
265 325
350 325
753 326
633 328
190 328
942 328
987 330
797 330
498 331
223 332
533 333
671 334
330 336
802 336
984 337
365 337
21 337
715 341
449 342
393 342
440 343
74 345
771 345
95 346
28 347
112 348
768 349
585 351
249 351
410 352
807 352
436 352
3 353
964 354
871 355
557 356
640 358
475 360
969 361
386 362
938 362
255 363
2 363
627 365
475 366
423 367
852 367
59 371
267 371
268 371
622 374
14 374
185 378
433 378
28 379
524 379
817 379
551 380
115 380
76 381
81 381
751 382
650 384
967 384
624 384
654 385
105 385
892 385
625 385
80 386
564 387
983 390
795 390
989 390
79 390
700 394
557 400
461 400
667 400
298 401
671 402
408 406
861 407
317 409
508 411
52 412
217 412
167 412
392 412
575 413
314 414
978 415
595 416
372 416
844 416
992 417
524 417
604 418
591 418
183 418
818 419
707 420
300 420
270 421
962 421
462 422
779 423
12 424
472 424
37 427
720 427
247 428
51 429
332 429
706 430
808 430
391 431
162 432
911 432
928 433
532 434
104 435
131 436
67 438
664 438
60 440
147 440
894 440
777 441
629 441
658 441
804 442
962 442
198 443
365 443
160 447
71 449
871 449
913 449
504 450
856 450
951 451
745 451
992 451
625 452
562 452
124 454
911 454
656 456
744 458
747 458
683 461
667 462
397 463
659 463
723 464
174 464
433 465
545 466
851 466
992 467
924 467
500 468
105 470
970 470
597 471
391 472
293 473
191 474
41 476
405 478
349 479
960 479
795 481
197 482
743 482
219 482
530 482
644 483
359 484
3 484
951 487
976 488
173 490
486 490
906 491
526 491
533 492
667 492
778 494
457 494
960 495
362 496
537 497
828 499
53 500
969 501
44 501
479 502
730 502
607 503
609 508
823 509
937 511
388 512
808 515
253 517
848 517
915 517
365 518
989 519
836 519
548 522
223 523
80 523
771 524
738 525
205 526
196 526
929 527
428 527
334 528
556 531
784 532
450 533
224 533
36 533
948 534
45 536
130 539
978 539
20 539
515 541
477 542
469 542
832 542
595 544
583 544
877 544
163 546
984 546
438 546
908 546
184 547
843 548
228 550
466 550
454 554
529 555
108 558
978 559
758 559
713 562
401 563
858 564
413 564
323 565
524 565
205 566
499 567
810 570
121 571
774 571
15 571
777 573
541 576
12 576
258 577
776 579
253 580
778 581
733 582
687 585
531 586
3 588
314 588
885 588
322 589
129 589
120 590
949 590
382 590
242 591
450 593
127 593
787 596
261 597
572 598
807 598
215 601
709 601
406 602
23 602
262 602
550 602
694 602
183 603
920 603
205 604
233 604
564 606
565 607
848 608
804 609
801 610
691 610
341 610
989 610
513 611
335 611
17 612
478 613
944 613
875 613
676 614
397 615
948 616
180 618
796 618
446 619
770 619
333 620
690 620
332 621
832 621
907 622
372 622
41 623
797 623
298 624
651 625
288 625
408 625
675 626
754 627
851 629
778 630
182 630
709 631
961 632
822 632
360 632
903 634
384 634
577 634
749 635
464 636
535 637
246 637
81 638
909 640
149 640
910 641
732 641
875 642
807 642
630 642
165 643
249 644
883 646
426 646
653 647
175 648
131 649
381 650
77 650
565 651
560 652
238 653
366 654
510 658
526 658
346 660
199 661
911 662
366 664
775 665
412 667
457 670
668 678
871 679
584 679
412 679
34 680
974 681
817 682
994 683
282 683
7 683
422 685
72 688
86 688
790 688
975 691
854 691
665 694
996 696
949 697
523 698
586 700
795 701
971 702
148 703
40 707
391 708
797 708
833 709
544 709
905 710
598 710
591 711
294 712
404 712
958 713
653 715
726 716
568 718
738 719
496 720
817 721
483 723
93 724
133 724
5 726
298 726
423 727
992 727
824 728
422 731
627 732
592 734
71 735
706 735
382 735
34 738
192 743
195 744
475 744
915 744
595 744
769 746
751 747
137 749
399 750
342 751
586 751
649 754
823 754
340 754
309 757
189 758
402 758
27 759
153 759
575 760
90 763
803 763
836 763
773 764
512 764
684 766
499 766
609 766
534 767
620 767
686 769
648 770
724 771
553 771
340 773
529 773
111 775
869 779
781 780
872 780
569 781
776 781
666 782
587 784
59 784
138 784
292 785
270 786
619 787
591 788
742 789
976 789
757 790
558 790
141 791
689 792
103 792
153 793
102 793
91 795
20 795
153 796
660 797
816 797
57 797
284 798
34 799
175 799
332 800
376 801
676 803
935 804
27 805
458 807
851 808
629 810
446 810
361 811
973 813
303 813
575 814
712 817
7 818
408 820
210 820
37 820
401 821
144 823
924 823
46 823
729 825
607 826
769 826
842 827
728 827
390 828
969 829
666 831
185 832
722 833
805 834
867 836
470 837
790 837
896 839
103 840
19 842
194 843
108 843
650 845
75 847
678 848
254 848
639 848
15 849
534 850
803 850
498 851
998 851
553 851
666 852
562 853
19 853
982 857
941 859
483 859
605 860
942 862
357 863
417 863
286 864
685 868
459 868
904 868
775 869
556 869
120 870
20 877
358 877
974 877
50 878
244 878
449 879
751 880
987 880
823 880
911 882
612 883
293 884
413 886
904 886
35 888
277 889
382 890
639 892
890 893
338 894
746 895
519 896
184 896
630 896
738 897
612 898
621 898
693 899
402 899
914 900
282 903
733 903
180 905
95 905
440 906
492 906
156 907
106 907
345 907
302 908
537 913
868 914
499 914
724 914
100 915
585 916
410 918
923 919
160 919
39 920
724 921
688 921
248 922
727 923
141 928
465 930
699 930
151 933
848 934
110 936
422 942
24 945
20 946
468 946
396 947
882 947
772 948
206 949
163 949
266 950
613 951
729 953
252 956
766 956
231 956
854 957
327 957
426 958
906 960
250 961
455 962
321 962
751 963
545 964
666 965
374 965
707 966
94 967
196 967
88 968
880 969
898 970
581 972
508 972
598 972
865 974
320 975
762 975
15 977
917 978
4 978
601 979
649 980
832 982
956 984
324 985
772 986
221 987
932 987
10 987
609 988
867 990
433 991
555 992
69 993
654 994
179 994
131 996
193 996
7 997
395 997
364 998
969 999
719 1000
193 1000
