179
50 2
47 3
64 10
92 11
27 14
77 15
114 16
130 17
149 18
73 20
21 22
55 23
129 25
100 27
153 30
167 31
61 32
130 32
75 35
33 43
131 49
48 52
164 55
107 56
64 60
178 61
138 66
112 71
28 73
30 75
106 79
64 80
1 80
137 85
34 87
42 90
63 93
26 93
125 96
137 105
104 115
144 121
2 126
79 129
75 133
174 142
109 144
141 145
31 149
171 152
168 155
127 156
64 161
73 161
158 162
164 166
4 166
11 172
59 179
59 181
27 182
55 183
41 185
163 187
6 189
30 196
32 199
48 205
37 208
159 210
36 214
45 220
70 225
61 229
129 229
156 230
9 236
68 239
2 244
51 246
77 247
26 249
35 253
104 261
100 261
62 264
100 264
42 273
176 273
138 278
37 280
115 283
175 287
157 291
80 295
166 295
174 298
47 299
152 302
57 304
117 310
24 311
170 311
113 312
79 313
42 314
111 318
13 319
44 320
112 320
5 320
19 325
36 327
135 327
24 327
36 329
169 329
94 332
20 337
155 340
80 347
61 349
71 351
151 355
130 356
88 357
117 358
8 359
157 360
115 360
110 368
48 378
78 385
128 389
170 391
50 392
99 398
130 399
14 401
88 401
157 402
85 403
110 404
136 404
76 409
105 409
2 410
93 412
75 415
87 416
174 417
167 424
101 426
78 427
73 429
134 432
145 432
177 439
49 441
117 441
160 444
115 448
46 448
41 450
38 452
98 454
132 455
14 455
119 461
3 470
165 470
100 472
22 472
43 473
65 481
32 486
175 488
15 489
88 490
