444
263 8
541 9
966 11
155 12
710 12
979 12
660 12
738 16
793 18
888 18
449 25
63 25
185 26
302 29
845 31
647 31
859 34
135 36
62 38
174 39
569 39
187 41
503 45
526 47
443 47
946 48
459 50
51 51
974 51
310 54
640 55
745 57
434 64
650 65
836 66
84 67
933 67
123 71
828 79
796 80
249 84
712 85
147 89
438 89
97 92
944 92
445 99
482 99
240 102
122 106
549 109
342 111
80 112
451 115
692 115
5 131
902 132
590 137
898 138
662 144
831 146
206 148
615 149
956 151
555 151
634 151
586 162
637 169
596 170
180 180
683 183
718 183
774 188
799 199
351 199
364 204
259 208
290 214
604 215
746 219
96 219
398 226
876 227
47 228
619 228
260 231
991 233
877 236
464 243
294 246
13 246
81 249
19 250
701 251
263 253
814 254
574 255
688 256
97 258
79 259
727 263
71 263
833 265
718 265
528 268
686 271
910 277
709 277
393 278
336 283
989 286
534 286
566 288
738 290
825 293
27 298
154 302
988 303
118 304
484 306
24 312
62 317
397 321
15 321
379 322
470 323
291 325
387 325
519 332
136 333
87 335
735 336
168 340
172 344
819 345
133 347
817 347
898 349
722 352
224 353
993 353
156 357
861 359
341 360
649 360
189 368
442 369
151 370
130 373
232 375
591 381
28 381
76 381
486 384
17 384
939 387
74 388
145 389
438 393
879 393
788 394
162 400
688 402
630 403
69 405
533 405
485 405
166 411
931 413
899 415
412 420
729 423
796 427
105 429
996 432
102 434
866 436
810 441
711 442
203 444
512 445
21 447
472 448
519 457
479 464
780 467
575 468
297 469
435 469
862 473
528 481
352 484
496 485
632 485
383 488
834 489
455 491
392 493
407 495
985 496
145 497
261 499
785 504
898 504
657 507
779 508
959 511
153 517
786 518
443 518
376 518
822 520
610 526
907 527
541 530
510 533
950 534
687 535
222 537
118 539
537 541
635 542
850 544
592 545
221 547
135 548
630 548
749 552
860 552
129 555
708 558
888 558
890 560
202 560
229 561
321 561
452 565
112 565
765 571
402 571
223 572
960 575
263 577
91 580
828 582
1 583
264 586
874 588
441 591
405 595
885 595
414 601
925 602
48 602
177 604
773 604
41 606
237 606
119 607
451 611
653 613
543 616
710 617
404 617
98 618
972 621
900 622
721 626
76 629
436 629
344 636
716 642
54 644
476 645
150 646
308 646
194 648
281 648
387 649
265 650
646 651
831 652
196 653
772 658
781 658
136 660
303 662
654 663
274 666
727 667
941 668
866 669
780 671
690 671
21 674
544 674
153 675
342 677
489 679
148 681
138 684
591 684
363 685
752 690
508 700
684 700
222 704
533 705
836 709
405 711
467 711
412 711
783 713
427 714
397 715
808 715
120 719
563 723
326 723
900 730
747 730
403 735
924 735
840 737
855 738
828 743
648 753
572 753
533 754
157 756
661 757
791 757
681 759
78 762
905 762
299 763
588 770
649 771
905 773
419 773
128 779
820 779
917 781
305 782
587 783
662 786
351 786
735 791
328 796
1000 797
251 797
578 799
791 801
988 801
741 806
723 810
829 815
309 820
909 823
911 823
153 833
549 834
956 834
811 836
954 837
904 837
394 839
58 840
797 842
855 843
309 845
289 845
491 846
777 851
505 852
843 853
698 856
756 859
280 859
504 864
383 865
490 866
263 866
401 866
221 867
943 873
174 881
157 882
204 882
263 889
971 891
711 892
800 893
886 894
105 897
851 897
980 898
227 898
146 899
813 902
138 909
847 909
173 911
765 914
464 915
732 919
176 919
180 920
888 920
363 920
664 921
516 921
615 925
490 927
778 928
814 928
544 932
692 933
64 935
926 939
748 941
146 941
561 941
751 943
32 945
411 954
868 956
407 960
402 963
326 964
646 967
374 968
440 983
706 983
791 986
788 988
519 988
587 990
856 991
427 992
135 994
491 996
805 997
629 999
