1000
299 0
491 1
872 1
147 2
874 3
977 3
974 4
971 5
446 7
867 7
886 9
37 9
527 10
30 11
695 12
134 12
921 12
276 13
299 14
790 15
324 16
260 16
474 16
348 17
625 18
310 19
295 20
699 21
391 21
8 22
680 23
992 23
246 24
898 25
271 25
309 25
53 29
890 29
378 30
253 32
410 34
873 34
948 35
177 35
421 37
191 38
836 38
436 38
557 38
779 40
551 44
368 45
118 45
301 46
821 49
868 49
831 49
303 51
166 55
772 56
763 57
209 58
119 58
910 60
123 61
963 61
703 65
806 65
734 65
769 67
431 67
460 68
9 69
220 69
736 72
400 72
339 76
146 76
118 76
135 81
254 81
188 84
862 85
982 85
225 88
923 89
549 92
318 92
496 93
856 93
370 94
970 94
148 95
111 95
901 96
230 96
207 98
24 100
465 103
846 104
130 104
784 105
387 107
378 107
459 109
172 110
840 110
99 113
605 116
708 117
583 118
475 119
939 122
798 123
569 124
157 126
970 127
902 130
527 130
406 132
450 133
550 134
246 135
611 135
713 136
247 139
428 143
474 144
994 145
169 148
847 148
55 148
455 151
413 152
624 152
872 154
494 155
209 155
341 157
982 159
602 160
309 163
63 165
256 165
939 165
888 166
876 168
136 168
177 169
883 170
251 170
91 171
724 172
727 172
403 172
682 172
157 173
610 177
777 177
826 178
878 178
480 179
612 179
923 179
452 179
927 181
743 183
380 184
213 186
103 187
981 187
601 188
427 189
897 189
877 189
631 190
787 191
867 194
864 194
418 196
43 196
71 197
25 198
155 198
482 199
554 200
793 201
548 201
546 201
1 202
681 203
563 203
420 204
64 206
11 208
68 209
967 209
194 211
931 213
672 213
53 215
378 215
735 215
649 216
769 219
564 219
705 221
924 222
66 222
221 223
846 224
81 226
957 227
280 228
779 229
158 229
957 230
946 230
644 232
176 233
602 234
545 234
175 237
942 239
710 240
552 240
639 242
656 242
900 243
241 244
500 245
196 245
44 245
80 245
65 246
44 248
749 249
594 250
417 250
179 251
725 252
382 253
370 254
604 255
492 256
634 257
174 259
401 260
621 260
435 260
612 261
211 262
530 264
426 264
454 264
552 265
356 266
651 266
102 268
645 269
611 269
12 270
900 271
512 274
604 274
844 275
388 276
314 276
913 277
345 277
351 277
199 278
176 279
369 279
568 280
267 280
705 281
183 282
114 284
17 285
445 285
378 285
105 286
233 287
177 288
2 288
286 290
164 290
693 290
215 291
843 291
542 291
671 291
986 293
654 294
16 294
205 296
645 297
250 298
762 299
454 302
926 302
871 306
200 307
517 309
790 310
774 310
245 310
619 312
478 314
762 315
34 316
819 316
311 317
680 317
615 318
16 318
146 319
602 319
827 320
217 322
701 322
941 323
501 324
817 324
182 325
630 325
83 325
657 326
373 326
152 326
718 327
400 332
193 335
513 335
595 336
930 340
331 340
618 341
733 342
810 342
688 342
734 342
603 343
539 343
593 343
766 345
934 347
689 348
118 348
4 348
828 349
59 349
286 350
529 350
754 351
863 352
475 352
269 352
543 352
333 353
87 354
310 355
610 356
363 357
811 357
815 358
739 358
661 359
567 359
857 359
196 360
414 362
616 363
303 364
443 364
708 365
525 366
405 367
377 368
534 369
616 370
827 371
83 372
259 373
170 376
399 376
18 376
165 377
67 377
858 377
819 377
598 380
578 380
424 381
837 381
541 382
833 385
322 385
564 388
541 388
465 389
391 389
815 390
643 390
514 391
63 392
54 394
630 395
164 395
204 398
18 398
753 398
964 400
412 400
645 401
260 403
489 405
6 405
184 406
344 406
338 407
644 407
483 407
720 412
767 415
474 415
106 416
427 417
412 418
671 419
707 420
639 421
489 421
257 422
505 422
750 423
834 424
715 425
959 428
274 428
162 430
349 432
593 432
391 432
104 432
686 433
379 433
542 435
40 435
868 435
566 436
264 438
91 442
134 443
54 447
261 448
174 448
275 448
676 449
334 451
496 451
831 453
647 455
383 456
987 456
23 458
887 458
454 460
558 461
776 463
466 464
107 466
304 466
99 467
500 467
481 468
473 469
693 474
969 475
920 477
305 482
993 483
110 484
929 484
741 486
258 486
350 488
518 489
166 490
771 492
759 494
690 496
446 497
529 497
322 497
330 499
406 500
446 501
557 502
87 502
307 503
657 504
664 506
237 506
330 509
620 510
594 511
956 512
750 513
397 515
974 515
650 516
324 516
894 517
350 518
513 519
998 520
546 522
612 523
487 524
99 526
65 527
991 528
744 528
604 528
466 529
25 529
178 530
287 531
378 531
522 533
825 533
253 533
240 534
340 534
685 537
254 537
571 538
650 538
414 539
109 540
92 541
36 541
142 541
543 542
738 542
265 542
800 542
84 544
980 544
327 544
135 544
725 546
938 547
542 547
834 547
969 547
678 549
17 549
896 549
972 550
596 550
433 552
963 553
182 553
449 555
843 555
715 555
484 555
821 556
683 561
243 561
45 563
384 567
411 567
46 568
348 569
495 569
472 570
342 571
781 571
80 572
257 572
742 572
61 572
131 575
277 575
103 575
937 577
10 577
5 581
623 584
539 591
409 592
108 592
426 594
421 594
331 594
689 595
506 596
181 596
919 598
253 598
807 602
504 604
939 604
463 604
200 608
476 609
337 610
621 610
263 610
749 611
832 616
923 617
558 618
751 618
96 620
645 621
528 621
67 621
624 622
183 623
783 623
328 624
356 624
129 626
209 627
612 629
347 630
349 632
971 639
30 639
56 639
841 640
263 641
416 641
627 641
232 641
199 642
313 642
249 643
633 644
458 647
991 648
461 651
880 652
507 653
343 655
855 655
2 656
843 658
910 658
978 658
113 658
260 664
178 666
82 668
765 668
135 670
199 670
302 670
209 674
55 674
199 675
312 676
189 676
611 677
482 677
750 678
278 679
75 679
345 679
805 679
123 679
487 679
895 680
751 681
909 682
946 682
693 683
234 683
156 684
957 686
21 686
100 687
571 688
426 689
771 689
873 690
555 691
408 691
542 693
866 694
128 694
882 695
722 695
592 695
478 695
394 696
135 696
473 697
639 697
928 698
86 700
953 702
739 703
669 703
591 704
781 705
688 706
221 707
997 707
712 709
988 710
769 710
451 713
723 713
529 715
649 715
194 716
645 717
55 718
728 718
712 719
351 719
595 720
311 720
573 720
279 722
64 723
820 724
495 725
862 726
418 727
814 727
577 728
478 728
267 729
708 729
738 730
103 731
329 731
834 733
893 733
944 733
69 735
950 736
906 736
491 739
461 739
37 742
974 743
352 744
992 744
384 745
778 745
623 745
95 745
48 746
26 746
27 747
689 747
138 748
760 748
392 749
357 749
781 750
422 750
778 751
770 751
170 755
856 756
390 756
950 756
716 760
540 762
610 762
188 766
712 767
256 768
191 768
951 770
713 772
161 774
4 774
816 775
580 776
686 779
175 779
150 779
36 780
781 781
467 781
119 781
729 783
876 783
825 784
726 785
252 789
10 793
988 794
571 794
414 794
592 795
417 795
34 795
146 795
675 798
248 800
617 801
794 803
228 803
363 803
571 804
922 804
412 810
384 812
406 812
278 812
311 813
671 819
595 821
37 824
769 826
344 827
25 828
572 828
161 830
325 830
906 831
409 832
313 833
845 834
240 834
678 835
704 835
869 835
211 837
151 837
71 841
169 842
575 844
806 844
786 844
926 845
70 846
732 846
684 846
307 847
794 848
79 849
727 851
359 851
247 852
40 853
316 853
128 854
536 854
804 858
295 859
676 860
248 861
20 862
191 863
558 868
440 868
702 868
643 870
619 871
210 872
531 872
781 872
631 872
387 874
52 874
323 875
760 879
772 880
169 880
559 881
495 881
639 882
458 882
937 883
627 884
239 885
627 886
175 887
311 888
4 890
812 892
774 893
275 893
686 894
349 895
304 897
647 897
319 898
477 899
606 902
522 903
545 908
38 909
291 910
182 912
299 912
124 913
578 914
428 915
702 915
909 917
346 918
710 919
942 920
298 920
37 922
768 923
464 923
520 924
576 925
396 926
488 927
68 928
575 929
456 931
262 935
205 936
236 936
571 936
505 936
372 939
165 941
655 942
36 942
787 942
937 945
291 946
124 947
410 949
918 949
326 952
88 954
666 956
638 958
795 959
714 959
273 959
208 962
363 962
773 963
737 963
610 963
412 963
316 963
297 964
283 964
863 966
5 966
907 966
811 966
43 967
559 967
296 968
138 968
568 971
687 971
378 977
441 977
753 981
7 981
867 982
582 982
140 983
583 983
699 983
2 983
952 984
641 985
148 986
811 987
161 987
489 987
458 987
61 990
968 990
879 991
201 991
672 992
765 992
974 993
979 995
272 996
511 996
503 996
265 998
921 998
726 999
977 1000
