278
355 0
497 12
430 12
383 15
106 16
400 23
643 32
402 36
196 36
254 39
415 41
136 45
255 45
113 46
358 46
239 48
492 53
187 58
419 61
416 63
543 64
528 66
579 77
204 77
602 78
355 83
540 87
598 88
650 90
81 92
281 97
106 106
651 108
288 119
208 122
606 125
282 126
84 131
601 135
582 139
1 143
178 146
243 154
117 155
253 161
267 164
425 175
21 176
248 186
18 186
652 187
607 191
672 192
575 193
587 194
604 197
406 204
238 208
450 215
539 227
175 230
95 235
262 242
299 244
508 245
527 247
357 248
597 251
106 254
648 265
226 267
485 269
502 270
305 271
204 275
128 280
154 282
19 285
500 293
569 294
169 295
229 297
681 298
488 302
434 303
36 303
261 306
546 307
107 307
415 313
675 316
593 319
612 322
538 330
255 337
408 341
272 341
320 342
597 344
22 346
412 348
44 351
169 353
313 353
482 356
662 359
165 359
103 365
422 366
635 368
234 369
561 369
340 371
173 376
64 376
177 384
511 390
294 392
482 395
633 397
203 401
313 402
247 403
49 404
350 406
322 407
596 407
630 407
422 409
220 414
235 414
441 416
197 417
272 420
78 420
620 421
322 424
218 425
154 431
457 433
193 436
314 437
235 437
307 443
581 452
525 457
41 460
653 462
33 475
285 477
683 478
125 480
641 487
56 490
344 490
286 493
85 493
130 494
495 497
57 500
672 503
213 504
484 505
97 508
605 510
110 512
249 513
169 514
605 515
95 516
662 517
212 519
289 521
66 522
113 524
511 526
237 534
453 536
547 541
651 542
124 544
468 545
315 546
39 547
188 553
439 556
203 560
494 561
265 564
259 566
650 571
320 573
258 574
538 581
209 583
290 584
514 588
566 590
338 592
396 592
46 598
275 600
585 603
659 604
248 608
344 612
513 613
421 626
427 626
186 634
218 655
528 660
599 661
397 661
214 662
678 665
215 682
371 683
123 686
264 690
383 690
323 696
608 699
649 709
339 713
481 716
483 723
291 726
618 727
418 727
469 728
557 731
353 737
630 745
436 747
355 751
37 753
97 754
14 754
321 755
643 765
51 765
342 769
163 769
55 770
515 773
302 776
654 785
533 790
325 792
279 792
632 793
464 793
167 796
93 798
179 803
181 807
523 814
508 814
607 819
210 825
105 830
476 831
542 834
64 839
537 844
323 846
483 854
338 857
403 859
328 859
198 863
384 865
240 866
537 872
634 877
667 879
129 885
