1000
196 2147483637
638 2147483637
621 2147483637
94 2147483637
238 2147483637
478 2147483637
686 2147483637
738 2147483637
832 2147483637
252 2147483637
948 2147483637
408 2147483637
371 2147483637
53 2147483637
917 2147483637
769 2147483637
831 2147483637
518 2147483637
693 2147483637
611 2147483637
695 2147483637
801 2147483637
458 2147483637
850 2147483637
273 2147483637
409 2147483637
676 2147483637
89 2147483637
351 2147483637
154 2147483637
9 2147483637
688 2147483637
322 2147483637
500 2147483637
314 2147483637
516 2147483637
412 2147483637
378 2147483637
606 2147483637
853 2147483637
979 2147483637
26 2147483637
2 2147483637
937 2147483637
954 2147483637
50 2147483637
445 2147483637
507 2147483637
140 2147483637
472 2147483637
118 2147483637
105 2147483637
433 2147483637
64 2147483637
368 2147483637
734 2147483637
521 2147483637
205 2147483637
180 2147483637
843 2147483637
749 2147483637
872 2147483637
362 2147483637
605 2147483637
17 2147483637
130 2147483637
267 2147483637
2 2147483637
315 2147483637
691 2147483637
851 2147483637
902 2147483637
643 2147483637
279 2147483637
742 2147483637
54 2147483637
746 2147483637
245 2147483637
190 2147483638
711 2147483638
616 2147483638
855 2147483638
208 2147483638
971 2147483638
211 2147483638
638 2147483638
570 2147483638
739 2147483638
847 2147483638
33 2147483638
921 2147483638
480 2147483638
406 2147483638
236 2147483638
553 2147483638
624 2147483638
170 2147483638
663 2147483638
291 2147483638
75 2147483638
156 2147483638
914 2147483638
784 2147483638
114 2147483638
413 2147483638
712 2147483638
231 2147483638
114 2147483638
272 2147483638
691 2147483638
883 2147483638
396 2147483638
198 2147483638
485 2147483638
619 2147483638
506 2147483638
246 2147483638
147 2147483638
150 2147483638
531 2147483638
122 2147483638
574 2147483638
643 2147483638
125 2147483638
610 2147483638
856 2147483638
273 2147483638
788 2147483638
255 2147483638
876 2147483638
382 2147483638
603 2147483638
724 2147483638
992 2147483638
998 2147483638
533 2147483638
736 2147483638
238 2147483638
655 2147483638
332 2147483638
600 2147483638
468 2147483638
172 2147483638
469 2147483638
196 2147483638
315 2147483638
121 2147483638
540 2147483638
475 2147483638
783 2147483638
29 2147483638
361 2147483638
564 2147483638
593 2147483638
618 2147483638
588 2147483638
366 2147483638
901 2147483638
315 2147483638
942 2147483638
718 2147483638
300 2147483638
485 2147483638
232 2147483638
584 2147483638
776 2147483638
698 2147483638
528 2147483638
772 2147483638
688 2147483638
903 2147483638
93 2147483638
178 2147483638
999 2147483638
77 2147483638
254 2147483638
47 2147483638
726 2147483639
865 2147483639
88 2147483639
440 2147483639
124 2147483639
440 2147483639
937 2147483639
866 2147483639
953 2147483639
613 2147483639
281 2147483639
48 2147483639
113 2147483639
730 2147483639
645 2147483639
47 2147483639
259 2147483639
165 2147483639
370 2147483639
929 2147483639
827 2147483639
236 2147483639
532 2147483639
265 2147483639
265 2147483639
34 2147483639
166 2147483639
786 2147483639
272 2147483639
919 2147483639
560 2147483639
868 2147483639
479 2147483639
976 2147483639
768 2147483639
542 2147483639
916 2147483639
388 2147483639
630 2147483639
27 2147483639
446 2147483639
880 2147483639
935 2147483639
200 2147483639
974 2147483639
996 2147483639
135 2147483639
623 2147483639
605 2147483639
540 2147483639
830 2147483639
82 2147483639
199 2147483639
402 2147483639
885 2147483639
647 2147483639
571 2147483639
374 2147483639
515 2147483639
690 2147483639
31 2147483639
869 2147483639
358 2147483639
754 2147483639
35 2147483639
38 2147483639
130 2147483639
637 2147483639
230 2147483639
779 2147483639
511 2147483639
545 2147483639
690 2147483639
576 2147483639
529 2147483639
271 2147483639
622 2147483639
118 2147483639
363 2147483639
573 2147483639
638 2147483639
260 2147483639
292 2147483639
225 2147483639
845 2147483640
546 2147483640
958 2147483640
476 2147483640
22 2147483640
371 2147483640
112 2147483640
929 2147483640
730 2147483640
609 2147483640
989 2147483640
555 2147483640
933 2147483640
475 2147483640
105 2147483640
188 2147483640
739 2147483640
530 2147483640
647 2147483640
664 2147483640
794 2147483640
403 2147483640
854 2147483640
727 2147483640
113 2147483640
320 2147483640
49 2147483640
131 2147483640
639 2147483640
598 2147483640
944 2147483640
733 2147483640
905 2147483640
51 2147483640
721 2147483640
183 2147483640
730 2147483640
538 2147483640
801 2147483640
665 2147483640
800 2147483640
107 2147483640
412 2147483640
582 2147483640
915 2147483640
543 2147483640
439 2147483640
598 2147483640
326 2147483640
438 2147483640
905 2147483640
474 2147483640
244 2147483640
771 2147483640
291 2147483640
765 2147483640
476 2147483640
276 2147483640
846 2147483640
627 2147483640
53 2147483640
234 2147483640
91 2147483640
516 2147483640
878 2147483640
136 2147483640
112 2147483640
285 2147483640
953 2147483640
323 2147483640
293 2147483640
176 2147483640
199 2147483640
735 2147483640
367 2147483640
746 2147483640
749 2147483640
422 2147483640
314 2147483640
712 2147483640
796 2147483640
340 2147483640
798 2147483640
181 2147483640
652 2147483640
455 2147483640
448 2147483640
707 2147483640
195 2147483640
518 2147483640
569 2147483640
158 2147483640
443 2147483640
510 2147483640
367 2147483640
722 2147483640
904 2147483640
183 2147483640
670 2147483640
457 2147483640
157 2147483640
143 2147483640
401 2147483640
461 2147483641
828 2147483641
229 2147483641
842 2147483641
909 2147483641
841 2147483641
722 2147483641
157 2147483641
90 2147483641
637 2147483641
932 2147483641
383 2147483641
119 2147483641
156 2147483641
742 2147483641
448 2147483641
597 2147483641
330 2147483641
918 2147483641
977 2147483641
353 2147483641
729 2147483641
939 2147483641
22 2147483641
914 2147483641
506 2147483641
317 2147483641
495 2147483641
590 2147483641
934 2147483641
797 2147483641
897 2147483641
241 2147483641
530 2147483641
469 2147483641
551 2147483641
217 2147483641
169 2147483641
673 2147483641
154 2147483641
172 2147483641
233 2147483641
171 2147483641
783 2147483641
390 2147483641
742 2147483641
750 2147483641
124 2147483641
865 2147483641
637 2147483641
142 2147483641
989 2147483641
361 2147483641
317 2147483641
250 2147483641
241 2147483641
347 2147483641
874 2147483641
740 2147483641
68 2147483641
298 2147483641
972 2147483641
543 2147483641
358 2147483641
804 2147483641
9 2147483641
797 2147483641
364 2147483641
894 2147483641
600 2147483641
597 2147483641
573 2147483641
349 2147483641
40 2147483641
424 2147483641
688 2147483641
238 2147483641
147 2147483641
80 2147483641
266 2147483641
399 2147483641
556 2147483641
379 2147483641
307 2147483641
49 2147483641
765 2147483641
461 2147483641
552 2147483642
465 2147483642
168 2147483642
879 2147483642
526 2147483642
319 2147483642
736 2147483642
837 2147483642
902 2147483642
135 2147483642
659 2147483642
536 2147483642
444 2147483642
965 2147483642
142 2147483642
176 2147483642
475 2147483642
773 2147483642
705 2147483642
693 2147483642
937 2147483642
340 2147483642
344 2147483642
484 2147483642
863 2147483642
860 2147483642
105 2147483642
932 2147483642
137 2147483642
154 2147483642
767 2147483642
61 2147483642
195 2147483642
168 2147483642
811 2147483642
195 2147483642
492 2147483642
639 2147483642
706 2147483642
614 2147483642
165 2147483642
615 2147483642
882 2147483642
306 2147483642
436 2147483642
922 2147483642
406 2147483642
633 2147483642
150 2147483642
567 2147483642
467 2147483642
783 2147483642
931 2147483642
231 2147483642
470 2147483642
241 2147483642
75 2147483642
279 2147483642
255 2147483642
10 2147483642
989 2147483642
650 2147483642
448 2147483642
396 2147483642
877 2147483642
607 2147483642
912 2147483642
519 2147483642
447 2147483642
128 2147483642
553 2147483642
783 2147483642
9 2147483642
113 2147483642
743 2147483642
787 2147483642
850 2147483642
541 2147483642
410 2147483642
620 2147483642
876 2147483642
529 2147483642
66 2147483642
130 2147483642
577 2147483642
226 2147483642
669 2147483642
888 2147483642
414 2147483642
624 2147483642
469 2147483642
711 2147483643
791 2147483643
736 2147483643
318 2147483643
731 2147483643
401 2147483643
55 2147483643
565 2147483643
426 2147483643
340 2147483643
399 2147483643
332 2147483643
359 2147483643
978 2147483643
282 2147483643
130 2147483643
704 2147483643
191 2147483643
8 2147483643
293 2147483643
654 2147483643
682 2147483643
160 2147483643
3 2147483643
761 2147483643
463 2147483643
945 2147483643
685 2147483643
486 2147483643
558 2147483643
991 2147483643
600 2147483643
22 2147483643
533 2147483643
358 2147483643
751 2147483643
92 2147483643
509 2147483643
179 2147483643
977 2147483643
625 2147483643
401 2147483643
281 2147483643
755 2147483643
50 2147483643
52 2147483643
536 2147483643
865 2147483643
621 2147483643
975 2147483643
904 2147483643
45 2147483643
523 2147483643
325 2147483643
179 2147483643
348 2147483643
699 2147483643
508 2147483643
524 2147483643
537 2147483643
808 2147483643
734 2147483643
913 2147483643
664 2147483643
48 2147483643
837 2147483643
418 2147483643
565 2147483643
712 2147483643
366 2147483643
416 2147483643
931 2147483643
595 2147483643
156 2147483643
548 2147483643
212 2147483643
346 2147483643
307 2147483643
999 2147483643
219 2147483643
374 2147483643
381 2147483643
834 2147483643
783 2147483643
889 2147483643
316 2147483643
980 2147483643
814 2147483643
62 2147483643
381 2147483643
175 2147483643
174 2147483643
144 2147483643
641 2147483643
743 2147483643
332 2147483643
51 2147483643
235 2147483643
274 2147483643
230 2147483643
985 2147483643
266 2147483644
361 2147483644
429 2147483644
782 2147483644
36 2147483644
879 2147483644
315 2147483644
446 2147483644
942 2147483644
177 2147483644
793 2147483644
98 2147483644
623 2147483644
831 2147483644
790 2147483644
239 2147483644
50 2147483644
938 2147483644
752 2147483644
511 2147483644
919 2147483644
681 2147483644
293 2147483644
1000 2147483644
580 2147483644
749 2147483644
810 2147483644
714 2147483644
756 2147483644
85 2147483644
756 2147483644
991 2147483644
147 2147483644
908 2147483644
571 2147483644
482 2147483644
785 2147483644
859 2147483644
263 2147483644
212 2147483644
209 2147483644
666 2147483644
366 2147483644
532 2147483644
664 2147483644
286 2147483644
874 2147483644
529 2147483644
438 2147483644
236 2147483644
640 2147483644
573 2147483644
705 2147483644
320 2147483644
253 2147483644
656 2147483644
101 2147483644
409 2147483644
16 2147483644
542 2147483644
199 2147483644
875 2147483644
51 2147483644
559 2147483644
961 2147483644
882 2147483644
410 2147483644
891 2147483644
500 2147483644
459 2147483644
46 2147483644
318 2147483644
96 2147483644
689 2147483644
827 2147483644
912 2147483644
52 2147483644
586 2147483645
790 2147483645
639 2147483645
941 2147483645
606 2147483645
901 2147483645
950 2147483645
351 2147483645
184 2147483645
703 2147483645
497 2147483645
165 2147483645
17 2147483645
214 2147483645
538 2147483645
851 2147483645
136 2147483645
684 2147483645
433 2147483645
807 2147483645
578 2147483645
829 2147483645
968 2147483645
637 2147483645
349 2147483645
367 2147483645
626 2147483645
270 2147483645
940 2147483645
595 2147483645
153 2147483645
826 2147483645
521 2147483645
875 2147483645
977 2147483645
717 2147483645
286 2147483645
241 2147483645
743 2147483645
591 2147483645
265 2147483645
540 2147483645
859 2147483645
938 2147483645
236 2147483645
479 2147483645
789 2147483645
110 2147483645
567 2147483645
39 2147483645
558 2147483645
945 2147483645
37 2147483645
441 2147483645
27 2147483645
615 2147483645
421 2147483645
842 2147483645
787 2147483645
545 2147483645
257 2147483645
141 2147483645
456 2147483645
97 2147483645
866 2147483645
475 2147483645
927 2147483645
754 2147483645
829 2147483645
9 2147483645
791 2147483645
403 2147483645
864 2147483645
61 2147483645
426 2147483645
966 2147483645
394 2147483645
62 2147483645
290 2147483645
38 2147483645
48 2147483645
480 2147483645
482 2147483645
947 2147483645
208 2147483646
969 2147483646
290 2147483646
122 2147483646
786 2147483646
399 2147483646
367 2147483646
295 2147483646
974 2147483646
225 2147483646
749 2147483646
525 2147483646
252 2147483646
780 2147483646
939 2147483646
533 2147483646
999 2147483646
394 2147483646
919 2147483646
845 2147483646
21 2147483646
496 2147483646
767 2147483646
113 2147483646
695 2147483646
163 2147483646
171 2147483646
338 2147483646
936 2147483646
401 2147483646
78 2147483646
448 2147483646
742 2147483646
618 2147483646
431 2147483646
293 2147483646
751 2147483646
280 2147483646
820 2147483646
683 2147483646
967 2147483646
928 2147483646
138 2147483646
37 2147483646
942 2147483646
703 2147483646
867 2147483646
345 2147483646
427 2147483646
808 2147483646
270 2147483646
126 2147483646
932 2147483646
503 2147483646
688 2147483646
388 2147483646
511 2147483646
921 2147483646
935 2147483646
566 2147483646
801 2147483646
999 2147483646
674 2147483646
674 2147483646
281 2147483646
268 2147483646
988 2147483646
908 2147483646
684 2147483646
128 2147483646
141 2147483646
301 2147483646
111 2147483646
398 2147483646
240 2147483646
490 2147483646
635 2147483646
313 2147483646
187 2147483646
563 2147483646
998 2147483646
599 2147483646
567 2147483646
22 2147483646
213 2147483646
253 2147483646
914 2147483646
985 2147483646
37 2147483646
832 2147483646
931 2147483646
237 2147483646
791 2147483646
739 2147483646
37 2147483646
205 2147483646
984 2147483647
507 2147483647
424 2147483647
528 2147483647
254 2147483647
892 2147483647
602 2147483647
4 2147483647
798 2147483647
361 2147483647
342 2147483647
173 2147483647
464 2147483647
87 2147483647
430 2147483647
13 2147483647
839 2147483647
676 2147483647
78 2147483647
270 2147483647
143 2147483647
317 2147483647
743 2147483647
524 2147483647
146 2147483647
256 2147483647
496 2147483647
786 2147483647
666 2147483647
548 2147483647
854 2147483647
537 2147483647
60 2147483647
25 2147483647
583 2147483647
541 2147483647
713 2147483647
869 2147483647
742 2147483647
975 2147483647
55 2147483647
443 2147483647
725 2147483647
400 2147483647
350 2147483647
101 2147483647
810 2147483647
711 2147483647
600 2147483647
816 2147483647
475 2147483647
879 2147483647
865 2147483647
669 2147483647
180 2147483647
402 2147483647
46 2147483647
374 2147483647
897 2147483647
679 2147483647
590 2147483647
508 2147483647
693 2147483647
896 2147483647
516 2147483647
317 2147483647
73 2147483647
62 2147483647
448 2147483647
29 2147483647
140 2147483647
330 2147483647
193 2147483647
171 2147483647
268 2147483647
45 2147483647
337 2147483647
251 2147483647
134 2147483647
898 2147483647
7 2147483647
466 2147483647
371 2147483647
816 2147483647
937 2147483647
351 2147483647
357 2147483647
633 2147483647
501 2147483647
754 2147483647
661 2147483647
831 2147483647
78 2147483647
509 2147483647
935 2147483647
668 2147483647
647 2147483647
408 2147483647
221 2147483647
63 2147483647
