200
277 0
518 7
490 11
69 17
809 19
776 20
396 23
877 40
176 42
126 44
315 54
181 54
428 64
494 70
367 73
160 75
156 75
668 77
275 78
849 81
473 89
138 95
520 97
88 98
679 107
279 113
54 117
807 117
124 122
996 123
505 129
613 132
200 134
828 137
347 142
343 144
205 161
926 161
38 170
171 170
246 177
315 180
678 193
312 198
951 198
958 201
312 203
267 212
874 217
560 217
753 223
258 228
912 229
708 230
154 232
663 238
402 240
920 241
941 246
824 246
785 251
721 251
154 253
406 267
959 269
725 270
673 270
571 278
36 281
779 291
841 292
538 293
5 306
386 313
94 315
442 317
21 330
191 351
253 355
80 363
345 365
437 365
954 371
900 376
349 386
314 390
168 391
945 393
584 404
483 405
402 417
875 421
47 422
963 426
500 431
480 433
594 439
683 444
237 449
617 452
38 457
438 465
126 470
111 475
172 475
783 479
839 480
554 487
163 491
88 508
936 513
183 515
232 522
916 530
291 532
510 534
358 540
634 541
683 546
245 551
544 562
396 569
556 570
766 571
380 580
656 581
690 582
356 586
158 596
930 600
759 600
158 603
384 611
287 617
312 617
244 622
896 624
966 626
517 630
264 636
12 639
423 640
778 646
618 647
29 653
64 656
295 665
748 675
511 681
541 694
182 695
566 707
703 714
585 726
432 728
345 730
479 733
886 735
56 739
618 741
198 743
914 747
517 758
768 763
756 765
558 771
865 774
252 777
527 797
689 802
670 808
376 819
635 821
185 823
681 824
437 833
54 841
545 843
915 844
203 844
944 848
440 872
960 875
861 878
328 884
151 884
274 911
181 912
457 912
776 919
660 919
446 944
558 947
382 953
855 965
8 969
189 982
826 984
502 985
357 989
