667
994 0
254 0
482 1
158 1
966 3
853 5
425 6
110 9
797 17
598 17
693 17
611 17
547 18
353 22
12 23
578 23
506 28
281 28
53 29
578 30
662 30
880 32
170 41
847 41
536 41
680 46
441 49
509 49
999 50
560 54
781 55
474 56
576 56
521 58
519 61
164 63
757 64
312 65
649 66
22 70
71 71
231 71
356 75
166 76
235 76
14 78
495 78
403 87
824 87
813 89
863 89
605 90
373 90
272 90
170 91
548 92
921 95
400 96
379 97
361 97
754 99
139 99
691 100
638 102
299 104
486 106
230 108
173 109
730 111
56 112
656 116
23 116
697 121
703 124
253 127
286 128
666 131
537 133
372 134
154 134
156 135
262 138
345 138
288 142
409 142
352 147
384 147
447 148
840 150
252 150
870 154
808 156
295 156
59 156
969 157
293 157
921 157
915 158
417 160
566 162
789 162
250 166
848 171
238 172
297 174
594 174
733 176
385 177
926 178
363 180
785 183
507 185
376 186
797 187
315 187
655 192
734 192
615 192
440 192
382 195
501 197
167 199
528 201
339 202
831 206
568 211
23 212
530 214
206 215
144 217
307 217
373 218
944 218
57 219
440 219
814 219
457 220
413 221
142 222
442 222
706 222
229 223
871 224
508 224
388 225
602 225
99 225
550 227
297 227
519 228
226 228
154 230
787 230
12 231
780 232
648 233
955 239
821 240
544 242
141 242
64 247
301 248
804 250
71 252
733 252
681 255
721 256
308 257
529 261
903 261
245 262
134 262
738 266
608 266
350 267
585 267
995 269
662 269
753 272
362 274
41 277
463 280
204 281
448 282
722 283
800 284
637 287
264 294
573 297
671 299
383 299
707 300
638 306
867 311
211 311
367 312
360 314
528 315
799 316
182 319
155 319
349 320
792 320
287 321
38 321
220 322
117 323
132 330
177 332
15 333
919 334
605 336
10 336
756 337
245 337
163 343
142 346
99 352
814 355
824 355
348 357
301 361
346 363
887 364
298 369
406 374
587 376
815 377
499 378
8 378
862 379
826 382
755 383
961 383
874 384
861 386
529 386
502 387
117 387
790 390
330 396
838 397
137 399
356 403
845 406
769 408
742 409
836 410
910 411
844 414
129 415
274 418
304 418
848 419
13 419
548 419
505 420
309 420
966 420
726 421
555 421
611 422
451 423
460 423
398 424
328 427
435 429
229 430
213 431
418 432
644 432
236 433
842 434
847 434
499 435
753 436
540 437
830 438
349 440
447 440
377 440
755 443
626 444
369 445
335 446
933 447
404 448
360 449
271 449
615 450
418 451
58 451
577 452
928 452
25 454
609 454
870 455
958 458
7 459
893 459
313 459
902 460
294 461
155 462
797 463
376 464
190 465
178 466
78 469
180 475
466 479
475 481
66 481
187 483
121 484
404 485
424 490
151 490
931 492
368 494
296 494
229 495
248 497
30 497
667 498
190 499
587 499
499 506
566 508
380 509
913 511
376 512
510 517
496 520
214 523
900 523
66 523
408 523
92 523
244 524
846 525
139 530
980 532
529 532
752 534
656 536
210 537
239 538
691 540
980 541
310 542
569 545
14 547
83 550
839 550
708 551
686 552
327 556
341 558
476 559
198 559
210 560
487 561
119 561
912 562
916 562
868 563
121 564
311 566
536 566
305 567
310 567
947 567
985 570
92 571
909 572
532 573
194 573
362 573
911 577
195 580
186 582
2 587
760 588
195 591
524 597
586 598
739 600
382 602
53 605
314 605
886 605
194 606
181 609
650 609
493 611
117 613
690 613
505 616
903 617
606 619
958 619
204 620
311 624
775 624
687 626
988 630
960 630
355 632
530 632
534 636
932 639
918 639
97 641
226 641
377 643
152 643
443 644
1000 646
727 646
439 647
622 648
453 648
127 648
49 650
759 653
284 654
765 655
641 655
564 657
444 659
451 662
296 664
735 668
269 673
562 676
127 678
839 678
36 679
432 679
88 680
317 681
445 684
63 684
810 686
101 686
715 686
805 690
373 691
165 694
354 695
815 698
279 705
567 707
148 711
736 712
320 712
925 712
721 716
543 716
561 716
497 716
942 717
165 721
679 721
38 721
157 722
924 723
232 725
514 730
7 731
937 731
883 732
584 734
251 734
975 737
795 737
36 740
986 742
62 743
466 743
791 744
134 744
764 745
802 745
945 747
335 748
468 749
612 750
904 751
802 753
550 753
971 755
327 755
807 756
333 756
548 757
317 759
968 760
23 760
888 762
319 762
302 763
820 764
678 767
516 767
359 772
660 779
714 779
359 781
422 782
119 783
864 784
232 785
214 785
43 786
234 786
820 788
833 792
953 793
231 793
489 795
582 796
564 797
171 797
127 802
996 807
607 808
971 808
743 808
839 810
601 813
695 821
172 824
974 827
699 827
162 827
581 828
409 828
725 828
19 829
428 830
465 832
75 832
575 833
723 836
121 836
569 837
295 838
45 840
337 842
343 842
93 843
652 846
2 846
805 850
67 853
300 853
70 854
851 854
340 856
478 857
82 860
266 863
847 866
417 868
493 873
738 873
462 873
606 874
483 877
771 879
52 881
528 881
998 883
436 887
659 887
872 887
397 888
520 892
424 892
415 894
239 895
691 896
369 897
981 898
449 898
342 901
401 902
295 902
982 902
943 903
764 904
983 904
937 908
211 909
716 912
246 912
790 914
693 916
515 916
421 920
863 920
939 921
906 925
664 925
66 927
288 930
692 931
921 932
288 937
300 938
749 939
987 941
852 943
247 943
905 944
628 946
907 946
918 947
310 947
285 948
157 950
891 951
501 952
544 952
240 954
159 957
642 958
787 959
797 962
965 966
803 967
442 967
507 968
307 968
868 969
984 970
257 971
110 972
40 972
713 973
292 973
123 976
331 976
677 976
4 978
201 980
69 980
134 981
725 981
858 982
797 982
916 983
72 984
578 984
463 987
180 988
989 988
658 990
472 991
366 992
321 992
687 993
562 996
881 998
275 999
