1000
480 0
187 5
28 7
356 8
735 11
432 12
698 13
651 13
29 16
700 17
48 17
61 18
670 18
594 19
341 19
355 19
686 21
490 21
953 22
870 23
1000 25
24 25
390 26
84 26
603 27
990 27
285 27
909 28
46 28
383 29
745 29
583 30
76 30
813 30
992 31
24 35
480 36
242 37
555 37
424 39
434 41
630 41
935 42
554 43
828 43
630 44
942 46
415 46
254 46
846 47
282 49
409 49
470 50
666 50
675 50
475 51
799 52
810 52
96 53
565 53
953 54
434 54
665 55
390 55
673 56
130 56
929 56
95 58
345 58
862 59
441 60
418 61
681 61
591 61
942 61
798 63
199 63
202 64
431 64
364 64
474 64
783 65
777 65
91 67
246 68
116 68
225 68
885 68
195 69
292 69
946 70
777 70
551 74
565 74
24 75
283 76
514 76
336 76
459 77
597 77
491 79
589 79
323 79
754 80
948 80
675 80
477 82
853 83
436 84
512 89
603 90
405 91
353 91
856 91
876 92
536 92
702 93
60 96
513 97
32 98
14 99
491 102
760 103
53 104
582 106
929 107
224 108
17 108
991 108
785 109
156 111
796 111
625 112
526 112
698 112
376 112
70 112
965 113
227 114
604 114
182 114
696 115
583 116
892 116
642 117
70 117
240 119
515 121
264 123
456 126
923 127
304 127
722 127
931 128
125 128
972 129
129 129
546 129
711 130
823 130
323 131
712 132
858 132
262 133
565 133
623 134
318 135
551 135
543 136
318 137
489 137
52 139
257 143
605 144
227 144
809 145
739 145
32 147
36 148
766 148
11 148
509 148
44 148
541 152
469 152
612 154
408 156
500 159
483 163
799 164
488 164
986 165
109 165
533 165
755 166
334 167
340 169
661 170
777 171
468 171
816 172
70 172
310 172
983 173
29 174
393 174
520 175
788 176
745 178
632 178
811 179
640 179
172 179
878 179
712 179
397 180
421 183
745 184
899 185
90 186
655 187
501 188
610 190
342 190
369 192
524 193
268 195
375 198
24 199
992 199
160 200
220 200
482 201
987 201
628 202
154 202
782 202
167 202
274 203
482 205
36 206
915 206
629 207
689 207
753 207
24 207
160 208
543 208
455 211
131 212
330 212
622 212
553 213
553 214
11 215
984 216
991 216
621 216
773 217
565 217
337 218
318 219
404 220
744 222
508 222
602 223
802 223
940 224
900 225
859 228
841 228
229 230
596 230
771 231
802 231
708 231
129 233
505 234
953 235
211 236
530 236
744 240
547 241
954 242
791 244
610 245
470 251
100 253
175 253
64 254
358 254
562 255
706 255
453 256
109 258
73 259
475 260
531 261
651 261
967 261
199 262
214 262
939 263
650 265
874 265
502 266
159 266
800 268
697 269
799 269
772 271
927 273
307 278
921 279
464 280
468 282
673 282
776 284
208 284
381 285
398 288
509 290
404 290
148 291
316 292
776 293
340 296
718 297
404 297
903 300
2 300
898 301
994 302
836 303
684 304
965 304
797 305
194 307
899 308
561 308
524 309
594 310
694 311
85 312
708 313
495 313
668 314
855 316
33 317
608 320
415 321
369 322
458 324
588 326
984 329
56 331
592 332
754 333
76 334
172 337
248 340
89 340
451 340
769 342
333 343
416 344
638 345
676 345
720 347
694 347
641 348
603 352
941 352
205 352
638 353
604 354
173 355
802 355
376 356
746 358
863 358
846 360
296 361
127 361
945 363
505 364
51 366
806 367
162 368
188 369
129 369
511 370
755 370
59 371
176 372
232 372
283 373
883 374
119 374
361 375
198 378
563 378
128 379
753 379
832 381
240 381
411 383
540 385
864 386
517 386
846 389
207 391
601 394
509 394
870 394
649 397
789 399
940 400
285 402
819 402
184 404
334 404
836 405
409 406
643 406
870 406
688 409
451 411
703 412
79 414
414 415
217 416
319 417
948 417
114 417
536 418
434 418
876 418
165 419
705 420
947 421
444 424
734 424
519 425
150 425
733 427
921 427
850 428
703 428
651 428
881 430
406 432
704 432
795 433
454 434
270 435
367 438
294 439
858 442
821 443
597 443
958 450
702 451
139 452
244 452
810 453
858 454
105 456
799 457
429 457
822 458
373 458
243 459
670 459
456 460
526 460
69 460
88 460
486 466
720 468
943 468
448 468
832 468
156 471
46 472
523 473
437 473
223 473
205 473
651 475
111 476
179 477
922 478
343 479
391 480
76 480
293 481
345 482
812 483
91 483
263 484
576 486
239 487
606 487
975 487
135 489
912 489
50 490
669 493
5 495
68 495
65 496
802 496
807 496
586 498
84 498
615 501
801 502
31 502
546 503
800 503
624 503
272 506
913 506
443 507
387 508
660 509
751 509
958 509
318 511
455 511
607 513
266 513
136 514
224 514
531 515
823 516
35 516
163 517
881 518
93 519
352 520
927 524
263 525
600 527
952 527
543 528
812 528
178 528
697 529
338 534
280 534
534 535
710 535
166 536
107 537
967 542
729 543
152 545
440 546
897 547
309 548
776 549
234 552
512 552
769 552
784 554
294 554
20 555
145 559
694 562
343 562
278 563
335 563
480 564
175 564
22 565
203 568
217 568
257 569
902 569
199 571
968 572
276 574
152 575
421 575
478 578
545 578
943 579
674 581
925 581
790 582
988 585
676 585
428 586
417 586
405 586
405 587
480 587
736 587
651 588
449 588
483 590
240 590
247 590
838 590
685 595
257 597
286 597
775 598
468 598
572 599
800 601
218 603
738 604
943 604
601 604
851 606
215 607
485 607
876 607
353 609
859 609
735 611
76 612
891 613
474 616
263 617
688 617
951 618
248 618
668 621
125 621
753 626
618 627
53 628
698 628
851 630
269 630
9 631
728 631
777 631
148 631
302 636
490 639
880 641
171 641
598 642
78 644
922 645
117 645
848 645
44 647
783 648
130 649
835 649
845 649
81 649
57 649
442 651
262 652
465 653
838 653
130 655
404 656
283 657
556 658
277 659
579 659
714 659
344 659
948 660
168 662
718 662
281 664
994 666
355 666
647 666
49 666
565 667
282 670
68 670
142 671
880 671
135 671
99 672
43 672
205 673
730 674
277 674
558 674
382 675
393 676
226 677
14 677
693 677
658 679
514 680
164 681
686 682
995 684
87 686
578 687
421 688
847 689
362 690
720 692
896 692
69 694
158 695
732 695
340 696
505 698
475 698
204 699
87 699
896 702
579 702
102 703
989 703
408 705
525 707
41 709
756 710
604 710
417 710
745 711
683 711
526 712
485 712
777 714
640 715
907 716
259 718
684 718
556 718
140 720
64 721
248 722
914 723
58 724
132 724
265 725
667 727
14 728
94 731
656 731
212 732
33 733
176 734
224 735
866 737
79 739
642 739
861 741
655 742
489 742
147 742
351 744
629 744
483 745
683 747
302 747
906 747
484 748
432 748
188 748
584 750
26 751
243 751
739 751
636 752
899 754
840 755
604 755
224 756
277 757
263 757
279 757
475 757
480 758
142 758
385 761
829 763
537 764
53 766
612 766
109 766
119 767
472 771
1 771
158 773
324 773
470 774
879 774
168 774
416 775
724 775
264 777
499 777
252 779
536 780
388 782
715 783
31 783
39 784
4 785
634 786
523 787
807 787
751 789
390 789
777 791
891 791
258 792
674 792
200 796
138 796
606 796
722 796
209 797
165 799
268 799
438 799
59 800
624 800
203 805
254 806
438 807
429 807
898 809
518 811
883 811
657 811
279 812
446 812
197 813
950 815
964 816
512 816
337 818
337 820
751 821
146 822
939 823
230 824
828 826
935 830
727 831
515 831
579 832
96 832
924 832
890 835
226 836
216 836
540 838
998 838
2 839
490 842
495 843
461 846
127 847
123 849
89 849
668 849
80 851
781 851
1 854
169 855
594 856
305 860
93 861
969 864
483 865
426 865
792 865
679 868
338 868
1 869
598 872
849 873
836 875
583 877
693 879
684 879
581 880
657 882
691 882
854 884
429 885
313 885
892 886
521 887
664 888
338 889
165 891
170 892
102 893
634 893
247 894
894 895
860 896
868 897
646 900
979 900
721 901
964 903
351 903
925 904
181 908
298 908
85 908
714 908
984 909
629 910
171 910
358 911
606 912
514 917
102 917
441 918
197 919
701 920
997 920
920 924
535 926
191 928
947 930
507 930
958 930
79 933
509 934
36 935
454 936
262 937
391 938
486 938
805 938
258 942
464 943
209 944
823 945
967 945
643 946
195 948
987 948
35 949
930 949
884 950
905 951
750 951
164 951
110 951
199 952
360 954
99 956
557 956
970 957
988 958
377 960
298 961
47 967
835 967
553 968
814 968
815 968
287 971
564 972
489 973
413 975
543 977
498 978
329 979
332 981
861 982
752 982
978 983
69 984
942 984
500 985
179 985
676 985
131 986
823 987
895 988
801 988
960 988
655 988
929 988
865 988
1000 989
930 994
511 994
464 995
144 996
767 996
61 997
418 998
734 1000
