1000
551 0
320 0
297 1
157 2
427 3
246 4
900 5
98 7
125 8
817 8
257 11
674 11
304 11
923 14
11 15
568 17
60 18
737 18
876 20
324 22
189 24
452 25
783 25
642 26
451 28
630 29
145 30
749 31
258 32
632 33
619 34
254 35
424 36
370 37
202 38
969 39
167 40
766 41
311 42
278 42
115 42
47 44
38 45
106 45
445 45
929 48
994 51
727 54
319 56
347 56
451 57
288 57
452 58
980 58
493 60
978 61
403 62
816 62
489 62
424 63
185 65
185 66
650 67
931 68
122 69
977 69
892 69
559 71
517 74
534 75
842 75
413 76
3 77
868 77
280 77
269 78
64 80
735 81
333 83
125 83
336 85
247 86
626 89
343 90
659 91
704 91
524 97
185 98
759 99
765 99
390 101
228 102
335 102
734 102
984 102
258 103
440 104
359 106
362 108
918 108
483 110
450 111
633 113
573 114
708 115
778 118
355 121
434 123
468 124
448 125
902 125
378 126
278 126
495 127
424 127
74 128
286 128
767 130
973 130
60 130
434 130
372 131
210 132
208 133
851 135
627 135
599 135
583 135
382 137
853 138
728 138
679 140
62 142
842 143
268 143
444 143
478 144
54 145
777 146
341 146
451 148
508 149
988 151
643 151
576 153
120 154
33 154
777 155
273 156
4 157
282 162
698 162
949 163
959 163
939 164
145 164
81 165
118 166
113 167
410 167
829 169
215 173
793 175
220 175
128 176
519 177
728 178
420 179
422 181
139 181
721 182
356 183
982 183
218 184
632 184
367 186
801 186
69 188
88 188
329 190
901 192
918 192
575 197
269 199
812 199
256 200
179 200
219 200
247 202
425 202
276 203
272 203
768 203
380 203
482 204
344 204
746 205
516 206
434 207
711 209
518 209
159 210
284 212
269 212
580 214
956 214
878 215
74 216
261 216
801 216
482 216
468 216
587 217
53 217
442 217
85 218
138 218
718 219
14 220
565 221
168 221
1 224
837 224
308 224
199 224
943 225
132 226
276 227
473 229
733 231
774 233
844 234
682 236
552 238
702 239
743 239
294 239
722 239
157 242
930 242
80 242
97 243
767 244
135 248
527 249
133 249
386 250
373 250
616 251
800 251
668 253
644 253
305 253
257 255
281 255
935 255
930 258
512 258
237 258
495 258
424 261
137 261
622 261
914 261
72 262
401 262
735 262
86 263
661 269
885 273
169 273
679 275
801 275
322 275
344 276
29 276
909 276
242 276
793 277
507 277
921 278
243 279
825 279
234 280
793 281
3 282
301 284
750 285
110 286
677 286
443 287
942 287
627 291
164 291
775 291
100 292
498 294
364 295
677 296
75 296
640 297
178 297
733 297
702 298
699 299
172 299
317 299
522 299
830 299
128 300
779 300
358 303
671 304
316 307
851 308
253 308
735 308
788 309
334 310
484 311
690 312
312 313
5 314
171 315
386 317
640 317
324 318
355 319
77 322
324 322
139 323
505 324
865 325
797 325
866 328
606 330
784 331
6 331
675 332
398 332
409 336
76 336
550 336
87 337
134 339
270 340
571 340
459 342
333 342
979 342
436 342
799 346
5 346
135 347
695 347
639 350
666 353
558 353
418 354
69 355
387 359
485 359
149 360
18 361
353 362
789 363
618 365
74 365
380 365
722 366
79 368
496 369
399 369
711 371
717 371
890 372
85 372
505 374
210 377
273 379
445 381
461 383
31 385
132 385
919 386
859 387
38 387
650 387
196 389
662 389
207 390
303 390
841 391
69 391
214 393
295 393
1000 394
641 394
846 394
775 397
975 398
471 399
760 401
827 401
370 403
910 404
906 404
677 404
579 405
810 405
862 409
519 409
385 409
243 409
565 410
476 411
924 416
124 417
42 418
130 418
690 418
311 418
335 419
30 420
996 421
614 423
456 424
211 425
198 429
506 430
399 430
49 430
390 430
78 432
986 434
734 435
889 436
989 437
110 437
467 437
111 439
909 439
100 439
256 439
360 439
552 441
823 444
521 445
932 447
910 447
922 450
21 450
380 450
481 451
529 452
568 452
164 453
525 455
71 456
424 457
595 458
224 458
369 459
977 460
720 461
485 463
277 463
478 464
830 464
864 466
70 466
510 467
504 467
234 467
445 468
302 469
572 470
405 471
991 472
965 473
408 473
177 474
81 485
955 488
389 488
861 490
903 490
60 492
326 492
93 492
866 494
210 496
616 497
614 498
612 499
870 501
597 501
724 503
214 504
336 505
190 506
101 507
906 508
226 508
379 510
239 511
477 511
675 516
214 517
573 517
435 518
532 519
455 520
778 520
585 520
728 521
505 521
658 522
151 525
55 525
676 526
93 527
401 527
780 528
143 528
354 528
902 530
648 530
706 530
879 531
494 535
314 535
214 537
698 538
412 539
406 541
789 542
830 545
891 545
988 546
727 547
447 548
834 549
235 551
950 551
182 552
36 554
28 554
79 554
816 555
302 555
892 556
856 556
371 556
156 559
653 559
620 560
804 561
279 561
331 563
190 563
513 564
719 566
871 569
894 570
387 571
320 572
717 572
794 577
736 577
510 581
315 582
799 582
417 583
809 583
873 584
191 585
757 585
687 585
650 585
968 586
432 587
304 589
116 590
101 591
327 592
707 596
245 598
599 599
62 599
173 603
830 603
941 604
521 604
941 604
344 607
577 610
642 611
361 611
299 611
121 613
792 613
600 613
831 616
141 618
345 619
293 619
821 620
797 621
60 621
836 622
252 623
407 623
305 624
872 624
432 624
301 627
403 628
703 628
600 634
168 634
30 636
544 637
194 639
917 640
542 643
867 643
483 643
976 644
220 645
286 648
778 648
71 650
998 651
407 652
116 653
383 653
971 654
824 654
62 654
117 655
918 656
508 656
765 657
890 657
507 657
164 657
13 658
880 658
467 658
830 658
893 660
589 661
528 662
278 664
617 665
623 667
240 668
676 668
694 669
196 671
981 671
58 671
707 672
456 672
66 672
73 673
801 675
82 676
628 676
140 677
338 678
379 679
184 682
962 683
361 684
112 684
871 686
65 687
748 689
588 690
674 691
890 694
793 695
271 695
578 696
374 697
615 697
336 697
212 700
357 701
446 702
211 703
763 705
728 705
808 706
700 707
496 708
17 710
265 711
340 712
364 713
186 714
23 714
572 714
584 714
858 715
556 716
921 716
310 717
710 718
470 718
341 718
164 719
649 720
705 720
336 721
175 721
340 723
92 725
7 726
48 729
294 729
53 729
418 731
773 731
435 733
63 734
281 735
660 736
623 737
85 737
488 740
994 740
519 742
760 742
491 743
19 743
329 744
800 746
576 746
584 753
219 756
546 757
553 759
386 760
757 761
254 762
84 762
758 763
890 764
324 765
996 766
880 769
521 769
491 770
18 770
877 771
789 771
624 771
156 772
427 777
390 779
600 779
565 780
607 781
54 782
731 783
744 783
137 784
404 784
730 785
977 785
22 786
314 786
950 788
404 788
324 788
198 789
833 789
573 791
496 796
799 796
211 798
775 798
350 799
266 801
761 801
790 802
906 803
763 805
372 806
804 807
406 807
717 808
606 808
937 810
703 810
707 812
271 813
49 814
30 816
727 816
60 817
308 818
996 820
294 821
265 822
599 823
778 825
8 825
905 826
170 826
876 827
812 827
640 828
469 828
699 829
64 829
844 831
715 831
296 832
94 833
111 834
164 835
860 835
886 835
476 837
840 837
595 840
923 840
96 840
418 840
113 842
573 842
573 845
770 847
989 848
925 848
529 849
101 852
803 852
998 853
672 853
116 853
18 854
40 854
635 856
525 857
135 858
525 858
868 859
58 859
822 860
220 862
260 865
669 866
555 867
937 867
125 869
585 869
173 869
114 870
191 870
706 871
81 872
916 872
179 872
929 873
188 874
652 875
725 876
68 876
424 876
955 880
803 880
722 881
233 881
490 881
577 882
271 885
501 886
983 891
446 894
248 894
509 894
801 894
351 895
602 895
644 895
955 896
327 897
579 901
918 904
955 905
105 908
404 908
432 909
213 909
624 909
126 911
421 912
322 913
161 914
326 914
595 914
873 914
861 918
767 919
181 920
123 920
319 921
209 922
111 922
298 924
601 925
879 926
29 926
164 927
794 928
103 928
472 928
56 929
93 930
936 932
464 932
834 932
931 932
425 933
836 934
477 934
233 935
453 936
727 937
590 938
135 939
661 940
129 940
15 941
459 942
130 943
921 944
839 945
548 945
17 946
28 948
386 948
789 948
570 949
822 951
997 952
243 953
194 959
696 959
599 960
369 961
60 963
386 964
223 964
647 964
880 965
434 965
363 966
451 966
520 969
119 970
953 971
661 971
412 972
148 972
375 973
291 973
798 973
547 974
251 975
507 977
39 978
968 978
969 978
952 979
901 979
875 980
223 981
876 982
468 982
555 983
673 984
20 984
820 985
146 985
268 990
894 991
614 993
838 994
355 996
818 996
925 999
155 1000
320 1000
443 1000
