130
369 49
816 50
347 58
290 58
739 77
656 78
114 82
901 83
558 90
710 98
518 105
155 112
287 114
679 119
509 121
371 121
161 135
362 150
901 158
244 159
558 180
557 182
52 194
982 209
138 210
191 212
885 222
361 222
631 222
684 226
391 236
613 244
479 249
654 258
748 260
385 269
590 276
471 285
305 296
121 310
822 374
462 392
514 404
206 408
314 419
209 420
105 434
874 435
856 439
662 444
87 458
298 463
186 466
672 472
163 477
484 485
8 500
896 507
428 507
520 508
934 515
147 520
931 532
871 533
494 535
444 549
472 553
575 554
341 558
674 574
363 588
419 604
194 611
376 614
915 616
622 623
692 623
980 644
410 645
699 648
861 656
794 659
450 665
5 674
266 680
555 684
334 699
755 707
280 710
835 710
176 720
827 721
661 721
312 728
238 740
125 740
1 770
610 792
63 796
570 799
723 801
733 801
682 804
749 818
706 824
587 825
309 835
74 850
380 862
981 866
148 868
373 885
601 891
758 907
642 909
754 914
733 923
856 929
236 941
970 949
565 955
523 957
763 957
430 962
568 963
243 985
519 985
581 987
160 991
194 1000
