1000
534 0
645 0
180 1
355 3
854 6
77 6
892 7
963 7
776 9
882 9
704 10
924 12
533 14
941 14
950 15
116 15
719 17
926 18
711 19
836 20
78 21
127 21
255 24
474 26
135 26
411 27
902 28
499 28
175 28
672 29
413 29
163 32
879 33
4 33
107 34
760 34
84 34
995 38
24 39
839 39
851 39
27 39
681 40
873 41
745 41
744 41
278 44
563 44
435 44
143 44
855 45
210 45
642 46
163 47
316 48
69 50
671 51
135 51
782 53
122 54
704 56
775 56
192 58
44 59
68 61
120 61
926 62
682 63
980 64
139 64
435 67
281 67
791 68
505 68
619 69
521 70
594 71
466 72
121 73
796 74
928 74
112 76
1 76
189 76
942 77
381 78
451 78
36 79
596 81
926 82
366 82
456 83
213 84
343 84
996 85
668 86
980 89
325 90
574 91
338 92
670 92
109 92
665 93
23 97
622 100
424 102
305 104
680 105
283 106
169 107
775 108
283 109
560 109
648 109
757 110
708 114
691 114
497 115
28 116
649 117
243 118
33 120
37 124
648 125
918 126
557 129
400 131
959 131
463 131
113 131
360 132
868 134
484 136
434 136
128 136
914 136
473 137
355 138
846 140
664 144
250 146
512 147
872 148
369 152
105 153
449 153
827 154
365 156
36 157
978 157
781 157
696 158
630 159
342 159
968 160
476 163
389 164
753 165
511 166
925 166
800 168
888 169
253 169
229 172
25 174
473 175
295 175
300 176
59 177
329 178
566 178
470 178
799 178
178 178
792 178
568 179
112 180
317 181
996 181
992 184
452 184
689 185
872 187
73 188
657 192
379 193
928 193
912 193
626 193
769 195
804 196
371 197
838 198
978 198
494 200
748 201
958 201
246 201
556 202
715 202
281 202
909 205
335 209
576 209
760 209
609 210
199 211
444 211
175 211
317 212
394 213
996 213
233 216
271 218
985 218
9 220
53 220
258 221
817 223
479 223
977 225
558 225
759 225
499 226
602 226
275 227
154 229
317 231
904 233
555 233
6 234
348 235
283 236
927 237
283 237
828 238
658 238
25 243
869 244
401 244
255 244
207 244
615 245
784 245
303 245
424 246
220 246
106 247
838 247
912 247
521 248
842 250
92 252
945 252
863 254
381 254
194 255
800 257
834 258
988 258
385 260
619 260
75 261
513 261
239 261
806 262
249 262
115 263
5 263
434 263
807 266
39 267
568 268
693 269
800 269
8 270
712 270
743 271
30 272
613 274
118 274
967 275
435 276
982 276
447 276
764 276
753 278
184 278
140 280
758 282
489 283
823 283
942 283
46 283
76 284
649 284
465 286
995 291
214 291
749 291
329 292
948 292
314 293
620 295
929 295
102 296
635 297
224 297
174 298
173 299
941 300
938 303
894 303
979 303
187 303
21 305
636 305
500 308
897 310
998 310
554 312
991 312
895 312
690 316
182 318
769 319
360 321
824 322
676 322
873 322
27 322
512 322
693 323
90 324
185 324
362 330
98 330
970 331
18 331
335 331
745 332
360 332
679 332
398 333
418 334
373 336
772 336
822 337
277 337
609 338
833 340
970 340
142 341
790 341
384 341
960 342
832 342
311 344
491 346
61 346
909 348
282 349
423 349
592 349
907 350
144 351
573 352
641 352
508 352
205 353
771 353
342 353
422 354
14 354
713 356
660 356
537 357
680 358
880 358
607 359
179 360
282 360
143 361
339 362
299 362
923 365
773 367
367 367
720 369
909 370
12 370
792 371
188 371
871 371
352 372
79 373
759 376
470 377
781 378
783 379
68 380
725 380
844 380
53 383
847 383
702 388
52 395
460 395
229 399
920 399
68 400
874 402
974 402
239 403
187 404
840 404
948 404
5 406
177 406
432 407
110 408
356 409
732 410
925 411
962 413
325 413
138 415
739 416
795 417
160 419
279 419
370 420
2 424
69 424
515 425
64 425
597 426
345 427
903 428
451 430
464 431
975 432
967 434
656 434
200 435
201 437
892 437
260 438
686 440
560 442
172 444
914 445
416 445
217 446
354 449
214 449
309 450
98 450
623 451
836 453
181 454
290 454
178 455
164 456
4 458
762 459
690 460
732 460
135 461
466 462
499 463
118 464
767 464
871 465
582 465
717 466
449 466
353 466
63 467
783 468
767 468
12 468
945 468
623 472
80 474
441 475
15 475
634 475
26 476
668 477
875 478
476 479
815 481
555 484
383 485
785 486
177 487
980 487
687 488
594 491
929 491
990 491
545 491
184 492
620 493
870 493
747 493
754 493
715 494
587 494
387 495
518 500
431 501
847 502
440 502
674 503
250 504
356 504
19 504
289 505
227 505
717 506
926 509
53 512
789 513
964 514
764 516
909 517
526 518
444 518
15 518
651 519
736 521
902 523
117 524
991 524
428 526
416 527
847 527
920 527
457 529
586 530
559 531
692 531
336 532
980 533
32 534
106 535
970 536
851 536
19 538
232 542
14 542
274 542
238 543
466 544
596 547
936 547
248 547
19 548
60 549
683 550
44 550
195 551
369 551
788 551
446 551
179 554
209 555
520 555
227 557
382 557
789 559
152 560
400 561
474 561
238 564
969 564
776 564
721 565
264 565
608 566
840 568
685 568
950 569
53 569
820 571
555 571
930 571
252 573
885 574
903 574
281 575
691 576
891 577
810 580
587 580
762 580
190 580
269 583
581 584
573 585
784 586
188 586
532 586
683 588
509 588
158 590
547 591
678 593
221 594
328 595
906 595
744 596
613 597
881 597
661 599
236 600
26 600
599 602
492 603
790 603
351 603
709 603
565 604
801 605
666 608
476 610
562 610
1 611
700 611
213 612
611 612
637 612
869 613
791 614
400 616
137 617
868 617
10 618
168 619
643 619
120 619
944 620
668 621
719 624
526 625
608 627
479 627
42 628
379 628
234 631
829 632
708 633
696 636
170 636
947 636
788 637
728 638
199 638
176 641
616 642
503 642
219 644
70 645
520 645
438 645
490 645
742 647
857 648
55 650
803 650
690 656
759 657
918 662
134 663
244 663
898 664
770 664
890 665
524 666
132 667
640 667
673 669
629 669
985 669
45 669
563 670
908 670
780 671
149 671
769 671
376 671
100 671
269 672
909 673
212 673
294 674
998 674
230 674
830 675
936 675
661 678
531 679
383 680
526 681
594 681
961 682
366 683
452 684
755 686
1000 686
744 688
644 689
950 689
3 690
76 691
576 692
3 692
855 693
722 693
227 695
367 696
969 696
552 697
745 699
290 699
243 700
896 700
953 701
541 701
846 702
790 702
760 703
851 705
219 707
626 708
984 712
413 713
762 716
350 716
866 717
478 717
781 717
848 718
263 718
694 718
406 720
363 721
904 722
582 724
255 724
348 727
412 729
81 730
421 733
309 735
133 739
358 741
395 741
679 742
743 742
989 743
948 744
824 748
935 750
729 751
457 752
116 752
390 754
28 755
914 756
309 756
941 756
856 757
929 758
785 759
743 760
305 763
506 766
71 766
680 767
342 767
40 767
885 767
424 770
532 770
471 770
838 772
968 774
556 775
632 776
423 776
289 776
858 778
793 779
572 779
845 780
788 781
716 782
377 783
967 784
838 785
114 787
526 787
571 789
585 789
672 790
518 790
729 791
608 793
490 795
395 797
636 801
546 801
462 802
734 802
912 802
982 802
8 803
659 805
111 806
333 807
708 807
241 808
212 810
211 810
567 810
831 811
155 812
230 813
449 814
911 816
970 816
665 817
54 818
508 818
790 818
194 819
348 821
607 823
197 823
808 823
837 825
497 826
16 828
978 829
495 833
325 834
746 836
233 837
634 841
53 843
485 844
533 844
777 846
871 846
88 847
254 847
621 850
410 851
935 851
399 852
85 852
118 855
755 855
592 859
130 859
638 859
897 859
66 861
69 862
705 862
140 865
779 865
115 869
923 869
69 870
271 872
54 872
920 874
883 876
363 877
420 877
700 878
568 882
185 883
867 884
22 885
979 885
928 886
353 887
384 888
388 888
41 889
356 891
282 893
44 894
235 897
900 898
752 898
1 899
260 899
925 901
850 901
720 902
293 903
970 904
1 906
107 907
712 910
205 910
847 910
261 910
672 910
171 910
901 911
510 912
174 912
914 913
431 916
445 916
323 917
480 917
259 917
469 918
287 919
392 919
525 920
147 921
395 922
850 922
315 923
869 929
352 929
77 929
941 930
493 930
87 932
1 932
554 933
161 934
921 935
964 935
123 937
324 938
412 940
900 941
94 941
16 941
144 941
961 942
408 942
205 943
999 947
761 948
889 949
922 949
637 951
86 951
523 951
812 953
405 953
222 953
532 955
747 956
178 958
568 959
743 960
724 962
539 962
732 963
202 965
156 966
33 967
183 971
744 972
192 972
583 973
411 974
373 981
660 981
27 983
609 984
729 985
975 985
851 986
130 986
739 987
159 988
967 988
201 989
764 990
291 990
158 990
315 994
571 998
573 999
705 999
629 1000
