593
984 0
611 2
585 2
363 3
119 5
850 6
773 6
824 7
968 7
492 11
62 13
342 15
608 17
463 19
704 20
701 21
819 21
884 23
704 27
525 30
889 30
758 35
728 37
617 37
668 39
576 39
346 43
67 49
617 50
693 51
724 52
980 54
989 56
487 57
812 60
614 66
779 66
420 69
458 71
539 75
678 76
682 79
621 79
807 80
354 81
240 81
959 82
504 84
516 87
86 88
385 90
92 91
728 96
971 97
778 97
605 98
324 99
893 100
674 102
721 105
668 107
153 108
238 108
433 108
560 110
800 112
570 113
12 113
17 117
195 117
613 122
266 122
916 123
862 124
837 127
176 129
36 132
72 137
19 141
62 141
414 145
356 146
135 147
819 154
236 154
517 155
386 155
273 156
887 156
916 156
404 158
828 163
78 163
490 164
161 165
458 168
123 168
654 171
735 173
279 173
751 173
892 174
527 176
268 179
330 187
523 187
693 187
877 188
857 189
497 192
964 193
828 195
981 197
991 198
383 202
758 203
167 203
859 204
497 204
672 206
376 213
673 214
770 214
731 214
82 214
783 220
127 225
263 225
646 229
751 230
505 233
573 233
654 234
659 235
420 237
459 239
891 241
766 242
896 243
742 243
859 244
758 245
924 245
864 246
223 246
618 249
522 251
425 251
78 254
145 254
332 255
55 256
202 256
413 257
100 260
806 260
836 260
489 261
616 264
349 264
991 265
565 267
34 269
405 271
442 279
802 280
33 284
495 287
914 288
596 289
11 290
971 291
262 291
419 293
493 295
856 298
571 300
629 301
717 302
185 304
502 307
430 308
356 311
462 311
982 314
291 319
444 320
431 320
586 323
59 327
264 329
927 330
856 330
276 331
679 334
682 337
100 341
994 342
274 344
139 347
391 348
723 348
675 348
559 352
312 353
777 353
166 356
277 357
168 357
858 361
162 361
661 362
578 364
671 367
219 370
682 371
250 372
352 374
266 375
659 376
472 376
851 384
559 385
985 387
724 389
283 390
208 390
390 392
150 393
700 393
5 393
335 394
495 397
617 400
713 400
845 401
152 402
397 403
337 404
347 407
233 407
642 410
128 410
354 412
6 414
674 414
156 415
409 418
883 420
158 422
300 424
495 425
27 426
617 427
858 432
127 433
133 434
913 436
447 438
532 438
884 440
397 442
61 442
527 443
950 444
350 446
104 447
912 447
862 449
750 454
281 454
399 454
387 457
100 458
791 458
741 462
942 464
997 466
746 468
575 471
638 472
644 474
203 475
333 479
727 481
301 481
786 483
305 483
842 484
193 486
193 488
943 489
247 489
662 497
298 503
594 503
424 503
660 504
926 504
251 505
728 505
982 505
337 506
386 506
482 508
32 509
420 509
673 510
743 510
841 511
864 511
677 517
283 517
109 519
274 524
688 528
903 529
424 529
350 529
215 529
254 532
472 532
198 533
105 535
607 536
280 537
902 537
513 537
429 540
800 542
639 543
855 544
547 544
712 544
894 548
241 549
515 553
954 553
791 555
376 556
530 556
770 557
254 558
905 558
164 558
11 560
309 562
401 566
446 566
32 569
895 571
543 572
369 573
550 573
877 574
290 575
974 576
730 576
743 577
270 578
856 579
402 580
249 580
305 581
294 582
730 583
485 583
234 583
857 584
395 586
87 586
971 587
787 588
333 591
319 593
200 595
472 595
709 597
513 603
862 607
776 609
698 610
154 613
552 613
209 614
10 623
377 625
214 625
391 625
619 626
279 628
934 629
32 629
447 633
412 636
383 638
705 641
915 643
80 644
518 649
678 650
118 652
736 656
521 657
423 657
162 657
176 660
153 661
994 662
194 664
849 667
752 667
768 669
248 669
136 670
121 675
620 680
452 681
808 681
759 682
817 685
979 686
433 688
999 689
764 690
41 690
362 691
382 692
914 695
451 697
654 697
254 699
249 700
359 702
701 705
643 706
487 707
833 708
287 708
6 711
228 713
663 714
835 716
61 721
122 722
166 722
96 725
835 726
793 726
922 727
244 729
589 729
471 730
711 730
815 731
190 736
896 738
264 745
69 746
435 747
152 751
350 752
388 753
115 754
281 754
879 755
648 758
793 758
545 758
769 760
75 762
923 764
41 765
866 768
73 769
914 772
166 778
192 778
558 779
40 781
39 781
373 784
293 784
955 785
442 786
586 788
624 790
990 794
248 796
155 799
437 801
412 804
318 807
434 810
899 811
578 813
367 813
470 816
589 817
35 819
283 819
225 821
495 821
900 821
277 822
252 824
980 831
740 831
885 832
660 832
301 833
475 834
546 834
371 844
315 847
479 849
994 852
100 852
555 858
540 859
70 861
771 861
30 863
157 865
60 865
974 865
860 866
715 868
622 869
838 870
165 871
460 878
937 878
790 879
259 881
645 882
104 882
968 885
6 892
151 899
454 900
88 901
213 903
169 903
95 905
726 907
155 907
714 908
772 909
707 910
154 911
716 912
937 913
133 915
219 915
43 916
497 916
120 922
989 924
867 924
495 926
983 933
608 934
431 936
87 936
221 941
575 941
667 946
64 947
754 950
476 951
288 954
423 957
892 958
758 960
190 962
747 965
20 968
470 971
994 971
457 972
83 973
895 974
141 974
387 979
249 979
243 980
291 980
596 986
667 990
204 991
716 997
227 997
