950
311 0
634 0
880 0
811 0
729 0
712 0
616 0
344 0
55 0
495 0
431 0
463 0
136 0
421 0
270 1
8 1
643 1
852 2
99 2
354 2
496 2
149 2
332 2
168 2
44 2
638 2
888 3
318 3
862 3
633 3
82 3
86 4
706 4
452 4
90 4
169 4
115 4
878 4
934 4
428 4
408 5
550 5
241 5
904 5
427 6
827 6
440 6
758 6
130 6
814 6
148 6
115 6
891 7
545 7
527 7
612 7
657 7
577 7
548 7
73 7
884 8
519 8
526 8
99 8
740 8
123 8
317 8
138 8
62 9
337 9
668 9
824 9
39 9
416 10
385 10
113 10
147 10
861 10
137 10
99 10
478 11
53 11
366 11
19 12
906 12
106 12
522 12
261 12
177 12
294 13
406 13
604 13
494 13
588 13
420 14
785 14
667 14
629 14
763 14
659 14
116 14
716 14
766 14
127 14
853 14
715 15
856 15
135 15
541 15
483 15
686 15
826 15
919 15
132 15
526 15
487 16
158 16
229 16
360 16
818 16
382 16
219 16
451 16
174 16
854 17
394 17
421 17
530 17
257 17
857 18
693 18
724 18
738 18
352 18
469 18
34 19
777 19
742 19
895 19
536 19
77 19
362 19
477 19
164 20
593 20
11 20
816 20
242 20
635 20
132 21
894 21
697 21
337 21
272 21
797 21
444 21
287 22
328 22
6 22
66 22
100 22
33 22
69 23
172 23
414 23
522 23
628 23
322 23
393 23
658 24
319 24
759 24
933 25
901 25
567 25
158 25
584 25
91 25
508 25
304 26
537 26
23 26
257 26
684 26
373 26
276 26
205 26
305 26
437 27
410 27
161 27
217 27
660 27
564 27
551 27
63 28
499 28
420 28
493 28
557 28
62 28
194 28
59 28
907 28
809 28
638 29
460 29
475 29
520 29
889 29
698 29
743 29
684 29
794 30
651 30
40 30
734 30
244 30
77 30
172 31
213 31
218 31
204 31
112 31
849 32
791 32
5 32
532 33
102 33
861 33
438 33
921 33
58 33
157 33
391 33
512 33
256 34
2 34
777 34
732 34
835 34
415 35
690 35
598 35
484 35
75 35
91 35
235 35
285 35
237 35
849 36
408 36
16 36
67 36
711 36
897 36
44 36
413 36
320 36
378 37
768 37
784 37
931 37
880 37
337 37
460 37
224 37
674 38
568 38
56 38
278 38
826 38
113 38
209 38
339 38
176 38
396 38
775 38
209 39
389 39
921 39
695 39
629 39
624 39
13 40
327 40
881 40
449 40
911 40
179 40
172 40
507 41
67 41
143 41
933 41
776 41
283 41
542 42
422 42
556 42
300 42
843 43
64 43
616 43
113 43
814 43
858 43
40 43
870 43
842 43
105 43
250 44
595 44
805 44
281 44
133 44
227 44
14 44
736 45
905 45
11 45
926 45
588 45
160 45
753 45
278 46
747 46
92 46
427 46
119 46
47 46
763 46
231 47
781 47
628 47
235 47
677 47
453 47
414 47
3 47
838 47
476 48
629 48
362 48
418 48
581 48
53 48
405 49
887 49
503 49
894 49
753 49
143 49
377 50
704 50
692 50
102 50
902 50
644 50
708 50
323 51
864 51
425 51
530 51
139 52
845 52
273 52
606 52
148 53
72 53
272 53
4 53
146 54
625 54
129 54
834 54
218 54
367 54
765 55
832 55
414 55
858 55
445 55
182 55
642 55
662 56
506 56
282 56
27 56
841 56
930 56
519 56
894 56
737 56
558 56
183 56
525 56
408 56
466 57
926 57
611 57
532 57
869 57
759 57
195 58
49 58
262 58
14 58
639 58
667 58
211 58
630 58
87 58
886 58
326 59
330 59
840 59
107 59
875 60
396 60
601 60
681 60
461 60
58 61
895 61
840 61
590 61
782 61
311 61
537 61
507 61
878 61
231 62
53 62
112 62
317 62
812 62
638 62
645 63
509 63
834 64
513 64
155 64
281 64
507 64
292 64
259 64
662 64
365 64
576 64
157 64
1 64
493 64
311 65
472 65
24 65
112 65
304 65
139 66
103 66
210 66
623 67
624 67
330 67
26 67
402 67
53 67
418 67
426 67
232 67
673 67
561 67
470 67
600 67
873 67
787 67
632 68
779 68
637 68
846 68
4 68
327 68
449 68
310 68
828 69
567 69
94 69
795 69
407 69
275 69
714 69
728 69
873 70
518 70
366 71
695 71
867 71
887 71
886 71
56 72
176 72
593 72
312 72
214 72
345 73
372 73
118 73
827 73
198 73
371 73
713 73
329 73
114 73
284 73
112 73
154 73
74 74
45 74
763 74
686 74
665 74
361 74
715 74
491 74
751 74
370 74
130 74
681 74
557 75
30 75
825 75
878 76
361 76
888 76
498 76
27 76
830 76
732 77
40 77
641 77
752 77
16 77
407 78
206 79
86 79
724 79
543 79
306 79
869 79
105 79
220 79
692 79
240 79
338 80
537 80
676 80
363 80
936 80
526 80
270 80
293 80
618 80
853 80
515 80
602 80
35 80
180 81
64 81
97 81
680 81
286 81
611 81
856 81
667 81
565 82
657 82
359 82
76 82
374 82
482 82
265 82
880 82
871 82
458 83
65 83
834 83
479 83
646 83
865 83
186 83
912 83
622 84
808 84
890 84
494 85
174 85
855 85
607 85
921 85
158 85
284 85
329 86
921 86
380 86
228 86
254 86
822 87
753 87
849 87
402 87
374 87
491 87
934 88
408 88
53 88
118 88
327 88
747 88
936 88
284 88
669 89
57 89
56 89
14 89
680 89
582 89
930 89
496 89
675 90
543 90
738 90
24 90
585 91
637 91
133 91
264 91
52 91
490 91
650 91
314 91
516 92
642 92
365 92
916 92
808 93
632 93
689 93
635 93
735 93
94 93
233 93
656 93
711 93
479 93
348 93
527 93
399 94
569 94
458 94
648 94
543 94
12 94
683 94
830 94
24 94
659 94
223 94
443 95
875 95
591 95
63 95
731 95
833 95
897 95
124 95
40 95
389 95
176 95
669 95
430 95
658 96
685 96
347 96
900 96
259 96
808 96
169 96
701 96
203 96
487 97
721 97
55 97
937 97
292 97
606 97
325 98
359 98
554 98
701 98
833 98
578 98
501 98
932 98
145 98
273 99
610 99
815 99
381 99
718 99
884 99
508 99
477 100
52 100
312 100
253 100
481 100
445 101
753 101
504 101
205 101
397 101
165 101
749 101
243 101
496 101
189 102
637 102
763 102
140 102
727 102
153 102
239 102
437 102
219 103
715 103
407 103
27 103
370 103
312 103
126 103
526 103
150 104
295 104
28 104
910 104
676 104
382 104
312 105
54 105
15 105
147 105
215 105
301 105
344 105
369 105
189 105
358 105
12 105
7 105
26 105
152 105
830 105
593 106
417 106
722 106
573 106
649 107
270 107
718 107
476 107
277 107
206 108
499 108
454 108
493 109
303 109
172 109
85 109
857 109
331 109
250 109
82 109
870 109
271 109
622 109
59 109
576 109
636 109
547 110
80 110
441 110
772 110
68 110
782 111
379 111
178 111
428 111
699 112
632 112
543 112
24 112
556 112
292 112
868 112
433 112
414 112
326 112
129 113
780 113
721 113
103 113
843 113
464 113
313 113
693 113
541 113
208 114
798 114
624 114
444 114
839 114
232 115
474 115
419 115
577 115
613 115
921 115
151 115
93 115
64 116
379 116
659 117
713 117
796 117
782 117
424 117
463 118
773 118
298 118
676 118
206 118
927 118
374 118
258 118
327 119
174 119
848 119
925 119
886 119
170 119
708 119
568 120
866 120
215 120
300 120
935 120
133 120
928 120
463 120
779 120
239 120
127 121
91 121
19 121
502 121
532 122
485 122
62 122
869 123
525 123
696 123
621 123
438 123
117 123
380 123
239 124
329 124
215 124
358 124
830 124
353 125
118 125
738 125
593 125
285 125
716 125
509 125
908 125
914 125
111 125
496 125
38 126
880 126
250 126
471 126
792 126
441 126
248 126
602 127
478 127
576 127
560 127
289 127
453 127
279 127
2 128
488 128
581 128
154 128
614 128
726 128
725 128
538 128
468 129
291 129
805 129
675 129
492 129
168 130
236 130
149 130
367 130
935 130
874 130
459 130
383 130
326 130
734 131
648 131
819 131
330 131
777 131
76 131
312 131
460 131
719 132
849 132
714 132
463 132
19 132
927 132
441 132
565 132
322 132
580 133
476 133
453 133
86 133
440 133
210 133
