1000
85 2147483637
4 2147483637
597 2147483637
875 2147483637
11 2147483637
94 2147483637
874 2147483637
814 2147483637
896 2147483637
434 2147483637
32 2147483637
441 2147483637
804 2147483637
474 2147483637
391 2147483637
526 2147483637
175 2147483637
12 2147483637
861 2147483637
730 2147483637
843 2147483637
189 2147483637
586 2147483637
551 2147483637
823 2147483637
192 2147483637
924 2147483637
904 2147483637
408 2147483637
154 2147483637
68 2147483637
726 2147483637
876 2147483637
812 2147483637
908 2147483637
66 2147483637
483 2147483637
32 2147483637
555 2147483637
862 2147483637
788 2147483637
304 2147483637
466 2147483637
50 2147483637
917 2147483637
680 2147483637
986 2147483637
34 2147483637
76 2147483637
431 2147483637
733 2147483637
70 2147483637
796 2147483637
400 2147483637
838 2147483637
812 2147483637
707 2147483637
415 2147483637
237 2147483637
318 2147483637
537 2147483637
997 2147483637
543 2147483637
933 2147483637
113 2147483637
379 2147483637
866 2147483637
59 2147483637
329 2147483637
250 2147483637
366 2147483637
26 2147483637
328 2147483637
960 2147483637
743 2147483637
195 2147483637
842 2147483637
581 2147483637
212 2147483637
379 2147483637
288 2147483637
868 2147483637
973 2147483637
556 2147483637
829 2147483637
906 2147483637
330 2147483637
319 2147483637
576 2147483637
579 2147483637
297 2147483637
639 2147483638
118 2147483638
279 2147483638
701 2147483638
447 2147483638
330 2147483638
948 2147483638
640 2147483638
753 2147483638
47 2147483638
879 2147483638
871 2147483638
408 2147483638
131 2147483638
603 2147483638
918 2147483638
837 2147483638
546 2147483638
268 2147483638
304 2147483638
161 2147483638
617 2147483638
753 2147483638
483 2147483638
427 2147483638
763 2147483638
997 2147483638
402 2147483638
163 2147483638
144 2147483638
492 2147483638
592 2147483638
420 2147483638
172 2147483638
66 2147483638
477 2147483638
738 2147483638
643 2147483638
616 2147483638
473 2147483638
475 2147483638
657 2147483638
611 2147483638
46 2147483638
349 2147483638
970 2147483638
191 2147483638
331 2147483638
707 2147483638
403 2147483638
101 2147483638
605 2147483638
180 2147483638
471 2147483638
970 2147483638
244 2147483638
27 2147483638
814 2147483638
606 2147483638
79 2147483638
620 2147483638
468 2147483638
306 2147483638
231 2147483638
61 2147483638
250 2147483638
270 2147483638
147 2147483638
615 2147483638
546 2147483638
635 2147483638
171 2147483638
884 2147483638
321 2147483638
199 2147483638
748 2147483638
382 2147483638
111 2147483638
850 2147483639
352 2147483639
52 2147483639
47 2147483639
906 2147483639
206 2147483639
701 2147483639
48 2147483639
299 2147483639
103 2147483639
238 2147483639
831 2147483639
804 2147483639
397 2147483639
524 2147483639
863 2147483639
423 2147483639
544 2147483639
35 2147483639
175 2147483639
630 2147483639
425 2147483639
525 2147483639
981 2147483639
638 2147483639
779 2147483639
451 2147483639
824 2147483639
249 2147483639
528 2147483639
193 2147483639
52 2147483639
707 2147483639
163 2147483639
797 2147483639
268 2147483639
549 2147483639
945 2147483639
524 2147483639
928 2147483639
851 2147483639
141 2147483639
842 2147483639
385 2147483639
766 2147483639
364 2147483639
568 2147483639
721 2147483639
997 2147483639
703 2147483639
839 2147483639
975 2147483639
431 2147483639
564 2147483639
302 2147483639
694 2147483639
393 2147483639
822 2147483639
995 2147483639
57 2147483639
742 2147483639
534 2147483639
764 2147483639
482 2147483639
737 2147483639
591 2147483639
511 2147483639
494 2147483639
43 2147483639
332 2147483639
248 2147483639
49 2147483639
957 2147483639
234 2147483639
527 2147483639
650 2147483639
78 2147483639
989 2147483639
103 2147483639
378 2147483640
434 2147483640
920 2147483640
121 2147483640
677 2147483640
831 2147483640
224 2147483640
80 2147483640
423 2147483640
231 2147483640
377 2147483640
541 2147483640
967 2147483640
768 2147483640
632 2147483640
96 2147483640
359 2147483640
201 2147483640
99 2147483640
928 2147483640
838 2147483640
348 2147483640
938 2147483640
515 2147483640
394 2147483640
699 2147483640
210 2147483640
447 2147483640
129 2147483640
652 2147483640
680 2147483640
360 2147483640
236 2147483640
474 2147483640
308 2147483640
924 2147483640
494 2147483640
405 2147483640
993 2147483640
460 2147483640
120 2147483640
306 2147483640
893 2147483640
134 2147483640
759 2147483640
971 2147483640
53 2147483640
204 2147483640
964 2147483640
85 2147483640
239 2147483640
716 2147483640
778 2147483640
534 2147483640
805 2147483640
871 2147483640
675 2147483640
150 2147483640
846 2147483640
248 2147483640
622 2147483640
723 2147483640
777 2147483640
863 2147483640
65 2147483640
478 2147483640
28 2147483640
655 2147483640
799 2147483640
939 2147483640
561 2147483640
226 2147483640
102 2147483640
775 2147483640
780 2147483640
75 2147483640
733 2147483640
238 2147483640
665 2147483640
663 2147483640
219 2147483640
408 2147483640
114 2147483640
764 2147483640
122 2147483640
571 2147483640
47 2147483640
877 2147483640
790 2147483640
351 2147483640
614 2147483640
317 2147483641
414 2147483641
418 2147483641
138 2147483641
432 2147483641
915 2147483641
776 2147483641
579 2147483641
827 2147483641
351 2147483641
506 2147483641
259 2147483641
207 2147483641
940 2147483641
506 2147483641
664 2147483641
572 2147483641
108 2147483641
977 2147483641
121 2147483641
909 2147483641
571 2147483641
561 2147483641
1000 2147483641
21 2147483641
864 2147483641
88 2147483641
529 2147483641
750 2147483641
322 2147483641
157 2147483641
894 2147483641
352 2147483641
411 2147483641
399 2147483641
492 2147483641
941 2147483641
13 2147483641
730 2147483641
276 2147483641
965 2147483641
267 2147483641
464 2147483641
818 2147483641
198 2147483641
609 2147483641
212 2147483641
961 2147483641
906 2147483641
349 2147483641
343 2147483641
126 2147483641
643 2147483641
344 2147483641
186 2147483641
388 2147483641
602 2147483641
811 2147483641
703 2147483641
720 2147483641
370 2147483641
581 2147483641
281 2147483641
301 2147483641
626 2147483641
712 2147483641
946 2147483641
27 2147483641
414 2147483641
434 2147483641
613 2147483641
44 2147483641
946 2147483641
631 2147483641
967 2147483641
236 2147483641
246 2147483641
192 2147483641
12 2147483641
428 2147483641
192 2147483641
569 2147483641
205 2147483641
536 2147483641
198 2147483641
19 2147483641
957 2147483641
314 2147483641
861 2147483641
563 2147483641
282 2147483641
543 2147483642
663 2147483642
842 2147483642
431 2147483642
454 2147483642
293 2147483642
319 2147483642
742 2147483642
349 2147483642
402 2147483642
355 2147483642
369 2147483642
153 2147483642
220 2147483642
555 2147483642
345 2147483642
517 2147483642
542 2147483642
815 2147483642
747 2147483642
560 2147483642
443 2147483642
541 2147483642
962 2147483642
637 2147483642
923 2147483642
667 2147483642
907 2147483642
971 2147483642
215 2147483642
221 2147483642
475 2147483642
490 2147483642
416 2147483642
325 2147483642
439 2147483642
33 2147483642
164 2147483642
450 2147483642
951 2147483642
352 2147483642
134 2147483642
576 2147483642
231 2147483642
461 2147483642
176 2147483642
807 2147483642
878 2147483642
253 2147483642
843 2147483642
529 2147483642
329 2147483642
830 2147483642
581 2147483642
478 2147483642
680 2147483642
459 2147483642
148 2147483642
768 2147483642
74 2147483642
529 2147483642
53 2147483642
582 2147483642
552 2147483642
494 2147483642
229 2147483642
724 2147483642
846 2147483642
812 2147483642
252 2147483642
124 2147483642
901 2147483642
907 2147483642
98 2147483642
429 2147483642
62 2147483642
493 2147483642
937 2147483642
692 2147483642
92 2147483642
116 2147483642
513 2147483642
262 2147483642
1 2147483642
246 2147483642
765 2147483642
283 2147483642
212 2147483642
754 2147483642
29 2147483642
825 2147483642
266 2147483642
300 2147483642
414 2147483642
670 2147483642
989 2147483642
455 2147483642
309 2147483642
997 2147483643
318 2147483643
701 2147483643
115 2147483643
363 2147483643
556 2147483643
729 2147483643
729 2147483643
451 2147483643
839 2147483643
354 2147483643
438 2147483643
835 2147483643
55 2147483643
210 2147483643
256 2147483643
944 2147483643
225 2147483643
605 2147483643
566 2147483643
169 2147483643
991 2147483643
515 2147483643
311 2147483643
723 2147483643
655 2147483643
145 2147483643
955 2147483643
855 2147483643
469 2147483643
651 2147483643
412 2147483643
364 2147483643
427 2147483643
815 2147483643
514 2147483643
512 2147483643
48 2147483643
344 2147483643
442 2147483643
401 2147483643
718 2147483643
474 2147483643
102 2147483643
406 2147483643
642 2147483643
547 2147483643
289 2147483643
995 2147483643
453 2147483643
930 2147483643
155 2147483643
917 2147483643
921 2147483643
752 2147483643
814 2147483643
171 2147483643
825 2147483643
855 2147483643
546 2147483643
647 2147483643
330 2147483643
439 2147483643
121 2147483643
744 2147483643
872 2147483643
157 2147483643
995 2147483643
750 2147483643
927 2147483643
822 2147483643
883 2147483643
282 2147483643
319 2147483643
686 2147483643
651 2147483643
200 2147483643
832 2147483643
813 2147483643
866 2147483643
242 2147483643
730 2147483643
825 2147483643
805 2147483643
195 2147483644
812 2147483644
526 2147483644
961 2147483644
365 2147483644
575 2147483644
842 2147483644
966 2147483644
346 2147483644
961 2147483644
382 2147483644
547 2147483644
243 2147483644
944 2147483644
262 2147483644
621 2147483644
347 2147483644
850 2147483644
169 2147483644
307 2147483644
900 2147483644
572 2147483644
526 2147483644
729 2147483644
589 2147483644
821 2147483644
985 2147483644
635 2147483644
413 2147483644
366 2147483644
759 2147483644
859 2147483644
318 2147483644
988 2147483644
109 2147483644
596 2147483644
560 2147483644
823 2147483644
605 2147483644
581 2147483644
93 2147483644
249 2147483644
514 2147483644
902 2147483644
199 2147483644
408 2147483644
212 2147483644
876 2147483644
723 2147483644
216 2147483644
481 2147483644
498 2147483644
817 2147483644
979 2147483644
411 2147483644
799 2147483644
206 2147483644
880 2147483644
746 2147483644
670 2147483644
78 2147483644
576 2147483644
138 2147483644
684 2147483644
923 2147483644
402 2147483644
70 2147483644
101 2147483644
713 2147483644
76 2147483644
411 2147483644
874 2147483644
142 2147483644
39 2147483644
15 2147483644
756 2147483644
871 2147483644
66 2147483644
567 2147483644
349 2147483644
207 2147483644
363 2147483644
798 2147483644
446 2147483644
26 2147483644
183 2147483644
572 2147483644
891 2147483644
581 2147483644
375 2147483644
450 2147483644
726 2147483644
621 2147483644
476 2147483644
937 2147483644
749 2147483644
59 2147483644
343 2147483644
775 2147483644
442 2147483644
428 2147483645
583 2147483645
485 2147483645
383 2147483645
506 2147483645
200 2147483645
431 2147483645
713 2147483645
853 2147483645
215 2147483645
234 2147483645
435 2147483645
329 2147483645
175 2147483645
57 2147483645
602 2147483645
477 2147483645
452 2147483645
444 2147483645
250 2147483645
600 2147483645
800 2147483645
255 2147483645
594 2147483645
854 2147483645
751 2147483645
657 2147483645
981 2147483645
572 2147483645
426 2147483645
587 2147483645
328 2147483645
52 2147483645
664 2147483645
845 2147483645
290 2147483645
470 2147483645
636 2147483645
579 2147483645
788 2147483645
228 2147483645
945 2147483645
127 2147483645
24 2147483645
93 2147483645
595 2147483645
847 2147483645
655 2147483645
139 2147483645
788 2147483645
856 2147483645
957 2147483645
417 2147483645
500 2147483645
772 2147483645
544 2147483645
777 2147483645
983 2147483645
220 2147483645
121 2147483645
24 2147483645
883 2147483645
375 2147483645
585 2147483645
277 2147483645
369 2147483645
442 2147483645
10 2147483645
218 2147483645
599 2147483645
201 2147483645
990 2147483645
652 2147483645
907 2147483645
764 2147483645
557 2147483645
363 2147483645
648 2147483645
187 2147483645
887 2147483645
960 2147483645
997 2147483645
675 2147483645
225 2147483645
269 2147483645
995 2147483645
486 2147483645
110 2147483645
436 2147483645
650 2147483645
111 2147483645
573 2147483645
601 2147483645
532 2147483646
367 2147483646
163 2147483646
90 2147483646
419 2147483646
73 2147483646
604 2147483646
105 2147483646
912 2147483646
890 2147483646
582 2147483646
705 2147483646
493 2147483646
165 2147483646
796 2147483646
997 2147483646
514 2147483646
847 2147483646
725 2147483646
928 2147483646
198 2147483646
2 2147483646
6 2147483646
234 2147483646
556 2147483646
148 2147483646
725 2147483646
388 2147483646
935 2147483646
199 2147483646
328 2147483646
748 2147483646
140 2147483646
13 2147483646
186 2147483646
259 2147483646
210 2147483646
538 2147483646
862 2147483646
978 2147483646
118 2147483646
643 2147483646
454 2147483646
278 2147483646
894 2147483646
949 2147483646
490 2147483646
380 2147483646
313 2147483646
436 2147483646
853 2147483646
174 2147483646
103 2147483646
261 2147483646
317 2147483646
379 2147483646
407 2147483646
395 2147483646
851 2147483646
740 2147483646
315 2147483646
236 2147483646
3 2147483646
826 2147483646
940 2147483646
127 2147483646
925 2147483646
854 2147483646
816 2147483646
859 2147483646
890 2147483646
838 2147483646
957 2147483646
292 2147483646
464 2147483646
590 2147483646
945 2147483646
111 2147483646
761 2147483646
973 2147483646
973 2147483646
3 2147483646
640 2147483646
423 2147483646
546 2147483646
975 2147483646
740 2147483646
450 2147483646
810 2147483646
460 2147483646
653 2147483646
616 2147483646
822 2147483646
373 2147483646
361 2147483646
186 2147483647
687 2147483647
363 2147483647
429 2147483647
610 2147483647
894 2147483647
344 2147483647
351 2147483647
677 2147483647
607 2147483647
71 2147483647
53 2147483647
523 2147483647
616 2147483647
418 2147483647
565 2147483647
877 2147483647
642 2147483647
283 2147483647
27 2147483647
566 2147483647
756 2147483647
812 2147483647
881 2147483647
911 2147483647
652 2147483647
636 2147483647
568 2147483647
338 2147483647
947 2147483647
63 2147483647
281 2147483647
334 2147483647
174 2147483647
862 2147483647
746 2147483647
39 2147483647
168 2147483647
250 2147483647
630 2147483647
453 2147483647
367 2147483647
522 2147483647
853 2147483647
253 2147483647
438 2147483647
588 2147483647
231 2147483647
652 2147483647
919 2147483647
372 2147483647
736 2147483647
896 2147483647
229 2147483647
357 2147483647
661 2147483647
405 2147483647
298 2147483647
812 2147483647
908 2147483647
717 2147483647
104 2147483647
989 2147483647
264 2147483647
882 2147483647
427 2147483647
207 2147483647
855 2147483647
268 2147483647
459 2147483647
9 2147483647
201 2147483647
513 2147483647
521 2147483647
47 2147483647
5 2147483647
162 2147483647
220 2147483647
809 2147483647
13 2147483647
472 2147483647
562 2147483647
604 2147483647
385 2147483647
616 2147483647
765 2147483647
53 2147483647
97 2147483647
118 2147483647
736 2147483647
56 2147483647
405 2147483647
482 2147483647
604 2147483647
400 2147483647
587 2147483647
918 2147483647
658 2147483647
947 2147483647
646 2147483647
