296
901 0
477 7
188 12
950 15
555 17
464 18
297 21
695 24
439 33
112 35
446 36
825 47
970 49
744 53
502 54
110 54
410 61
963 66
134 66
630 67
698 73
260 75
403 82
97 87
639 88
540 92
289 97
357 102
451 115
363 115
378 118
385 118
348 118
386 126
272 127
285 131
636 136
479 140
421 143
495 145
818 150
182 155
997 157
485 166
189 166
187 169
186 171
70 177
362 178
403 183
262 192
431 193
999 194
171 198
758 200
87 203
498 205
269 214
211 217
687 217
373 222
309 226
498 227
145 230
958 234
374 236
765 244
9 245
738 248
667 251
651 253
581 254
309 257
64 263
560 264
795 265
694 273
313 276
474 281
210 282
211 284
184 287
148 295
875 295
651 299
25 315
14 316
755 324
830 324
175 333
505 337
941 340
266 341
622 343
953 343
379 349
907 349
491 352
13 353
212 353
83 358
863 359
367 360
43 361
329 369
845 378
718 390
445 391
939 391
669 395
331 396
906 397
385 402
294 405
396 406
483 411
892 415
393 418
613 423
482 423
62 429
762 430
518 437
748 443
457 444
76 446
152 450
358 455
167 458
938 461
266 471
417 473
839 474
406 474
832 474
59 475
712 476
754 478
386 479
639 479
507 481
465 485
447 490
324 491
738 494
38 503
910 505
727 506
134 509
845 509
604 512
1 514
4 515
482 518
927 519
365 520
541 521
701 522
637 523
155 523
426 524
13 525
941 531
932 532
128 534
587 539
953 543
55 548
589 555
748 562
997 564
904 565
43 566
377 579
589 587
159 594
368 595
202 599
744 602
127 617
271 618
487 627
326 630
399 632
582 633
864 635
140 635
879 638
167 643
234 644
72 644
236 652
542 653
52 656
269 658
7 659
760 669
561 670
646 670
212 671
453 672
128 681
523 684
2 690
81 691
239 691
753 699
954 699
931 710
134 711
355 714
53 721
682 728
985 735
581 746
304 747
133 747
947 749
419 751
132 758
510 760
386 760
304 761
945 761
534 766
641 782
179 787
69 790
964 792
321 793
46 793
169 794
497 797
567 799
623 805
641 807
640 809
276 809
945 811
791 812
126 815
67 816
403 816
283 823
252 823
701 825
663 829
543 829
654 830
199 841
90 842
392 843
294 845
408 847
63 851
861 853
722 856
414 858
643 861
347 861
857 866
622 880
5 881
635 882
8 883
52 894
844 900
469 901
466 903
508 904
61 906
812 911
839 918
901 919
298 923
342 931
250 936
431 937
653 940
256 943
964 943
625 949
928 954
400 959
303 963
821 963
80 965
52 972
395 975
337 978
385 982
213 984
194 987
601 989
900 995
971 997
