567
168 2
957 2
499 4
610 5
395 7
251 8
986 9
326 11
511 14
993 14
694 16
916 17
384 18
662 20
800 24
68 26
895 26
281 26
555 28
995 30
66 30
954 36
308 36
145 37
110 37
860 38
387 40
49 41
854 41
961 43
609 44
39 48
942 48
452 48
643 51
440 52
358 53
730 53
815 57
192 60
785 60
102 61
820 62
639 63
440 66
904 68
564 69
125 72
660 74
784 74
665 76
24 76
792 77
258 77
864 78
675 78
553 85
207 87
953 87
256 92
820 92
865 96
877 99
617 99
646 99
606 100
632 101
538 102
419 107
860 113
682 117
522 118
81 121
203 122
694 123
996 123
164 125
451 127
556 129
751 129
532 130
105 130
769 130
243 133
571 135
669 136
844 138
452 139
435 141
324 142
4 142
318 143
265 144
556 145
36 145
672 146
793 146
399 147
981 147
92 149
39 150
42 151
582 152
293 156
946 156
480 157
793 158
856 158
248 158
479 158
704 161
528 165
888 166
18 167
606 170
725 170
49 170
354 173
99 174
354 179
306 180
701 182
573 189
45 190
77 190
756 191
908 191
219 196
341 196
377 199
658 202
354 204
986 210
554 210
556 214
467 215
316 215
872 216
422 216
645 218
424 219
235 219
458 220
338 220
203 220
547 222
163 227
977 230
238 232
938 234
513 235
797 235
940 237
301 240
744 240
301 241
796 243
717 245
269 246
623 247
360 250
104 252
656 255
945 257
300 258
139 258
460 260
319 262
577 264
656 266
33 270
886 271
459 272
627 275
620 278
373 282
249 282
583 286
894 291
849 293
358 294
79 296
307 298
91 299
137 300
951 301
207 301
223 301
586 302
311 303
547 313
635 313
739 315
756 315
197 320
78 321
604 322
151 323
545 326
412 327
65 328
713 330
29 333
84 335
633 336
208 340
49 342
543 346
729 349
922 350
817 351
821 355
611 355
619 356
252 356
257 357
224 359
908 360
471 361
304 366
430 368
494 370
229 378
365 381
501 381
227 381
980 384
858 386
426 386
968 386
246 386
440 387
850 390
715 395
906 398
203 406
711 408
305 409
715 409
171 411
353 413
877 415
201 420
136 422
863 427
613 430
844 431
76 431
157 432
715 433
751 434
186 434
995 435
656 436
614 439
716 442
285 446
21 451
64 452
757 453
640 456
278 457
739 461
906 461
247 462
422 464
484 464
634 466
533 466
265 468
184 469
339 469
417 470
466 473
515 474
633 474
204 476
493 476
419 476
95 478
338 482
149 487
846 490
551 492
577 496
629 497
941 497
458 497
764 498
939 498
259 499
197 508
553 511
471 513
172 513
507 514
866 514
646 523
446 531
755 534
111 536
410 537
810 538
470 539
480 541
963 545
546 546
592 547
754 548
231 551
82 555
351 556
975 556
132 556
945 558
933 560
113 561
805 561
165 562
976 563
48 564
563 565
599 566
118 567
716 569
651 575
635 575
499 576
940 576
872 576
13 578
516 579
421 581
874 583
63 583
312 584
805 584
371 585
372 586
247 586
533 586
134 586
916 587
161 587
441 590
670 591
252 592
551 592
446 595
999 596
534 597
136 601
707 603
96 604
756 604
222 606
717 608
154 608
130 610
571 611
53 614
465 619
891 621
444 622
426 629
775 630
954 632
701 634
604 634
251 639
333 639
745 642
76 642
66 644
200 646
754 647
615 648
126 649
173 652
249 652
286 653
482 653
58 654
266 654
752 655
345 655
81 655
344 663
782 663
377 664
706 666
518 666
811 676
487 679
317 680
199 689
219 693
361 695
111 696
50 696
45 697
672 699
514 702
428 703
251 705
4 705
745 708
101 708
803 708
613 713
670 713
932 714
190 717
10 719
848 720
955 721
586 721
682 721
828 724
260 729
674 735
102 736
992 740
334 743
938 743
789 744
143 746
681 748
434 749
377 751
857 752
178 753
505 754
870 754
844 755
266 756
502 758
480 758
497 758
698 758
878 760
283 765
176 766
517 768
789 773
514 774
495 777
553 777
419 781
829 782
883 783
932 787
296 787
902 788
932 788
915 788
283 789
14 792
316 794
793 795
827 796
415 797
402 801
773 803
677 804
720 807
994 809
646 811
19 815
248 815
65 816
526 817
740 817
640 823
183 825
644 825
641 825
338 829
47 830
242 832
912 833
164 836
432 836
341 838
457 839
524 840
648 841
402 841
740 844
983 850
160 852
373 853
404 858
842 859
641 859
902 859
482 860
105 861
254 861
760 864
955 867
270 870
64 873
264 873
478 874
875 877
719 879
479 879
594 882
265 883
81 885
673 885
172 892
98 896
527 896
781 897
772 898
288 898
638 900
964 905
442 910
871 917
754 917
958 919
294 920
530 921
204 922
121 926
1 926
629 927
625 928
555 929
864 930
494 932
759 938
388 939
619 941
298 941
858 942
139 945
318 948
724 949
176 949
285 950
134 954
364 954
596 958
51 961
160 964
38 965
805 969
645 970
341 971
815 976
125 976
377 977
607 980
327 981
919 981
877 981
415 982
318 985
290 987
183 991
920 992
730 996
35 1000
