665
25 0
63 0
315 0
361 0
437 1
461 1
268 2
485 2
171 2
96 3
197 3
374 3
226 3
283 3
47 4
102 4
355 6
443 6
458 6
5 6
389 6
260 6
129 6
467 7
368 7
365 7
461 8
412 8
231 9
121 10
343 10
481 11
211 11
88 11
100 12
275 13
259 13
302 13
390 13
166 13
10 13
143 13
40 15
104 15
340 15
388 16
376 16
35 16
85 17
331 17
188 17
211 18
193 18
67 18
365 19
237 19
186 19
21 20
466 20
353 21
465 21
125 22
20 22
61 22
453 22
420 22
265 22
491 23
345 23
267 24
186 25
282 26
427 26
435 26
251 26
201 27
242 27
123 27
157 27
344 28
404 28
69 30
475 31
214 31
349 32
7 33
280 33
284 33
311 33
405 34
329 34
252 34
140 35
288 36
111 36
316 36
76 36
412 36
242 36
460 37
245 37
483 37
408 38
474 38
143 38
137 39
396 40
45 40
85 40
407 40
32 41
67 42
303 42
19 43
480 43
193 43
14 43
214 43
174 44
125 44
283 44
418 44
190 45
63 46
490 46
173 47
13 47
136 48
438 48
241 48
492 48
91 48
260 48
93 49
411 49
269 50
35 50
238 50
285 51
410 51
318 52
352 52
208 53
150 53
128 54
334 54
206 55
139 57
399 57
326 58
378 59
140 60
257 60
394 60
266 60
165 60
205 60
248 62
311 62
401 63
375 64
86 64
442 64
345 65
430 66
219 66
340 67
347 67
34 67
479 67
112 68
364 68
464 68
291 69
474 69
292 69
275 70
322 70
243 70
73 71
390 71
478 72
37 72
122 73
139 74
418 74
128 75
75 75
114 76
303 76
372 76
64 77
67 78
84 78
451 78
216 79
359 79
270 80
450 81
363 81
413 81
334 81
457 81
159 82
481 82
262 83
25 83
96 84
484 85
189 85
225 86
288 87
140 87
395 88
61 88
150 88
433 89
51 90
31 90
421 90
121 90
149 91
149 91
469 92
115 92
163 92
420 93
100 93
257 94
442 94
457 94
389 94
299 95
29 95
467 95
292 95
258 96
210 96
152 97
153 97
316 99
81 99
415 99
275 99
88 99
265 100
67 100
149 100
1 100
265 101
455 101
78 103
93 103
130 103
309 103
408 104
91 105
218 105
486 106
204 106
171 106
193 110
151 110
13 110
362 110
460 111
324 111
259 111
480 112
30 112
418 113
170 113
244 114
13 114
481 114
307 114
110 115
31 115
195 115
490 116
20 117
263 117
367 117
156 117
454 118
144 119
64 119
166 119
433 120
195 120
151 121
443 122
177 122
56 122
176 123
375 124
463 124
79 125
206 125
162 125
91 126
90 126
465 126
50 127
208 127
51 128
278 129
132 129
459 129
54 130
72 131
245 131
211 131
9 131
70 132
46 132
417 132
176 133
179 133
87 133
135 134
131 134
248 134
310 134
424 135
285 135
416 135
223 136
312 136
385 136
318 136
359 136
17 137
337 137
248 138
258 138
50 138
123 139
53 140
367 141
254 141
84 141
199 142
236 142
252 143
384 143
455 144
171 144
47 144
461 145
452 145
286 145
272 145
434 146
245 148
198 149
432 149
23 149
154 149
29 149
461 150
114 150
430 150
238 150
153 151
396 151
15 151
426 151
30 152
28 152
272 152
306 152
481 152
218 154
231 154
85 155
464 155
356 155
437 155
423 155
460 156
395 156
171 156
364 157
414 157
469 157
296 157
357 157
120 157
224 157
216 158
47 158
303 158
292 158
297 158
372 159
180 159
289 159
58 159
43 159
257 160
269 160
270 160
48 160
487 161
162 161
301 164
236 164
10 165
248 166
284 166
315 166
164 167
102 167
246 167
262 168
285 169
404 169
361 170
30 170
303 171
162 171
482 172
308 172
282 172
474 172
113 172
431 173
295 175
441 176
69 176
325 176
336 177
478 177
136 177
4 178
208 178
277 178
235 178
414 179
235 179
264 179
316 180
80 180
266 182
23 183
420 183
240 186
293 186
460 187
105 187
443 187
76 189
488 189
55 190
158 191
243 191
14 192
7 192
135 192
305 192
28 193
208 193
235 193
382 194
48 194
371 195
329 195
377 195
384 195
98 195
111 195
25 195
254 196
293 196
292 196
52 197
264 198
53 198
338 199
378 200
35 200
470 200
120 200
323 200
385 201
20 201
168 202
200 202
319 203
307 203
491 204
442 204
37 204
277 204
262 205
122 205
120 205
116 206
467 207
367 208
156 208
204 208
88 208
471 209
218 209
352 210
346 210
304 210
23 210
337 210
149 210
347 211
182 211
146 211
238 211
384 211
233 212
379 213
453 213
389 213
167 213
264 214
472 214
473 215
392 216
450 217
69 217
109 217
56 218
114 218
432 219
182 219
183 219
203 220
81 220
430 222
338 222
93 222
318 223
199 224
267 224
279 224
90 224
199 225
153 225
191 225
142 225
418 226
437 226
346 227
227 227
162 228
417 229
159 229
213 229
345 230
127 230
257 232
108 232
315 233
229 233
299 233
443 233
33 233
412 234
333 234
268 234
318 235
374 235
52 235
460 235
456 235
479 236
332 236
480 236
337 236
167 237
111 237
205 238
58 238
120 238
250 238
268 238
191 239
355 239
94 240
167 240
259 240
45 240
213 240
455 241
346 242
16 242
202 243
251 243
367 243
161 243
422 243
301 244
275 244
39 245
377 245
439 245
189 245
327 246
374 246
469 246
157 246
260 247
93 247
207 248
437 248
299 248
342 248
183 248
431 248
115 248
224 250
168 250
405 250
417 251
346 251
155 251
470 252
324 254
418 254
239 255
170 255
335 256
457 256
105 257
437 257
237 257
185 258
331 259
244 260
17 260
354 261
284 261
447 262
22 262
188 262
93 262
219 263
192 263
92 264
11 264
98 265
439 265
201 265
15 266
99 266
432 266
373 266
10 266
283 269
226 269
60 270
403 270
25 270
5 271
476 272
58 272
55 273
