1000
819 2147483637
949 2147483637
126 2147483637
633 2147483637
961 2147483637
464 2147483637
339 2147483637
509 2147483637
866 2147483637
328 2147483637
570 2147483637
22 2147483637
705 2147483637
695 2147483637
931 2147483637
484 2147483637
749 2147483637
949 2147483637
215 2147483637
902 2147483637
700 2147483637
158 2147483637
794 2147483637
458 2147483637
536 2147483637
907 2147483637
272 2147483637
531 2147483637
890 2147483637
788 2147483637
264 2147483637
203 2147483637
755 2147483637
341 2147483637
379 2147483637
505 2147483637
447 2147483637
314 2147483637
343 2147483637
384 2147483637
228 2147483637
508 2147483637
360 2147483637
852 2147483637
201 2147483637
107 2147483637
956 2147483637
438 2147483637
454 2147483637
858 2147483637
536 2147483637
681 2147483637
101 2147483637
806 2147483637
354 2147483637
743 2147483637
769 2147483637
368 2147483637
54 2147483637
20 2147483637
278 2147483637
828 2147483637
577 2147483637
136 2147483637
745 2147483637
365 2147483637
231 2147483637
45 2147483637
483 2147483637
777 2147483637
652 2147483637
694 2147483637
475 2147483637
142 2147483637
737 2147483637
893 2147483637
524 2147483637
401 2147483637
416 2147483637
264 2147483637
49 2147483637
766 2147483637
624 2147483637
65 2147483637
549 2147483637
382 2147483637
112 2147483637
269 2147483637
100 2147483637
569 2147483637
758 2147483637
398 2147483637
715 2147483637
840 2147483637
471 2147483637
7 2147483637
949 2147483637
557 2147483637
193 2147483638
547 2147483638
335 2147483638
765 2147483638
227 2147483638
712 2147483638
203 2147483638
451 2147483638
446 2147483638
342 2147483638
381 2147483638
395 2147483638
725 2147483638
15 2147483638
650 2147483638
294 2147483638
142 2147483638
165 2147483638
263 2147483638
295 2147483638
47 2147483638
417 2147483638
141 2147483638
335 2147483638
996 2147483638
358 2147483638
197 2147483638
816 2147483638
67 2147483638
529 2147483638
43 2147483638
840 2147483638
323 2147483638
770 2147483638
702 2147483638
860 2147483638
320 2147483638
55 2147483638
664 2147483638
169 2147483638
33 2147483638
278 2147483638
127 2147483638
850 2147483638
235 2147483638
357 2147483638
126 2147483638
871 2147483638
196 2147483638
153 2147483638
177 2147483638
973 2147483638
141 2147483638
367 2147483638
219 2147483638
51 2147483638
808 2147483638
550 2147483638
647 2147483638
164 2147483638
966 2147483638
839 2147483638
327 2147483638
90 2147483638
942 2147483638
120 2147483638
646 2147483638
257 2147483638
428 2147483638
888 2147483638
999 2147483638
509 2147483638
938 2147483638
749 2147483638
52 2147483638
930 2147483638
842 2147483638
30 2147483638
89 2147483638
52 2147483638
188 2147483638
22 2147483638
686 2147483638
78 2147483638
840 2147483638
607 2147483638
148 2147483638
213 2147483638
783 2147483638
615 2147483638
309 2147483639
348 2147483639
615 2147483639
182 2147483639
322 2147483639
405 2147483639
504 2147483639
339 2147483639
831 2147483639
39 2147483639
955 2147483639
92 2147483639
988 2147483639
655 2147483639
794 2147483639
440 2147483639
351 2147483639
608 2147483639
818 2147483639
503 2147483639
300 2147483639
147 2147483639
468 2147483639
815 2147483639
387 2147483639
659 2147483639
407 2147483639
363 2147483639
95 2147483639
908 2147483639
316 2147483639
968 2147483639
957 2147483639
426 2147483639
36 2147483639
853 2147483639
224 2147483639
226 2147483639
248 2147483639
781 2147483639
338 2147483639
414 2147483639
695 2147483639
940 2147483639
360 2147483639
891 2147483639
265 2147483639
4 2147483639
571 2147483639
696 2147483639
541 2147483639
904 2147483639
351 2147483639
146 2147483639
863 2147483639
534 2147483639
406 2147483639
693 2147483639
483 2147483639
316 2147483639
275 2147483639
490 2147483639
852 2147483639
498 2147483639
425 2147483639
13 2147483639
389 2147483639
60 2147483639
716 2147483639
688 2147483639
901 2147483639
766 2147483639
514 2147483639
514 2147483639
387 2147483639
468 2147483639
533 2147483639
452 2147483639
273 2147483639
507 2147483639
828 2147483639
112 2147483639
131 2147483639
917 2147483639
93 2147483639
813 2147483639
639 2147483639
841 2147483639
556 2147483640
329 2147483640
668 2147483640
706 2147483640
400 2147483640
157 2147483640
65 2147483640
368 2147483640
68 2147483640
331 2147483640
966 2147483640
686 2147483640
728 2147483640
260 2147483640
689 2147483640
906 2147483640
755 2147483640
811 2147483640
569 2147483640
351 2147483640
715 2147483640
436 2147483640
266 2147483640
855 2147483640
126 2147483640
196 2147483640
200 2147483640
338 2147483640
700 2147483640
962 2147483640
838 2147483640
751 2147483640
288 2147483640
332 2147483640
244 2147483640
58 2147483640
114 2147483640
844 2147483640
804 2147483640
916 2147483640
820 2147483640
244 2147483640
997 2147483640
462 2147483640
91 2147483640
234 2147483640
889 2147483640
938 2147483640
397 2147483640
414 2147483640
247 2147483640
355 2147483640
206 2147483640
430 2147483640
23 2147483640
138 2147483640
410 2147483640
369 2147483640
161 2147483640
115 2147483640
465 2147483640
395 2147483640
52 2147483640
877 2147483640
158 2147483640
119 2147483640
492 2147483640
115 2147483640
922 2147483640
578 2147483640
281 2147483640
576 2147483640
371 2147483640
496 2147483640
319 2147483640
632 2147483640
993 2147483640
470 2147483640
105 2147483640
823 2147483640
713 2147483640
926 2147483640
289 2147483640
970 2147483640
879 2147483640
199 2147483640
186 2147483640
649 2147483640
222 2147483640
71 2147483640
335 2147483640
734 2147483640
939 2147483640
611 2147483640
73 2147483641
250 2147483641
247 2147483641
348 2147483641
750 2147483641
724 2147483641
441 2147483641
453 2147483641
161 2147483641
641 2147483641
987 2147483641
31 2147483641
657 2147483641
276 2147483641
360 2147483641
310 2147483641
840 2147483641
882 2147483641
562 2147483641
446 2147483641
504 2147483641
874 2147483641
917 2147483641
661 2147483641
488 2147483641
508 2147483641
8 2147483641
101 2147483641
388 2147483641
980 2147483641
448 2147483641
995 2147483641
351 2147483641
82 2147483641
953 2147483641
476 2147483641
94 2147483641
7 2147483641
397 2147483641
87 2147483641
380 2147483641
717 2147483641
805 2147483641
781 2147483641
543 2147483641
574 2147483641
320 2147483641
94 2147483641
269 2147483641
221 2147483641
298 2147483641
768 2147483641
477 2147483641
832 2147483641
926 2147483641
9 2147483641
927 2147483641
672 2147483641
151 2147483641
381 2147483641
267 2147483641
731 2147483641
702 2147483641
449 2147483641
780 2147483641
714 2147483641
23 2147483641
780 2147483641
54 2147483641
342 2147483641
983 2147483641
584 2147483641
368 2147483641
151 2147483641
137 2147483641
862 2147483641
609 2147483641
884 2147483641
622 2147483641
192 2147483641
412 2147483641
188 2147483641
799 2147483641
890 2147483641
182 2147483641
377 2147483641
390 2147483641
194 2147483641
729 2147483641
291 2147483641
864 2147483641
243 2147483641
651 2147483641
244 2147483642
288 2147483642
601 2147483642
259 2147483642
171 2147483642
111 2147483642
275 2147483642
722 2147483642
989 2147483642
553 2147483642
50 2147483642
53 2147483642
658 2147483642
760 2147483642
674 2147483642
729 2147483642
310 2147483642
972 2147483642
743 2147483642
757 2147483642
674 2147483642
846 2147483642
977 2147483642
98 2147483642
578 2147483642
314 2147483642
976 2147483642
352 2147483642
274 2147483642
368 2147483642
475 2147483642
718 2147483642
596 2147483642
864 2147483642
122 2147483642
285 2147483642
792 2147483642
236 2147483642
41 2147483642
59 2147483642
396 2147483642
826 2147483642
175 2147483642
25 2147483642
973 2147483642
334 2147483642
838 2147483642
586 2147483642
815 2147483642
102 2147483642
167 2147483642
242 2147483642
575 2147483642
694 2147483642
669 2147483642
967 2147483642
601 2147483642
196 2147483642
806 2147483642
756 2147483642
523 2147483642
926 2147483642
571 2147483642
188 2147483642
951 2147483642
197 2147483642
270 2147483642
728 2147483642
768 2147483642
799 2147483642
213 2147483642
307 2147483642
353 2147483642
33 2147483642
529 2147483642
520 2147483642
405 2147483642
50 2147483642
889 2147483642
898 2147483642
199 2147483642
665 2147483642
479 2147483642
151 2147483642
761 2147483642
340 2147483642
898 2147483642
611 2147483642
905 2147483642
270 2147483642
636 2147483642
136 2147483642
202 2147483642
659 2147483642
994 2147483642
508 2147483642
910 2147483642
571 2147483642
646 2147483642
790 2147483642
996 2147483642
178 2147483642
8 2147483642
491 2147483642
481 2147483642
651 2147483642
82 2147483643
979 2147483643
206 2147483643
689 2147483643
589 2147483643
603 2147483643
923 2147483643
19 2147483643
866 2147483643
889 2147483643
615 2147483643
397 2147483643
660 2147483643
491 2147483643
961 2147483643
705 2147483643
862 2147483643
209 2147483643
737 2147483643
423 2147483643
974 2147483643
370 2147483643
603 2147483643
901 2147483643
69 2147483643
437 2147483643
413 2147483643
176 2147483643
725 2147483643
742 2147483643
750 2147483643
22 2147483643
929 2147483643
964 2147483643
578 2147483643
594 2147483643
401 2147483643
525 2147483643
70 2147483643
726 2147483643
362 2147483643
982 2147483643
859 2147483643
740 2147483643
792 2147483643
244 2147483643
482 2147483643
715 2147483643
650 2147483643
299 2147483643
436 2147483643
985 2147483643
123 2147483643
178 2147483643
128 2147483643
918 2147483643
721 2147483643
422 2147483643
455 2147483643
528 2147483643
469 2147483643
460 2147483643
59 2147483643
670 2147483643
676 2147483643
274 2147483643
612 2147483643
451 2147483643
755 2147483643
1 2147483643
58 2147483643
221 2147483643
696 2147483644
824 2147483644
451 2147483644
376 2147483644
135 2147483644
923 2147483644
481 2147483644
137 2147483644
45 2147483644
314 2147483644
254 2147483644
248 2147483644
678 2147483644
554 2147483644
847 2147483644
253 2147483644
914 2147483644
767 2147483644
536 2147483644
46 2147483644
125 2147483644
568 2147483644
387 2147483644
838 2147483644
971 2147483644
414 2147483644
405 2147483644
338 2147483644
673 2147483644
664 2147483644
787 2147483644
359 2147483644
684 2147483644
35 2147483644
697 2147483644
488 2147483644
334 2147483644
990 2147483644
302 2147483644
163 2147483644
28 2147483644
485 2147483644
218 2147483644
457 2147483644
807 2147483644
132 2147483644
201 2147483644
462 2147483644
788 2147483644
125 2147483644
493 2147483644
982 2147483644
141 2147483644
621 2147483644
294 2147483644
627 2147483644
653 2147483644
370 2147483644
778 2147483644
75 2147483644
733 2147483644
171 2147483644
346 2147483644
256 2147483644
594 2147483644
255 2147483644
334 2147483644
436 2147483644
734 2147483644
876 2147483644
543 2147483644
115 2147483644
719 2147483644
147 2147483644
146 2147483644
573 2147483644
759 2147483644
130 2147483644
989 2147483645
676 2147483645
683 2147483645
33 2147483645
393 2147483645
878 2147483645
350 2147483645
123 2147483645
891 2147483645
461 2147483645
902 2147483645
748 2147483645
299 2147483645
443 2147483645
773 2147483645
62 2147483645
81 2147483645
260 2147483645
429 2147483645
889 2147483645
340 2147483645
981 2147483645
55 2147483645
855 2147483645
70 2147483645
81 2147483645
209 2147483645
794 2147483645
536 2147483645
599 2147483645
685 2147483645
701 2147483645
74 2147483645
58 2147483645
320 2147483645
35 2147483645
533 2147483645
219 2147483645
56 2147483645
84 2147483645
966 2147483645
364 2147483645
536 2147483645
626 2147483645
34 2147483645
535 2147483645
517 2147483645
308 2147483645
650 2147483645
365 2147483645
740 2147483645
245 2147483645
384 2147483645
772 2147483645
576 2147483645
666 2147483645
775 2147483645
597 2147483645
662 2147483645
844 2147483645
818 2147483645
27 2147483645
721 2147483645
653 2147483645
352 2147483645
701 2147483645
400 2147483645
344 2147483645
121 2147483645
681 2147483645
874 2147483645
809 2147483645
22 2147483645
458 2147483645
143 2147483645
449 2147483645
875 2147483645
655 2147483645
840 2147483645
745 2147483645
167 2147483645
726 2147483645
5 2147483645
347 2147483645
167 2147483645
695 2147483645
164 2147483645
299 2147483645
311 2147483645
885 2147483645
84 2147483645
666 2147483645
268 2147483645
511 2147483645
12 2147483646
336 2147483646
575 2147483646
695 2147483646
622 2147483646
800 2147483646
936 2147483646
394 2147483646
960 2147483646
989 2147483646
602 2147483646
139 2147483646
332 2147483646
670 2147483646
4 2147483646
144 2147483646
358 2147483646
220 2147483646
365 2147483646
813 2147483646
796 2147483646
518 2147483646
840 2147483646
970 2147483646
834 2147483646
918 2147483646
912 2147483646
86 2147483646
96 2147483646
241 2147483646
428 2147483646
592 2147483646
875 2147483646
67 2147483646
439 2147483646
440 2147483646
162 2147483646
719 2147483646
791 2147483646
142 2147483646
38 2147483646
966 2147483646
643 2147483646
637 2147483646
786 2147483646
790 2147483646
254 2147483646
766 2147483646
399 2147483646
100 2147483646
329 2147483646
528 2147483646
217 2147483646
966 2147483646
769 2147483646
759 2147483646
727 2147483646
387 2147483646
403 2147483646
607 2147483646
115 2147483646
724 2147483646
585 2147483646
18 2147483646
394 2147483646
765 2147483646
86 2147483646
743 2147483646
971 2147483646
600 2147483646
343 2147483646
150 2147483646
483 2147483646
892 2147483646
826 2147483646
675 2147483646
803 2147483646
265 2147483646
455 2147483646
567 2147483646
476 2147483646
860 2147483646
495 2147483646
477 2147483646
623 2147483646
608 2147483646
579 2147483646
571 2147483646
941 2147483646
265 2147483647
743 2147483647
514 2147483647
21 2147483647
360 2147483647
197 2147483647
827 2147483647
25 2147483647
229 2147483647
356 2147483647
34 2147483647
112 2147483647
843 2147483647
999 2147483647
337 2147483647
400 2147483647
409 2147483647
306 2147483647
978 2147483647
712 2147483647
103 2147483647
37 2147483647
134 2147483647
686 2147483647
682 2147483647
78 2147483647
489 2147483647
972 2147483647
68 2147483647
724 2147483647
562 2147483647
943 2147483647
433 2147483647
4 2147483647
501 2147483647
634 2147483647
439 2147483647
138 2147483647
959 2147483647
466 2147483647
710 2147483647
945 2147483647
324 2147483647
375 2147483647
739 2147483647
908 2147483647
143 2147483647
554 2147483647
781 2147483647
7 2147483647
96 2147483647
783 2147483647
917 2147483647
800 2147483647
3 2147483647
848 2147483647
396 2147483647
417 2147483647
437 2147483647
1000 2147483647
894 2147483647
643 2147483647
412 2147483647
900 2147483647
164 2147483647
928 2147483647
266 2147483647
356 2147483647
469 2147483647
97 2147483647
812 2147483647
420 2147483647
735 2147483647
562 2147483647
60 2147483647
428 2147483647
858 2147483647
1 2147483647
978 2147483647
593 2147483647
197 2147483647
377 2147483647
609 2147483647
333 2147483647
339 2147483647
856 2147483647
46 2147483647
16 2147483647
804 2147483647
491 2147483647
985 2147483647
253 2147483647
572 2147483647
82 2147483647
445 2147483647
483 2147483647
937 2147483647
23 2147483647
