1000
537 0
263 0
478 4
849 4
318 4
494 4
662 6
183 6
843 6
518 7
130 8
260 9
653 9
6 10
69 12
21 13
962 13
71 13
5 16
718 17
467 18
977 18
263 21
881 22
107 25
172 26
861 29
422 29
914 29
917 30
837 32
708 32
373 35
54 35
470 36
151 40
637 40
503 42
830 42
470 43
547 43
816 44
204 46
683 47
221 48
423 48
723 50
492 51
968 57
464 59
151 59
225 61
848 62
894 63
861 65
371 66
959 67
370 67
714 68
793 69
967 70
573 71
859 71
723 72
1 73
739 74
321 75
14 76
436 77
470 77
158 77
820 78
26 79
517 80
444 80
987 83
74 83
297 83
638 84
734 84
237 84
16 85
454 85
92 87
824 90
191 90
887 90
575 92
454 93
279 93
510 93
554 95
657 96
914 97
985 97
784 97
698 98
105 98
806 101
5 102
982 102
319 104
698 109
360 110
869 111
84 112
141 113
577 114
420 115
59 117
937 117
677 119
789 119
230 121
893 122
343 123
960 124
452 126
592 126
233 127
274 130
251 131
514 132
358 133
500 133
689 133
849 133
299 135
324 135
222 136
986 138
846 139
301 140
676 141
836 141
554 141
598 142
347 142
766 145
566 146
634 146
44 146
921 147
554 150
570 150
159 151
298 151
413 153
660 153
214 153
237 153
26 154
40 154
78 155
225 155
469 157
904 159
79 159
227 161
802 161
92 164
153 165
818 166
531 174
767 174
198 175
388 176
942 177
436 177
553 178
1 178
160 179
285 180
593 182
862 183
638 185
311 187
197 187
931 188
573 190
642 190
883 191
301 191
388 191
209 192
321 193
792 196
72 196
526 197
163 198
247 200
871 200
732 201
750 202
412 203
433 205
490 205
504 205
457 206
799 206
297 207
185 207
142 208
610 208
669 208
928 209
349 209
65 213
776 214
976 215
902 216
585 219
751 219
51 220
613 220
80 221
972 221
919 222
786 223
277 224
41 224
195 225
60 226
89 226
912 227
379 227
109 228
510 229
33 231
947 232
305 233
992 234
752 234
5 236
905 236
91 237
999 238
420 239
436 239
978 240
686 242
557 244
822 244
679 245
124 249
467 250
914 251
806 253
820 254
937 254
844 254
73 255
567 257
795 258
519 258
295 258
885 259
715 260
994 260
300 261
198 262
695 262
30 262
566 264
31 265
615 266
76 266
20 266
942 268
320 268
141 269
720 269
748 269
8 270
504 270
28 271
71 272
708 272
529 272
308 272
212 275
976 275
90 276
113 277
917 278
441 278
787 280
375 281
837 282
228 283
219 287
264 287
314 287
629 288
435 291
930 292
343 293
552 293
509 294
970 294
291 295
338 295
671 296
989 300
32 301
113 302
449 303
23 303
661 304
207 305
101 306
600 307
246 308
421 309
807 309
760 310
654 310
549 310
747 311
575 313
48 314
500 315
549 315
528 315
547 317
552 318
183 318
43 323
574 323
683 323
880 324
171 324
951 324
832 326
819 327
696 332
771 332
709 334
659 335
269 337
57 337
666 338
427 338
292 341
81 342
271 347
727 347
563 347
226 348
892 349
757 349
63 352
792 353
612 353
913 354
823 356
888 357
459 357
256 358
843 358
623 358
286 359
335 361
127 362
924 364
295 364
213 365
885 367
195 369
115 370
265 372
661 375
895 375
426 376
409 379
82 379
83 381
197 382
597 383
391 383
551 383
579 384
442 385
48 386
671 386
335 386
455 388
786 388
905 389
617 390
499 390
466 391
128 391
520 391
613 392
948 392
488 392
397 393
727 394
424 398
77 400
989 401
359 401
313 403
982 403
220 404
392 406
482 406
938 407
577 407
4 409
833 410
31 411
731 412
630 417
5 418
524 418
588 423
50 423
243 423
260 424
967 424
440 427
344 428
784 428
990 431
102 437
251 438
949 438
734 439
764 439
994 440
867 443
765 444
595 444
458 445
812 445
431 445
799 447
395 448
993 448
532 450
837 450
367 451
548 453
19 454
132 454
507 456
586 457
370 458
90 458
64 460
441 460
692 461
661 461
871 462
153 465
850 466
121 467
708 469
314 469
248 471
740 472
745 474
43 474
112 476
578 480
633 480
850 481
11 482
166 482
305 483
325 483
917 484
664 485
797 485
528 486
752 488
948 488
602 490
569 490
864 490
29 490
509 491
310 495
440 496
787 499
846 500
50 500
418 503
92 503
151 504
267 505
565 510
733 511
775 511
369 513
656 513
304 515
842 517
977 518
152 518
524 519
200 519
807 520
342 521
596 521
621 521
739 521
599 524
438 524
606 526
998 529
211 530
399 531
428 537
289 539
860 540
876 541
188 542
897 542
614 542
796 542
895 543
643 545
893 545
707 546
282 547
918 547
912 547
570 547
33 547
405 548
859 548
913 549
262 551
874 551
86 555
872 556
236 558
501 558
722 559
181 560
566 561
917 561
216 562
44 564
731 564
54 566
914 568
332 569
942 569
539 570
1 573
560 573
459 574
427 574
143 575
426 575
978 575
748 579
901 579
295 580
8 581
402 581
155 581
161 582
103 582
27 583
192 586
163 587
729 587
548 587
421 587
738 588
258 589
121 590
994 590
587 591
722 591
21 592
642 592
108 593
435 593
968 594
833 595
914 596
602 597
31 599
95 599
711 600
545 601
66 601
745 601
860 601
21 603
390 603
788 604
63 605
75 608
295 608
626 610
281 611
626 611
957 611
569 612
103 616
393 617
552 618
506 620
231 620
335 622
904 622
289 623
488 624
568 625
730 625
581 626
529 627
581 631
414 634
120 635
351 636
514 638
154 638
802 638
343 638
17 638
894 639
67 643
196 643
187 647
122 648
652 649
206 650
865 651
364 655
962 657
303 659
402 659
337 660
584 660
698 660
65 661
612 661
718 661
700 661
706 662
433 662
460 666
893 666
367 668
302 669
892 671
399 671
536 673
77 673
680 673
617 674
485 675
78 677
989 677
688 678
647 679
593 679
401 680
546 680
394 681
161 682
26 683
456 684
754 684
727 684
418 685
927 685
115 686
130 688
909 689
864 690
414 693
34 694
48 695
377 698
529 700
725 702
309 703
391 703
903 706
482 706
293 708
938 709
880 709
368 709
195 709
823 711
215 711
998 712
18 713
953 713
65 713
972 713
102 716
20 717
205 718
679 718
978 718
898 718
27 720
888 720
242 723
222 725
745 727
993 729
92 731
210 731
557 731
899 735
718 735
713 735
52 736
563 737
868 737
837 737
555 738
189 740
380 740
927 740
470 740
88 740
497 742
803 744
686 745
819 746
404 747
280 748
648 748
87 748
367 749
62 751
6 752
649 752
339 753
209 756
568 756
786 758
774 759
679 760
768 761
431 763
777 764
510 764
205 765
519 766
664 766
873 770
513 770
155 770
885 772
757 773
639 774
608 776
433 776
492 777
953 778
19 778
845 780
240 781
254 782
768 783
946 785
604 785
994 786
948 787
10 790
795 791
576 793
517 793
346 794
202 795
72 795
77 797
738 797
201 797
472 798
827 799
955 799
452 805
907 805
420 806
612 806
452 806
48 809
260 810
283 811
909 813
952 814
180 814
455 815
22 816
80 817
994 817
459 818
929 818
676 819
796 820
499 821
152 823
169 825
448 826
682 826
280 826
525 827
536 829
682 831
420 831
755 834
381 834
583 835
127 835
249 838
310 840
323 840
853 840
129 841
189 842
193 843
284 843
134 843
577 844
865 844
788 846
998 848
77 849
966 849
659 849
46 850
778 851
930 852
134 853
311 853
670 854
277 855
5 855
277 855
554 857
528 859
971 859
909 859
922 860
461 860
683 861
191 865
29 865
546 865
209 865
73 866
956 866
732 867
186 869
370 870
596 870
552 871
285 871
403 872
830 874
449 874
951 874
271 875
821 878
977 878
240 880
305 881
985 881
274 885
660 885
771 886
876 888
461 889
202 890
376 890
698 890
238 892
227 892
554 893
686 893
24 893
157 893
597 896
67 896
514 897
759 897
483 897
511 900
678 901
896 901
327 901
400 902
651 902
499 903
249 903
70 903
548 904
386 904
173 904
315 904
131 904
705 905
227 907
215 907
380 907
110 909
994 909
560 911
360 911
86 911
758 913
663 913
276 913
240 913
339 915
620 916
62 918
184 918
583 919
560 923
292 924
527 924
707 924
832 926
987 927
652 929
2 931
604 932
835 933
457 934
493 936
507 939
169 940
641 941
177 941
831 941
625 942
810 942
637 944
82 945
505 948
875 948
633 949
278 950
182 951
239 952
954 954
769 954
690 956
647 957
305 957
268 958
470 958
541 959
272 962
851 962
37 964
331 964
48 966
108 967
925 968
500 973
987 973
427 973
870 974
543 975
963 976
434 976
151 978
155 979
56 979
641 980
637 981
147 983
327 983
127 984
478 985
425 985
269 986
191 987
12 989
201 989
782 991
792 991
239 991
837 992
946 993
805 993
173 994
773 995
189 996
545 998
560 999
767 999
940 1000
