84
327 4
85 4
36 6
489 7
176 13
173 15
60 15
97 17
391 18
91 20
83 23
335 27
48 34
160 36
261 39
215 40
80 41
125 43
81 43
11 44
113 58
199 59
423 62
55 67
248 67
40 69
472 70
297 71
366 75
44 77
416 80
37 83
273 85
130 88
290 88
197 89
170 89
4 93
294 98
289 101
260 103
288 106
363 107
354 110
451 113
384 117
381 118
451 119
199 127
329 129
134 131
374 133
486 135
450 136
128 136
486 138
472 143
455 147
220 148
320 148
301 153
106 153
147 156
121 160
84 161
328 162
153 163
108 164
63 166
116 178
19 179
417 179
134 183
88 184
248 187
53 187
362 187
68 188
302 192
412 193
156 193
36 207
307 208
321 211
