440
174 0
63 1
135 2
92 3
157 4
61 4
67 5
89 6
132 8
125 10
67 11
110 14
21 14
24 17
64 20
24 20
28 21
123 22
50 23
146 25
3 25
180 27
169 29
75 29
123 30
133 30
3 30
97 30
59 31
79 33
24 34
133 35
112 36
167 36
138 38
2 40
104 41
85 41
139 41
136 42
140 44
95 47
141 47
129 49
17 49
125 49
113 50
63 50
179 52
165 54
49 54
30 54
15 59
167 60
136 60
67 61
77 61
65 63
124 63
26 64
68 65
133 66
156 66
18 67
64 70
42 72
108 73
145 73
135 73
129 77
128 77
56 81
11 85
151 86
10 87
91 89
42 89
27 91
3 92
181 93
48 95
76 96
55 98
143 99
62 100
179 101
38 101
53 102
144 102
120 104
99 104
127 104
158 105
82 105
78 109
48 109
122 109
37 110
178 112
103 112
62 114
26 114
35 114
151 115
63 116
118 116
51 117
124 119
180 120
118 121
86 121
56 121
26 122
85 122
73 122
72 123
166 124
104 125
50 125
69 127
139 129
139 129
13 129
166 130
169 131
87 131
108 131
30 131
115 133
177 134
82 134
44 136
43 136
179 136
148 136
172 137
50 137
164 137
116 140
151 143
13 144
103 147
123 148
49 148
119 150
172 151
75 152
141 153
13 155
55 155
6 157
58 160
176 160
182 161
80 161
86 161
20 162
45 162
128 164
81 165
16 167
106 170
36 170
83 171
131 174
178 174
137 175
176 175
28 175
58 175
159 178
108 181
48 184
169 185
169 186
116 186
81 186
2 187
170 188
102 189
5 189
134 191
49 193
58 196
158 198
150 200
172 201
40 202
53 205
88 205
6 205
174 205
104 206
127 208
112 210
140 212
49 212
130 212
51 213
177 216
26 216
126 217
5 219
137 220
102 220
35 221
71 224
161 224
50 224
20 225
100 226
116 226
93 226
39 226
175 227
46 234
30 235
148 236
97 237
124 238
53 238
141 238
76 239
149 241
80 242
147 242
63 256
25 257
49 257
113 258
103 259
109 260
106 262
110 263
113 264
48 266
60 266
1 267
150 268
172 268
17 270
40 270
71 270
94 271
157 272
54 274
177 275
125 277
4 277
87 278
65 278
107 278
15 279
142 280
112 280
80 280
118 280
45 283
164 289
136 292
155 293
82 299
90 301
50 301
46 305
6 305
13 306
150 306
184 307
147 307
107 309
78 310
51 311
95 311
13 311
132 311
127 311
56 313
177 314
57 315
27 315
95 317
171 319
100 321
92 323
139 329
50 331
22 332
153 333
181 333
83 334
130 337
142 340
163 341
111 342
18 344
71 344
30 344
129 349
178 350
81 351
54 354
89 354
58 357
32 358
56 360
117 360
44 362
3 363
151 364
147 366
179 366
111 369
154 370
9 370
121 378
167 380
85 380
26 381
170 383
104 387
56 388
69 388
9 391
77 392
38 393
25 395
71 396
13 397
33 397
72 398
21 399
90 400
42 402
31 403
99 406
111 406
31 411
91 411
53 412
108 413
120 414
68 414
53 417
125 418
10 420
161 420
49 423
10 426
46 428
100 428
158 428
51 434
133 434
109 434
167 434
26 439
2 440
112 441
129 442
26 442
21 443
79 445
17 446
170 447
3 448
167 449
108 450
72 450
114 451
68 452
27 454
3 455
82 455
183 458
29 458
74 462
156 463
45 464
96 465
131 467
38 468
106 468
80 470
91 475
102 480
105 480
101 481
42 481
23 482
177 484
135 485
85 487
143 488
178 488
37 488
96 491
171 493
115 494
48 496
72 497
113 500
87 503
15 503
141 503
180 506
140 507
1 509
29 509
22 510
124 511
27 514
52 514
81 515
28 518
65 518
27 521
118 523
48 523
178 524
93 525
179 528
123 528
102 529
182 529
119 531
32 532
176 537
178 538
173 539
105 539
183 542
103 543
133 543
47 543
118 545
177 545
174 553
19 556
2 558
