734
915 1
986 2
892 2
14 2
18 3
201 5
530 5
85 6
815 9
34 9
774 10
423 11
521 12
300 13
386 13
521 13
396 14
65 17
198 18
195 19
123 21
904 23
48 23
459 23
819 24
892 24
696 27
721 28
658 31
898 31
331 39
487 39
626 39
802 39
200 41
17 42
155 42
430 43
787 44
347 45
319 46
790 47
583 48
425 49
157 49
15 49
819 53
670 55
928 55
371 59
518 59
2 62
106 66
551 67
800 69
94 71
292 74
878 74
663 74
548 75
51 76
990 84
172 84
874 84
442 86
938 87
894 88
49 88
855 90
221 90
237 93
828 93
335 96
995 97
661 101
605 102
240 104
498 105
997 107
647 108
808 109
90 111
956 115
918 116
129 117
955 122
510 123
70 124
706 125
910 126
366 126
345 126
328 128
543 128
165 131
680 132
272 132
670 137
435 141
134 141
793 142
11 143
924 143
366 143
650 143
379 144
695 144
171 147
467 149
573 151
658 155
375 156
487 157
918 158
964 158
460 159
170 163
667 163
645 166
902 167
269 168
883 169
662 169
637 175
121 175
77 177
312 178
942 180
590 180
418 181
591 181
102 182
921 184
686 184
657 184
42 185
572 186
916 186
117 187
179 189
606 189
328 190
927 193
501 195
206 195
996 195
843 195
106 199
709 200
583 201
2 204
548 205
918 205
491 206
816 208
539 214
121 215
39 216
799 217
110 221
931 222
963 223
79 224
288 224
554 226
693 230
163 231
728 232
596 232
385 232
335 237
915 240
165 241
367 243
519 243
12 243
447 243
294 244
792 244
217 245
337 245
227 245
536 246
830 246
339 247
227 249
811 250
62 251
148 253
468 253
350 257
41 257
644 258
944 259
829 260
103 261
516 261
361 263
130 264
908 268
151 268
488 268
999 269
87 270
440 274
340 274
293 276
439 276
322 276
770 280
663 281
610 281
137 282
530 284
753 286
708 287
219 288
192 294
331 295
877 296
403 297
700 297
862 299
892 304
420 304
564 305
792 305
562 306
747 306
308 306
756 306
828 307
58 308
490 310
567 311
345 313
638 314
241 314
467 317
822 318
978 319
44 319
561 320
845 320
211 321
851 322
664 323
868 324
982 324
308 325
31 325
450 331
634 332
964 333
715 333
216 334
902 334
703 335
457 338
928 340
856 343
749 344
766 345
665 346
142 348
165 348
309 348
326 349
880 350
977 351
270 351
962 352
129 353
441 353
425 354
214 356
308 356
932 356
923 359
886 360
173 363
516 364
492 366
553 366
669 369
219 370
277 371
206 372
25 373
667 374
204 374
527 375
648 376
363 376
780 377
75 378
391 379
338 379
760 380
339 380
788 381
568 382
780 382
502 383
204 385
121 389
337 393
988 393
574 394
287 394
695 394
772 396
505 397
759 399
33 401
744 401
107 401
51 405
366 405
416 405
643 406
813 407
113 407
679 408
738 408
281 409
486 411
754 411
249 411
601 412
14 413
864 414
709 415
39 416
490 421
602 422
201 425
399 428
217 429
959 433
851 434
802 435
562 437
96 439
121 439
939 440
525 441
258 443
687 444
902 445
84 446
93 448
578 448
325 448
720 449
244 451
439 451
361 452
993 454
586 455
886 455
625 456
82 458
414 461
323 461
775 462
841 463
599 464
434 468
957 468
695 470
534 475
718 475
54 476
246 476
797 477
843 478
504 478
105 481
379 482
705 482
401 485
831 486
930 487
211 488
250 489
214 490
935 490
453 491
746 492
929 494
712 496
211 497
877 498
188 499
1 499
944 501
243 504
691 505
668 506
106 506
351 506
581 507
698 509
130 511
858 511
825 512
236 512
567 513
252 514
422 514
988 514
939 514
285 516
641 517
130 517
966 518
316 518
848 519
494 521
786 525
145 526
255 527
765 528
615 529
461 530
245 531
770 533
870 533
981 537
559 538
881 538
182 542
368 542
732 543
710 543
234 543
560 544
548 544
548 544
353 544
417 544
330 545
631 548
581 555
507 557
27 558
148 558
133 562
368 562
581 564
733 565
775 565
403 566
313 566
13 568
565 568
286 568
445 569
244 569
932 570
662 570
747 572
209 574
231 574
845 576
406 577
739 577
790 582
37 585
133 585
672 586
377 590
768 593
817 595
588 600
494 602
359 604
681 607
616 607
983 611
860 611
589 612
818 613
554 616
528 617
147 617
895 618
472 620
835 625
667 625
47 625
35 631
844 631
891 631
442 632
710 634
662 639
654 643
283 646
632 650
737 650
500 653
775 653
365 654
147 654
191 654
19 655
965 658
272 660
561 660
696 661
639 662
450 663
848 663
514 665
984 667
634 668
529 668
650 668
420 670
229 672
406 674
212 675
511 679
645 684
430 686
825 686
309 686
130 688
292 688
854 690
96 690
670 691
509 693
269 694
539 695
498 695
206 697
576 697
832 698
238 708
315 710
785 710
860 716
489 717
428 717
51 717
280 718
98 723
453 724
281 726
457 727
416 728
86 728
17 729
916 730
2 733
642 733
823 738
146 741
103 747
528 747
930 747
398 750
400 750
718 751
850 751
331 755
643 755
26 758
223 761
763 763
342 764
31 765
175 766
738 767
606 769
724 769
555 772
340 773
976 777
870 778
175 779
903 782
687 784
740 785
961 785
403 785
300 787
25 789
927 789
715 790
253 791
897 793
361 794
65 798
244 799
401 800
78 800
504 803
40 804
251 805
882 807
137 811
162 812
424 812
632 813
256 813
333 814
686 814
572 815
724 816
854 818
240 819
904 823
469 824
194 824
990 825
999 826
832 827
585 830
336 833
130 835
167 837
150 838
434 841
440 844
302 845
263 846
688 847
910 849
283 849
567 850
695 851
582 854
63 855
558 856
636 857
687 860
770 863
78 864
145 867
981 869
542 870
506 870
682 870
634 870
830 876
929 876
80 878
326 880
126 881
381 881
965 882
274 883
799 893
96 893
514 894
686 895
338 895
934 895
660 896
295 897
536 897
712 899
76 900
15 901
610 901
543 902
264 903
994 904
349 904
626 909
383 912
143 914
554 914
783 917
186 918
389 918
659 919
563 920
924 921
909 922
849 923
420 928
783 928
816 929
61 932
132 934
863 934
68 935
913 936
278 938
193 940
551 940
455 946
476 947
116 949
523 950
115 950
333 951
718 953
24 955
631 956
159 959
121 963
32 964
853 964
552 965
173 965
74 967
658 968
757 968
704 971
590 976
782 977
970 978
159 979
329 979
497 981
621 981
602 984
136 985
377 985
368 988
896 991
450 991
37 995
184 996
118 996
905 998
111 999
911 1000
