1000
786 2147483637
676 2147483637
445 2147483637
810 2147483637
199 2147483637
905 2147483637
140 2147483637
532 2147483637
562 2147483637
676 2147483637
39 2147483637
917 2147483637
413 2147483637
939 2147483637
544 2147483637
495 2147483637
168 2147483637
221 2147483637
420 2147483637
540 2147483637
33 2147483637
436 2147483637
990 2147483637
111 2147483637
316 2147483637
293 2147483637
995 2147483637
404 2147483637
122 2147483637
33 2147483637
89 2147483637
775 2147483637
640 2147483637
191 2147483637
780 2147483637
169 2147483637
75 2147483637
219 2147483637
805 2147483637
334 2147483637
527 2147483637
475 2147483637
61 2147483637
611 2147483637
928 2147483637
414 2147483637
945 2147483637
2 2147483637
60 2147483637
916 2147483637
989 2147483637
270 2147483637
187 2147483637
34 2147483637
239 2147483637
977 2147483637
473 2147483637
553 2147483637
190 2147483637
89 2147483637
159 2147483637
928 2147483637
219 2147483637
186 2147483637
562 2147483637
246 2147483637
391 2147483637
206 2147483637
52 2147483637
709 2147483637
570 2147483637
478 2147483637
717 2147483637
292 2147483637
355 2147483637
417 2147483637
139 2147483637
309 2147483637
377 2147483637
311 2147483637
587 2147483637
712 2147483637
663 2147483638
631 2147483638
954 2147483638
323 2147483638
850 2147483638
929 2147483638
513 2147483638
707 2147483638
112 2147483638
125 2147483638
30 2147483638
44 2147483638
393 2147483638
132 2147483638
253 2147483638
443 2147483638
977 2147483638
81 2147483638
21 2147483638
41 2147483638
289 2147483638
6 2147483638
164 2147483638
910 2147483638
545 2147483638
912 2147483638
445 2147483638
671 2147483638
663 2147483638
826 2147483638
105 2147483638
49 2147483638
427 2147483638
198 2147483638
116 2147483638
236 2147483638
110 2147483638
959 2147483638
631 2147483638
449 2147483638
366 2147483638
792 2147483638
612 2147483638
997 2147483638
627 2147483638
577 2147483638
307 2147483638
753 2147483638
89 2147483638
10 2147483638
603 2147483638
174 2147483638
871 2147483638
322 2147483638
679 2147483638
985 2147483638
753 2147483638
981 2147483638
607 2147483638
617 2147483638
118 2147483638
443 2147483638
863 2147483638
683 2147483638
241 2147483638
562 2147483638
948 2147483638
643 2147483638
901 2147483638
253 2147483638
761 2147483638
228 2147483638
471 2147483638
931 2147483638
93 2147483638
434 2147483638
800 2147483638
208 2147483638
56 2147483638
980 2147483638
548 2147483638
136 2147483638
151 2147483638
997 2147483638
726 2147483638
787 2147483639
50 2147483639
632 2147483639
17 2147483639
813 2147483639
894 2147483639
136 2147483639
266 2147483639
139 2147483639
899 2147483639
23 2147483639
507 2147483639
675 2147483639
540 2147483639
495 2147483639
904 2147483639
798 2147483639
951 2147483639
222 2147483639
569 2147483639
917 2147483639
921 2147483639
768 2147483639
281 2147483639
205 2147483639
815 2147483639
724 2147483639
844 2147483639
242 2147483639
416 2147483639
600 2147483639
659 2147483639
254 2147483639
131 2147483639
745 2147483639
993 2147483639
774 2147483639
95 2147483639
353 2147483639
38 2147483639
322 2147483639
595 2147483639
734 2147483639
318 2147483639
217 2147483639
326 2147483639
460 2147483639
302 2147483639
928 2147483639
341 2147483639
359 2147483639
253 2147483639
594 2147483639
700 2147483639
866 2147483639
72 2147483639
426 2147483639
709 2147483639
362 2147483639
759 2147483639
106 2147483639
15 2147483639
994 2147483639
368 2147483639
586 2147483639
810 2147483639
87 2147483639
523 2147483639
598 2147483639
289 2147483639
135 2147483639
295 2147483639
707 2147483639
974 2147483639
790 2147483639
980 2147483639
62 2147483639
227 2147483639
190 2147483639
520 2147483639
444 2147483639
816 2147483639
693 2147483639
188 2147483640
866 2147483640
108 2147483640
717 2147483640
817 2147483640
337 2147483640
666 2147483640
947 2147483640
466 2147483640
64 2147483640
145 2147483640
820 2147483640
801 2147483640
614 2147483640
808 2147483640
92 2147483640
712 2147483640
578 2147483640
787 2147483640
739 2147483640
539 2147483640
267 2147483640
188 2147483640
393 2147483640
504 2147483640
921 2147483640
583 2147483640
848 2147483640
443 2147483640
334 2147483640
327 2147483640
518 2147483640
561 2147483640
330 2147483640
966 2147483640
174 2147483640
589 2147483640
136 2147483640
860 2147483640
398 2147483640
127 2147483640
810 2147483640
44 2147483640
47 2147483640
957 2147483640
913 2147483640
719 2147483640
161 2147483640
792 2147483640
698 2147483640
335 2147483640
610 2147483640
1000 2147483640
311 2147483640
877 2147483640
302 2147483640
515 2147483640
826 2147483640
133 2147483640
675 2147483640
267 2147483640
481 2147483640
540 2147483640
681 2147483640
869 2147483640
910 2147483640
461 2147483640
352 2147483640
304 2147483640
179 2147483640
38 2147483640
432 2147483640
209 2147483640
444 2147483640
357 2147483640
24 2147483640
735 2147483640
65 2147483640
299 2147483640
834 2147483640
684 2147483640
89 2147483640
374 2147483640
91 2147483640
562 2147483640
723 2147483640
518 2147483640
716 2147483640
552 2147483640
452 2147483640
110 2147483640
338 2147483640
558 2147483641
926 2147483641
204 2147483641
948 2147483641
409 2147483641
621 2147483641
453 2147483641
171 2147483641
982 2147483641
827 2147483641
904 2147483641
787 2147483641
118 2147483641
241 2147483641
222 2147483641
382 2147483641
318 2147483641
208 2147483641
713 2147483641
341 2147483641
368 2147483641
790 2147483641
848 2147483641
169 2147483641
228 2147483641
53 2147483641
911 2147483641
263 2147483641
653 2147483641
398 2147483641
585 2147483641
694 2147483641
527 2147483641
973 2147483641
864 2147483641
402 2147483641
574 2147483641
517 2147483641
511 2147483641
463 2147483641
327 2147483641
847 2147483641
153 2147483641
348 2147483641
699 2147483641
879 2147483641
815 2147483641
628 2147483641
733 2147483641
85 2147483641
901 2147483641
992 2147483641
461 2147483641
674 2147483641
425 2147483641
163 2147483641
535 2147483641
510 2147483641
186 2147483641
397 2147483641
651 2147483641
320 2147483641
993 2147483641
68 2147483641
681 2147483641
109 2147483641
123 2147483641
48 2147483641
579 2147483641
22 2147483641
919 2147483641
317 2147483641
453 2147483641
262 2147483641
558 2147483641
150 2147483641
822 2147483641
461 2147483641
18 2147483641
113 2147483641
754 2147483641
889 2147483641
649 2147483641
201 2147483641
508 2147483641
906 2147483641
44 2147483642
583 2147483642
31 2147483642
390 2147483642
20 2147483642
106 2147483642
397 2147483642
593 2147483642
335 2147483642
322 2147483642
100 2147483642
227 2147483642
330 2147483642
317 2147483642
628 2147483642
288 2147483642
365 2147483642
181 2147483642
487 2147483642
453 2147483642
609 2147483642
425 2147483642
223 2147483642
997 2147483642
745 2147483642
282 2147483642
727 2147483642
659 2147483642
198 2147483642
331 2147483642
840 2147483642
892 2147483642
634 2147483642
531 2147483642
968 2147483642
226 2147483642
28 2147483642
91 2147483642
647 2147483642
734 2147483642
551 2147483642
586 2147483642
33 2147483642
648 2147483642
922 2147483642
520 2147483642
934 2147483642
800 2147483642
813 2147483642
571 2147483642
740 2147483642
396 2147483642
729 2147483642
314 2147483642
829 2147483642
687 2147483642
878 2147483642
124 2147483642
690 2147483642
130 2147483642
166 2147483642
467 2147483642
445 2147483642
77 2147483642
323 2147483642
831 2147483642
675 2147483642
738 2147483642
5 2147483642
440 2147483642
566 2147483642
740 2147483642
701 2147483642
664 2147483642
373 2147483642
836 2147483642
190 2147483642
486 2147483642
831 2147483642
835 2147483642
479 2147483642
373 2147483642
76 2147483642
286 2147483642
80 2147483642
581 2147483642
930 2147483642
602 2147483642
319 2147483642
273 2147483642
651 2147483642
702 2147483642
556 2147483642
987 2147483642
432 2147483642
683 2147483642
109 2147483643
181 2147483643
933 2147483643
368 2147483643
305 2147483643
733 2147483643
850 2147483643
298 2147483643
99 2147483643
508 2147483643
397 2147483643
776 2147483643
968 2147483643
55 2147483643
636 2147483643
340 2147483643
431 2147483643
720 2147483643
200 2147483643
331 2147483643
974 2147483643
657 2147483643
750 2147483643
733 2147483643
731 2147483643
789 2147483643
683 2147483643
672 2147483643
400 2147483643
489 2147483643
526 2147483643
570 2147483643
553 2147483643
405 2147483643
330 2147483643
315 2147483643
65 2147483643
990 2147483643
706 2147483643
593 2147483643
925 2147483643
434 2147483643
491 2147483643
646 2147483643
975 2147483643
754 2147483643
861 2147483643
183 2147483643
817 2147483643
845 2147483643
618 2147483643
980 2147483643
49 2147483643
690 2147483643
101 2147483643
575 2147483643
218 2147483643
356 2147483643
423 2147483643
491 2147483643
663 2147483643
341 2147483643
198 2147483643
824 2147483643
491 2147483643
167 2147483643
87 2147483643
521 2147483643
260 2147483643
468 2147483643
726 2147483643
265 2147483643
749 2147483643
845 2147483643
612 2147483643
105 2147483643
935 2147483643
890 2147483643
530 2147483643
327 2147483643
234 2147483643
400 2147483643
504 2147483643
267 2147483643
365 2147483643
327 2147483643
984 2147483643
975 2147483643
510 2147483644
314 2147483644
398 2147483644
821 2147483644
609 2147483644
449 2147483644
908 2147483644
211 2147483644
357 2147483644
97 2147483644
473 2147483644
642 2147483644
728 2147483644
387 2147483644
728 2147483644
189 2147483644
151 2147483644
909 2147483644
433 2147483644
349 2147483644
838 2147483644
677 2147483644
363 2147483644
369 2147483644
709 2147483644
393 2147483644
172 2147483644
369 2147483644
889 2147483644
874 2147483644
490 2147483644
735 2147483644
276 2147483644
521 2147483644
432 2147483644
372 2147483644
754 2147483644
239 2147483644
449 2147483644
309 2147483644
86 2147483644
329 2147483644
66 2147483644
716 2147483644
310 2147483644
459 2147483644
566 2147483644
460 2147483644
622 2147483644
487 2147483644
568 2147483644
328 2147483644
483 2147483644
628 2147483644
841 2147483644
63 2147483644
7 2147483644
48 2147483644
704 2147483644
165 2147483644
295 2147483644
636 2147483644
606 2147483644
692 2147483644
366 2147483644
90 2147483644
864 2147483644
303 2147483644
865 2147483644
223 2147483644
97 2147483644
455 2147483644
494 2147483644
615 2147483644
147 2147483644
43 2147483644
147 2147483644
483 2147483644
507 2147483644
738 2147483644
368 2147483644
13 2147483644
1 2147483644
96 2147483644
557 2147483644
350 2147483644
647 2147483644
362 2147483644
166 2147483644
774 2147483644
813 2147483644
801 2147483644
690 2147483644
763 2147483644
69 2147483644
591 2147483644
327 2147483644
838 2147483644
779 2147483644
713 2147483644
656 2147483645
295 2147483645
170 2147483645
698 2147483645
238 2147483645
244 2147483645
576 2147483645
132 2147483645
32 2147483645
810 2147483645
517 2147483645
817 2147483645
378 2147483645
146 2147483645
389 2147483645
909 2147483645
890 2147483645
413 2147483645
405 2147483645
671 2147483645
709 2147483645
604 2147483645
512 2147483645
961 2147483645
448 2147483645
687 2147483645
774 2147483645
989 2147483645
878 2147483645
145 2147483645
270 2147483645
377 2147483645
307 2147483645
361 2147483645
112 2147483645
694 2147483645
467 2147483645
34 2147483645
821 2147483645
895 2147483645
383 2147483645
536 2147483645
685 2147483645
706 2147483645
168 2147483645
846 2147483645
628 2147483645
130 2147483645
150 2147483645
385 2147483645
310 2147483645
27 2147483645
863 2147483645
762 2147483645
912 2147483645
272 2147483645
655 2147483645
880 2147483645
711 2147483645
5 2147483645
774 2147483645
74 2147483645
646 2147483645
759 2147483645
13 2147483645
167 2147483645
624 2147483645
421 2147483645
192 2147483645
57 2147483645
130 2147483645
890 2147483645
364 2147483645
963 2147483645
149 2147483645
254 2147483645
828 2147483645
607 2147483645
165 2147483645
589 2147483645
690 2147483645
684 2147483645
73 2147483645
277 2147483645
19 2147483645
363 2147483645
864 2147483645
955 2147483645
98 2147483645
775 2147483645
693 2147483645
220 2147483645
719 2147483645
814 2147483645
318 2147483645
484 2147483645
729 2147483645
291 2147483645
1 2147483645
654 2147483645
995 2147483645
317 2147483645
827 2147483645
576 2147483645
242 2147483645
884 2147483645
514 2147483645
828 2147483645
858 2147483645
187 2147483645
378 2147483645
468 2147483645
202 2147483646
721 2147483646
951 2147483646
608 2147483646
392 2147483646
330 2147483646
693 2147483646
259 2147483646
78 2147483646
35 2147483646
523 2147483646
592 2147483646
968 2147483646
838 2147483646
526 2147483646
794 2147483646
183 2147483646
821 2147483646
848 2147483646
639 2147483646
134 2147483646
177 2147483646
879 2147483646
680 2147483646
118 2147483646
301 2147483646
115 2147483646
780 2147483646
261 2147483646
859 2147483646
976 2147483646
4 2147483646
841 2147483646
928 2147483646
781 2147483646
641 2147483646
678 2147483646
618 2147483646
353 2147483646
366 2147483646
201 2147483646
728 2147483646
949 2147483646
162 2147483646
996 2147483646
895 2147483646
386 2147483646
436 2147483646
194 2147483646
501 2147483646
84 2147483646
92 2147483646
839 2147483646
998 2147483646
136 2147483646
189 2147483646
60 2147483646
530 2147483646
453 2147483646
407 2147483646
812 2147483646
780 2147483646
310 2147483646
75 2147483646
695 2147483646
15 2147483646
851 2147483646
977 2147483646
847 2147483646
663 2147483646
728 2147483646
622 2147483646
868 2147483646
850 2147483646
820 2147483646
345 2147483647
643 2147483647
379 2147483647
640 2147483647
400 2147483647
500 2147483647
702 2147483647
706 2147483647
998 2147483647
537 2147483647
828 2147483647
634 2147483647
322 2147483647
628 2147483647
420 2147483647
793 2147483647
195 2147483647
80 2147483647
822 2147483647
866 2147483647
924 2147483647
214 2147483647
31 2147483647
462 2147483647
405 2147483647
580 2147483647
481 2147483647
303 2147483647
819 2147483647
602 2147483647
223 2147483647
824 2147483647
23 2147483647
900 2147483647
573 2147483647
294 2147483647
599 2147483647
752 2147483647
7 2147483647
188 2147483647
912 2147483647
494 2147483647
628 2147483647
194 2147483647
876 2147483647
499 2147483647
349 2147483647
994 2147483647
297 2147483647
56 2147483647
230 2147483647
721 2147483647
519 2147483647
184 2147483647
439 2147483647
439 2147483647
310 2147483647
472 2147483647
688 2147483647
240 2147483647
988 2147483647
630 2147483647
900 2147483647
188 2147483647
103 2147483647
951 2147483647
868 2147483647
706 2147483647
998 2147483647
639 2147483647
193 2147483647
348 2147483647
981 2147483647
678 2147483647
933 2147483647
923 2147483647
470 2147483647
225 2147483647
166 2147483647
82 2147483647
360 2147483647
522 2147483647
897 2147483647
268 2147483647
69 2147483647
443 2147483647
264 2147483647
948 2147483647
57 2147483647
991 2147483647
213 2147483647
756 2147483647
309 2147483647
952 2147483647
54 2147483647
122 2147483647
302 2147483647
231 2147483647
663 2147483647
280 2147483647
80 2147483647
