514
577 6
2 8
46 10
694 11
256 14
477 15
624 17
44 17
548 18
378 23
654 24
661 28
985 30
283 32
807 35
220 36
27 37
218 50
874 52
179 52
140 62
210 63
707 63
566 63
162 64
669 64
482 65
103 65
769 66
58 67
810 68
728 69
466 71
346 71
148 75
788 78
979 79
149 80
948 80
489 85
82 86
837 86
669 90
579 92
396 93
749 94
866 94
2 97
640 98
20 104
283 105
568 114
7 114
260 115
131 116
863 117
53 121
456 121
659 122
447 123
705 129
139 130
515 134
190 135
636 136
790 139
942 140
760 140
155 155
576 155
500 161
697 163
202 164
6 167
779 168
352 169
279 174
660 179
15 179
473 182
733 183
146 186
513 187
616 190
662 192
994 192
779 192
178 193
603 195
545 196
352 197
469 198
250 199
874 201
228 201
2 201
47 204
476 206
807 209
445 213
761 214
636 215
288 215
74 217
710 218
505 219
626 219
601 220
919 223
338 223
314 225
176 229
652 233
473 233
916 236
555 236
190 237
39 237
751 242
782 244
19 247
491 247
210 250
303 252
238 252
400 255
492 257
45 258
280 260
205 262
163 265
74 266
53 266
702 266
738 267
887 270
108 271
291 273
5 273
891 274
625 274
533 275
414 279
506 282
949 291
9 291
701 296
871 301
288 302
547 303
336 303
163 303
20 304
184 304
755 304
721 305
789 306
347 307
810 308
131 310
705 313
725 314
137 316
770 319
922 319
264 320
394 322
27 323
945 323
570 324
465 328
166 328
570 330
884 331
497 334
744 336
478 337
329 337
213 339
750 342
685 344
796 349
451 354
983 361
340 361
801 362
746 364
185 365
652 369
8 369
427 371
431 371
61 372
733 375
994 375
530 376
397 377
901 377
867 378
321 382
323 382
764 384
415 385
261 387
242 387
815 388
935 389
640 390
246 391
246 391
478 400
846 400
687 401
717 404
754 404
280 408
865 410
3 413
569 415
496 416
774 418
495 419
646 419
435 420
892 421
56 422
35 425
974 425
495 430
806 433
96 434
695 434
7 439
665 445
78 445
917 447
662 449
914 450
297 452
419 456
268 460
696 462
600 464
367 467
395 467
401 467
586 467
300 468
23 469
18 473
317 475
116 479
919 480
190 481
141 481
851 485
275 487
141 487
138 487
723 491
636 495
705 495
501 497
476 505
504 506
342 509
975 510
293 510
945 520
300 524
260 528
661 528
922 529
247 529
996 531
326 532
408 533
930 533
130 536
583 538
153 540
776 547
769 548
907 549
298 549
368 549
870 554
298 559
304 564
504 565
127 570
325 572
826 573
171 574
102 576
342 577
887 578
385 579
919 591
977 592
525 595
136 598
42 600
865 600
540 601
711 602
780 604
581 606
450 608
948 608
828 610
901 610
446 612
153 616
77 620
138 620
899 621
853 624
91 629
827 630
288 634
473 635
946 636
1 638
358 639
316 640
286 640
1000 642
105 644
322 645
267 650
237 651
17 651
759 652
520 653
703 654
46 658
99 658
599 659
182 662
850 663
648 664
142 664
594 668
683 669
833 670
831 673
663 673
204 673
441 673
479 674
726 675
354 678
212 680
66 684
366 688
127 690
12 691
168 693
70 695
795 699
836 700
504 701
112 703
982 703
206 705
929 706
331 709
212 710
897 712
807 720
559 722
679 727
148 731
366 731
995 734
784 734
122 734
252 735
473 738
1000 740
509 745
508 746
727 747
735 750
909 750
975 750
140 753
860 763
993 765
952 766
196 767
312 767
322 770
806 771
810 773
843 773
75 773
772 778
934 779
346 779
925 781
569 782
316 784
733 787
627 790
525 792
133 793
552 794
214 796
607 796
13 800
262 801
436 802
609 802
886 806
575 808
459 814
926 816
551 817
407 822
382 822
808 827
705 827
763 828
431 830
884 830
445 832
145 835
616 838
406 839
104 841
432 849
705 851
965 851
396 854
239 859
227 861
109 868
419 872
988 873
923 877
503 877
464 878
324 878
155 881
873 885
370 885
513 887
765 887
30 887
812 887
922 889
104 891
224 893
332 894
890 894
530 895
924 899
290 901
632 905
375 906
737 908
809 908
421 910
350 911
265 912
967 912
707 915
767 915
773 916
365 916
756 918
340 918
525 918
22 920
815 923
336 923
729 927
679 928
824 930
531 932
548 936
187 939
206 941
515 942
316 942
993 943
72 944
343 948
416 953
564 957
537 965
602 967
138 968
177 972
525 973
561 974
507 974
775 975
534 975
758 978
737 980
355 980
516 981
959 981
574 985
670 987
208 987
525 988
387 993
848 993
328 997
721 998
