1000
692 2
766 4
472 4
840 7
444 9
644 9
337 10
805 11
289 12
151 13
198 14
671 14
584 15
181 17
4 17
583 19
280 22
956 22
54 23
751 23
296 24
584 24
977 24
873 25
458 27
998 28
782 28
280 28
390 29
131 29
519 30
833 34
257 34
552 34
904 35
401 35
613 38
148 39
1000 39
811 39
527 39
164 40
904 41
995 41
658 42
770 43
314 44
376 44
671 44
401 44
401 49
826 50
418 50
364 51
530 52
144 52
766 53
72 54
43 57
930 57
492 58
968 58
951 59
549 60
5 60
48 61
727 62
407 62
588 63
233 64
835 65
541 66
109 68
116 72
762 73
527 73
486 73
448 77
278 77
182 77
638 83
831 85
800 87
678 89
574 89
941 91
574 91
186 91
461 94
624 94
393 95
22 95
636 96
628 96
736 99
474 99
327 101
767 106
704 106
295 107
138 108
810 108
256 109
255 109
710 110
346 110
324 111
256 112
750 113
961 115
275 115
840 116
780 116
906 117
475 118
353 120
910 122
756 123
159 124
454 125
397 126
614 129
662 130
857 130
90 130
446 132
66 135
841 136
868 136
154 137
908 138
807 139
568 140
705 140
139 141
39 141
114 145
860 147
131 147
975 147
895 147
443 148
956 148
289 148
327 149
714 149
155 150
62 151
153 152
391 159
256 159
646 160
378 160
615 161
822 163
822 164
528 164
840 165
823 165
962 166
911 166
389 167
805 168
682 170
397 171
566 174
240 175
830 178
470 179
863 180
963 181
494 181
345 182
896 182
980 182
345 182
540 185
803 187
899 187
539 188
372 189
161 189
655 190
710 191
779 192
661 194
58 194
326 194
134 195
606 199
817 200
476 202
297 203
181 203
480 203
730 204
42 205
893 205
71 206
171 207
736 207
575 209
496 212
838 213
283 213
700 214
172 216
622 219
187 219
238 221
827 221
985 222
36 224
511 226
252 226
730 226
157 229
289 229
269 230
730 232
384 234
796 235
623 236
117 236
20 240
35 242
252 242
685 243
161 243
116 245
144 245
949 245
815 247
514 248
585 248
242 249
838 249
118 250
677 250
435 252
932 252
53 253
231 253
937 254
889 256
536 256
255 257
879 262
5 262
1000 263
244 263
618 264
2 265
789 268
793 268
705 272
527 272
967 272
871 273
56 273
676 273
437 273
763 277
271 277
684 277
552 280
347 280
225 281
181 283
743 284
934 285
141 285
767 287
806 288
824 292
262 292
770 293
704 293
773 294
12 294
175 295
666 296
961 296
911 299
903 301
782 301
546 303
75 303
162 303
535 304
915 305
577 309
913 309
659 309
976 309
56 309
197 312
632 314
806 315
931 317
745 317
811 317
894 318
424 318
990 318
456 319
965 319
994 320
846 321
675 321
200 322
476 323
513 326
670 326
925 327
989 333
790 333
612 333
667 333
198 333
776 334
965 334
242 334
25 335
729 335
641 339
458 342
905 342
573 343
402 346
224 347
862 347
558 348
80 348
481 348
272 348
66 350
665 352
187 354
737 354
183 355
711 355
361 355
314 356
369 357
689 357
667 357
397 357
556 360
615 362
400 363
522 363
539 363
266 364
235 366
360 367
326 371
774 372
116 372
788 373
988 373
164 373
388 374
805 375
665 375
921 377
441 378
588 378
326 378
963 379
645 380
311 381
629 381
315 382
882 383
60 385
843 385
418 386
433 388
988 388
540 388
628 389
495 389
942 391
300 391
461 392
719 392
200 396
9 396
430 396
161 396
291 400
222 402
482 402
659 402
414 402
912 402
2 403
861 403
745 406
716 406
344 408
156 411
514 411
995 413
626 414
317 415
385 416
501 417
546 418
473 419
764 420
724 420
330 420
323 420
280 421
980 422
349 422
969 424
265 428
978 432
545 432
445 435
741 435
404 436
822 436
10 438
53 440
660 440
290 440
777 441
665 442
119 442
605 442
742 444
275 447
629 448
616 448
113 449
36 451
316 452
361 454
9 456
331 458
384 458
955 460
145 460
552 460
545 461
903 461
328 463
378 463
893 465
942 465
870 466
837 466
421 466
442 467
371 469
615 469
398 470
729 471
169 471
567 471
891 472
209 472
436 473
374 473
725 474
118 476
821 477
162 477
445 477
255 478
244 478
559 479
895 479
146 479
584 482
820 483
13 483
142 484
656 484
355 484
460 484
121 485
521 485
942 485
79 485
997 486
7 487
548 490
805 490
491 492
640 494
64 494
440 495
348 497
653 497
747 500
447 500
540 501
609 501
565 502
679 504
141 504
332 504
29 506
807 507
379 508
117 509
413 509
941 512
275 512
701 513
220 516
743 516
700 517
642 519
953 521
637 522
2 522
693 524
12 525
824 525
737 525
703 527
973 528
187 529
406 530
224 530
813 531
766 531
597 532
178 532
554 534
634 536
748 538
681 538
862 539
93 540
926 542
139 543
828 543
208 545
327 546
662 546
504 548
199 551
134 551
31 551
631 552
110 553
996 554
916 555
703 556
358 557
287 558
232 560
721 560
697 561
821 561
437 562
898 562
923 563
698 563
982 566
621 567
38 567
77 568
261 570
112 570
500 571
758 571
634 573
560 573
769 574
895 575
460 575
817 575
191 576
93 579
398 580
63 580
688 581
30 582
634 583
585 584
315 585
296 585
332 586
122 586
666 586
648 587
89 588
843 589
131 589
450 591
982 592
284 593
711 594
195 594
477 594
808 595
789 596
816 596
568 598
299 599
365 599
244 600
712 600
55 600
239 601
297 601
214 602
385 603
701 604
69 605
554 607
502 608
1000 608
132 609
393 609
243 610
111 612
894 612
203 614
43 617
287 617
467 619
729 619
660 620
39 621
521 621
693 623
235 626
806 626
730 626
859 628
357 629
745 630
594 630
821 630
728 631
866 631
946 631
919 631
941 632
590 632
995 633
579 633
128 634
259 636
81 636
35 637
709 637
223 637
187 639
797 639
645 640
148 643
942 646
300 646
780 647
272 649
555 654
746 654
843 655
792 656
211 657
231 658
27 658
486 658
157 659
688 659
269 661
815 662
806 662
945 664
505 665
402 668
276 669
377 670
738 670
65 670
904 671
180 671
876 671
199 672
679 672
338 673
594 674
52 675
42 675
362 676
1000 676
364 676
274 678
357 678
849 678
386 680
555 683
216 683
651 683
964 684
401 685
924 686
611 688
697 688
150 688
279 689
381 689
864 691
820 691
616 692
53 692
654 693
6 693
833 693
580 696
930 696
674 698
770 698
763 702
377 704
456 708
972 709
973 709
166 711
485 712
627 712
581 712
95 713
630 713
674 714
707 720
531 721
662 722
77 722
210 724
715 724
134 724
650 726
285 726
754 726
439 727
337 727
65 728
674 731
71 732
530 734
433 735
46 738
685 740
494 740
188 741
561 742
789 742
304 743
346 743
692 743
85 745
781 746
487 747
679 748
639 750
656 750
208 751
853 753
864 755
97 756
605 757
754 757
835 759
858 759
119 760
338 760
980 760
569 761
21 762
824 762
314 763
893 763
866 764
629 765
59 765
179 765
265 765
641 767
160 768
135 768
671 769
888 769
472 769
553 771
225 772
96 772
887 773
881 773
927 780
278 780
981 781
98 783
792 783
584 786
316 787
278 791
470 792
649 793
373 793
943 795
899 795
711 796
595 797
351 797
341 798
882 799
538 799
378 800
576 801
229 801
191 801
22 803
346 803
191 804
728 807
805 808
335 808
357 809
529 810
586 812
623 814
592 814
47 815
758 817
219 818
356 818
310 822
317 823
684 823
835 823
421 824
681 826
582 827
747 829
345 829
742 829
856 830
664 830
418 831
424 832
497 833
260 834
704 834
478 834
961 834
762 835
502 838
409 838
460 839
317 840
335 840
577 842
213 843
256 845
151 846
964 846
821 846
370 846
37 846
73 847
672 849
831 851
566 851
484 852
966 853
851 853
759 853
22 856
640 856
948 856
89 857
816 857
631 860
719 860
606 863
484 864
354 865
412 865
479 867
911 872
299 873
997 873
181 875
790 875
384 877
286 877
188 878
584 878
663 878
229 878
527 879
327 880
274 882
408 886
431 888
983 894
237 894
806 895
548 896
484 897
808 897
919 899
819 899
113 899
991 900
200 901
256 902
52 903
234 904
850 905
778 905
585 905
701 905
624 908
702 908
243 912
397 913
554 916
554 917
511 917
834 917
1000 918
872 919
174 920
250 921
565 922
991 923
672 924
995 924
198 925
126 925
314 925
734 925
628 925
803 926
738 929
221 930
643 934
51 934
589 935
590 936
548 938
340 940
7 940
249 941
90 943
541 944
634 945
390 946
421 947
250 952
802 954
551 955
182 956
536 961
992 961
805 962
382 962
122 963
499 964
612 965
860 967
287 967
166 968
198 969
529 970
895 973
913 974
621 974
270 975
746 975
174 977
377 978
295 979
566 981
326 982
188 983
461 983
338 985
171 985
707 987
853 987
604 989
200 992
765 992
611 997
269 999
943 999
752 999
