467
112 1
376 3
690 4
274 7
247 9
960 19
221 20
538 23
673 27
957 28
943 29
84 30
878 30
888 30
358 32
145 33
692 35
291 37
97 37
689 41
862 42
340 42
597 48
143 50
996 50
650 61
401 61
416 65
393 71
812 79
537 79
78 86
692 88
603 88
42 88
954 91
237 96
901 97
451 98
403 100
295 104
884 108
94 111
398 114
446 115
886 116
589 117
867 119
519 120
311 121
29 128
612 128
287 131
257 131
50 132
756 135
19 135
137 138
903 138
316 138
104 141
82 146
656 150
726 150
301 154
692 154
562 157
918 158
542 162
594 164
961 174
158 175
458 177
826 178
364 181
875 181
270 181
298 181
188 183
182 187
856 187
534 188
927 191
961 191
983 195
239 195
720 196
155 198
879 202
360 202
294 209
607 211
542 212
716 213
170 219
975 221
810 222
166 227
871 227
994 229
85 230
174 230
20 238
835 238
532 240
172 240
900 241
51 242
250 244
603 250
929 251
857 254
165 256
568 257
787 258
609 268
837 270
25 271
526 273
186 277
56 281
257 282
669 283
889 285
470 288
652 290
434 291
501 291
749 295
769 296
586 297
448 297
426 298
961 298
367 302
475 303
887 305
302 307
53 307
552 312
968 312
493 317
360 318
587 322
200 322
721 325
810 328
431 330
93 330
541 332
436 337
301 338
3 338
704 339
14 347
768 370
637 371
654 373
709 376
827 379
122 379
418 380
775 384
924 390
94 395
680 395
773 396
792 400
330 403
731 406
536 407
628 408
966 411
101 414
233 416
128 417
531 419
550 419
447 420
40 425
443 426
839 426
146 429
949 431
564 436
851 437
686 437
260 438
692 442
334 442
290 443
533 444
949 444
70 445
975 445
471 447
768 448
528 450
502 457
855 458
488 460
778 461
472 464
556 464
490 466
152 466
2 468
858 469
411 480
327 481
977 483
180 486
124 487
537 489
849 490
552 490
646 490
470 491
32 495
792 497
351 502
360 505
858 509
943 511
297 514
306 514
149 517
334 517
427 518
737 519
1000 519
174 520
58 522
735 523
276 526
540 528
136 531
114 532
22 534
973 535
363 535
611 536
966 537
904 541
78 541
153 542
125 544
122 555
615 559
1 559
108 561
314 561
527 562
751 566
49 567
447 573
927 574
735 574
906 580
868 581
409 581
468 584
449 588
775 589
828 592
890 593
306 595
953 595
380 599
121 600
272 601
36 604
781 607
669 607
537 609
206 609
11 611
212 614
812 617
47 619
995 619
826 620
229 620
774 624
897 625
452 625
174 627
704 634
707 636
461 640
676 640
575 643
261 645
172 646
77 647
383 654
160 655
153 657
297 660
453 663
217 664
114 665
960 666
839 674
898 676
915 678
149 685
692 690
284 690
678 694
903 695
182 698
532 699
448 700
950 700
129 702
48 703
897 710
761 712
548 712
795 718
976 718
100 720
515 720
28 723
867 725
936 726
735 729
90 731
460 734
967 740
551 741
334 743
718 744
859 748
862 748
138 749
620 753
82 756
787 759
288 761
847 762
49 766
327 770
82 772
438 772
996 773
832 773
182 775
426 777
125 778
163 779
220 779
356 782
413 787
19 788
887 788
508 790
437 791
294 792
999 796
194 797
517 800
584 801
308 802
277 813
996 813
75 814
189 820
655 821
749 823
240 824
468 826
630 830
41 835
51 835
774 839
103 841
750 842
428 844
572 847
364 848
287 849
378 852
154 853
909 854
930 854
885 855
646 856
852 861
68 862
733 864
226 868
34 872
448 877
511 877
380 878
155 879
773 882
731 887
152 889
11 889
398 889
553 890
294 896
269 902
681 902
15 904
463 909
468 909
653 912
930 913
128 914
680 915
775 917
908 918
569 919
530 919
871 920
850 923
122 924
193 925
847 930
227 931
505 931
219 933
710 935
331 942
227 944
900 948
702 950
114 951
647 952
268 953
746 957
29 957
929 963
452 963
578 963
930 965
273 965
633 966
142 967
257 967
725 967
562 968
465 968
143 970
281 971
512 973
464 977
344 979
619 981
353 981
500 983
334 984
713 985
814 986
292 987
503 988
217 988
415 990
73 994
524 994
577 998
183 999
636 1000
