1000
589 2147483637
881 2147483637
379 2147483637
350 2147483637
330 2147483637
844 2147483637
100 2147483637
352 2147483637
589 2147483637
567 2147483637
377 2147483637
945 2147483637
250 2147483637
818 2147483637
275 2147483637
55 2147483637
358 2147483637
485 2147483637
1000 2147483637
506 2147483637
931 2147483637
116 2147483637
384 2147483637
349 2147483637
519 2147483637
610 2147483637
615 2147483637
25 2147483637
746 2147483637
430 2147483637
688 2147483637
147 2147483637
934 2147483637
950 2147483637
750 2147483637
620 2147483637
977 2147483637
745 2147483637
250 2147483637
840 2147483637
733 2147483637
786 2147483637
208 2147483637
772 2147483637
371 2147483637
876 2147483637
316 2147483637
811 2147483637
456 2147483637
76 2147483637
358 2147483637
327 2147483637
688 2147483637
543 2147483637
556 2147483637
829 2147483637
810 2147483637
221 2147483637
78 2147483637
987 2147483637
350 2147483637
101 2147483637
146 2147483637
312 2147483637
623 2147483637
531 2147483637
102 2147483637
656 2147483637
729 2147483637
339 2147483637
662 2147483637
192 2147483637
983 2147483637
939 2147483637
850 2147483637
393 2147483637
23 2147483637
952 2147483637
237 2147483637
112 2147483637
403 2147483637
295 2147483637
384 2147483637
358 2147483637
436 2147483637
406 2147483637
508 2147483637
145 2147483637
248 2147483638
201 2147483638
290 2147483638
630 2147483638
704 2147483638
895 2147483638
969 2147483638
960 2147483638
422 2147483638
720 2147483638
331 2147483638
289 2147483638
510 2147483638
724 2147483638
848 2147483638
648 2147483638
522 2147483638
317 2147483638
50 2147483638
176 2147483638
512 2147483638
418 2147483638
551 2147483638
503 2147483638
932 2147483638
278 2147483638
1 2147483638
685 2147483638
811 2147483638
667 2147483638
847 2147483638
194 2147483638
49 2147483638
615 2147483638
982 2147483638
330 2147483638
875 2147483638
787 2147483638
985 2147483638
117 2147483638
286 2147483638
909 2147483638
558 2147483638
485 2147483638
203 2147483638
32 2147483638
314 2147483638
66 2147483638
564 2147483638
543 2147483638
472 2147483638
594 2147483638
549 2147483638
50 2147483638
474 2147483638
120 2147483638
935 2147483638
450 2147483638
159 2147483638
262 2147483638
921 2147483638
552 2147483638
375 2147483638
675 2147483638
568 2147483638
408 2147483638
792 2147483638
373 2147483638
856 2147483638
265 2147483638
544 2147483638
167 2147483638
294 2147483638
325 2147483638
902 2147483638
505 2147483638
521 2147483638
626 2147483638
701 2147483638
58 2147483638
456 2147483638
309 2147483638
896 2147483638
547 2147483638
965 2147483638
432 2147483638
110 2147483638
765 2147483638
754 2147483638
328 2147483638
17 2147483638
233 2147483638
173 2147483639
53 2147483639
300 2147483639
824 2147483639
246 2147483639
865 2147483639
314 2147483639
741 2147483639
523 2147483639
749 2147483639
850 2147483639
772 2147483639
196 2147483639
812 2147483639
773 2147483639
303 2147483639
434 2147483639
503 2147483639
765 2147483639
966 2147483639
801 2147483639
884 2147483639
148 2147483639
706 2147483639
505 2147483639
537 2147483639
989 2147483639
533 2147483639
25 2147483639
999 2147483639
66 2147483639
41 2147483639
667 2147483639
877 2147483639
386 2147483639
115 2147483639
40 2147483639
522 2147483639
271 2147483639
766 2147483639
47 2147483639
78 2147483639
860 2147483639
648 2147483639
311 2147483639
276 2147483639
754 2147483639
586 2147483639
569 2147483639
433 2147483639
785 2147483639
40 2147483639
507 2147483639
805 2147483639
880 2147483639
854 2147483639
281 2147483639
565 2147483639
477 2147483639
825 2147483639
765 2147483639
218 2147483639
716 2147483639
564 2147483639
39 2147483639
355 2147483639
634 2147483639
298 2147483639
566 2147483639
674 2147483639
422 2147483639
689 2147483639
761 2147483639
403 2147483639
880 2147483639
363 2147483639
680 2147483639
250 2147483639
758 2147483639
900 2147483639
801 2147483639
125 2147483639
936 2147483639
690 2147483639
276 2147483639
318 2147483639
349 2147483639
706 2147483639
456 2147483639
542 2147483640
330 2147483640
277 2147483640
236 2147483640
770 2147483640
621 2147483640
463 2147483640
601 2147483640
1000 2147483640
67 2147483640
302 2147483640
326 2147483640
81 2147483640
597 2147483640
556 2147483640
92 2147483640
191 2147483640
852 2147483640
734 2147483640
592 2147483640
949 2147483640
199 2147483640
215 2147483640
528 2147483640
625 2147483640
322 2147483640
192 2147483640
276 2147483640
419 2147483640
629 2147483640
10 2147483640
37 2147483640
894 2147483640
291 2147483640
983 2147483640
398 2147483640
971 2147483640
256 2147483640
821 2147483640
260 2147483640
720 2147483640
156 2147483640
206 2147483640
713 2147483640
234 2147483640
782 2147483640
171 2147483640
199 2147483640
279 2147483640
441 2147483640
756 2147483640
383 2147483640
401 2147483640
750 2147483640
12 2147483640
726 2147483640
961 2147483640
930 2147483640
40 2147483640
662 2147483640
242 2147483640
952 2147483640
653 2147483640
227 2147483640
549 2147483640
163 2147483640
419 2147483640
731 2147483640
384 2147483640
755 2147483640
410 2147483640
100 2147483640
696 2147483640
358 2147483640
414 2147483640
638 2147483640
216 2147483640
82 2147483640
385 2147483640
381 2147483640
677 2147483640
206 2147483640
475 2147483640
916 2147483640
84 2147483640
129 2147483640
420 2147483640
158 2147483640
372 2147483640
457 2147483640
181 2147483640
222 2147483640
460 2147483640
54 2147483640
709 2147483640
241 2147483641
420 2147483641
893 2147483641
994 2147483641
243 2147483641
211 2147483641
450 2147483641
288 2147483641
329 2147483641
624 2147483641
257 2147483641
26 2147483641
231 2147483641
164 2147483641
408 2147483641
312 2147483641
719 2147483641
610 2147483641
73 2147483641
736 2147483641
775 2147483641
449 2147483641
273 2147483641
165 2147483641
439 2147483641
121 2147483641
84 2147483641
923 2147483641
267 2147483641
832 2147483641
972 2147483641
438 2147483641
804 2147483641
113 2147483641
930 2147483641
82 2147483641
805 2147483641
513 2147483641
586 2147483641
350 2147483641
471 2147483641
35 2147483641
669 2147483641
406 2147483641
808 2147483641
760 2147483641
914 2147483641
43 2147483641
910 2147483641
240 2147483641
661 2147483641
31 2147483641
956 2147483641
120 2147483641
975 2147483641
357 2147483641
945 2147483641
632 2147483641
672 2147483641
772 2147483641
698 2147483641
759 2147483641
794 2147483641
846 2147483641
406 2147483641
165 2147483641
940 2147483641
325 2147483641
624 2147483641
141 2147483641
847 2147483641
721 2147483641
919 2147483641
760 2147483641
507 2147483641
800 2147483641
585 2147483641
736 2147483641
599 2147483641
883 2147483641
769 2147483641
791 2147483641
527 2147483641
686 2147483641
21 2147483641
374 2147483641
917 2147483641
909 2147483641
239 2147483641
652 2147483642
800 2147483642
613 2147483642
189 2147483642
77 2147483642
217 2147483642
295 2147483642
804 2147483642
275 2147483642
592 2147483642
838 2147483642
699 2147483642
115 2147483642
750 2147483642
425 2147483642
442 2147483642
867 2147483642
470 2147483642
854 2147483642
583 2147483642
342 2147483642
737 2147483642
65 2147483642
564 2147483642
14 2147483642
600 2147483642
910 2147483642
376 2147483642
458 2147483642
181 2147483642
407 2147483642
826 2147483642
82 2147483642
546 2147483642
393 2147483642
680 2147483642
976 2147483642
812 2147483642
100 2147483642
979 2147483642
781 2147483642
982 2147483642
94 2147483642
317 2147483642
855 2147483642
631 2147483642
347 2147483642
514 2147483642
177 2147483642
100 2147483642
864 2147483642
822 2147483642
974 2147483642
516 2147483642
323 2147483642
361 2147483642
930 2147483642
364 2147483642
884 2147483642
465 2147483642
353 2147483642
605 2147483642
195 2147483642
305 2147483642
383 2147483642
333 2147483642
432 2147483642
32 2147483642
151 2147483642
549 2147483642
480 2147483642
659 2147483642
939 2147483642
828 2147483642
357 2147483642
646 2147483642
206 2147483642
650 2147483642
500 2147483642
992 2147483642
686 2147483642
488 2147483642
787 2147483643
200 2147483643
646 2147483643
685 2147483643
720 2147483643
735 2147483643
970 2147483643
274 2147483643
325 2147483643
799 2147483643
86 2147483643
237 2147483643
301 2147483643
407 2147483643
603 2147483643
645 2147483643
376 2147483643
436 2147483643
380 2147483643
85 2147483643
963 2147483643
155 2147483643
149 2147483643
722 2147483643
367 2147483643
803 2147483643
627 2147483643
301 2147483643
85 2147483643
225 2147483643
20 2147483643
5 2147483643
877 2147483643
309 2147483643
924 2147483643
736 2147483643
734 2147483643
281 2147483643
296 2147483643
373 2147483643
26 2147483643
43 2147483643
203 2147483643
931 2147483643
738 2147483643
795 2147483643
786 2147483643
539 2147483643
372 2147483643
914 2147483643
752 2147483643
79 2147483643
324 2147483643
434 2147483643
85 2147483643
684 2147483643
441 2147483643
952 2147483643
800 2147483643
135 2147483643
755 2147483643
947 2147483643
140 2147483643
939 2147483643
958 2147483643
147 2147483643
114 2147483643
98 2147483643
409 2147483643
1 2147483643
246 2147483643
774 2147483643
97 2147483643
830 2147483643
459 2147483643
976 2147483643
780 2147483643
304 2147483643
973 2147483643
804 2147483643
152 2147483643
385 2147483643
3 2147483643
251 2147483643
548 2147483643
963 2147483643
470 2147483643
110 2147483643
778 2147483643
68 2147483643
144 2147483643
686 2147483643
890 2147483643
908 2147483643
583 2147483643
77 2147483643
502 2147483643
958 2147483644
206 2147483644
366 2147483644
382 2147483644
122 2147483644
35 2147483644
976 2147483644
994 2147483644
985 2147483644
230 2147483644
131 2147483644
330 2147483644
433 2147483644
71 2147483644
409 2147483644
383 2147483644
730 2147483644
580 2147483644
947 2147483644
617 2147483644
883 2147483644
748 2147483644
481 2147483644
717 2147483644
558 2147483644
227 2147483644
818 2147483644
125 2147483644
462 2147483644
114 2147483644
575 2147483644
218 2147483644
260 2147483644
312 2147483644
236 2147483644
795 2147483644
818 2147483644
898 2147483644
955 2147483644
238 2147483644
728 2147483644
433 2147483644
211 2147483644
960 2147483644
433 2147483644
844 2147483644
22 2147483644
841 2147483644
609 2147483644
84 2147483644
585 2147483644
285 2147483644
219 2147483644
929 2147483644
639 2147483644
731 2147483644
964 2147483644
21 2147483644
420 2147483644
213 2147483644
385 2147483644
279 2147483644
762 2147483644
249 2147483644
270 2147483644
275 2147483644
957 2147483644
581 2147483644
584 2147483644
791 2147483644
794 2147483644
881 2147483644
409 2147483644
721 2147483644
982 2147483644
728 2147483644
951 2147483644
405 2147483644
205 2147483644
317 2147483644
677 2147483644
45 2147483644
337 2147483644
633 2147483644
898 2147483644
123 2147483644
599 2147483644
713 2147483644
928 2147483644
321 2147483644
744 2147483644
622 2147483644
421 2147483644
474 2147483644
687 2147483644
60 2147483645
302 2147483645
264 2147483645
582 2147483645
187 2147483645
600 2147483645
655 2147483645
566 2147483645
189 2147483645
18 2147483645
781 2147483645
325 2147483645
791 2147483645
483 2147483645
753 2147483645
680 2147483645
582 2147483645
195 2147483645
300 2147483645
445 2147483645
919 2147483645
935 2147483645
621 2147483645
649 2147483645
82 2147483645
153 2147483645
482 2147483645
409 2147483645
405 2147483645
81 2147483645
621 2147483645
389 2147483645
233 2147483645
92 2147483645
982 2147483645
458 2147483645
821 2147483645
345 2147483645
391 2147483645
308 2147483645
549 2147483645
285 2147483645
544 2147483645
987 2147483645
856 2147483645
908 2147483645
725 2147483645
933 2147483645
288 2147483645
747 2147483645
661 2147483645
937 2147483645
635 2147483645
613 2147483645
420 2147483645
734 2147483645
812 2147483645
36 2147483645
931 2147483645
917 2147483645
362 2147483645
856 2147483645
952 2147483645
39 2147483645
500 2147483645
738 2147483645
972 2147483645
987 2147483645
107 2147483645
727 2147483645
293 2147483645
914 2147483645
516 2147483645
859 2147483645
994 2147483645
634 2147483645
813 2147483645
890 2147483645
753 2147483645
861 2147483645
601 2147483645
334 2147483645
59 2147483645
104 2147483645
138 2147483645
1000 2147483645
419 2147483645
220 2147483645
755 2147483645
128 2147483645
938 2147483646
375 2147483646
180 2147483646
551 2147483646
350 2147483646
480 2147483646
343 2147483646
390 2147483646
773 2147483646
249 2147483646
774 2147483646
665 2147483646
961 2147483646
561 2147483646
939 2147483646
774 2147483646
157 2147483646
55 2147483646
485 2147483646
85 2147483646
884 2147483646
864 2147483646
431 2147483646
799 2147483646
933 2147483646
518 2147483646
970 2147483646
765 2147483646
755 2147483646
527 2147483646
846 2147483646
971 2147483646
707 2147483646
444 2147483646
871 2147483646
242 2147483646
87 2147483646
33 2147483646
718 2147483646
555 2147483646
117 2147483646
234 2147483646
793 2147483646
699 2147483646
833 2147483646
714 2147483646
375 2147483646
689 2147483646
92 2147483646
971 2147483646
927 2147483646
263 2147483646
58 2147483646
395 2147483646
329 2147483646
336 2147483646
750 2147483646
231 2147483646
857 2147483646
837 2147483646
360 2147483646
363 2147483646
728 2147483646
949 2147483646
981 2147483646
904 2147483646
378 2147483646
864 2147483646
496 2147483646
865 2147483646
496 2147483646
309 2147483646
456 2147483646
973 2147483646
893 2147483646
840 2147483646
914 2147483646
710 2147483646
260 2147483646
769 2147483646
230 2147483646
34 2147483646
574 2147483646
978 2147483646
721 2147483646
971 2147483646
391 2147483647
390 2147483647
631 2147483647
604 2147483647
712 2147483647
137 2147483647
733 2147483647
68 2147483647
56 2147483647
417 2147483647
699 2147483647
992 2147483647
238 2147483647
231 2147483647
88 2147483647
700 2147483647
966 2147483647
469 2147483647
790 2147483647
494 2147483647
773 2147483647
123 2147483647
909 2147483647
398 2147483647
289 2147483647
742 2147483647
918 2147483647
705 2147483647
491 2147483647
579 2147483647
962 2147483647
455 2147483647
979 2147483647
779 2147483647
380 2147483647
579 2147483647
382 2147483647
37 2147483647
335 2147483647
496 2147483647
927 2147483647
158 2147483647
137 2147483647
484 2147483647
576 2147483647
695 2147483647
518 2147483647
270 2147483647
425 2147483647
835 2147483647
754 2147483647
556 2147483647
394 2147483647
256 2147483647
289 2147483647
204 2147483647
822 2147483647
257 2147483647
842 2147483647
648 2147483647
792 2147483647
915 2147483647
237 2147483647
981 2147483647
975 2147483647
164 2147483647
919 2147483647
173 2147483647
695 2147483647
356 2147483647
455 2147483647
652 2147483647
746 2147483647
640 2147483647
856 2147483647
778 2147483647
694 2147483647
78 2147483647
299 2147483647
589 2147483647
582 2147483647
513 2147483647
590 2147483647
492 2147483647
690 2147483647
40 2147483647
922 2147483647
663 2147483647
929 2147483647
92 2147483647
588 2147483647
333 2147483647
29 2147483647
249 2147483647
375 2147483647
862 2147483647
382 2147483647
