896
672 0
591 0
78 2
80 2
715 3
349 4
407 6
534 6
99 6
760 7
652 7
186 7
22 10
572 11
469 14
750 14
355 16
704 17
642 17
342 19
217 20
410 20
598 20
728 21
641 22
420 22
251 22
48 22
677 23
327 23
274 24
650 24
651 25
159 25
505 26
737 26
165 26
60 27
662 27
530 28
161 29
328 30
401 31
472 32
493 32
387 32
729 33
95 33
434 33
457 33
227 33
222 34
404 36
238 37
4 37
31 38
173 38
126 40
620 40
129 40
727 40
322 41
738 42
628 42
331 43
106 43
288 44
113 45
543 45
726 47
302 48
58 48
589 49
378 50
281 51
413 52
443 52
210 53
59 55
691 55
26 56
135 56
718 56
701 56
540 57
124 57
248 58
26 58
254 58
652 60
287 60
215 63
354 64
220 65
281 67
99 67
555 70
178 73
581 73
503 75
746 75
10 76
586 76
546 76
696 77
104 78
39 78
217 80
122 80
55 80
508 81
505 82
653 82
671 83
226 84
540 84
672 85
685 85
268 85
220 86
632 86
221 86
549 86
451 86
641 86
504 87
581 88
207 88
24 89
363 90
756 92
122 92
329 93
411 94
510 95
610 95
634 97
758 99
211 100
746 100
262 100
28 100
694 101
720 101
308 101
607 102
261 103
591 104
344 104
665 104
654 105
271 105
588 105
423 107
83 109
433 111
418 111
193 112
81 113
180 113
619 113
38 113
393 115
408 115
381 115
180 116
287 116
56 116
639 116
189 118
638 118
599 119
283 119
530 121
381 122
226 124
8 125
648 126
221 126
12 126
495 128
473 128
428 128
437 129
107 129
552 129
714 130
459 130
584 131
19 133
94 133
673 133
176 135
141 137
290 139
668 140
28 140
119 141
661 142
557 142
184 143
409 143
31 144
380 144
659 146
96 149
667 150
453 153
208 155
712 156
366 156
196 157
256 159
425 159
49 160
448 162
144 162
754 163
539 165
167 166
117 169
701 170
31 170
273 170
420 171
433 171
28 171
324 171
230 171
389 172
655 172
611 172
188 172
126 172
400 172
195 172
609 173
268 174
265 174
465 175
458 176
190 176
492 177
525 177
417 177
661 178
272 178
640 178
579 179
503 180
350 181
511 181
176 181
488 181
389 181
483 182
703 182
435 183
52 183
691 183
538 185
535 185
584 186
357 186
723 187
429 188
80 189
29 190
298 191
429 194
444 195
446 196
303 196
699 198
17 200
125 200
98 202
571 204
259 204
233 204
571 204
187 205
407 205
430 207
679 207
284 207
358 207
17 208
551 208
317 209
381 209
750 210
351 211
176 211
80 214
322 214
210 215
611 215
111 215
308 216
597 216
628 217
337 217
174 217
231 218
655 219
420 219
375 219
413 220
168 220
257 221
73 221
711 222
301 224
540 224
312 225
182 225
42 230
40 230
735 231
648 231
684 232
696 233
341 234
231 235
704 236
250 237
315 237
160 238
505 238
759 239
197 239
579 240
640 240
358 241
538 243
555 244
569 245
119 245
731 246
222 248
288 248
231 249
471 250
549 251
746 252
127 253
636 254
48 255
482 256
566 257
324 257
262 257
597 258
71 258
372 259
500 260
357 260
720 261
255 262
475 263
283 263
312 263
446 264
104 264
64 265
484 266
275 267
217 267
416 268
500 270
200 270
263 271
583 272
633 272
60 273
311 273
466 273
572 274
180 274
127 275
554 275
39 276
311 277
746 278
382 278
514 278
737 279
729 279
490 281
329 281
146 282
286 282
456 284
364 284
500 284
580 287
508 288
561 288
652 289
367 289
490 289
92 290
752 291
126 291
111 292
535 292
103 293
378 293
594 294
297 295
485 295
20 295
244 296
669 297
394 297
638 297
107 298
644 299
252 301
671 301
759 302
432 303
460 303
360 303
649 304
643 305
105 305
144 306
113 308
378 308
198 309
358 310
566 310
208 311
497 311
13 311
95 311
557 311
706 312
342 312
170 314
414 314
217 314
208 315
353 315
531 315
379 316
118 316
589 316
53 317
414 317
388 318
559 319
252 321
499 322
245 326
267 328
244 329
634 330
323 331
87 332
451 333
119 334
153 335
169 335
286 337
570 337
250 337
590 338
291 338
262 338
281 339
580 340
490 341
111 341
70 341
222 342
151 342
291 342
160 346
50 346
52 347
341 348
338 349
162 349
249 349
287 350
603 351
296 352
462 352
528 352
607 353
217 353
398 353
49 354
33 355
334 356
433 356
417 359
216 359
537 359
70 359
735 360
591 361
421 365
702 365
695 366
608 367
261 367
684 368
328 370
718 371
24 371
729 371
52 372
734 373
458 374
66 374
718 374
734 376
303 377
559 378
1 379
624 379
619 380
513 380
204 380
709 382
169 382
378 383
276 383
398 384
40 386
617 386
286 386
116 386
7 386
277 387
515 389
318 390
35 391
114 391
594 392
722 394
603 394
274 396
95 396
664 397
188 397
637 397
74 399
557 399
275 400
369 400
742 401
599 403
486 404
152 404
192 406
686 406
725 408
374 408
12 408
572 408
487 408
286 409
13 413
203 413
685 414
389 414
714 415
85 415
68 415
736 415
71 415
103 415
284 416
653 417
149 417
414 418
483 418
158 420
512 420
333 421
342 421
266 422
277 422
4 422
134 423
717 424
288 424
560 425
549 425
469 426
737 427
406 427
469 427
540 428
572 428
700 429
686 429
456 429
184 430
45 430
678 431
488 431
527 431
205 433
162 433
703 433
131 434
372 435
362 436
687 436
321 437
355 438
736 439
468 439
229 440
609 441
340 443
755 444
213 444
398 445
692 447
124 447
268 448
371 449
541 451
473 452
87 452
634 453
591 453
560 453
62 454
712 456
142 456
114 457
110 457
329 458
225 459
603 459
301 459
742 461
653 461
442 461
489 462
522 462
194 465
742 466
97 468
703 468
706 468
396 468
77 471
638 471
265 472
520 473
170 473
108 474
157 475
348 475
96 476
584 476
158 478
504 478
263 478
731 478
251 480
80 482
331 482
10 484
70 484
495 485
538 486
429 488
481 488
737 492
155 493
570 494
679 496
191 498
760 499
270 499
559 499
70 500
235 500
536 500
685 501
96 501
519 502
444 503
341 503
555 505
546 506
298 507
640 507
273 511
413 511
503 512
77 512
552 513
178 513
739 513
733 514
438 514
668 515
284 517
461 517
234 517
601 518
694 520
35 521
330 522
606 524
157 525
737 526
314 528
513 528
713 528
603 529
138 530
666 530
404 531
738 531
375 532
171 534
723 535
621 535
185 537
60 537
658 538
263 540
249 540
589 540
530 541
302 541
573 541
309 542
296 543
535 543
282 545
355 545
152 545
523 546
572 548
327 549
569 549
140 549
678 550
441 551
363 551
404 553
504 553
224 554
673 555
577 556
525 557
472 558
630 558
106 559
699 559
554 561
38 562
414 562
493 562
346 562
621 563
712 565
756 565
15 567
78 567
107 568
715 569
261 570
690 570
685 570
457 570
109 571
60 571
435 572
273 572
642 572
397 572
262 572
132 573
142 574
448 574
199 576
411 576
116 577
7 577
66 577
313 578
354 578
661 579
455 579
258 582
221 582
214 583
44 583
321 584
225 585
30 585
255 586
622 586
319 587
631 590
727 590
34 590
251 591
183 591
546 591
706 592
404 593
736 593
391 593
218 594
330 594
228 595
595 595
154 595
344 596
358 596
58 596
623 597
116 598
391 600
20 600
502 600
730 600
730 600
643 601
511 601
235 601
620 602
96 602
705 603
277 604
250 604
208 607
382 609
196 610
295 612
528 612
116 613
278 613
608 613
619 613
695 615
348 616
495 619
484 622
171 622
600 622
396 623
271 624
12 627
139 628
116 628
739 629
647 631
515 632
759 633
74 633
185 633
271 635
533 635
156 638
436 639
299 639
319 641
210 642
107 642
607 642
533 642
741 642
674 642
758 643
375 643
452 644
613 646
123 647
717 647
400 650
6 651
361 651
567 653
86 653
373 653
94 654
377 655
212 655
76 655
700 656
