1000
160 0
308 1
949 2
940 4
854 6
629 7
325 9
114 9
325 10
235 12
895 12
346 13
163 14
392 14
996 17
749 17
508 18
124 18
396 18
590 18
710 19
259 20
484 22
130 23
924 23
509 24
677 24
703 27
584 29
126 32
784 33
273 33
664 34
190 35
106 36
554 36
658 37
369 37
100 37
477 39
413 42
438 42
723 42
373 43
398 43
332 44
986 44
211 47
254 48
410 52
964 52
934 54
502 55
577 55
590 56
771 57
701 61
410 62
547 63
529 63
806 63
955 65
20 65
565 68
992 68
208 69
933 69
446 70
810 71
790 72
618 74
104 76
290 77
263 77
100 79
612 80
960 80
789 81
393 81
562 82
674 85
273 85
663 86
691 87
763 88
596 88
770 90
256 93
57 94
573 94
952 96
293 96
7 97
113 97
359 97
723 98
135 99
398 100
216 100
479 100
824 103
21 104
728 104
296 105
822 106
738 106
439 107
275 108
130 110
690 111
874 113
889 114
245 115
309 116
826 117
218 118
403 118
612 120
729 120
951 121
406 121
505 122
586 128
565 130
729 131
208 132
336 134
752 135
646 136
898 136
338 137
686 138
71 138
783 139
344 141
18 141
248 142
188 143
603 145
436 146
592 146
475 148
995 149
500 152
191 153
955 155
471 155
478 156
180 156
908 157
299 158
901 158
488 159
115 160
897 160
277 162
31 162
508 163
631 164
883 165
348 166
185 166
958 166
476 167
837 167
538 170
927 171
700 171
487 172
408 175
354 177
981 178
682 179
836 179
462 179
391 180
543 180
87 183
611 183
211 184
283 185
353 186
853 186
551 188
861 188
77 189
397 189
757 189
471 190
492 190
303 191
692 191
734 192
718 192
164 194
821 194
238 194
126 195
457 196
966 197
818 197
260 197
183 198
526 199
291 200
987 201
197 202
237 203
1 204
356 205
776 206
232 206
935 206
816 207
632 207
503 207
883 208
318 211
552 213
381 216
560 216
412 217
237 217
117 219
142 220
261 220
66 221
367 222
534 222
545 222
620 223
310 223
867 225
928 225
548 225
719 228
569 231
254 232
118 232
347 234
748 234
617 236
324 236
395 240
343 240
266 243
263 244
476 244
882 245
942 245
178 246
934 247
829 248
804 248
476 249
800 250
356 252
508 253
979 253
537 254
766 255
381 255
678 255
836 255
328 257
593 258
542 258
481 260
268 261
778 261
519 261
768 261
720 262
19 264
917 265
345 268
944 270
336 270
473 272
571 273
426 276
30 277
41 278
434 278
680 280
289 280
915 281
641 281
365 281
59 285
190 285
129 289
888 291
471 292
116 292
676 293
278 294
597 295
4 296
89 298
551 298
546 300
166 300
712 302
151 302
296 303
822 304
619 306
933 307
393 308
242 309
597 309
699 310
219 310
425 312
625 312
158 312
565 314
30 316
426 316
359 317
902 317
779 317
802 318
13 321
614 321
601 322
27 323
506 324
261 325
819 326
988 327
650 329
273 329
991 330
961 333
112 333
183 334
473 334
654 335
40 335
649 338
65 338
300 339
315 340
815 340
831 341
729 342
158 342
691 343
566 345
775 347
649 348
443 348
565 349
954 350
840 351
395 351
14 351
862 353
954 354
476 356
518 359
834 359
25 359
774 362
657 362
352 364
668 364
224 367
88 369
676 369
751 370
513 370
703 371
722 372
265 372
890 373
284 375
589 375
531 376
175 380
725 380
945 382
523 383
735 384
404 384
208 387
153 388
60 388
502 389
336 390
972 390
383 391
115 392
174 398
517 399
280 399
983 399
399 400
693 401
169 403
57 403
253 404
163 404
493 406
507 407
954 408
61 408
518 408
458 410
149 411
489 411
338 413
614 414
249 419
65 419
938 420
629 421
831 421
832 422
373 422
702 422
259 422
33 425
572 425
697 426
628 427
611 428
648 430
569 430
528 432
62 433
683 433
461 433
339 437
420 437
712 437
647 437
390 438
731 440
357 440
255 441
305 441
337 443
829 444
919 444
701 446
809 448
438 448
462 449
211 450
428 451
856 452
733 453
750 453
738 454
87 454
509 454
785 456
780 458
844 459
601 460
969 463
88 464
785 465
152 466
83 466
67 466
411 466
170 468
168 470
825 471
47 472
603 472
877 474
617 474
819 476
34 476
812 477
254 478
848 478
306 480
631 482
704 484
757 485
388 485
809 485
302 486
200 486
737 488
478 489
929 489
717 490
565 491
607 493
19 493
772 495
302 496
877 497
506 497
834 499
821 499
894 501
494 501
922 501
660 505
96 505
936 506
482 507
169 507
486 508
359 508
606 509
257 509
515 510
595 515
946 517
668 518
738 518
180 520
421 522
681 524
83 525
753 525
997 529
14 529
84 529
995 532
191 532
844 535
785 535
414 536
177 539
623 539
146 541
720 542
213 543
243 545
588 545
689 545
877 546
441 547
654 547
225 548
88 548
428 548
194 550
418 551
175 552
857 552
360 552
491 553
82 557
227 558
957 559
950 559
507 559
967 560
634 561
300 562
221 564
677 565
593 565
771 567
967 569
744 571
307 571
997 572
955 572
605 573
483 573
111 575
425 576
704 577
968 577
838 578
630 579
416 580
419 580
706 582
794 584
45 584
909 586
542 586
720 587
731 587
520 587
761 588
689 589
251 589
461 591
519 591
174 591
204 594
311 595
744 596
6 597
94 597
946 597
969 598
905 598
66 600
474 601
693 601
341 602
843 602
124 603
932 605
404 605
273 606
991 606
515 607
105 607
782 608
257 608
523 609
822 611
916 612
152 613
727 614
571 617
566 617
870 617
671 618
141 619
962 620
900 620
153 620
52 621
495 622
153 622
183 625
573 628
608 630
314 630
603 630
315 632
699 632
765 633
401 635
988 636
172 636
827 637
774 637
108 637
10 638
258 639
136 640
27 642
504 643
881 644
210 644
919 646
627 648
629 650
15 650
549 651
595 651
520 652
338 653
195 653
257 654
728 656
535 657
394 658
615 658
289 660
231 660
167 661
450 661
992 662
80 662
693 664
797 664
561 665
54 665
618 667
30 668
197 668
223 669
361 671
451 673
946 674
97 675
896 678
866 678
462 678
793 682
86 682
557 683
93 684
484 685
393 687
783 690
599 690
143 690
583 691
302 693
735 697
184 697
690 697
162 698
487 699
170 699
721 701
670 701
40 702
421 703
239 703
543 703
930 704
179 705
290 706
827 709
32 712
103 713
915 714
598 716
213 717
359 718
593 719
345 720
554 720
948 720
765 721
270 721
180 721
780 722
7 722
192 726
326 726
566 727
353 728
229 728
276 728
270 729
864 730
938 730
54 733
564 733
544 733
683 734
546 734
966 734
94 736
19 738
129 738
242 738
437 740
432 740
966 742
716 742
276 746
457 747
948 751
819 751
441 752
269 753
741 755
391 755
465 758
124 759
432 760
66 760
719 762
385 766
736 768
323 768
400 769
185 771
734 771
281 771
146 772
763 772
618 773
733 774
899 775
833 776
362 777
14 777
530 780
566 783
679 784
759 784
224 786
694 786
315 788
38 789
834 790
684 791
689 792
94 794
94 795
201 796
542 797
37 797
198 798
588 800
823 803
682 803
280 804
481 804
90 805
628 806
256 806
399 807
903 809
322 809
960 811
432 812
209 813
504 814
952 815
722 815
483 815
979 816
174 818
328 822
343 822
605 823
420 824
85 825
570 826
379 826
774 829
25 830
33 830
651 832
90 832
927 834
665 835
669 836
119 836
550 837
322 837
375 839
921 839
770 841
648 842
639 844
282 844
739 845
843 846
624 848
527 848
535 850
228 851
669 852
931 854
765 856
214 856
891 857
787 859
54 859
591 860
213 861
42 861
904 861
460 862
42 862
499 862
586 865
691 867
873 867
629 868
794 868
535 869
359 869
676 870
984 870
267 872
468 872
62 873
316 873
851 873
330 873
95 875
753 876
994 876
410 879
151 882
658 882
824 885
363 886
3 887
785 888
731 889
364 892
130 893
813 896
575 898
252 898
169 898
620 899
213 900
220 901
885 901
561 901
12 903
904 905
127 908
450 909
342 910
120 910
163 910
515 911
811 911
59 912
78 913
561 914
736 917
623 921
819 922
887 922
916 923
658 923
729 923
655 925
548 926
508 926
295 927
889 928
350 928
261 928
888 930
959 930
409 930
273 930
982 931
393 933
353 934
221 934
997 935
874 937
198 938
886 938
725 939
555 940
72 941
194 941
122 941
780 942
491 942
284 942
152 943
872 944
17 945
545 946
127 946
256 947
703 947
79 950
617 950
841 951
829 953
641 953
255 954
973 955
181 955
340 955
307 956
256 957
928 958
60 958
897 959
238 961
115 961
725 961
964 962
250 965
777 968
791 970
778 971
463 972
287 972
577 973
252 976
425 977
895 978
84 979
538 982
229 982
195 984
266 985
951 986
236 986
948 986
812 989
389 993
26 994
29 994
748 995
888 996
745 997
879 997
518 998
832 1000
51 1000
373 1000
