1000
826 2147483637
201 2147483637
293 2147483637
597 2147483637
507 2147483637
334 2147483637
778 2147483637
925 2147483637
384 2147483637
964 2147483637
513 2147483637
641 2147483637
271 2147483637
263 2147483637
794 2147483637
925 2147483637
625 2147483637
922 2147483637
915 2147483637
807 2147483637
780 2147483637
533 2147483637
594 2147483637
88 2147483637
999 2147483637
834 2147483637
859 2147483637
267 2147483637
919 2147483637
151 2147483637
113 2147483637
388 2147483637
293 2147483637
390 2147483637
928 2147483637
983 2147483637
39 2147483637
987 2147483637
210 2147483637
202 2147483637
140 2147483637
47 2147483637
130 2147483637
364 2147483637
579 2147483637
583 2147483637
385 2147483637
197 2147483637
639 2147483637
211 2147483637
890 2147483637
896 2147483637
939 2147483637
455 2147483637
863 2147483637
681 2147483637
405 2147483637
456 2147483637
864 2147483637
151 2147483637
575 2147483637
538 2147483637
268 2147483637
486 2147483637
663 2147483637
370 2147483637
722 2147483637
339 2147483637
726 2147483637
179 2147483637
643 2147483637
235 2147483637
623 2147483637
25 2147483637
722 2147483637
122 2147483637
463 2147483637
315 2147483637
687 2147483637
709 2147483637
962 2147483637
244 2147483637
411 2147483637
614 2147483637
995 2147483637
324 2147483637
968 2147483637
999 2147483637
44 2147483637
477 2147483637
482 2147483637
554 2147483637
663 2147483637
875 2147483637
260 2147483638
567 2147483638
647 2147483638
599 2147483638
403 2147483638
625 2147483638
401 2147483638
382 2147483638
619 2147483638
580 2147483638
774 2147483638
617 2147483638
265 2147483638
275 2147483638
498 2147483638
867 2147483638
169 2147483638
843 2147483638
762 2147483638
102 2147483638
112 2147483638
559 2147483638
618 2147483638
529 2147483638
134 2147483638
137 2147483638
661 2147483638
530 2147483638
309 2147483638
300 2147483638
534 2147483638
942 2147483638
176 2147483638
749 2147483638
433 2147483638
122 2147483638
121 2147483638
592 2147483638
267 2147483638
168 2147483638
710 2147483638
529 2147483638
459 2147483638
704 2147483638
893 2147483638
593 2147483638
154 2147483638
754 2147483638
780 2147483638
231 2147483638
611 2147483638
451 2147483638
247 2147483638
275 2147483638
45 2147483638
978 2147483638
399 2147483638
290 2147483638
833 2147483638
251 2147483638
454 2147483638
17 2147483638
567 2147483638
682 2147483638
232 2147483638
782 2147483638
701 2147483638
242 2147483638
152 2147483638
114 2147483638
250 2147483638
493 2147483638
582 2147483638
606 2147483638
579 2147483638
628 2147483638
143 2147483638
796 2147483638
765 2147483638
204 2147483638
284 2147483638
220 2147483638
260 2147483638
739 2147483638
650 2147483638
98 2147483638
229 2147483638
327 2147483638
497 2147483638
261 2147483638
460 2147483638
311 2147483639
446 2147483639
131 2147483639
471 2147483639
254 2147483639
346 2147483639
155 2147483639
900 2147483639
230 2147483639
737 2147483639
911 2147483639
435 2147483639
194 2147483639
283 2147483639
369 2147483639
803 2147483639
305 2147483639
446 2147483639
827 2147483639
621 2147483639
500 2147483639
737 2147483639
722 2147483639
84 2147483639
499 2147483639
131 2147483639
513 2147483639
890 2147483639
315 2147483639
264 2147483639
839 2147483639
82 2147483639
598 2147483639
737 2147483639
161 2147483639
106 2147483639
931 2147483639
21 2147483639
25 2147483639
77 2147483639
42 2147483639
746 2147483639
764 2147483639
895 2147483639
453 2147483639
143 2147483639
323 2147483639
312 2147483639
927 2147483639
660 2147483639
628 2147483639
938 2147483639
259 2147483639
562 2147483639
12 2147483639
497 2147483639
897 2147483639
729 2147483639
423 2147483639
124 2147483639
147 2147483639
749 2147483639
943 2147483639
844 2147483639
859 2147483639
716 2147483639
562 2147483639
234 2147483639
943 2147483639
471 2147483639
343 2147483639
382 2147483639
868 2147483639
300 2147483639
739 2147483639
565 2147483639
779 2147483639
891 2147483639
395 2147483639
532 2147483639
648 2147483639
91 2147483639
861 2147483639
900 2147483639
347 2147483639
817 2147483639
594 2147483639
194 2147483639
972 2147483639
416 2147483639
271 2147483639
184 2147483639
354 2147483639
352 2147483639
779 2147483640
432 2147483640
182 2147483640
29 2147483640
272 2147483640
120 2147483640
665 2147483640
752 2147483640
75 2147483640
281 2147483640
926 2147483640
327 2147483640
416 2147483640
571 2147483640
327 2147483640
338 2147483640
65 2147483640
140 2147483640
215 2147483640
775 2147483640
811 2147483640
6 2147483640
589 2147483640
813 2147483640
995 2147483640
642 2147483640
625 2147483640
863 2147483640
194 2147483640
12 2147483640
229 2147483640
954 2147483640
971 2147483640
349 2147483640
673 2147483640
733 2147483640
378 2147483640
356 2147483640
791 2147483640
381 2147483640
235 2147483640
408 2147483640
965 2147483640
898 2147483640
342 2147483640
765 2147483640
336 2147483640
374 2147483640
657 2147483640
128 2147483640
908 2147483640
202 2147483640
452 2147483640
326 2147483640
603 2147483640
977 2147483640
257 2147483640
151 2147483640
44 2147483640
535 2147483640
24 2147483640
476 2147483640
353 2147483640
635 2147483640
284 2147483640
531 2147483640
353 2147483640
801 2147483640
429 2147483640
520 2147483640
622 2147483640
395 2147483640
773 2147483640
952 2147483640
399 2147483640
710 2147483640
851 2147483640
415 2147483640
872 2147483640
899 2147483640
321 2147483640
770 2147483640
283 2147483640
512 2147483640
369 2147483640
503 2147483640
443 2147483640
569 2147483641
232 2147483641
287 2147483641
259 2147483641
832 2147483641
590 2147483641
876 2147483641
687 2147483641
206 2147483641
300 2147483641
852 2147483641
34 2147483641
47 2147483641
669 2147483641
984 2147483641
342 2147483641
834 2147483641
491 2147483641
91 2147483641
889 2147483641
233 2147483641
392 2147483641
820 2147483641
29 2147483641
293 2147483641
332 2147483641
415 2147483641
305 2147483641
111 2147483641
926 2147483641
496 2147483641
186 2147483641
29 2147483641
520 2147483641
122 2147483641
218 2147483641
562 2147483641
380 2147483641
283 2147483641
819 2147483641
417 2147483641
876 2147483641
346 2147483641
261 2147483641
42 2147483641
329 2147483641
975 2147483641
524 2147483641
288 2147483641
735 2147483641
617 2147483641
793 2147483641
836 2147483641
173 2147483641
795 2147483641
33 2147483641
297 2147483641
385 2147483641
531 2147483641
857 2147483641
436 2147483641
379 2147483641
387 2147483641
984 2147483641
595 2147483641
791 2147483641
246 2147483641
516 2147483641
190 2147483641
662 2147483641
130 2147483641
59 2147483641
552 2147483641
781 2147483641
80 2147483641
964 2147483641
422 2147483642
981 2147483642
825 2147483642
702 2147483642
656 2147483642
659 2147483642
897 2147483642
942 2147483642
683 2147483642
597 2147483642
695 2147483642
596 2147483642
669 2147483642
566 2147483642
528 2147483642
122 2147483642
538 2147483642
342 2147483642
321 2147483642
38 2147483642
284 2147483642
888 2147483642
865 2147483642
806 2147483642
620 2147483642
448 2147483642
33 2147483642
34 2147483642
847 2147483642
965 2147483642
507 2147483642
141 2147483642
938 2147483642
583 2147483642
596 2147483642
969 2147483642
628 2147483642
968 2147483642
30 2147483642
748 2147483642
843 2147483642
727 2147483642
995 2147483642
293 2147483642
227 2147483642
187 2147483642
49 2147483642
133 2147483642
383 2147483642
659 2147483642
424 2147483642
174 2147483642
415 2147483642
54 2147483642
922 2147483642
198 2147483642
60 2147483642
238 2147483642
685 2147483642
367 2147483642
860 2147483642
306 2147483642
864 2147483642
174 2147483642
487 2147483642
394 2147483642
679 2147483642
755 2147483642
730 2147483642
5 2147483642
835 2147483642
496 2147483642
330 2147483642
16 2147483642
255 2147483642
855 2147483642
841 2147483642
365 2147483642
542 2147483642
732 2147483642
797 2147483642
720 2147483642
548 2147483642
542 2147483642
25 2147483642
973 2147483642
481 2147483642
431 2147483642
642 2147483642
464 2147483642
373 2147483642
586 2147483642
982 2147483643
532 2147483643
559 2147483643
934 2147483643
254 2147483643
996 2147483643
446 2147483643
387 2147483643
243 2147483643
53 2147483643
443 2147483643
669 2147483643
504 2147483643
985 2147483643
723 2147483643
664 2147483643
353 2147483643
289 2147483643
777 2147483643
453 2147483643
95 2147483643
294 2147483643
69 2147483643
502 2147483643
266 2147483643
300 2147483643
438 2147483643
723 2147483643
216 2147483643
951 2147483643
959 2147483643
62 2147483643
747 2147483643
740 2147483643
383 2147483643
39 2147483643
156 2147483643
523 2147483643
828 2147483643
835 2147483643
181 2147483643
788 2147483643
375 2147483643
562 2147483643
129 2147483643
51 2147483643
324 2147483643
601 2147483643
840 2147483643
168 2147483643
237 2147483643
96 2147483643
988 2147483643
263 2147483643
882 2147483643
303 2147483643
651 2147483643
480 2147483643
254 2147483643
934 2147483643
477 2147483643
706 2147483643
766 2147483643
87 2147483643
567 2147483643
285 2147483643
943 2147483643
741 2147483643
849 2147483643
915 2147483643
445 2147483643
667 2147483643
539 2147483643
44 2147483643
985 2147483643
660 2147483643
511 2147483643
592 2147483643
998 2147483643
193 2147483643
857 2147483643
740 2147483643
880 2147483643
840 2147483643
951 2147483643
962 2147483643
132 2147483643
757 2147483643
159 2147483643
750 2147483643
589 2147483643
111 2147483644
578 2147483644
224 2147483644
249 2147483644
144 2147483644
253 2147483644
246 2147483644
129 2147483644
191 2147483644
340 2147483644
11 2147483644
961 2147483644
596 2147483644
847 2147483644
140 2147483644
508 2147483644
904 2147483644
957 2147483644
389 2147483644
947 2147483644
44 2147483644
647 2147483644
686 2147483644
326 2147483644
790 2147483644
597 2147483644
153 2147483644
565 2147483644
238 2147483644
999 2147483644
237 2147483644
755 2147483644
979 2147483644
909 2147483644
242 2147483644
284 2147483644
66 2147483644
532 2147483644
805 2147483644
198 2147483644
938 2147483644
352 2147483644
217 2147483644
758 2147483644
634 2147483644
975 2147483644
179 2147483644
247 2147483644
418 2147483644
939 2147483644
91 2147483644
403 2147483644
495 2147483644
240 2147483644
430 2147483644
382 2147483644
218 2147483644
114 2147483644
383 2147483644
710 2147483644
835 2147483644
402 2147483644
936 2147483644
341 2147483644
295 2147483644
384 2147483644
677 2147483644
817 2147483644
10 2147483644
164 2147483644
737 2147483644
277 2147483644
133 2147483644
685 2147483644
477 2147483644
452 2147483644
171 2147483644
922 2147483644
254 2147483644
41 2147483644
412 2147483644
967 2147483644
72 2147483644
655 2147483644
241 2147483644
996 2147483644
295 2147483644
643 2147483644
156 2147483645
689 2147483645
563 2147483645
708 2147483645
16 2147483645
241 2147483645
216 2147483645
392 2147483645
120 2147483645
551 2147483645
764 2147483645
831 2147483645
294 2147483645
711 2147483645
1000 2147483645
958 2147483645
139 2147483645
923 2147483645
979 2147483645
637 2147483645
457 2147483645
443 2147483645
835 2147483645
700 2147483645
117 2147483645
332 2147483645
441 2147483645
113 2147483645
715 2147483645
890 2147483645
938 2147483645
144 2147483645
939 2147483645
492 2147483645
126 2147483645
522 2147483645
502 2147483645
190 2147483645
931 2147483645
859 2147483645
39 2147483645
200 2147483645
841 2147483645
527 2147483645
109 2147483645
417 2147483645
512 2147483645
365 2147483645
267 2147483645
268 2147483645
797 2147483645
250 2147483645
972 2147483645
690 2147483645
786 2147483645
524 2147483645
215 2147483645
904 2147483645
897 2147483645
826 2147483645
330 2147483645
219 2147483645
307 2147483645
480 2147483645
651 2147483645
653 2147483645
267 2147483645
227 2147483645
187 2147483645
805 2147483645
881 2147483645
344 2147483645
81 2147483645
264 2147483645
667 2147483645
294 2147483645
864 2147483645
140 2147483645
850 2147483645
618 2147483645
27 2147483645
119 2147483645
712 2147483645
34 2147483645
450 2147483645
392 2147483645
284 2147483645
445 2147483645
540 2147483645
882 2147483645
69 2147483645
249 2147483645
330 2147483645
903 2147483646
107 2147483646
749 2147483646
697 2147483646
578 2147483646
506 2147483646
38 2147483646
797 2147483646
797 2147483646
111 2147483646
486 2147483646
135 2147483646
557 2147483646
70 2147483646
420 2147483646
283 2147483646
854 2147483646
859 2147483646
922 2147483646
268 2147483646
441 2147483646
232 2147483646
282 2147483646
782 2147483646
189 2147483646
702 2147483646
786 2147483646
488 2147483646
400 2147483646
132 2147483646
639 2147483646
242 2147483646
674 2147483646
802 2147483646
373 2147483646
167 2147483646
604 2147483646
552 2147483646
795 2147483646
966 2147483646
2 2147483646
839 2147483646
798 2147483646
248 2147483646
924 2147483646
47 2147483646
118 2147483646
181 2147483646
780 2147483646
978 2147483646
745 2147483646
153 2147483646
157 2147483646
849 2147483646
685 2147483646
507 2147483646
524 2147483646
549 2147483646
403 2147483646
875 2147483646
738 2147483646
791 2147483646
469 2147483646
721 2147483646
374 2147483646
285 2147483646
10 2147483646
499 2147483646
712 2147483646
129 2147483646
887 2147483646
31 2147483646
985 2147483646
538 2147483646
43 2147483646
894 2147483646
616 2147483646
553 2147483646
77 2147483646
588 2147483646
67 2147483646
20 2147483646
943 2147483646
188 2147483646
362 2147483646
307 2147483646
249 2147483646
483 2147483646
427 2147483646
347 2147483646
711 2147483646
616 2147483646
36 2147483646
623 2147483646
640 2147483646
508 2147483646
53 2147483646
637 2147483646
215 2147483646
206 2147483646
981 2147483646
65 2147483646
840 2147483647
60 2147483647
660 2147483647
793 2147483647
106 2147483647
45 2147483647
900 2147483647
853 2147483647
961 2147483647
344 2147483647
255 2147483647
138 2147483647
107 2147483647
926 2147483647
851 2147483647
810 2147483647
321 2147483647
51 2147483647
660 2147483647
510 2147483647
500 2147483647
520 2147483647
700 2147483647
225 2147483647
303 2147483647
521 2147483647
410 2147483647
834 2147483647
393 2147483647
912 2147483647
846 2147483647
303 2147483647
263 2147483647
345 2147483647
157 2147483647
18 2147483647
858 2147483647
51 2147483647
600 2147483647
477 2147483647
364 2147483647
986 2147483647
873 2147483647
431 2147483647
427 2147483647
739 2147483647
168 2147483647
893 2147483647
332 2147483647
829 2147483647
717 2147483647
211 2147483647
400 2147483647
538 2147483647
236 2147483647
136 2147483647
580 2147483647
668 2147483647
686 2147483647
178 2147483647
798 2147483647
649 2147483647
157 2147483647
688 2147483647
993 2147483647
266 2147483647
633 2147483647
691 2147483647
898 2147483647
568 2147483647
598 2147483647
430 2147483647
202 2147483647
320 2147483647
42 2147483647
397 2147483647
823 2147483647
787 2147483647
790 2147483647
390 2147483647
2 2147483647
111 2147483647
410 2147483647
528 2147483647
123 2147483647
314 2147483647
268 2147483647
78 2147483647
542 2147483647
225 2147483647
13 2147483647
801 2147483647
