278
716 20
489 24
665 25
586 29
679 36
245 38
145 45
525 59
835 65
389 68
107 81
210 81
892 84
738 87
993 88
807 88
360 90
893 94
22 94
807 100
430 108
770 117
435 121
713 122
57 124
813 125
633 126
858 126
437 127
602 128
420 128
948 130
861 140
36 141
512 145
954 149
96 150
229 153
575 159
703 161
768 166
412 191
283 196
411 199
634 205
948 205
471 212
6 220
573 221
906 224
881 230
781 235
264 240
404 240
912 241
355 245
722 261
171 263
337 271
187 274
758 281
428 283
663 288
980 290
109 290
93 297
833 298
348 299
594 307
762 308
198 308
234 312
976 317
171 323
308 325
544 329
473 334
942 338
849 341
815 344
163 359
608 361
270 367
601 367
914 368
834 368
402 373
549 374
893 377
885 379
773 385
571 392
406 392
81 395
368 399
138 402
635 402
7 410
710 415
749 416
641 420
902 420
198 421
499 422
27 425
406 430
181 436
428 438
341 441
966 441
315 443
94 450
317 452
712 454
565 458
392 459
305 463
212 465
185 466
825 474
657 479
86 482
691 484
39 486
781 490
865 493
338 500
278 504
533 509
879 513
959 515
438 516
825 522
38 522
614 525
126 527
167 528
808 533
57 533
959 535
280 542
461 547
521 553
728 560
98 563
503 566
867 568
974 579
667 584
458 590
502 592
944 597
104 599
924 601
355 601
680 606
965 607
190 608
950 608
492 609
577 611
369 611
696 613
429 613
610 620
978 629
593 631
605 632
844 633
551 635
788 637
195 644
215 650
634 651
419 653
494 654
993 655
503 664
614 665
321 671
813 678
817 684
632 694
330 694
601 695
423 698
262 700
699 701
927 709
860 710
672 715
295 720
494 724
888 728
320 729
791 731
587 733
131 742
947 746
326 752
142 757
593 759
237 759
888 778
137 779
790 779
195 787
424 789
537 790
457 791
955 798
273 800
376 801
148 805
916 808
748 810
33 812
522 814
50 815
316 816
511 817
716 818
986 820
153 821
429 823
99 840
281 849
85 853
453 854
570 858
280 859
924 860
391 871
415 873
882 877
606 881
822 882
956 882
453 884
384 885
356 886
168 887
896 889
680 895
234 895
338 898
67 901
857 903
118 911
232 913
520 923
469 925
125 929
928 930
133 932
235 941
1000 941
392 949
260 953
886 957
245 958
50 961
704 961
169 966
336 966
570 970
338 972
102 975
164 977
621 980
11 981
361 982
782 985
152 986
451 989
750 996
893 997
657 998
