1000
978 2147483637
502 2147483637
769 2147483637
855 2147483637
962 2147483637
734 2147483637
146 2147483637
325 2147483637
216 2147483637
950 2147483637
826 2147483637
460 2147483637
519 2147483637
374 2147483637
135 2147483637
444 2147483637
194 2147483637
728 2147483637
799 2147483637
19 2147483637
164 2147483637
437 2147483637
184 2147483637
474 2147483637
587 2147483637
252 2147483637
302 2147483637
490 2147483637
494 2147483637
575 2147483637
118 2147483637
604 2147483637
803 2147483637
448 2147483637
132 2147483637
793 2147483637
535 2147483637
315 2147483637
530 2147483637
264 2147483637
534 2147483637
949 2147483637
84 2147483637
865 2147483637
149 2147483637
848 2147483637
838 2147483637
329 2147483637
441 2147483637
41 2147483637
156 2147483637
956 2147483637
682 2147483637
878 2147483637
823 2147483637
109 2147483637
213 2147483637
251 2147483637
647 2147483637
927 2147483637
575 2147483637
222 2147483637
540 2147483637
53 2147483637
31 2147483637
729 2147483637
546 2147483637
469 2147483637
201 2147483637
840 2147483637
274 2147483637
877 2147483637
784 2147483637
868 2147483637
220 2147483637
203 2147483637
718 2147483637
168 2147483637
871 2147483637
226 2147483637
461 2147483637
417 2147483637
619 2147483637
210 2147483637
714 2147483637
719 2147483637
657 2147483637
151 2147483637
142 2147483637
733 2147483637
934 2147483637
330 2147483637
782 2147483637
665 2147483637
958 2147483637
728 2147483637
581 2147483638
918 2147483638
316 2147483638
438 2147483638
244 2147483638
687 2147483638
416 2147483638
189 2147483638
564 2147483638
505 2147483638
491 2147483638
140 2147483638
759 2147483638
549 2147483638
281 2147483638
727 2147483638
499 2147483638
667 2147483638
736 2147483638
484 2147483638
645 2147483638
566 2147483638
334 2147483638
459 2147483638
698 2147483638
884 2147483638
160 2147483638
473 2147483638
950 2147483638
121 2147483638
676 2147483638
563 2147483638
206 2147483638
926 2147483638
588 2147483638
965 2147483638
949 2147483638
312 2147483638
28 2147483638
478 2147483638
464 2147483638
29 2147483638
146 2147483638
325 2147483638
370 2147483638
331 2147483638
667 2147483638
310 2147483638
109 2147483638
919 2147483638
755 2147483638
173 2147483638
488 2147483638
941 2147483638
326 2147483638
893 2147483638
277 2147483638
474 2147483638
161 2147483638
708 2147483638
312 2147483638
830 2147483638
492 2147483638
732 2147483638
201 2147483638
384 2147483638
989 2147483638
241 2147483638
460 2147483638
245 2147483638
682 2147483638
411 2147483638
960 2147483638
944 2147483638
51 2147483638
93 2147483638
637 2147483638
344 2147483638
801 2147483638
718 2147483638
619 2147483638
192 2147483638
601 2147483638
47 2147483638
281 2147483638
391 2147483638
723 2147483638
241 2147483638
268 2147483638
219 2147483638
160 2147483638
859 2147483638
697 2147483638
942 2147483638
742 2147483638
893 2147483638
507 2147483638
501 2147483638
240 2147483638
733 2147483639
159 2147483639
975 2147483639
32 2147483639
778 2147483639
998 2147483639
891 2147483639
999 2147483639
450 2147483639
227 2147483639
992 2147483639
23 2147483639
797 2147483639
78 2147483639
24 2147483639
155 2147483639
639 2147483639
957 2147483639
763 2147483639
859 2147483639
311 2147483639
12 2147483639
458 2147483639
676 2147483639
528 2147483639
426 2147483639
950 2147483639
451 2147483639
488 2147483639
529 2147483639
298 2147483639
358 2147483639
576 2147483639
517 2147483639
731 2147483639
236 2147483639
548 2147483639
241 2147483639
920 2147483639
636 2147483639
902 2147483639
37 2147483639
734 2147483639
664 2147483639
389 2147483639
331 2147483639
823 2147483639
570 2147483639
367 2147483639
130 2147483639
807 2147483639
638 2147483639
415 2147483639
793 2147483639
465 2147483639
783 2147483639
470 2147483639
937 2147483639
564 2147483639
56 2147483639
641 2147483639
115 2147483639
961 2147483639
102 2147483639
28 2147483639
227 2147483639
609 2147483639
783 2147483639
165 2147483639
873 2147483639
560 2147483639
684 2147483639
225 2147483639
381 2147483639
366 2147483639
859 2147483639
165 2147483639
493 2147483639
594 2147483639
274 2147483639
919 2147483639
695 2147483639
997 2147483639
632 2147483639
952 2147483639
165 2147483639
943 2147483639
355 2147483639
277 2147483639
996 2147483639
816 2147483639
628 2147483639
491 2147483639
128 2147483639
537 2147483639
11 2147483639
498 2147483639
606 2147483639
728 2147483639
254 2147483639
47 2147483639
233 2147483639
466 2147483639
17 2147483639
98 2147483639
161 2147483640
506 2147483640
469 2147483640
967 2147483640
334 2147483640
417 2147483640
666 2147483640
186 2147483640
565 2147483640
358 2147483640
824 2147483640
937 2147483640
853 2147483640
119 2147483640
33 2147483640
730 2147483640
605 2147483640
198 2147483640
435 2147483640
754 2147483640
66 2147483640
36 2147483640
366 2147483640
520 2147483640
801 2147483640
992 2147483640
741 2147483640
142 2147483640
233 2147483640
768 2147483640
270 2147483640
971 2147483640
188 2147483640
890 2147483640
747 2147483640
518 2147483640
496 2147483640
758 2147483640
517 2147483640
150 2147483640
568 2147483640
575 2147483640
798 2147483640
830 2147483640
337 2147483640
14 2147483640
329 2147483640
254 2147483640
243 2147483640
481 2147483640
110 2147483640
526 2147483640
395 2147483640
726 2147483640
87 2147483640
207 2147483640
530 2147483640
812 2147483640
573 2147483640
378 2147483640
409 2147483640
414 2147483640
876 2147483640
106 2147483640
667 2147483640
288 2147483640
623 2147483640
125 2147483640
965 2147483640
152 2147483640
320 2147483640
460 2147483640
378 2147483640
740 2147483640
461 2147483640
507 2147483640
642 2147483640
12 2147483641
354 2147483641
249 2147483641
619 2147483641
941 2147483641
486 2147483641
411 2147483641
809 2147483641
837 2147483641
461 2147483641
910 2147483641
392 2147483641
337 2147483641
397 2147483641
34 2147483641
120 2147483641
856 2147483641
498 2147483641
641 2147483641
172 2147483641
22 2147483641
132 2147483641
702 2147483641
89 2147483641
866 2147483641
641 2147483641
435 2147483641
254 2147483641
752 2147483641
81 2147483641
33 2147483641
674 2147483641
826 2147483641
817 2147483641
895 2147483641
439 2147483641
389 2147483641
669 2147483641
378 2147483641
476 2147483641
890 2147483641
465 2147483641
593 2147483641
183 2147483641
336 2147483641
209 2147483641
862 2147483641
906 2147483641
97 2147483641
575 2147483641
335 2147483641
945 2147483641
428 2147483641
860 2147483641
528 2147483641
561 2147483641
663 2147483641
398 2147483641
859 2147483641
248 2147483641
758 2147483641
610 2147483641
330 2147483641
330 2147483641
589 2147483641
82 2147483641
712 2147483641
650 2147483641
698 2147483641
151 2147483641
166 2147483641
464 2147483641
340 2147483641
594 2147483641
986 2147483641
763 2147483641
211 2147483641
471 2147483641
736 2147483641
849 2147483641
346 2147483641
854 2147483641
81 2147483641
787 2147483641
287 2147483641
522 2147483641
763 2147483641
798 2147483641
677 2147483641
939 2147483641
742 2147483642
943 2147483642
631 2147483642
425 2147483642
488 2147483642
759 2147483642
811 2147483642
14 2147483642
187 2147483642
153 2147483642
722 2147483642
886 2147483642
853 2147483642
829 2147483642
680 2147483642
20 2147483642
754 2147483642
892 2147483642
833 2147483642
642 2147483642
105 2147483642
731 2147483642
38 2147483642
8 2147483642
55 2147483642
683 2147483642
988 2147483642
876 2147483642
55 2147483642
409 2147483642
601 2147483642
765 2147483642
222 2147483642
640 2147483642
684 2147483642
70 2147483642
594 2147483642
146 2147483642
951 2147483642
446 2147483642
956 2147483642
53 2147483642
77 2147483642
22 2147483642
269 2147483642
853 2147483642
469 2147483642
494 2147483642
238 2147483642
913 2147483642
478 2147483642
783 2147483642
193 2147483642
130 2147483642
991 2147483642
516 2147483642
199 2147483642
423 2147483642
301 2147483642
809 2147483642
177 2147483642
748 2147483642
362 2147483642
806 2147483642
232 2147483642
17 2147483642
218 2147483642
723 2147483642
337 2147483642
148 2147483642
894 2147483642
836 2147483642
378 2147483642
119 2147483642
221 2147483642
712 2147483642
399 2147483643
34 2147483643
694 2147483643
607 2147483643
631 2147483643
113 2147483643
362 2147483643
885 2147483643
858 2147483643
200 2147483643
937 2147483643
413 2147483643
338 2147483643
252 2147483643
528 2147483643
301 2147483643
593 2147483643
549 2147483643
96 2147483643
493 2147483643
824 2147483643
481 2147483643
137 2147483643
228 2147483643
565 2147483643
212 2147483643
34 2147483643
80 2147483643
571 2147483643
187 2147483643
837 2147483643
488 2147483643
429 2147483643
213 2147483643
353 2147483643
876 2147483643
57 2147483643
789 2147483643
6 2147483643
274 2147483643
276 2147483643
976 2147483643
1000 2147483643
650 2147483643
163 2147483643
529 2147483643
32 2147483643
790 2147483643
267 2147483643
288 2147483643
333 2147483643
205 2147483643
539 2147483643
531 2147483643
814 2147483643
629 2147483643
446 2147483643
563 2147483643
193 2147483643
32 2147483643
236 2147483643
545 2147483643
457 2147483643
967 2147483643
938 2147483643
710 2147483643
620 2147483643
237 2147483643
485 2147483643
966 2147483643
267 2147483643
453 2147483643
494 2147483643
374 2147483643
269 2147483643
656 2147483643
387 2147483643
59 2147483643
729 2147483643
60 2147483643
865 2147483643
753 2147483643
252 2147483643
698 2147483643
522 2147483643
567 2147483643
862 2147483643
863 2147483643
40 2147483643
439 2147483643
994 2147483643
182 2147483643
595 2147483643
902 2147483643
20 2147483643
931 2147483643
978 2147483643
958 2147483643
936 2147483643
542 2147483643
583 2147483643
405 2147483644
99 2147483644
759 2147483644
706 2147483644
95 2147483644
496 2147483644
357 2147483644
439 2147483644
257 2147483644
579 2147483644
218 2147483644
796 2147483644
486 2147483644
358 2147483644
19 2147483644
993 2147483644
865 2147483644
399 2147483644
31 2147483644
539 2147483644
593 2147483644
745 2147483644
638 2147483644
532 2147483644
775 2147483644
463 2147483644
557 2147483644
115 2147483644
540 2147483644
22 2147483644
78 2147483644
113 2147483644
895 2147483644
775 2147483644
961 2147483644
440 2147483644
865 2147483644
743 2147483644
28 2147483644
775 2147483644
40 2147483644
263 2147483644
867 2147483644
695 2147483644
509 2147483644
286 2147483644
713 2147483644
529 2147483644
222 2147483644
709 2147483644
699 2147483644
208 2147483644
906 2147483644
52 2147483644
655 2147483644
307 2147483644
459 2147483644
771 2147483644
498 2147483644
553 2147483644
544 2147483644
683 2147483644
184 2147483644
816 2147483644
936 2147483644
281 2147483644
683 2147483644
121 2147483644
863 2147483644
352 2147483644
289 2147483644
628 2147483644
914 2147483644
773 2147483644
297 2147483644
522 2147483644
48 2147483644
981 2147483644
163 2147483644
892 2147483644
647 2147483644
504 2147483644
209 2147483644
181 2147483644
53 2147483644
77 2147483644
998 2147483644
593 2147483644
37 2147483644
985 2147483644
339 2147483644
24 2147483644
483 2147483644
211 2147483644
298 2147483645
512 2147483645
60 2147483645
149 2147483645
160 2147483645
130 2147483645
577 2147483645
905 2147483645
930 2147483645
376 2147483645
886 2147483645
293 2147483645
331 2147483645
320 2147483645
302 2147483645
869 2147483645
825 2147483645
492 2147483645
100 2147483645
870 2147483645
551 2147483645
875 2147483645
955 2147483645
611 2147483645
203 2147483645
584 2147483645
18 2147483645
972 2147483645
952 2147483645
986 2147483645
692 2147483645
655 2147483645
836 2147483645
761 2147483645
9 2147483645
773 2147483645
156 2147483645
398 2147483645
564 2147483645
836 2147483645
300 2147483645
643 2147483645
941 2147483645
413 2147483645
452 2147483645
223 2147483645
825 2147483645
64 2147483645
746 2147483645
382 2147483645
967 2147483645
109 2147483645
707 2147483645
981 2147483645
510 2147483645
571 2147483645
118 2147483645
704 2147483645
193 2147483645
735 2147483645
284 2147483645
327 2147483645
209 2147483645
765 2147483645
243 2147483645
67 2147483645
199 2147483645
806 2147483645
534 2147483645
398 2147483645
176 2147483645
153 2147483645
609 2147483645
860 2147483645
345 2147483645
516 2147483645
194 2147483645
832 2147483645
951 2147483645
897 2147483645
83 2147483645
777 2147483645
758 2147483645
444 2147483645
168 2147483645
711 2147483645
14 2147483645
387 2147483645
343 2147483645
331 2147483645
180 2147483645
150 2147483645
298 2147483645
799 2147483645
643 2147483645
768 2147483645
620 2147483646
197 2147483646
504 2147483646
304 2147483646
955 2147483646
767 2147483646
162 2147483646
422 2147483646
8 2147483646
854 2147483646
602 2147483646
35 2147483646
483 2147483646
851 2147483646
183 2147483646
218 2147483646
351 2147483646
225 2147483646
536 2147483646
205 2147483646
538 2147483646
599 2147483646
274 2147483646
197 2147483646
33 2147483646
634 2147483646
967 2147483646
969 2147483646
83 2147483646
238 2147483646
623 2147483646
328 2147483646
545 2147483646
271 2147483646
421 2147483646
853 2147483646
292 2147483646
153 2147483646
756 2147483646
896 2147483646
550 2147483646
541 2147483646
508 2147483646
117 2147483646
991 2147483646
701 2147483646
606 2147483646
338 2147483646
49 2147483646
530 2147483646
931 2147483646
695 2147483646
683 2147483646
856 2147483646
349 2147483646
515 2147483646
579 2147483646
891 2147483646
925 2147483646
690 2147483646
287 2147483646
843 2147483646
515 2147483646
674 2147483646
657 2147483646
129 2147483646
855 2147483646
749 2147483646
642 2147483646
454 2147483646
268 2147483646
934 2147483646
852 2147483646
619 2147483646
371 2147483646
978 2147483646
351 2147483646
528 2147483646
941 2147483646
249 2147483646
621 2147483646
223 2147483647
19 2147483647
622 2147483647
315 2147483647
844 2147483647
902 2147483647
38 2147483647
372 2147483647
751 2147483647
438 2147483647
257 2147483647
767 2147483647
722 2147483647
512 2147483647
85 2147483647
235 2147483647
205 2147483647
49 2147483647
337 2147483647
187 2147483647
558 2147483647
197 2147483647
661 2147483647
941 2147483647
98 2147483647
549 2147483647
362 2147483647
398 2147483647
478 2147483647
598 2147483647
336 2147483647
981 2147483647
369 2147483647
643 2147483647
759 2147483647
775 2147483647
579 2147483647
551 2147483647
536 2147483647
565 2147483647
359 2147483647
644 2147483647
319 2147483647
268 2147483647
75 2147483647
379 2147483647
545 2147483647
932 2147483647
247 2147483647
176 2147483647
643 2147483647
980 2147483647
500 2147483647
676 2147483647
100 2147483647
784 2147483647
507 2147483647
379 2147483647
442 2147483647
83 2147483647
441 2147483647
820 2147483647
178 2147483647
450 2147483647
850 2147483647
136 2147483647
591 2147483647
959 2147483647
388 2147483647
26 2147483647
100 2147483647
575 2147483647
122 2147483647
893 2147483647
956 2147483647
943 2147483647
472 2147483647
591 2147483647
525 2147483647
986 2147483647
608 2147483647
32 2147483647
102 2147483647
10 2147483647
25 2147483647
