169
886 5
674 10
305 21
998 25
333 34
835 48
421 52
483 57
601 69
427 69
102 70
676 71
63 92
668 107
318 107
31 107
549 110
689 112
548 113
48 117
421 126
911 130
695 130
678 140
636 154
189 158
873 168
333 172
568 185
536 187
967 190
430 190
205 191
50 191
302 193
865 205
2 215
135 218
270 222
912 232
988 252
618 283
347 286
277 287
650 299
905 305
918 314
153 321
923 325
298 336
182 345
328 345
652 350
25 350
547 351
154 355
226 358
111 363
199 367
617 368
793 371
335 386
665 389
873 389
219 396
708 433
887 459
483 462
557 466
537 466
958 470
51 475
101 481
33 482
954 486
965 505
149 508
697 514
31 532
664 539
568 543
400 544
909 548
426 561
773 570
760 580
201 584
962 589
646 593
604 595
396 595
383 597
442 604
568 608
308 611
385 612
442 616
791 623
295 624
397 627
680 628
801 635
139 640
932 645
58 646
418 659
61 672
244 678
60 697
97 700
628 704
828 704
946 706
994 706
442 717
816 723
196 723
193 728
842 737
136 754
901 767
268 773
226 775
277 780
9 783
114 788
68 789
796 791
144 804
941 810
926 814
755 818
842 830
705 830
540 831
854 835
6 836
78 840
346 846
958 850
441 852
364 855
81 878
498 878
815 880
918 882
421 884
742 894
398 904
88 907
598 913
468 914
873 915
106 916
442 921
368 925
906 932
468 933
122 935
186 937
495 940
470 948
725 960
219 961
453 969
220 978
322 980
345 980
473 992
