241
210 1
244 1
88 2
184 2
134 3
168 5
262 6
34 7
275 8
212 8
225 9
253 10
268 11
27 11
260 11
281 11
209 14
279 14
51 14
61 15
103 15
8 16
5 16
222 17
4 18
144 18
263 19
317 19
314 20
294 20
189 22
172 22
164 23
57 24
241 24
265 25
25 25
190 26
249 26
48 27
179 27
63 28
93 29
297 30
308 31
313 31
294 32
194 34
75 34
11 36
7 36
218 38
317 38
227 38
40 39
167 40
97 42
159 42
65 44
132 44
236 44
48 45
123 45
157 46
171 46
152 46
160 48
232 49
261 52
27 52
30 53
292 56
266 57
38 58
203 58
240 60
306 60
200 60
81 63
321 63
176 64
263 65
135 65
311 66
304 67
302 67
50 68
92 68
205 68
179 68
21 69
82 69
172 70
35 70
5 71
237 71
165 71
198 72
1 72
321 73
302 73
273 73
79 73
161 73
134 74
102 74
124 75
154 75
138 76
181 76
318 77
282 78
232 78
168 79
192 79
313 80
188 81
228 81
294 82
76 84
76 84
226 85
121 85
247 86
69 87
164 87
21 89
249 90
170 90
188 91
44 93
40 96
141 96
186 96
137 97
164 97
180 97
120 98
224 100
185 100
240 101
249 102
294 103
280 104
50 105
292 105
48 105
3 105
221 105
81 108
273 108
95 108
272 109
175 111
26 113
284 113
235 114
263 116
185 116
285 117
35 117
312 119
156 119
136 119
75 120
262 120
169 120
262 120
221 120
55 121
108 122
187 122
177 122
213 123
246 124
317 124
319 125
262 126
82 128
113 128
19 129
304 131
198 131
49 131
15 131
313 133
203 133
71 134
87 135
317 135
271 136
135 137
160 137
66 137
262 138
227 138
149 138
96 139
114 139
97 139
27 139
3 140
288 142
134 144
113 145
113 146
263 147
114 147
22 148
143 150
92 150
201 151
45 152
54 154
228 154
274 155
321 155
123 156
21 157
69 157
145 157
313 157
269 159
76 160
277 162
52 162
58 163
192 164
49 164
229 164
98 165
180 165
182 167
91 167
92 168
118 169
5 169
281 169
153 171
123 171
214 172
