700
892 2
15 5
993 7
221 10
389 11
574 12
319 12
950 13
808 15
33 15
847 17
251 19
870 19
961 20
50 24
537 24
246 27
346 28
584 30
1000 34
957 34
528 35
901 37
413 38
32 41
670 44
360 46
740 46
69 48
48 50
811 50
962 52
48 54
670 54
256 56
112 59
692 60
413 61
638 65
504 66
553 66
516 67
582 67
642 70
886 71
106 74
493 74
832 74
317 76
655 79
77 80
284 81
742 82
676 82
404 84
548 88
270 88
382 89
668 92
440 93
115 94
435 95
985 97
18 97
584 98
43 98
254 98
517 99
735 102
66 105
576 106
309 109
237 110
223 110
803 112
206 116
6 121
952 122
186 123
121 127
357 130
633 130
975 132
90 132
519 132
52 134
207 135
992 136
824 137
505 139
708 143
970 143
67 143
707 144
693 146
873 147
450 147
283 147
581 147
850 149
150 151
432 153
464 153
717 153
375 154
851 156
438 157
290 159
794 163
423 163
817 164
812 165
25 165
283 166
893 167
668 167
544 170
253 172
716 172
451 174
21 177
581 181
357 181
620 183
957 183
439 187
242 188
292 191
823 191
995 191
641 192
142 193
318 195
261 196
978 196
86 198
561 201
511 201
641 201
180 201
964 202
689 202
50 203
632 204
286 204
974 205
619 207
211 207
812 211
22 212
292 214
827 215
98 217
202 218
399 218
393 221
362 222
147 222
629 226
640 228
891 229
633 230
346 230
902 234
475 234
526 236
635 238
363 239
248 240
721 240
33 243
216 244
965 244
731 246
885 252
921 253
190 254
733 255
155 256
487 257
38 258
161 258
407 261
82 261
494 262
143 263
826 263
272 263
896 264
391 266
92 267
567 269
866 270
782 270
420 272
267 272
378 273
911 273
697 277
849 279
305 283
143 283
691 286
626 286
730 293
906 293
996 294
369 294
102 295
122 295
990 295
739 298
848 299
461 300
576 300
304 302
469 302
172 302
956 303
352 305
521 305
243 307
978 307
188 310
664 311
829 312
942 313
199 315
125 318
291 320
13 320
996 322
108 323
931 325
548 325
906 326
441 329
786 331
884 332
918 332
165 333
317 335
441 337
806 338
607 340
570 346
105 346
902 348
924 349
632 350
570 350
127 352
696 354
285 354
263 355
250 358
446 360
841 361
992 363
241 364
952 365
172 365
23 369
257 370
319 377
853 378
732 379
675 379
934 380
861 380
990 382
146 383
364 386
875 386
322 389
429 393
971 394
392 398
864 398
389 400
249 400
736 400
817 403
388 403
449 408
658 408
772 408
237 409
810 410
883 411
243 411
752 411
461 411
634 412
140 412
296 413
144 413
383 418
751 418
905 420
46 424
163 426
461 427
183 430
758 430
87 431
205 431
548 431
146 432
76 437
351 438
919 438
717 438
883 440
733 441
758 442
707 443
611 443
367 450
595 453
46 453
85 453
181 458
24 459
198 460
358 463
203 465
747 465
627 470
372 473
804 473
308 474
363 475
882 476
535 478
211 479
641 480
597 482
497 483
414 485
752 487
69 487
537 490
178 491
466 492
955 494
736 494
529 495
876 503
578 503
994 505
819 505
104 505
458 507
891 509
501 509
27 510
830 513
821 516
264 516
274 516
4 521
911 521
486 522
863 522
976 523
157 524
285 524
344 529
537 533
452 536
385 540
90 540
508 541
724 542
254 543
998 544
289 545
433 547
209 548
341 548
677 550
476 550
315 552
126 552
813 552
473 553
317 554
127 554
922 555
66 565
303 566
595 567
12 568
732 569
334 572
776 574
787 574
641 576
313 577
833 577
340 579
522 579
659 581
250 583
94 584
341 585
456 586
591 586
714 588
88 590
374 593
41 595
190 600
221 601
929 603
516 603
510 603
598 607
678 608
983 609
123 609
261 611
63 611
214 614
517 615
102 616
371 617
396 619
456 619
45 621
372 621
500 622
662 624
261 625
419 626
11 631
765 632
279 634
441 635
400 635
440 636
638 637
189 638
305 639
277 639
701 642
405 642
236 643
335 643
961 647
782 647
144 648
793 648
870 648
627 651
205 651
448 651
669 651
622 652
839 655
973 657
176 659
819 660
113 667
364 667
84 667
565 668
652 669
496 670
785 671
135 676
143 677
863 677
744 679
190 680
162 681
820 682
619 683
125 685
86 685
734 686
200 687
634 689
261 689
403 690
733 690
863 690
11 696
383 697
967 698
735 698
105 701
218 704
879 704
998 704
407 707
339 716
122 718
502 719
690 719
176 719
202 720
366 721
817 721
934 721
240 721
538 722
555 722
725 725
642 726
826 729
373 733
994 733
467 735
375 735
159 737
866 739
417 740
431 745
341 746
471 748
659 748
807 751
633 752
424 755
480 755
460 757
198 758
102 758
388 758
983 758
809 759
566 760
521 761
87 762
244 763
303 766
876 771
221 772
573 774
33 779
935 780
614 782
524 782
687 784
804 787
526 790
421 793
645 793
261 793
417 793
555 793
872 796
183 798
204 800
301 804
219 805
193 807
876 807
473 809
65 810
98 812
435 813
601 817
325 819
642 819
534 821
271 821
514 821
10 823
733 823
534 823
277 824
776 825
295 829
276 831
16 832
680 833
749 835
636 836
77 838
300 839
1 839
929 841
300 842
394 842
825 843
732 845
715 846
493 846
936 855
257 856
880 856
752 860
454 861
564 862
423 862
547 862
599 863
296 865
35 866
633 868
967 873
348 874
335 880
311 891
489 892
406 893
313 893
20 894
446 894
819 894
679 897
203 898
372 899
326 900
709 900
354 904
732 906
963 907
7 909
771 910
538 910
215 911
342 912
271 913
439 913
259 913
422 917
311 919
695 921
152 922
965 924
716 925
291 928
844 929
693 929
54 930
931 933
726 934
270 937
21 937
130 938
424 938
734 943
813 945
242 946
729 948
465 950
944 952
2 952
204 953
909 953
94 953
876 956
827 958
111 958
725 958
40 959
131 959
843 960
507 961
646 961
460 961
53 963
655 963
847 963
382 965
826 965
248 966
253 967
224 971
636 971
236 972
377 976
178 977
851 977
376 977
367 979
74 981
721 981
373 981
432 982
417 983
131 984
577 985
59 985
736 986
984 986
901 989
741 991
333 991
385 991
352 993
158 994
673 995
812 996
424 998
429 999
