1000
807 0
643 0
968 1
575 2
15 5
249 5
153 7
229 9
944 9
679 10
634 14
612 15
112 17
388 18
765 19
459 19
127 19
336 20
751 20
658 22
273 23
60 24
353 24
195 24
749 25
808 25
521 26
75 30
162 32
240 32
17 33
868 35
695 35
499 36
41 38
551 41
959 44
846 45
221 46
360 46
348 46
505 50
260 50
250 51
374 51
924 52
235 52
337 53
340 53
719 54
779 55
533 55
384 55
796 57
407 58
395 58
245 59
711 60
31 60
276 60
982 61
40 63
135 65
364 65
954 66
559 67
753 67
599 69
142 70
969 71
164 81
561 81
822 82
120 82
340 84
793 84
93 84
199 85
238 87
556 89
802 90
282 90
188 90
139 90
925 91
365 94
197 94
578 96
667 97
852 99
704 100
658 100
208 101
240 101
705 102
464 105
724 108
279 112
176 115
186 116
570 116
248 116
446 117
645 118
580 121
470 122
60 123
531 124
548 124
105 124
828 125
256 126
408 127
688 127
594 127
319 128
92 128
103 130
601 133
710 133
633 133
54 134
331 135
128 136
149 136
255 136
518 137
613 137
221 137
662 138
210 138
990 139
637 141
24 143
936 144
219 150
169 152
399 156
191 156
120 156
556 157
467 157
990 158
423 159
261 159
111 159
469 159
830 160
115 160
195 160
928 161
527 161
527 162
633 163
369 163
455 164
159 165
159 166
112 166
254 166
288 167
66 167
555 168
14 168
251 169
453 170
662 171
752 173
986 173
640 173
494 173
932 174
964 174
193 175
156 177
506 177
276 178
657 178
831 180
198 180
258 181
188 182
72 182
918 183
343 185
12 186
58 188
972 188
387 190
951 194
91 195
873 195
983 195
151 199
559 202
492 202
135 202
874 203
593 204
264 204
275 205
747 205
713 206
425 206
720 207
10 212
808 214
67 215
63 215
975 215
948 216
363 217
745 218
957 219
455 221
277 221
450 221
989 222
506 222
394 222
679 222
329 223
230 224
366 224
685 224
830 227
622 228
412 228
664 228
570 229
325 231
521 233
890 234
312 235
173 236
79 237
911 237
658 237
689 242
414 243
474 244
241 245
457 247
846 250
808 250
804 251
881 252
140 252
473 254
842 255
620 255
740 255
862 256
8 257
789 259
644 259
854 260
1 261
664 263
92 264
109 264
979 264
341 265
413 266
171 266
244 267
471 268
728 269
836 271
826 271
676 272
244 274
305 276
322 279
279 281
932 282
520 285
476 285
349 286
317 288
428 288
181 291
813 292
469 292
654 293
798 295
905 295
51 296
295 296
744 296
927 297
28 298
329 299
433 300
959 300
978 301
117 302
719 303
205 303
261 303
644 303
883 303
602 304
744 305
98 306
348 307
144 308
138 309
495 311
502 313
438 313
208 314
642 316
307 317
826 317
363 319
912 319
532 320
443 320
901 320
385 321
620 322
932 322
444 323
48 327
815 328
760 328
732 330
710 330
890 331
922 332
376 333
241 333
775 334
265 334
296 335
419 336
921 336
460 340
828 341
210 341
205 343
270 343
153 349
100 349
984 351
330 351
940 351
487 352
528 353
488 354
438 355
279 355
153 355
435 356
663 356
874 357
761 357
838 360
399 360
446 360
277 361
26 361
159 362
222 363
893 364
110 364
182 366
894 367
132 369
387 370
339 371
836 372
963 373
372 373
577 373
798 374
496 375
919 375
664 377
365 377
950 379
34 379
263 379
342 380
145 381
685 382
696 382
610 383
904 384
322 384
789 385
474 385
941 387
961 387
582 388
549 390
22 390
601 390
4 391
835 394
914 395
80 396
983 397
120 397
213 397
230 398
613 399
190 400
867 401
783 402
860 403
258 404
872 405
127 407
77 407
228 408
876 408
584 410
113 410
348 410
141 412
852 413
370 415
337 417
235 420
167 422
573 423
187 423
706 424
959 425
553 426
332 426
34 428
21 429
625 429
110 429
595 431
759 431
772 433
605 435
824 436
331 436
757 437
334 437
541 439
702 439
406 441
91 442
590 443
55 446
590 446
421 447
951 447
531 448
840 448
353 449
336 449
257 451
192 452
315 453
413 453
72 454
649 454
839 454
659 455
151 456
258 458
304 459
186 460
708 460
575 461
482 463
777 463
802 463
569 466
95 468
597 470
611 474
318 476
946 477
311 477
724 479
520 479
583 480
753 480
624 481
182 482
360 482
148 483
740 485
544 486
413 489
173 493
13 494
333 495
153 495
788 498
48 499
477 500
350 500
77 501
638 502
947 503
758 503
346 503
994 503
781 504
485 504
774 506
313 508
686 508
516 509
157 509
380 510
190 510
464 511
993 511
472 512
75 512
816 513
785 514
250 517
90 520
440 521
630 523
968 523
331 524
671 524
900 525
822 526
901 526
403 526
514 526
157 528
256 529
847 529
700 530
897 531
660 533
364 534
91 535
387 538
53 538
906 540
574 541
761 541
69 542
195 543
829 545
736 546
862 547
36 548
380 549
919 549
667 549
757 550
19 550
556 551
250 551
852 552
302 553
764 555
973 557
92 557
932 557
658 558
970 559
316 560
483 562
265 562
410 563
859 564
840 565
515 567
529 569
255 570
614 571
943 572
75 573
526 573
537 574
850 575
159 577
748 578
81 578
103 580
410 580
360 581
398 582
531 582
815 583
756 583
564 584
310 585
951 585
480 585
407 586
148 587
773 588
67 589
499 589
177 590
702 592
129 594
916 594
137 595
21 595
530 595
871 595
473 595
384 596
780 596
450 596
588 596
491 597
480 598
288 600
203 601
367 602
898 603
42 603
734 605
319 605
704 606
401 606
706 606
130 608
902 608
804 609
129 610
331 611
972 611
197 613
230 613
917 613
343 615
870 616
65 616
980 618
163 619
998 620
940 620
530 623
41 625
301 625
282 625
305 629
965 629
489 632
418 632
266 633
852 633
503 634
1000 635
562 636
594 637
250 637
416 638
403 638
856 640
769 640
436 641
965 645
153 646
857 646
943 648
110 649
36 650
362 651
456 652
616 653
583 654
509 654
123 655
569 655
987 655
522 655
726 656
592 656
907 657
892 658
529 660
938 660
968 661
81 661
948 663
996 663
981 663
765 666
999 666
608 667
560 667
419 670
719 674
287 675
719 677
420 677
476 677
178 677
53 678
87 678
653 679
755 680
904 681
557 683
421 684
348 684
543 685
620 687
798 687
114 687
367 688
976 688
777 689
564 689
129 690
771 690
565 691
51 692
104 693
455 696
414 699
994 699
671 701
155 701
131 701
692 704
215 705
660 705
917 706
373 707
764 710
115 710
421 710
548 710
15 710
526 711
642 711
732 714
55 716
396 717
126 718
247 718
377 718
670 718
954 719
165 720
773 722
646 723
70 724
561 725
278 726
91 727
561 728
184 728
573 728
37 729
948 732
785 733
589 733
665 733
229 737
401 739
165 740
472 740
829 741
543 744
584 744
588 745
342 746
928 747
850 749
19 750
138 750
400 750
120 752
963 752
685 753
604 753
987 754
78 755
395 755
729 755
31 756
549 758
353 758
631 764
927 764
80 765
383 767
356 768
11 770
158 770
621 772
440 772
806 772
480 773
299 773
641 773
574 774
776 774
446 775
527 775
561 778
467 778
732 780
939 781
866 784
932 785
516 785
114 786
498 787
643 788
288 789
254 789
997 789
118 789
467 790
373 791
757 791
820 791
169 794
395 796
189 797
909 797
714 797
939 798
766 800
898 801
548 801
666 802
423 803
847 803
797 804
65 804
739 805
231 805
691 808
989 810
943 810
599 812
551 812
485 815
32 817
248 817
235 820
386 821
917 821
277 821
186 821
677 825
69 827
281 828
692 830
188 830
428 830
951 832
13 832
298 834
243 837
351 838
215 838
548 839
89 839
345 840
146 841
756 841
577 841
263 843
822 844
255 846
388 848
453 848
992 848
689 849
579 851
491 852
337 853
518 853
945 854
140 854
311 856
121 856
468 857
600 857
848 862
78 862
295 862
322 862
37 863
876 865
335 866
321 867
827 869
215 869
29 870
540 876
640 876
396 877
143 877
970 878
893 879
288 880
993 883
379 883
985 884
114 885
552 887
448 889
986 889
554 891
830 895
615 896
584 896
108 896
4 897
281 899
259 899
362 900
915 900
237 907
922 914
17 916
121 916
873 917
14 917
584 918
778 919
260 921
374 922
151 927
152 927
92 933
897 933
295 934
960 935
885 937
409 938
842 939
365 940
405 940
396 940
654 941
214 942
39 944
1 945
188 945
662 945
958 946
395 948
153 950
728 953
115 954
188 955
426 957
210 957
210 958
410 959
829 959
416 960
33 962
318 962
265 964
587 964
882 965
123 965
644 966
752 968
6 969
800 969
605 971
235 971
87 975
614 975
591 975
126 976
600 976
393 977
959 977
262 978
18 978
523 981
568 981
288 982
268 982
71 983
475 985
983 986
149 987
304 990
699 991
457 991
840 992
757 993
431 994
518 994
258 995
555 995
702 999
