187
100 2
5 3
8 8
142 10
214 12
176 12
9 14
192 15
153 20
190 20
80 21
234 23
278 23
64 24
100 24
26 25
69 29
211 30
236 30
214 30
283 32
251 35
76 35
201 35
207 36
46 38
236 38
8 40
33 40
135 40
23 42
72 45
69 47
60 48
120 50
58 52
45 53
270 53
225 53
75 53
227 58
60 58
187 59
26 59
61 61
150 62
108 63
95 66
64 68
180 70
116 73
245 74
97 76
277 78
212 82
25 83
287 87
35 87
63 89
49 90
234 92
63 93
13 94
11 94
69 95
210 97
145 98
148 100
12 101
23 106
22 107
116 108
222 108
84 110
147 110
107 111
47 112
88 113
213 114
103 116
191 118
275 121
28 122
5 122
17 122
160 128
221 129
185 130
3 131
197 131
143 132
232 133
140 136
72 140
55 142
256 144
227 145
192 147
70 148
108 150
65 152
97 153
147 155
77 155
273 159
153 160
141 162
240 163
136 164
62 165
292 165
23 165
39 166
137 169
18 171
17 171
24 172
180 172
99 173
174 175
249 176
135 177
193 180
257 183
201 183
143 184
252 187
90 187
75 188
230 188
135 189
187 190
235 191
123 195
238 195
289 195
284 195
131 196
22 199
42 200
149 202
13 203
230 206
268 208
172 210
215 210
246 212
296 214
142 215
61 215
183 216
185 216
149 221
166 223
210 224
208 224
185 226
227 226
37 227
136 229
184 230
43 233
61 234
146 235
56 236
107 237
223 239
73 239
101 242
36 242
66 245
225 245
203 246
252 248
218 248
42 248
205 250
150 250
202 251
48 255
48 257
284 257
199 260
49 260
262 260
293 261
260 262
