556
60 0
45 0
32 0
5 0
27 1
29 1
71 1
31 1
68 1
59 1
66 2
54 2
37 2
21 2
7 3
36 3
51 4
71 4
43 4
14 4
71 5
11 5
24 6
34 7
7 7
46 7
33 7
9 7
50 8
29 9
18 9
18 10
28 10
66 12
37 12
32 12
25 12
71 13
32 13
21 13
30 14
50 14
40 14
41 14
71 14
71 14
12 16
22 16
41 17
39 17
15 17
65 17
40 18
59 18
17 18
60 19
35 19
23 20
69 20
40 20
12 21
44 21
10 21
5 22
60 22
24 22
3 22
66 22
41 22
56 23
37 23
33 23
65 23
30 23
6 23
66 24
48 24
17 24
26 26
13 27
62 27
25 27
8 28
16 29
31 29
6 29
49 29
61 29
60 30
6 31
12 31
6 31
25 32
53 32
67 32
16 33
30 33
37 33
49 33
21 34
31 34
30 35
70 35
16 36
9 36
18 36
36 37
49 37
11 38
48 38
68 40
26 40
36 40
18 40
27 40
50 41
25 41
70 41
18 41
61 41
49 41
29 42
5 42
50 43
9 43
12 43
47 43
58 43
26 44
1 44
25 44
49 45
11 45
42 46
8 46
52 46
53 46
54 47
5 47
3 49
64 49
30 49
45 49
45 50
8 50
26 50
8 51
22 51
28 51
67 52
40 52
37 52
25 53
51 53
39 53
24 54
40 54
49 54
34 54
71 55
5 55
27 56
50 56
15 57
19 57
48 58
47 58
39 58
59 59
19 59
12 61
28 62
71 62
28 62
26 62
67 62
25 62
4 62
17 63
25 63
67 63
60 64
63 64
71 64
41 65
58 65
5 65
71 66
3 66
59 66
44 66
61 67
46 67
39 67
40 67
30 67
29 68
53 68
25 68
54 69
23 69
18 69
25 69
56 69
10 70
28 70
23 71
47 71
9 71
52 72
63 73
46 73
37 73
14 74
52 74
27 74
24 75
8 75
4 75
47 75
68 76
33 76
27 76
36 76
34 77
48 78
22 78
23 78
64 79
32 79
50 80
70 80
70 80
13 80
69 81
71 81
17 81
40 81
65 81
42 82
15 82
19 82
64 82
17 82
4 82
43 83
68 83
22 83
60 84
13 84
21 85
48 85
16 85
21 87
41 87
64 87
56 88
64 90
22 90
17 90
28 91
7 91
30 91
32 91
34 92
37 92
20 92
35 93
43 93
44 93
17 93
5 93
11 93
43 94
58 95
55 95
7 95
1 96
64 96
70 96
5 96
36 96
47 96
63 97
3 97
64 97
30 98
10 98
39 98
8 98
52 99
22 99
25 99
5 99
57 101
12 101
66 102
46 102
29 103
50 103
18 103
50 105
32 105
50 105
71 106
68 106
59 106
7 106
22 107
70 107
10 107
4 108
67 108
7 108
40 108
33 109
32 110
42 110
59 111
64 111
14 111
63 111
20 112
37 113
42 114
22 114
58 114
45 114
38 114
41 115
33 115
44 115
60 115
69 116
22 116
37 116
40 116
30 116
29 116
62 117
66 117
44 117
4 117
67 117
71 118
24 118
67 118
57 118
10 118
68 119
30 119
50 120
69 120
10 120
21 120
12 120
15 121
49 121
18 121
46 122
31 123
18 123
42 123
53 124
27 124
30 124
61 124
69 124
23 125
23 125
12 126
44 126
52 126
37 127
34 127
16 127
34 127
71 127
6 128
62 128
45 128
30 129
30 129
19 129
29 130
50 130
24 130
68 131
58 131
37 132
54 132
57 132
39 133
21 133
12 133
28 133
43 133
24 133
31 134
22 134
68 134
66 134
22 134
59 135
27 135
37 135
3 136
57 137
30 137
14 137
32 137
12 138
33 139
1 139
66 139
36 140
57 140
35 140
58 140
41 141
49 141
56 142
51 142
50 142
23 143
7 143
31 143
51 144
22 144
13 144
63 144
58 144
33 144
70 145
37 145
19 145
60 145
36 145
54 145
15 146
3 146
70 147
38 147
47 147
19 148
27 148
56 148
31 148
70 152
52 152
39 152
50 153
16 154
38 154
60 154
70 154
23 154
26 155
21 155
44 155
24 155
8 156
58 157
23 157
65 158
51 158
1 158
58 158
49 158
7 159
18 159
55 159
14 159
11 159
56 160
23 160
71 160
44 160
71 160
20 161
15 161
66 161
41 161
48 162
55 162
40 163
2 163
7 163
12 163
20 164
34 164
58 164
45 164
4 165
1 165
69 165
4 165
17 166
37 166
2 166
67 167
27 167
5 167
51 168
48 168
52 168
43 168
18 168
1 169
30 169
7 169
7 169
16 169
30 170
69 170
5 171
71 172
71 172
55 172
20 172
39 172
48 172
54 173
18 174
14 174
1 175
31 175
24 176
68 176
29 177
22 177
63 177
61 178
9 178
41 179
70 179
45 179
55 179
47 179
26 179
62 179
70 179
21 179
57 180
50 180
7 180
28 181
29 181
59 182
45 182
28 182
58 182
44 182
71 182
69 183
28 183
