1000
35 0
685 1
679 1
503 2
530 2
786 2
167 3
131 4
717 4
160 5
423 5
878 7
207 8
447 9
678 9
862 9
78 11
595 11
333 11
599 13
939 14
995 14
145 14
486 14
690 15
319 16
741 16
153 16
533 17
836 18
248 18
303 21
319 22
31 22
424 22
996 25
349 26
956 27
950 28
747 28
104 28
128 29
977 30
344 32
501 32
661 33
865 33
397 34
69 35
442 35
102 36
160 37
974 38
361 40
968 40
989 41
988 43
584 43
636 45
832 46
82 47
333 49
375 50
39 51
531 52
581 53
433 54
56 54
463 54
477 55
780 55
651 56
987 57
722 57
818 58
853 58
619 60
295 60
526 61
14 63
758 66
363 68
51 68
260 68
282 72
738 73
782 75
549 76
106 76
271 76
665 77
958 77
185 78
457 80
863 80
375 81
793 83
411 83
501 85
762 85
791 86
686 87
372 89
543 91
752 92
492 92
521 92
124 93
508 93
304 93
332 94
583 96
895 98
74 101
918 101
718 101
689 102
99 102
316 103
711 103
400 104
166 104
806 107
256 108
801 108
760 110
143 110
285 111
941 112
365 113
389 117
242 118
898 120
97 121
73 121
473 122
296 122
743 124
546 125
198 125
384 127
402 128
409 130
143 131
513 133
661 136
538 138
546 138
789 140
262 140
936 144
109 145
725 145
374 146
845 148
70 148
705 148
850 149
604 150
438 151
655 152
340 155
439 155
121 155
491 156
697 160
150 160
943 161
362 161
806 161
156 165
111 167
660 168
528 168
166 171
741 174
98 174
590 174
630 175
39 175
1000 176
808 176
322 178
820 180
890 180
891 181
345 181
461 181
6 182
996 185
632 185
629 187
500 188
165 190
86 192
699 193
110 194
172 195
471 195
187 197
413 198
432 198
851 198
465 201
494 202
460 202
769 203
259 206
432 206
456 206
90 206
960 207
587 208
580 210
455 210
371 210
537 211
401 211
56 211
872 212
252 214
938 215
205 215
241 215
733 216
202 217
284 218
978 219
93 219
684 220
999 220
297 221
928 223
713 223
866 224
99 228
6 230
369 233
648 234
695 234
16 235
900 236
535 237
379 239
827 239
653 239
916 240
318 240
422 240
770 240
343 241
686 243
627 244
286 244
165 245
106 248
176 249
587 249
215 249
579 250
4 250
583 250
513 251
432 251
869 253
925 253
717 254
463 255
738 257
957 259
112 259
486 260
955 260
391 261
879 261
246 263
449 263
520 264
415 266
594 266
848 267
833 267
785 269
842 270
512 273
173 273
97 273
259 274
76 276
919 276
159 276
948 280
400 281
802 282
437 283
298 283
243 283
101 287
900 291
913 293
313 294
559 295
528 295
940 297
64 298
460 300
499 301
729 301
442 302
240 303
204 305
852 305
751 306
862 306
290 307
930 307
946 310
610 310
453 315
410 316
845 316
765 318
207 321
247 322
141 323
114 326
805 326
339 328
565 328
803 328
596 329
146 329
283 333
577 335
742 335
236 336
516 337
982 338
278 339
66 341
38 342
293 342
134 342
727 343
533 343
123 347
738 350
811 350
301 350
136 352
300 355
477 358
14 358
801 358
9 359
731 359
904 362
532 363
935 365
651 366
313 367
764 368
522 368
557 369
440 370
636 372
115 372
227 373
895 373
618 374
949 374
735 375
171 375
404 376
384 376
396 376
967 377
465 380
679 380
215 381
436 382
758 383
731 383
809 383
195 385
271 387
814 388
407 389
677 390
843 390
795 390
807 392
393 392
924 393
270 395
268 395
726 396
571 397
264 397
622 399
682 400
355 401
945 402
456 402
317 402
685 403
163 404
209 405
53 409
618 410
359 410
21 414
166 415
108 415
921 415
213 416
100 416
44 422
623 422
760 423
951 423
664 423
559 424
521 426
176 427
554 427
999 429
282 429
645 432
992 433
840 435
618 436
266 438
83 438
752 439
963 440
308 441
721 442
227 442
211 442
979 444
495 445
532 448
611 449
19 449
459 450
88 452
511 453
589 456
97 456
543 458
732 458
674 459
343 459
813 459
388 459
536 462
324 463
649 464
900 465
823 466
812 466
365 467
963 468
536 468
671 469
452 469
888 470
886 470
366 471
931 471
908 471
172 471
759 472
863 474
374 476
343 476
659 476
530 477
756 477
223 479
184 481
311 481
655 482
364 486
745 489
483 489
736 490
280 490
153 491
158 491
710 492
705 493
807 493
568 493
413 494
656 495
453 495
563 496
740 496
831 496
470 497
218 498
476 502
119 503
500 504
398 504
937 505
72 505
485 506
890 506
324 508
658 509
346 509
816 509
519 510
745 511
192 511
383 511
593 512
370 515
306 515
961 517
364 519
658 519
312 519
389 519
515 520
888 521
499 522
215 525
530 527
811 528
445 528
649 529
927 530
330 532
865 532
261 533
570 533
140 534
69 534
137 535
654 535
795 536
28 537
909 539
130 542
213 543
209 545
495 546
657 546
772 549
191 549
607 549
880 549
698 550
429 550
784 551
302 552
990 553
268 553
721 555
478 555
714 557
70 558
498 559
787 561
616 561
609 561
347 561
48 562
728 562
649 563
74 564
519 564
179 565
144 567
16 568
520 568
166 569
280 569
188 571
726 571
920 571
56 571
8 571
838 571
870 572
98 574
239 576
324 579
683 579
946 580
560 581
282 584
603 586
492 586
868 587
516 587
670 588
816 590
228 592
85 592
405 592
815 594
153 595
317 596
996 598
998 598
75 600
384 600
397 600
292 602
861 602
503 603
183 604
230 604
193 605
912 606
795 606
864 608
545 609
147 613
760 614
488 614
714 614
553 615
427 615
20 616
787 616
70 619
787 622
941 622
595 624
994 624
607 626
140 629
171 629
772 631
489 631
21 632
329 633
374 634
633 634
433 636
890 638
833 638
500 639
379 641
143 644
822 644
723 644
127 646
629 648
219 648
152 648
681 648
918 648
71 649
785 650
569 650
240 651
304 651
153 652
582 653
610 656
801 656
961 656
186 658
577 659
453 659
676 660
297 662
238 662
280 662
849 662
19 663
740 663
130 665
537 666
503 667
607 669
813 669
264 671
426 671
453 673
430 675
428 677
430 678
447 685
675 687
830 688
419 688
800 688
528 688
465 689
852 691
784 691
443 691
694 692
800 693
607 694
110 694
515 695
399 698
277 698
814 698
799 698
430 699
476 700
66 701
553 701
608 701
981 702
977 702
711 702
943 703
423 706
999 709
355 710
632 710
673 711
663 712
13 714
342 715
190 716
46 717
280 717
355 718
662 720
421 720
795 720
437 722
838 724
491 724
961 725
442 725
299 727
897 730
202 731
626 734
78 738
403 739
428 739
404 741
916 743
224 743
582 744
135 744
756 745
312 745
891 747
62 748
386 748
958 749
272 749
510 751
732 752
799 753
155 756
547 756
785 757
630 757
417 759
478 761
914 762
493 762
478 763
472 764
392 764
751 764
192 765
770 766
131 766
178 767
969 767
413 767
266 768
60 768
82 769
927 770
438 771
350 771
693 772
824 772
55 773
768 773
796 774
302 775
212 779
510 780
813 780
126 781
807 783
674 785
876 785
62 788
460 789
465 790
918 790
436 791
977 791
950 793
612 793
364 794
324 796
911 796
185 796
559 797
266 798
69 798
104 799
252 799
777 800
397 800
481 804
42 805
638 806
355 806
194 807
181 809
512 810
293 810
839 811
639 812
22 812
712 812
603 813
328 815
78 816
11 817
893 819
224 822
67 824
880 827
697 828
886 828
423 828
661 832
626 832
15 833
386 833
759 833
747 835
126 837
187 840
922 842
9 843
365 844
438 846
730 846
72 846
632 847
716 848
743 848
242 849
129 850
819 851
833 853
771 853
341 853
664 853
93 853
210 854
138 855
521 855
283 858
635 858
139 860
593 860
207 861
913 862
870 863
559 864
796 864
411 865
697 866
128 867
96 869
112 871
251 877
793 877
195 879
971 879
811 883
768 887
745 887
579 888
631 890
880 891
184 893
894 895
437 895
923 896
902 896
285 896
885 898
148 899
447 901
375 902
453 903
71 905
908 906
546 906
26 907
58 909
669 909
665 910
520 910
743 911
413 913
880 916
657 917
627 918
844 919
453 920
564 920
120 921
78 923
799 923
251 927
795 927
133 929
787 929
438 930
283 931
98 931
811 932
815 933
225 935
108 936
83 937
955 938
974 940
94 940
987 941
394 942
260 942
605 942
32 942
210 944
971 945
846 945
356 945
997 945
514 947
428 948
965 949
870 949
771 949
699 950
240 951
546 953
279 953
115 953
294 953
911 954
603 954
520 955
909 956
244 956
43 959
614 960
332 961
726 962
752 966
4 966
626 967
990 967
421 969
792 969
667 970
596 970
137 971
811 971
919 972
660 972
73 974
543 974
219 975
814 975
857 980
531 981
666 981
484 985
878 987
456 987
911 987
854 989
428 990
111 993
336 995
788 995
419 995
11 997
699 997
137 998
370 999
703 999
