1000
888 2147483637
600 2147483637
711 2147483637
63 2147483637
467 2147483637
899 2147483637
620 2147483637
497 2147483637
184 2147483637
295 2147483637
799 2147483637
932 2147483637
162 2147483637
341 2147483637
156 2147483637
729 2147483637
624 2147483637
834 2147483637
864 2147483637
288 2147483637
828 2147483637
84 2147483637
966 2147483637
158 2147483637
921 2147483637
239 2147483637
227 2147483637
401 2147483637
70 2147483637
239 2147483637
396 2147483637
576 2147483637
474 2147483637
789 2147483637
507 2147483637
654 2147483637
532 2147483637
646 2147483637
827 2147483637
929 2147483637
529 2147483637
496 2147483637
2 2147483637
624 2147483637
934 2147483637
526 2147483637
660 2147483637
288 2147483637
904 2147483637
803 2147483637
694 2147483637
216 2147483637
101 2147483637
669 2147483637
253 2147483637
419 2147483637
267 2147483637
453 2147483637
326 2147483637
214 2147483637
843 2147483637
80 2147483637
120 2147483637
837 2147483637
288 2147483637
740 2147483637
284 2147483637
805 2147483637
262 2147483637
502 2147483637
967 2147483637
292 2147483637
470 2147483637
380 2147483637
331 2147483637
433 2147483637
22 2147483637
478 2147483637
658 2147483637
441 2147483637
761 2147483637
319 2147483637
691 2147483637
849 2147483638
340 2147483638
117 2147483638
631 2147483638
174 2147483638
577 2147483638
887 2147483638
101 2147483638
271 2147483638
58 2147483638
132 2147483638
415 2147483638
180 2147483638
163 2147483638
514 2147483638
998 2147483638
527 2147483638
60 2147483638
445 2147483638
328 2147483638
85 2147483638
356 2147483638
328 2147483638
16 2147483638
162 2147483638
412 2147483638
187 2147483638
268 2147483638
57 2147483638
725 2147483638
619 2147483638
139 2147483638
562 2147483638
717 2147483638
613 2147483638
130 2147483638
253 2147483638
752 2147483638
772 2147483638
710 2147483638
506 2147483638
575 2147483638
766 2147483638
868 2147483638
5 2147483638
902 2147483638
560 2147483638
204 2147483638
446 2147483638
475 2147483638
757 2147483638
97 2147483638
412 2147483638
4 2147483638
222 2147483638
875 2147483638
882 2147483638
974 2147483638
31 2147483638
602 2147483638
616 2147483638
610 2147483638
859 2147483638
799 2147483638
840 2147483638
270 2147483638
831 2147483638
567 2147483638
837 2147483638
567 2147483638
565 2147483638
192 2147483638
872 2147483638
930 2147483638
92 2147483638
375 2147483638
665 2147483638
975 2147483638
902 2147483638
107 2147483638
984 2147483638
975 2147483638
787 2147483638
502 2147483638
871 2147483638
882 2147483638
249 2147483638
991 2147483638
595 2147483638
526 2147483638
887 2147483638
443 2147483638
143 2147483638
257 2147483638
534 2147483638
164 2147483639
506 2147483639
779 2147483639
277 2147483639
507 2147483639
400 2147483639
531 2147483639
136 2147483639
266 2147483639
230 2147483639
810 2147483639
488 2147483639
881 2147483639
433 2147483639
867 2147483639
617 2147483639
712 2147483639
557 2147483639
769 2147483639
406 2147483639
751 2147483639
817 2147483639
617 2147483639
900 2147483639
245 2147483639
592 2147483639
710 2147483639
411 2147483639
402 2147483639
323 2147483639
434 2147483639
142 2147483639
796 2147483639
592 2147483639
640 2147483639
364 2147483639
42 2147483639
25 2147483639
526 2147483639
820 2147483639
756 2147483639
121 2147483639
131 2147483639
420 2147483639
447 2147483639
172 2147483639
306 2147483639
735 2147483639
467 2147483639
220 2147483639
508 2147483639
332 2147483639
519 2147483639
197 2147483639
310 2147483639
257 2147483639
364 2147483639
542 2147483639
364 2147483639
47 2147483639
121 2147483639
65 2147483639
587 2147483639
717 2147483639
151 2147483639
569 2147483639
44 2147483639
304 2147483639
237 2147483639
94 2147483639
520 2147483639
30 2147483639
804 2147483639
921 2147483639
3 2147483639
746 2147483639
995 2147483639
547 2147483639
135 2147483639
152 2147483639
343 2147483639
203 2147483639
293 2147483639
785 2147483639
392 2147483639
815 2147483639
679 2147483639
996 2147483639
257 2147483639
805 2147483639
866 2147483639
850 2147483640
575 2147483640
645 2147483640
334 2147483640
309 2147483640
449 2147483640
13 2147483640
76 2147483640
63 2147483640
103 2147483640
363 2147483640
103 2147483640
672 2147483640
656 2147483640
287 2147483640
908 2147483640
189 2147483640
246 2147483640
470 2147483640
895 2147483640
8 2147483640
433 2147483640
850 2147483640
336 2147483640
961 2147483640
984 2147483640
278 2147483640
296 2147483640
191 2147483640
494 2147483640
783 2147483640
204 2147483640
936 2147483640
305 2147483640
499 2147483640
457 2147483640
67 2147483640
918 2147483640
898 2147483640
134 2147483640
589 2147483640
241 2147483640
63 2147483640
860 2147483640
850 2147483640
583 2147483640
985 2147483640
826 2147483640
92 2147483640
78 2147483640
513 2147483640
322 2147483640
810 2147483640
197 2147483640
599 2147483640
300 2147483640
225 2147483640
390 2147483640
688 2147483640
898 2147483640
163 2147483640
412 2147483640
419 2147483640
782 2147483640
126 2147483640
520 2147483640
580 2147483640
786 2147483640
588 2147483640
374 2147483640
137 2147483640
266 2147483640
498 2147483640
692 2147483640
618 2147483640
218 2147483640
950 2147483640
84 2147483640
486 2147483640
939 2147483640
608 2147483640
938 2147483640
31 2147483640
633 2147483640
139 2147483640
740 2147483640
1000 2147483640
422 2147483641
758 2147483641
779 2147483641
302 2147483641
185 2147483641
422 2147483641
943 2147483641
374 2147483641
762 2147483641
385 2147483641
270 2147483641
480 2147483641
42 2147483641
93 2147483641
281 2147483641
712 2147483641
685 2147483641
547 2147483641
829 2147483641
995 2147483641
98 2147483641
277 2147483641
252 2147483641
871 2147483641
560 2147483641
927 2147483641
331 2147483641
926 2147483641
870 2147483641
196 2147483641
590 2147483641
517 2147483641
640 2147483641
330 2147483641
636 2147483641
891 2147483641
939 2147483641
37 2147483641
280 2147483641
625 2147483641
940 2147483641
112 2147483641
463 2147483641
951 2147483641
222 2147483641
93 2147483641
774 2147483641
932 2147483641
197 2147483641
718 2147483641
305 2147483641
487 2147483641
682 2147483641
621 2147483641
301 2147483641
202 2147483641
738 2147483641
387 2147483641
222 2147483641
487 2147483641
791 2147483641
558 2147483641
564 2147483641
161 2147483641
683 2147483641
107 2147483641
856 2147483641
802 2147483641
568 2147483641
104 2147483641
189 2147483641
415 2147483641
864 2147483641
927 2147483642
996 2147483642
254 2147483642
112 2147483642
526 2147483642
361 2147483642
998 2147483642
952 2147483642
928 2147483642
820 2147483642
223 2147483642
239 2147483642
19 2147483642
305 2147483642
132 2147483642
576 2147483642
751 2147483642
268 2147483642
278 2147483642
475 2147483642
271 2147483642
369 2147483642
603 2147483642
770 2147483642
227 2147483642
325 2147483642
848 2147483642
415 2147483642
30 2147483642
556 2147483642
446 2147483642
119 2147483642
254 2147483642
182 2147483642
939 2147483642
95 2147483642
662 2147483642
272 2147483642
331 2147483642
816 2147483642
892 2147483642
868 2147483642
405 2147483642
699 2147483642
663 2147483642
737 2147483642
484 2147483642
817 2147483642
908 2147483642
314 2147483642
620 2147483642
289 2147483642
105 2147483642
245 2147483642
137 2147483642
80 2147483642
157 2147483642
84 2147483642
517 2147483642
621 2147483642
645 2147483642
137 2147483642
436 2147483642
296 2147483642
623 2147483642
541 2147483642
474 2147483642
553 2147483642
454 2147483642
524 2147483642
459 2147483642
788 2147483642
438 2147483642
518 2147483642
386 2147483642
658 2147483642
102 2147483642
840 2147483642
399 2147483642
479 2147483642
211 2147483642
670 2147483642
144 2147483642
331 2147483642
179 2147483642
14 2147483642
461 2147483642
692 2147483642
895 2147483642
788 2147483642
849 2147483642
55 2147483642
171 2147483642
471 2147483642
452 2147483642
574 2147483642
603 2147483642
224 2147483643
381 2147483643
161 2147483643
707 2147483643
492 2147483643
628 2147483643
607 2147483643
214 2147483643
998 2147483643
248 2147483643
17 2147483643
513 2147483643
779 2147483643
161 2147483643
535 2147483643
36 2147483643
770 2147483643
847 2147483643
719 2147483643
416 2147483643
782 2147483643
37 2147483643
458 2147483643
258 2147483643
813 2147483643
625 2147483643
309 2147483643
261 2147483643
137 2147483643
269 2147483643
982 2147483643
788 2147483643
79 2147483643
706 2147483643
827 2147483643
487 2147483643
247 2147483643
245 2147483643
165 2147483643
950 2147483643
533 2147483643
225 2147483643
137 2147483643
700 2147483643
386 2147483643
146 2147483643
69 2147483643
845 2147483643
399 2147483643
790 2147483643
108 2147483643
348 2147483643
749 2147483643
510 2147483643
240 2147483643
133 2147483643
972 2147483643
789 2147483643
420 2147483643
965 2147483643
692 2147483643
611 2147483643
344 2147483643
806 2147483643
285 2147483643
542 2147483643
101 2147483643
270 2147483643
647 2147483643
408 2147483643
407 2147483643
257 2147483643
295 2147483643
604 2147483643
380 2147483643
702 2147483643
601 2147483643
10 2147483643
964 2147483643
72 2147483643
536 2147483643
913 2147483643
29 2147483643
525 2147483643
3 2147483643
601 2147483643
762 2147483643
696 2147483643
214 2147483643
608 2147483643
295 2147483643
786 2147483643
825 2147483643
271 2147483643
443 2147483643
157 2147483643
520 2147483644
204 2147483644
84 2147483644
530 2147483644
643 2147483644
59 2147483644
569 2147483644
785 2147483644
897 2147483644
768 2147483644
480 2147483644
160 2147483644
889 2147483644
985 2147483644
163 2147483644
923 2147483644
170 2147483644
84 2147483644
593 2147483644
364 2147483644
197 2147483644
688 2147483644
759 2147483644
188 2147483644
363 2147483644
723 2147483644
725 2147483644
34 2147483644
366 2147483644
333 2147483644
715 2147483644
291 2147483644
494 2147483644
996 2147483644
170 2147483644
636 2147483644
998 2147483644
378 2147483644
812 2147483644
989 2147483644
246 2147483644
720 2147483644
925 2147483644
193 2147483644
763 2147483644
697 2147483644
801 2147483644
1000 2147483644
653 2147483644
505 2147483644
389 2147483644
579 2147483644
84 2147483644
91 2147483644
496 2147483644
512 2147483644
262 2147483644
376 2147483644
573 2147483644
862 2147483644
880 2147483644
409 2147483644
880 2147483644
188 2147483644
11 2147483644
673 2147483644
108 2147483644
209 2147483644
8 2147483644
340 2147483644
342 2147483644
770 2147483644
944 2147483644
678 2147483644
921 2147483644
59 2147483644
854 2147483644
340 2147483644
667 2147483644
916 2147483644
875 2147483644
611 2147483644
509 2147483644
551 2147483644
739 2147483644
97 2147483644
916 2147483644
659 2147483645
229 2147483645
503 2147483645
801 2147483645
762 2147483645
574 2147483645
810 2147483645
173 2147483645
336 2147483645
840 2147483645
250 2147483645
655 2147483645
327 2147483645
321 2147483645
955 2147483645
799 2147483645
843 2147483645
238 2147483645
96 2147483645
742 2147483645
834 2147483645
727 2147483645
595 2147483645
898 2147483645
927 2147483645
414 2147483645
575 2147483645
744 2147483645
702 2147483645
607 2147483645
380 2147483645
693 2147483645
173 2147483645
442 2147483645
299 2147483645
930 2147483645
23 2147483645
759 2147483645
122 2147483645
934 2147483645
778 2147483645
501 2147483645
833 2147483645
653 2147483645
547 2147483645
880 2147483645
397 2147483645
772 2147483645
701 2147483645
610 2147483645
632 2147483645
534 2147483645
69 2147483645
330 2147483645
822 2147483645
888 2147483645
419 2147483645
994 2147483645
372 2147483645
518 2147483645
187 2147483645
932 2147483645
727 2147483645
572 2147483645
621 2147483645
131 2147483645
432 2147483645
427 2147483645
403 2147483645
828 2147483645
895 2147483645
162 2147483645
4 2147483645
596 2147483645
541 2147483645
447 2147483645
402 2147483645
928 2147483645
838 2147483645
131 2147483645
329 2147483645
314 2147483645
200 2147483645
161 2147483645
25 2147483645
755 2147483645
414 2147483645
238 2147483645
254 2147483645
273 2147483645
656 2147483645
663 2147483645
518 2147483645
261 2147483645
270 2147483645
375 2147483645
711 2147483645
809 2147483645
434 2147483645
852 2147483645
301 2147483645
356 2147483646
896 2147483646
443 2147483646
923 2147483646
603 2147483646
944 2147483646
287 2147483646
361 2147483646
503 2147483646
713 2147483646
924 2147483646
593 2147483646
46 2147483646
593 2147483646
338 2147483646
566 2147483646
900 2147483646
757 2147483646
660 2147483646
870 2147483646
844 2147483646
718 2147483646
314 2147483646
93 2147483646
557 2147483646
798 2147483646
33 2147483646
489 2147483646
329 2147483646
228 2147483646
537 2147483646
898 2147483646
129 2147483646
823 2147483646
757 2147483646
29 2147483646
662 2147483646
18 2147483646
799 2147483646
261 2147483646
412 2147483646
138 2147483646
803 2147483646
407 2147483646
524 2147483646
547 2147483646
922 2147483646
722 2147483646
216 2147483646
832 2147483646
337 2147483646
404 2147483646
293 2147483646
150 2147483646
969 2147483646
534 2147483646
839 2147483646
765 2147483646
743 2147483646
540 2147483646
995 2147483646
665 2147483646
929 2147483646
320 2147483646
297 2147483646
302 2147483646
901 2147483646
413 2147483646
572 2147483646
196 2147483646
196 2147483646
66 2147483646
199 2147483646
787 2147483646
158 2147483646
409 2147483646
967 2147483646
93 2147483646
612 2147483646
784 2147483646
147 2147483646
652 2147483646
930 2147483646
722 2147483646
751 2147483646
888 2147483646
812 2147483646
662 2147483646
407 2147483646
62 2147483646
721 2147483646
46 2147483646
993 2147483646
648 2147483646
161 2147483646
324 2147483646
542 2147483646
968 2147483646
340 2147483646
964 2147483646
3 2147483646
654 2147483646
794 2147483646
899 2147483646
804 2147483646
901 2147483646
875 2147483646
735 2147483647
69 2147483647
480 2147483647
104 2147483647
609 2147483647
246 2147483647
222 2147483647
907 2147483647
32 2147483647
649 2147483647
355 2147483647
999 2147483647
642 2147483647
387 2147483647
652 2147483647
109 2147483647
155 2147483647
927 2147483647
32 2147483647
890 2147483647
376 2147483647
946 2147483647
224 2147483647
419 2147483647
433 2147483647
361 2147483647
451 2147483647
583 2147483647
491 2147483647
923 2147483647
497 2147483647
340 2147483647
949 2147483647
704 2147483647
30 2147483647
776 2147483647
990 2147483647
366 2147483647
842 2147483647
37 2147483647
205 2147483647
202 2147483647
928 2147483647
550 2147483647
580 2147483647
895 2147483647
269 2147483647
473 2147483647
946 2147483647
999 2147483647
192 2147483647
596 2147483647
750 2147483647
32 2147483647
900 2147483647
30 2147483647
611 2147483647
226 2147483647
319 2147483647
494 2147483647
477 2147483647
876 2147483647
516 2147483647
296 2147483647
185 2147483647
873 2147483647
748 2147483647
850 2147483647
742 2147483647
322 2147483647
36 2147483647
652 2147483647
294 2147483647
32 2147483647
100 2147483647
449 2147483647
686 2147483647
79 2147483647
375 2147483647
839 2147483647
667 2147483647
740 2147483647
255 2147483647
