880
969 1
731 2
810 2
584 2
797 3
894 4
792 4
315 5
557 5
12 6
465 6
727 6
349 7
295 7
856 9
313 9
424 11
988 11
620 12
597 14
442 15
38 15
714 15
522 20
159 21
515 21
387 23
575 23
160 24
847 25
873 27
342 28
873 28
622 28
246 31
449 32
796 32
771 32
869 33
968 34
678 36
727 38
915 41
363 43
562 44
940 44
67 44
93 46
929 49
145 50
592 50
863 51
350 52
517 54
945 54
559 56
888 59
473 60
789 62
542 64
343 65
157 65
309 65
959 66
776 69
457 69
771 70
270 70
801 73
348 74
34 75
703 75
770 76
970 78
1000 78
634 78
367 80
673 80
989 80
234 81
968 82
133 83
478 85
910 86
50 89
890 90
754 92
908 92
201 92
581 93
739 94
102 94
436 95
543 96
174 97
393 98
938 98
25 98
584 99
835 99
91 99
465 99
465 99
52 102
87 105
238 105
189 106
750 109
749 109
79 113
400 113
492 113
238 115
29 116
5 116
220 117
932 120
433 121
357 121
895 123
120 124
193 126
235 127
788 127
924 129
138 130
182 130
359 131
944 131
500 133
723 133
18 139
841 140
350 141
125 142
297 142
277 143
548 143
846 143
506 143
72 145
864 146
675 147
96 149
177 149
290 151
663 154
956 156
841 156
769 160
833 161
7 162
198 163
709 163
715 164
573 164
674 165
370 166
748 166
75 166
998 167
669 167
111 168
459 168
105 169
61 170
971 172
282 172
434 174
940 174
424 177
404 178
708 179
231 179
909 180
967 180
567 183
467 184
431 184
179 185
481 185
367 188
269 188
836 189
812 190
814 193
501 193
881 194
222 194
483 195
195 197
734 197
304 197
127 198
962 199
483 201
33 201
567 201
630 201
278 203
96 203
595 204
860 204
260 206
836 206
212 206
29 206
752 207
118 207
862 207
849 211
876 213
304 214
167 214
258 216
793 216
508 216
521 217
191 218
885 222
325 224
426 224
386 225
520 226
344 226
934 227
946 228
491 230
959 231
552 232
132 233
141 233
24 235
701 237
921 238
378 239
360 240
204 240
321 240
660 241
823 241
681 242
258 244
304 248
801 248
922 248
726 249
23 249
107 250
113 251
400 252
311 253
245 255
64 255
738 257
714 258
29 258
348 259
784 259
838 260
314 261
976 263
345 264
990 265
775 267
400 267
519 268
893 269
872 270
995 271
318 272
545 275
969 275
846 277
717 280
747 281
490 281
601 281
735 286
83 287
663 288
887 289
260 289
220 290
52 292
299 294
814 295
68 295
989 298
174 298
314 300
87 300
501 301
722 304
614 304
935 307
934 307
169 308
351 308
107 309
522 310
877 310
224 311
787 312
370 316
103 316
243 317
633 317
379 317
386 317
285 320
927 320
79 324
957 324
796 324
783 326
973 327
125 328
520 328
948 332
145 332
673 332
102 332
776 334
677 336
932 337
407 338
614 338
337 342
36 342
389 344
852 345
342 347
505 357
874 357
877 358
448 358
356 359
769 368
341 370
628 371
315 374
815 376
456 376
936 378
607 379
374 380
758 380
700 381
935 382
957 382
857 384
827 385
753 385
47 385
831 388
134 390
863 390
913 391
679 391
974 393
467 393
220 394
52 395
837 396
750 397
591 397
400 398
598 398
513 399
991 400
466 400
154 402
322 402
826 403
319 404
209 405
513 405
939 406
867 406
496 406
690 407
343 407
822 408
785 409
322 409
976 410
213 414
921 414
261 414
790 417
406 417
54 421
857 421
417 422
895 422
556 422
131 426
55 427
615 428
252 430
853 431
335 434
273 434
896 436
828 436
563 437
892 442
56 443
306 445
181 445
827 445
569 446
119 447
23 451
859 453
363 453
349 456
445 456
377 457
375 458
702 458
889 459
20 459
602 460
336 462
852 463
341 466
751 466
782 467
172 471
38 472
967 472
622 472
397 474
98 474
872 475
443 475
698 476
269 476
224 477
89 480
440 481
124 481
834 482
183 483
640 485
703 485
660 485
71 491
155 493
256 493
810 493
864 495
578 495
355 495
876 495
83 495
812 497
508 500
797 500
640 501
772 503
465 506
568 506
941 507
153 508
424 508
379 510
392 512
11 512
624 512
771 512
918 513
578 514
546 515
755 515
609 517
549 517
101 518
191 520
39 521
846 523
467 524
120 525
691 527
618 530
862 532
846 532
213 532
355 533
532 534
457 535
49 535
104 536
422 536
774 538
271 538
579 541
198 541
289 542
48 542
50 545
373 545
131 546
452 548
756 548
796 548
44 550
917 551
844 555
738 556
667 557
644 558
805 560
301 561
497 561
853 561
549 562
47 562
946 564
875 566
774 567
144 570
71 570
734 571
427 572
297 575
710 575
466 576
762 576
91 577
975 577
433 578
471 579
272 581
195 583
857 583
252 584
872 587
43 592
603 593
682 593
714 594
574 595
320 597
832 597
824 601
847 602
869 603
695 605
831 606
188 609
111 613
799 614
902 614
519 615
93 615
104 616
752 616
811 617
853 618
745 621
997 621
706 622
162 622
272 622
681 625
500 627
411 627
647 628
971 629
268 629
872 630
198 632
53 634
19 635
493 636
538 639
795 642
766 645
754 645
975 645
884 646
592 646
546 646
432 648
659 650
361 650
874 652
218 652
869 654
35 655
114 656
685 657
880 660
329 660
891 662
587 662
167 662
17 664
388 665
446 665
872 665
338 666
673 669
794 671
104 673
637 673
639 674
652 678
437 678
285 678
989 680
770 681
59 681
655 682
754 682
818 683
74 684
513 684
708 686
119 686
209 691
419 694
64 695
376 697
773 699
796 702
391 702
494 703
87 705
905 705
862 709
250 710
791 710
557 712
129 713
502 713
55 715
551 716
771 719
718 721
687 723
901 724
220 724
508 725
588 726
469 727
268 727
784 728
283 728
307 730
982 731
426 732
138 733
177 733
831 734
673 735
126 735
26 735
640 739
963 741
206 743
330 747
268 747
829 751
663 751
596 751
211 751
342 751
258 752
310 753
151 756
805 758
15 760
738 761
787 761
692 763
460 764
274 764
160 765
602 768
338 771
193 771
356 772
819 774
61 774
423 775
622 775
927 777
816 778
199 780
768 781
220 781
691 781
977 781
529 781
889 781
491 782
773 782
379 783
857 783
147 784
875 785
533 786
627 789
538 789
777 790
488 791
7 791
535 791
204 791
212 792
120 794
621 795
583 796
913 796
353 796
837 797
93 797
847 797
375 798
63 798
844 799
633 800
1000 802
836 804
312 805
230 806
869 806
78 808
640 810
330 812
306 814
952 814
559 814
343 815
937 816
978 817
27 818
888 822
453 823
547 824
915 825
489 826
777 828
852 828
829 829
530 829
981 829
22 830
145 832
778 833
434 837
227 838
48 840
275 842
180 842
650 842
250 843
720 844
703 844
53 845
475 848
289 851
78 853
777 856
849 857
115 858
243 861
719 862
514 862
903 862
707 864
271 867
123 868
277 870
750 872
222 872
656 872
91 872
766 873
612 873
191 877
154 878
947 880
971 880
281 881
926 881
885 883
966 885
19 885
946 888
713 890
392 892
15 893
477 893
340 896
75 897
204 899
780 902
665 904
173 907
273 907
343 908
165 911
217 912
955 912
199 912
279 914
671 914
110 914
806 915
499 915
75 915
119 916
736 920
478 920
238 922
251 922
683 923
932 924
107 924
220 925
910 928
667 929
882 930
497 930
790 931
278 932
23 932
582 934
127 934
257 935
738 936
718 938
511 940
870 940
148 940
208 947
491 948
790 948
23 949
822 949
195 949
537 950
311 952
553 954
692 956
770 958
845 959
509 965
487 967
195 968
851 968
869 971
771 972
922 972
413 972
168 974
633 975
544 977
10 977
207 978
415 981
691 981
110 982
213 982
966 984
216 987
380 988
18 989
706 991
612 995
110 995
933 997
19 998
599 999
625 1000
