1000
191 2147483637
5 2147483637
111 2147483637
150 2147483637
740 2147483637
726 2147483637
316 2147483637
660 2147483637
57 2147483637
113 2147483637
726 2147483637
312 2147483637
374 2147483637
361 2147483637
441 2147483637
338 2147483637
728 2147483637
40 2147483637
738 2147483637
788 2147483637
257 2147483637
155 2147483637
464 2147483637
710 2147483637
567 2147483637
888 2147483637
655 2147483637
608 2147483637
720 2147483637
694 2147483637
831 2147483637
107 2147483637
947 2147483637
152 2147483637
837 2147483637
767 2147483637
550 2147483637
677 2147483637
868 2147483637
451 2147483637
63 2147483637
540 2147483637
782 2147483637
602 2147483637
890 2147483637
771 2147483637
193 2147483637
204 2147483637
400 2147483637
924 2147483637
88 2147483637
141 2147483637
626 2147483637
656 2147483637
892 2147483637
535 2147483637
279 2147483637
566 2147483637
78 2147483637
176 2147483637
549 2147483637
442 2147483637
330 2147483637
64 2147483637
676 2147483637
324 2147483637
589 2147483637
976 2147483637
72 2147483637
35 2147483637
987 2147483637
988 2147483637
327 2147483637
311 2147483637
707 2147483637
401 2147483637
204 2147483637
11 2147483637
509 2147483637
176 2147483637
941 2147483637
563 2147483637
783 2147483637
87 2147483637
330 2147483637
885 2147483637
430 2147483637
697 2147483637
32 2147483637
975 2147483637
574 2147483637
846 2147483637
596 2147483637
824 2147483637
529 2147483637
525 2147483638
22 2147483638
361 2147483638
383 2147483638
56 2147483638
948 2147483638
754 2147483638
101 2147483638
736 2147483638
292 2147483638
149 2147483638
410 2147483638
519 2147483638
286 2147483638
478 2147483638
383 2147483638
531 2147483638
449 2147483638
850 2147483638
77 2147483638
902 2147483638
617 2147483638
843 2147483638
979 2147483638
349 2147483638
171 2147483638
369 2147483638
219 2147483638
231 2147483638
317 2147483638
840 2147483638
438 2147483638
439 2147483638
410 2147483638
127 2147483638
206 2147483638
727 2147483638
662 2147483638
521 2147483638
796 2147483638
204 2147483638
113 2147483638
738 2147483638
653 2147483638
728 2147483638
81 2147483638
228 2147483638
501 2147483638
341 2147483638
714 2147483638
923 2147483638
379 2147483638
541 2147483638
698 2147483638
365 2147483638
447 2147483638
39 2147483638
916 2147483638
313 2147483638
42 2147483638
685 2147483638
61 2147483638
235 2147483638
618 2147483638
989 2147483638
270 2147483638
497 2147483638
689 2147483638
742 2147483638
796 2147483638
459 2147483638
687 2147483638
811 2147483638
338 2147483638
809 2147483638
172 2147483638
768 2147483638
358 2147483638
362 2147483638
821 2147483638
796 2147483638
888 2147483638
451 2147483638
417 2147483638
646 2147483638
415 2147483638
922 2147483638
927 2147483638
629 2147483638
442 2147483638
543 2147483638
709 2147483638
852 2147483638
744 2147483638
661 2147483638
842 2147483638
931 2147483638
271 2147483638
803 2147483638
696 2147483639
965 2147483639
212 2147483639
615 2147483639
995 2147483639
141 2147483639
197 2147483639
485 2147483639
711 2147483639
746 2147483639
995 2147483639
267 2147483639
958 2147483639
104 2147483639
692 2147483639
193 2147483639
565 2147483639
818 2147483639
290 2147483639
925 2147483639
840 2147483639
162 2147483639
241 2147483639
107 2147483639
88 2147483639
908 2147483639
126 2147483639
599 2147483639
13 2147483639
891 2147483639
60 2147483639
83 2147483639
668 2147483639
884 2147483639
844 2147483639
138 2147483639
972 2147483639
84 2147483639
397 2147483639
762 2147483639
780 2147483639
700 2147483639
884 2147483639
285 2147483639
473 2147483639
688 2147483639
275 2147483639
274 2147483639
924 2147483639
838 2147483639
99 2147483639
301 2147483639
14 2147483639
381 2147483639
702 2147483639
223 2147483639
468 2147483639
713 2147483639
415 2147483639
137 2147483639
511 2147483639
126 2147483639
676 2147483639
664 2147483639
153 2147483639
321 2147483639
51 2147483639
792 2147483639
341 2147483639
671 2147483639
273 2147483639
633 2147483639
426 2147483639
754 2147483639
414 2147483639
482 2147483639
686 2147483639
442 2147483639
376 2147483639
567 2147483639
574 2147483639
283 2147483639
281 2147483639
315 2147483639
610 2147483639
729 2147483639
77 2147483639
120 2147483639
699 2147483639
992 2147483640
524 2147483640
532 2147483640
753 2147483640
197 2147483640
214 2147483640
255 2147483640
161 2147483640
610 2147483640
87 2147483640
280 2147483640
963 2147483640
249 2147483640
342 2147483640
877 2147483640
925 2147483640
14 2147483640
598 2147483640
150 2147483640
116 2147483640
768 2147483640
492 2147483640
619 2147483640
851 2147483640
499 2147483640
201 2147483640
353 2147483640
570 2147483640
218 2147483640
247 2147483640
20 2147483640
580 2147483640
262 2147483640
491 2147483640
51 2147483640
10 2147483640
189 2147483640
63 2147483640
783 2147483640
332 2147483640
533 2147483640
41 2147483640
976 2147483640
643 2147483640
926 2147483640
188 2147483640
982 2147483640
539 2147483640
319 2147483640
587 2147483640
962 2147483640
816 2147483640
705 2147483640
230 2147483640
497 2147483640
203 2147483640
156 2147483640
395 2147483640
896 2147483640
821 2147483640
834 2147483640
602 2147483640
985 2147483640
517 2147483640
69 2147483640
153 2147483640
161 2147483640
910 2147483640
658 2147483640
954 2147483640
616 2147483640
544 2147483640
502 2147483640
737 2147483640
273 2147483640
911 2147483640
32 2147483640
196 2147483640
723 2147483640
659 2147483640
11 2147483640
107 2147483640
196 2147483640
617 2147483640
267 2147483640
46 2147483641
102 2147483641
270 2147483641
307 2147483641
894 2147483641
592 2147483641
992 2147483641
27 2147483641
454 2147483641
845 2147483641
606 2147483641
265 2147483641
972 2147483641
519 2147483641
998 2147483641
325 2147483641
370 2147483641
43 2147483641
369 2147483641
802 2147483641
207 2147483641
967 2147483641
599 2147483641
237 2147483641
391 2147483641
973 2147483641
546 2147483641
736 2147483641
587 2147483641
835 2147483641
544 2147483641
454 2147483641
374 2147483641
976 2147483641
377 2147483641
559 2147483641
952 2147483641
470 2147483641
233 2147483641
12 2147483641
350 2147483641
148 2147483641
921 2147483641
744 2147483641
734 2147483641
546 2147483641
117 2147483641
358 2147483641
753 2147483641
239 2147483641
856 2147483641
535 2147483641
244 2147483641
895 2147483641
42 2147483641
340 2147483641
448 2147483641
812 2147483641
894 2147483641
879 2147483641
346 2147483641
772 2147483641
718 2147483641
859 2147483641
866 2147483641
416 2147483641
453 2147483641
157 2147483641
21 2147483641
624 2147483641
120 2147483641
235 2147483641
620 2147483641
982 2147483641
643 2147483641
293 2147483641
693 2147483641
757 2147483641
927 2147483641
571 2147483641
24 2147483641
631 2147483641
782 2147483641
157 2147483641
317 2147483641
988 2147483641
309 2147483641
171 2147483641
909 2147483641
581 2147483641
750 2147483641
528 2147483641
92 2147483641
131 2147483642
531 2147483642
925 2147483642
666 2147483642
168 2147483642
188 2147483642
68 2147483642
54 2147483642
601 2147483642
297 2147483642
277 2147483642
667 2147483642
621 2147483642
803 2147483642
636 2147483642
335 2147483642
972 2147483642
381 2147483642
645 2147483642
408 2147483642
723 2147483642
581 2147483642
760 2147483642
608 2147483642
367 2147483642
317 2147483642
441 2147483642
650 2147483642
466 2147483642
431 2147483642
199 2147483642
673 2147483642
456 2147483642
19 2147483642
201 2147483642
479 2147483642
53 2147483642
589 2147483642
550 2147483642
451 2147483642
374 2147483642
48 2147483642
575 2147483642
22 2147483642
496 2147483642
888 2147483642
978 2147483642
616 2147483642
269 2147483642
688 2147483642
678 2147483642
909 2147483642
963 2147483642
914 2147483642
757 2147483642
670 2147483642
110 2147483642
546 2147483642
931 2147483642
451 2147483642
800 2147483642
802 2147483642
764 2147483642
406 2147483642
722 2147483642
581 2147483642
282 2147483642
127 2147483642
63 2147483642
472 2147483642
75 2147483642
497 2147483642
328 2147483642
889 2147483642
367 2147483642
512 2147483642
584 2147483642
737 2147483642
922 2147483642
240 2147483642
844 2147483642
826 2147483642
390 2147483643
458 2147483643
259 2147483643
528 2147483643
735 2147483643
208 2147483643
685 2147483643
236 2147483643
799 2147483643
717 2147483643
146 2147483643
196 2147483643
96 2147483643
744 2147483643
323 2147483643
462 2147483643
27 2147483643
363 2147483643
159 2147483643
261 2147483643
923 2147483643
46 2147483643
715 2147483643
802 2147483643
113 2147483643
840 2147483643
42 2147483643
483 2147483643
657 2147483643
403 2147483643
19 2147483643
682 2147483643
460 2147483643
605 2147483643
409 2147483643
845 2147483643
40 2147483643
993 2147483643
639 2147483643
267 2147483643
876 2147483643
959 2147483643
7 2147483643
605 2147483643
890 2147483643
811 2147483643
988 2147483643
23 2147483643
584 2147483643
633 2147483643
713 2147483643
4 2147483643
910 2147483643
108 2147483643
161 2147483643
593 2147483643
845 2147483643
963 2147483643
733 2147483643
144 2147483643
473 2147483643
452 2147483643
56 2147483643
226 2147483643
786 2147483643
174 2147483643
297 2147483643
555 2147483643
602 2147483643
692 2147483643
619 2147483643
164 2147483643
329 2147483643
420 2147483643
573 2147483643
943 2147483643
233 2147483643
909 2147483643
124 2147483643
808 2147483643
164 2147483643
76 2147483643
372 2147483643
402 2147483643
779 2147483643
577 2147483643
188 2147483643
804 2147483643
520 2147483643
177 2147483643
352 2147483643
181 2147483643
937 2147483643
18 2147483644
955 2147483644
520 2147483644
992 2147483644
877 2147483644
582 2147483644
304 2147483644
917 2147483644
862 2147483644
314 2147483644
28 2147483644
950 2147483644
117 2147483644
414 2147483644
909 2147483644
756 2147483644
798 2147483644
359 2147483644
308 2147483644
624 2147483644
680 2147483644
744 2147483644
536 2147483644
394 2147483644
572 2147483644
152 2147483644
442 2147483644
351 2147483644
113 2147483644
968 2147483644
679 2147483644
757 2147483644
338 2147483644
839 2147483644
228 2147483644
866 2147483644
684 2147483644
503 2147483644
590 2147483644
565 2147483644
361 2147483644
522 2147483644
127 2147483644
22 2147483644
620 2147483644
106 2147483644
633 2147483644
797 2147483644
480 2147483644
180 2147483644
771 2147483644
223 2147483644
196 2147483644
690 2147483644
98 2147483644
739 2147483644
385 2147483644
776 2147483644
298 2147483644
837 2147483644
276 2147483644
725 2147483644
176 2147483644
331 2147483644
985 2147483644
767 2147483644
829 2147483644
322 2147483644
254 2147483644
198 2147483644
513 2147483644
93 2147483644
468 2147483644
479 2147483644
712 2147483644
893 2147483644
672 2147483644
870 2147483644
878 2147483644
482 2147483644
902 2147483644
120 2147483644
643 2147483644
329 2147483644
339 2147483644
451 2147483644
678 2147483644
193 2147483644
156 2147483644
915 2147483644
20 2147483644
729 2147483644
868 2147483645
722 2147483645
213 2147483645
829 2147483645
414 2147483645
343 2147483645
76 2147483645
622 2147483645
129 2147483645
669 2147483645
50 2147483645
354 2147483645
264 2147483645
434 2147483645
372 2147483645
812 2147483645
855 2147483645
502 2147483645
529 2147483645
971 2147483645
912 2147483645
880 2147483645
393 2147483645
196 2147483645
518 2147483645
793 2147483645
834 2147483645
676 2147483645
707 2147483645
391 2147483645
538 2147483645
583 2147483645
26 2147483645
631 2147483645
728 2147483645
552 2147483645
186 2147483645
991 2147483645
571 2147483645
272 2147483645
741 2147483645
794 2147483645
450 2147483645
448 2147483645
435 2147483645
548 2147483645
432 2147483645
276 2147483645
403 2147483645
288 2147483645
679 2147483645
686 2147483645
845 2147483645
215 2147483645
325 2147483645
685 2147483645
781 2147483645
735 2147483645
489 2147483645
43 2147483645
317 2147483645
724 2147483645
23 2147483645
633 2147483645
980 2147483645
450 2147483645
847 2147483645
295 2147483645
877 2147483645
113 2147483645
664 2147483645
260 2147483645
920 2147483645
165 2147483645
874 2147483645
218 2147483645
157 2147483645
843 2147483645
467 2147483645
913 2147483645
707 2147483645
667 2147483645
752 2147483645
313 2147483645
431 2147483645
506 2147483645
126 2147483645
882 2147483645
188 2147483645
768 2147483645
479 2147483645
114 2147483645
886 2147483645
729 2147483645
277 2147483645
216 2147483645
995 2147483645
802 2147483646
80 2147483646
658 2147483646
603 2147483646
168 2147483646
95 2147483646
278 2147483646
622 2147483646
295 2147483646
705 2147483646
498 2147483646
317 2147483646
633 2147483646
595 2147483646
305 2147483646
930 2147483646
183 2147483646
24 2147483646
249 2147483646
67 2147483646
101 2147483646
916 2147483646
624 2147483646
654 2147483646
118 2147483646
230 2147483646
194 2147483646
108 2147483646
235 2147483646
255 2147483646
476 2147483646
622 2147483646
899 2147483646
361 2147483646
585 2147483646
781 2147483646
906 2147483646
992 2147483646
231 2147483646
977 2147483646
874 2147483646
607 2147483646
304 2147483646
624 2147483646
695 2147483646
81 2147483646
38 2147483646
10 2147483646
132 2147483646
241 2147483646
164 2147483646
345 2147483646
593 2147483646
979 2147483646
27 2147483646
148 2147483646
102 2147483646
142 2147483646
611 2147483646
150 2147483646
647 2147483646
691 2147483646
794 2147483646
818 2147483646
211 2147483646
718 2147483646
636 2147483646
849 2147483646
980 2147483646
3 2147483646
356 2147483646
148 2147483646
498 2147483646
958 2147483646
515 2147483646
839 2147483646
35 2147483646
871 2147483646
660 2147483646
578 2147483646
944 2147483646
675 2147483646
27 2147483646
131 2147483646
204 2147483646
934 2147483646
140 2147483646
899 2147483647
895 2147483647
403 2147483647
29 2147483647
669 2147483647
515 2147483647
299 2147483647
579 2147483647
798 2147483647
571 2147483647
205 2147483647
248 2147483647
583 2147483647
150 2147483647
703 2147483647
70 2147483647
950 2147483647
918 2147483647
266 2147483647
620 2147483647
357 2147483647
699 2147483647
459 2147483647
487 2147483647
52 2147483647
566 2147483647
637 2147483647
704 2147483647
183 2147483647
524 2147483647
960 2147483647
897 2147483647
968 2147483647
93 2147483647
175 2147483647
993 2147483647
589 2147483647
580 2147483647
384 2147483647
73 2147483647
238 2147483647
564 2147483647
432 2147483647
558 2147483647
565 2147483647
883 2147483647
37 2147483647
127 2147483647
499 2147483647
264 2147483647
77 2147483647
383 2147483647
479 2147483647
182 2147483647
627 2147483647
973 2147483647
728 2147483647
889 2147483647
82 2147483647
668 2147483647
547 2147483647
128 2147483647
936 2147483647
490 2147483647
562 2147483647
560 2147483647
366 2147483647
238 2147483647
237 2147483647
122 2147483647
970 2147483647
622 2147483647
613 2147483647
310 2147483647
123 2147483647
155 2147483647
749 2147483647
485 2147483647
705 2147483647
923 2147483647
363 2147483647
697 2147483647
568 2147483647
199 2147483647
716 2147483647
607 2147483647
753 2147483647
248 2147483647
