724
593 0
664 1
870 1
840 2
779 4
865 4
845 5
899 6
935 7
888 11
494 11
686 11
1 12
905 12
815 13
691 15
16 15
201 17
138 18
272 19
564 21
893 24
134 28
465 31
668 35
41 36
188 37
647 39
285 40
371 41
336 42
166 43
56 43
126 43
135 44
363 44
575 45
203 45
826 46
677 47
230 48
689 48
889 49
89 51
461 62
703 63
157 67
761 67
268 68
948 71
783 71
570 72
970 72
563 73
838 73
752 74
220 75
931 77
317 80
601 82
419 83
51 84
148 87
460 89
920 89
784 90
81 90
248 91
627 94
768 97
537 100
885 102
995 104
100 108
762 110
272 112
865 112
920 117
227 117
86 117
725 118
205 120
632 120
364 122
933 122
962 123
445 123
895 124
866 125
312 129
471 131
170 132
782 133
34 133
185 134
785 137
582 137
304 138
846 138
92 139
561 139
735 140
488 141
521 141
321 141
121 142
81 145
534 146
802 148
10 148
995 148
528 148
91 149
548 150
899 151
990 152
904 154
350 155
427 155
156 156
450 157
279 158
504 163
115 165
240 167
101 168
340 168
318 169
963 170
500 174
159 176
491 176
127 177
66 177
674 178
465 179
238 179
532 183
134 185
798 187
798 189
848 190
517 191
169 191
644 192
967 193
753 195
277 199
740 200
524 207
979 207
522 208
249 209
852 214
432 214
286 215
36 216
903 216
461 217
617 217
265 218
467 218
846 218
205 220
321 221
333 221
57 222
581 225
902 225
61 226
475 230
396 231
387 233
863 237
166 239
509 240
608 242
142 242
16 246
552 249
339 250
171 250
198 251
367 253
374 253
494 254
749 255
323 256
236 258
220 258
70 261
339 261
49 267
18 269
743 269
436 270
246 272
167 274
561 277
474 277
13 279
32 279
137 282
432 285
506 287
279 288
132 289
956 289
627 291
407 292
661 292
969 293
262 295
699 296
773 296
109 297
617 297
440 297
268 299
798 299
779 300
782 300
447 300
440 304
1000 305
683 305
224 305
770 306
663 306
598 308
337 310
623 311
921 311
940 312
193 313
865 313
376 315
470 316
301 316
378 317
680 319
838 321
352 322
310 328
870 329
53 329
164 329
871 341
716 342
123 342
623 346
322 347
137 348
793 356
152 358
601 359
586 359
911 359
264 361
659 362
167 367
175 370
179 372
937 373
826 374
563 375
563 376
699 378
978 382
831 382
407 382
869 382
908 391
455 391
869 394
763 395
416 395
442 398
756 399
612 400
80 401
66 403
978 404
521 406
481 406
326 408
130 408
444 408
672 410
664 412
357 414
259 415
526 415
748 415
627 417
455 418
918 420
402 422
793 422
916 423
421 424
105 424
450 427
713 431
232 432
703 433
4 434
906 436
901 437
864 439
217 439
160 440
198 440
478 440
361 441
125 442
927 442
77 442
308 442
106 445
579 446
605 450
879 451
594 453
549 456
291 457
253 459
975 461
918 461
924 463
249 464
7 466
999 469
673 470
239 474
135 474
628 475
551 475
318 478
905 480
511 481
8 482
790 484
57 485
387 485
51 486
57 487
413 489
890 490
392 490
62 490
195 491
786 494
824 495
892 500
663 504
89 504
879 505
169 505
756 506
494 507
416 507
275 508
993 510
754 511
48 512
8 512
34 513
188 514
266 515
475 515
262 515
240 516
208 517
12 517
442 518
123 518
79 521
264 524
949 525
312 527
81 527
908 528
148 532
447 532
62 533
900 533
764 534
595 535
821 536
207 537
883 538
313 539
404 543
296 545
456 545
176 546
681 547
325 551
865 551
665 553
492 553
1000 555
934 556
591 558
44 558
731 559
810 559
420 559
430 560
144 562
104 562
191 562
941 564
830 565
623 567
26 567
274 568
644 572
225 573
383 574
780 574
177 575
959 575
719 576
286 576
929 577
546 578
456 579
602 580
857 582
261 583
19 584
480 585
60 585
11 586
412 586
173 589
27 591
256 591
346 592
187 592
945 593
12 593
264 594
783 594
855 596
672 598
581 598
685 599
311 599
585 600
584 600
511 601
460 601
87 601
176 602
652 602
440 604
26 608
702 609
721 611
120 612
39 613
843 614
766 616
490 624
124 626
214 629
160 629
19 630
716 630
387 632
334 634
970 634
341 638
773 639
129 640
124 641
764 644
239 645
912 645
772 648
966 648
606 651
663 654
189 654
678 654
167 655
18 658
875 660
606 663
363 667
654 670
182 676
494 676
624 680
186 683
184 684
284 684
188 685
86 686
53 686
250 688
897 690
668 691
972 692
386 694
77 695
60 699
436 702
566 703
956 704
314 706
261 706
11 708
186 708
229 711
763 716
253 716
354 716
977 716
823 717
811 717
604 718
67 719
93 721
849 723
855 724
125 725
989 727
972 729
815 731
117 731
436 733
246 736
302 737
243 737
892 738
366 738
527 743
617 743
70 743
133 746
402 746
86 747
180 750
907 750
766 753
491 756
659 756
412 761
89 761
997 764
114 766
368 768
806 769
54 769
154 770
1 770
150 770
878 774
101 774
798 775
674 776
989 776
665 782
424 782
895 784
510 784
525 785
218 786
675 787
755 789
6 790
566 793
599 795
77 795
456 797
473 798
618 798
781 799
66 801
708 801
64 805
307 807
1000 808
400 808
754 809
486 810
90 811
578 812
8 812
412 813
600 815
52 815
351 816
410 820
543 820
373 820
984 825
827 826
462 826
357 827
159 828
312 828
38 828
101 830
745 834
239 835
476 837
2 837
972 838
858 839
257 840
987 850
163 850
874 850
133 851
576 852
30 854
977 857
16 857
906 857
480 857
173 858
956 858
124 861
840 862
282 862
49 866
242 867
674 869
862 872
546 876
413 878
866 879
770 882
154 886
725 888
508 888
125 891
9 892
792 897
155 898
825 902
666 903
155 904
548 904
332 906
678 906
470 908
154 908
89 909
257 911
159 912
370 913
809 913
951 914
569 916
296 918
990 919
883 919
727 919
161 919
710 921
839 921
575 923
374 925
801 925
867 925
360 925
143 927
337 927
943 930
159 930
729 931
767 934
306 934
815 934
743 936
201 939
45 942
584 943
816 945
509 950
288 950
40 951
634 953
654 956
739 960
806 960
381 962
337 963
256 963
167 965
897 966
666 967
692 968
282 971
701 971
24 971
30 973
195 973
242 975
495 975
854 976
179 977
735 983
702 983
221 985
852 985
819 986
4 987
961 990
872 990
976 994
31 994
412 995
334 997
68 998
505 998
579 999
608 999
