1000
904 0
409 0
1000 1
407 3
296 9
573 9
977 11
860 11
447 12
764 12
953 13
475 13
545 14
873 17
147 17
118 17
785 18
487 18
965 19
628 23
323 24
317 24
634 25
948 27
648 27
103 27
998 28
508 29
638 30
969 30
2 32
978 33
389 35
77 39
483 39
870 41
95 41
515 41
965 42
136 42
796 45
415 45
177 45
423 46
285 46
29 46
184 46
196 48
301 48
389 50
300 51
219 52
128 54
369 57
666 58
806 59
886 60
329 60
502 65
344 65
740 67
901 70
42 71
564 71
442 72
365 73
182 75
511 78
463 79
692 79
988 80
281 80
90 80
733 82
718 82
605 83
521 83
729 85
603 85
25 89
246 90
167 90
338 91
332 93
57 93
985 94
920 95
183 98
212 99
70 99
268 100
587 100
302 101
706 101
389 101
900 101
58 103
175 103
713 104
656 107
544 108
997 109
859 109
978 110
551 111
569 113
54 113
121 115
826 118
865 118
694 119
471 122
130 122
257 123
699 124
321 125
647 127
881 128
143 128
848 132
259 132
709 135
828 135
547 136
961 137
480 137
738 138
801 138
825 140
998 141
666 142
311 142
537 142
804 143
613 144
367 144
276 147
918 148
908 148
785 148
415 149
837 149
675 149
594 150
433 150
971 151
930 152
304 154
740 155
730 156
64 158
24 158
822 159
35 160
485 160
203 161
815 162
452 162
884 163
155 164
208 166
49 168
639 168
855 169
201 171
294 174
591 174
330 174
16 174
218 175
49 176
290 176
976 177
222 178
351 179
730 180
199 182
556 184
807 185
706 186
349 186
426 186
863 186
848 190
614 191
863 191
864 192
518 192
448 192
252 192
629 192
852 194
73 195
96 195
78 197
536 198
93 199
306 199
590 200
458 201
865 202
10 202
37 204
782 206
964 207
572 208
858 211
839 211
628 212
168 213
451 213
213 214
67 215
493 216
557 218
827 219
386 219
859 219
907 220
101 223
721 226
191 228
274 228
304 229
259 229
908 229
581 230
824 230
565 230
66 234
190 235
472 235
227 235
446 237
920 237
739 237
444 237
251 239
211 239
495 239
731 239
948 240
124 241
688 241
728 242
797 242
443 242
867 244
154 244
220 245
560 247
38 248
703 250
170 251
371 252
492 253
347 253
160 254
63 255
162 256
277 256
556 260
33 260
484 261
149 264
757 264
564 267
153 268
532 271
557 273
9 273
734 274
399 275
372 278
882 279
578 279
890 282
631 283
652 283
963 285
467 286
686 288
680 291
109 291
638 291
332 297
599 298
406 298
846 301
502 303
362 305
979 305
831 306
678 306
993 307
571 307
74 308
381 308
636 309
775 310
46 311
570 311
814 312
857 312
430 312
810 312
672 313
668 313
551 317
331 318
656 319
23 319
595 322
859 326
725 330
328 330
103 330
344 330
957 330
196 331
410 331
928 332
822 332
61 333
822 334
856 335
348 335
37 337
753 338
903 338
552 339
644 342
743 342
966 344
70 345
240 347
86 349
7 350
628 352
638 352
851 353
454 354
436 357
380 358
998 358
666 358
275 359
825 359
226 361
563 362
889 365
726 367
985 369
17 371
218 371
178 374
24 376
243 377
594 378
241 379
760 380
148 381
504 381
749 381
136 381
136 383
586 383
734 384
759 385
818 385
549 387
916 387
221 388
652 389
438 390
67 391
168 391
850 392
901 392
652 393
382 393
124 397
669 398
419 400
611 400
362 400
176 402
163 403
246 403
694 404
924 405
46 406
264 407
722 409
241 410
523 410
539 411
644 412
615 413
51 414
632 414
692 415
414 415
573 416
441 416
692 417
811 417
243 418
900 418
972 421
221 421
847 423
777 423
769 423
684 429
163 430
824 431
514 432
319 434
464 435
303 435
140 435
598 437
41 438
173 438
839 439
134 439
774 439
805 440
959 441
884 441
972 443
727 444
879 446
258 446
455 446
420 446
228 446
345 449
536 450
246 451
470 453
205 454
650 454
28 454
100 455
955 457
446 459
645 460
857 462
490 465
587 466
411 467
94 468
627 468
7 469
795 470
124 470
541 470
952 470
976 471
74 472
123 474
600 475
868 475
410 475
694 476
806 477
843 477
260 479
802 480
322 481
33 482
893 483
587 484
612 484
273 487
71 488
908 488
107 488
236 491
301 492
514 493
169 493
440 494
745 495
528 496
536 499
786 501
867 501
985 502
396 505
86 505
985 509
987 511
471 512
381 512
499 512
58 514
363 517
847 521
668 522
237 522
911 523
601 523
874 524
963 525
969 525
92 527
784 527
852 527
291 527
261 528
440 529
409 531
596 532
527 532
119 533
519 533
675 533
729 534
588 534
819 536
697 538
31 540
366 541
983 543
775 548
128 548
736 549
221 551
154 552
735 553
447 553
42 553
263 555
737 556
404 556
246 557
1000 557
336 557
884 562
307 562
785 564
284 566
223 567
102 568
311 568
251 568
888 568
672 570
592 570
409 570
95 570
369 570
263 571
548 571
71 572
831 572
963 573
835 574
755 574
122 574
656 576
54 577
199 577
406 578
336 579
186 581
8 582
936 583
849 583
96 584
144 584
465 584
189 586
832 586
445 587
715 588
667 588
169 589
155 590
508 591
457 591
598 591
647 592
295 592
531 593
587 593
614 594
483 595
716 596
756 599
712 600
391 600
215 602
222 602
799 603
710 603
257 603
110 604
61 604
478 604
650 604
225 607
485 607
953 608
464 611
486 612
277 612
406 613
160 613
289 614
74 615
174 617
979 617
476 617
83 617
41 618
292 619
158 621
15 621
224 622
977 623
102 623
776 623
837 624
498 624
48 624
940 625
215 626
440 633
264 633
280 633
783 634
112 637
293 637
937 640
455 643
173 645
765 645
19 646
292 646
662 648
364 649
169 649
828 649
863 649
224 650
119 650
14 651
209 653
693 655
921 655
513 656
811 659
79 661
596 661
422 664
732 666
718 666
532 666
991 666
315 668
794 670
377 670
169 672
851 674
277 675
822 676
695 677
452 679
777 680
704 685
816 686
821 687
856 688
94 691
435 695
729 698
690 699
208 701
637 701
433 703
275 703
958 704
460 705
523 707
660 708
861 708
150 708
342 710
339 711
403 713
304 713
470 713
741 714
910 716
661 718
557 721
10 724
674 725
919 725
488 727
247 728
34 728
312 731
571 732
83 735
584 735
550 735
66 735
519 736
753 737
820 737
31 737
953 738
557 738
188 739
230 739
361 740
56 741
627 742
223 745
113 746
267 746
368 746
247 747
662 747
796 747
62 748
21 748
383 749
411 751
55 751
348 752
63 753
285 754
154 756
634 757
645 757
674 757
978 758
847 760
48 762
328 763
301 764
339 766
370 766
13 767
749 767
114 767
532 767
200 769
511 769
879 771
492 772
730 776
28 777
759 778
910 780
708 781
364 782
11 782
813 783
415 783
922 783
73 783
885 785
359 785
823 786
475 787
636 788
840 790
704 792
540 792
174 793
309 794
43 794
397 794
596 794
776 795
889 798
615 800
895 800
958 801
410 801
750 801
718 802
44 802
308 803
981 804
844 805
299 805
943 806
302 807
429 808
381 808
969 808
483 808
389 809
362 809
709 811
977 813
815 813
138 813
281 814
768 814
192 816
411 817
389 819
695 819
39 821
10 822
163 822
422 824
786 824
659 824
404 826
703 827
649 827
194 828
321 829
492 830
389 830
356 831
779 832
204 833
757 834
710 834
308 835
43 836
711 836
704 837
748 837
481 840
193 841
430 843
361 843
814 843
485 843
588 844
391 846
185 846
777 847
835 848
476 848
189 850
419 850
373 852
358 852
180 852
587 853
24 853
46 855
212 858
821 858
874 859
457 859
559 861
445 861
141 862
581 863
949 863
676 863
736 863
218 864
706 865
227 865
430 866
828 867
318 867
312 868
195 869
871 870
570 872
406 874
489 875
676 877
484 879
362 881
33 882
85 882
988 884
306 884
785 884
663 887
249 889
128 890
104 890
482 891
703 891
757 891
216 894
171 897
635 897
690 897
96 898
312 899
43 899
459 901
911 902
369 903
883 904
127 905
67 907
204 907
194 907
724 908
577 909
295 910
767 910
48 912
708 913
556 913
858 914
517 919
4 920
364 923
332 923
805 924
514 925
535 928
984 929
942 930
370 930
355 931
432 931
696 931
355 932
907 934
929 937
824 938
122 938
736 940
46 941
591 944
530 945
319 947
856 948
799 948
610 949
233 950
289 950
883 951
215 952
59 954
627 956
677 957
42 957
920 958
940 960
593 961
322 961
206 962
279 963
689 964
815 964
63 965
753 965
172 965
70 968
928 968
649 969
633 970
801 972
705 972
171 973
402 975
113 975
420 976
969 976
504 976
968 981
456 982
135 983
267 984
952 984
648 985
722 985
63 985
925 986
622 987
698 989
83 990
63 990
600 990
687 991
534 992
125 993
356 993
222 994
182 995
770 995
196 996
414 997
251 998
799 998
745 999
371 999
