549
307 0
82 0
174 0
19 0
80 1
299 1
412 1
162 1
461 2
363 2
320 3
154 3
311 3
370 3
319 3
39 3
342 4
54 4
239 4
380 5
217 5
286 5
194 5
275 6
336 6
161 7
119 7
394 7
366 7
158 8
423 8
206 8
137 8
70 8
43 8
82 9
289 9
136 10
350 10
279 10
60 11
241 11
146 11
283 11
316 12
26 12
393 13
62 13
133 13
368 14
390 14
458 14
246 15
294 15
265 15
194 16
356 16
283 16
431 17
230 17
395 17
72 18
455 18
410 18
257 18
100 18
467 19
174 19
466 19
106 20
38 20
391 20
188 20
215 21
356 21
3 21
249 22
140 22
226 22
188 23
247 23
309 23
27 24
228 25
306 25
98 26
354 27
469 27
231 28
284 28
392 29
263 31
120 32
470 32
41 33
167 33
74 33
243 33
52 33
473 33
410 34
237 34
3 34
438 34
176 34
284 35
357 35
462 36
219 36
169 37
250 38
319 38
470 38
386 39
194 40
269 41
136 41
376 41
289 41
214 42
92 42
415 42
111 42
375 42
239 43
251 43
78 44
366 44
205 45
39 45
57 46
47 46
214 46
308 47
86 47
256 47
111 47
405 47
271 47
401 48
88 48
164 48
62 50
308 50
103 50
208 50
143 50
132 51
169 51
216 51
151 51
290 52
267 53
257 53
463 53
312 54
133 54
107 54
175 55
48 56
246 59
208 59
337 59
241 60
126 61
210 61
269 61
178 62
375 64
410 64
128 64
469 64
37 65
439 65
390 66
44 68
135 68
227 68
307 68
8 68
390 69
146 69
188 69
160 70
465 70
445 71
334 72
406 72
151 72
5 72
267 73
412 73
372 73
305 74
397 75
178 76
83 76
242 76
85 76
328 77
433 77
82 77
169 78
56 78
209 79
296 80
17 81
455 81
344 81
288 82
411 82
276 82
202 82
98 83
367 84
307 84
236 85
194 86
468 86
37 86
356 87
139 87
8 87
198 88
104 88
142 88
171 88
264 88
477 89
179 89
360 89
345 90
404 90
183 90
325 92
281 92
304 92
269 92
357 93
263 93
129 94
432 94
198 94
309 94
240 95
397 95
40 95
24 95
386 95
316 97
194 97
32 97
258 97
193 98
94 98
88 98
368 99
273 99
71 99
342 99
208 100
420 100
421 100
162 100
395 101
369 101
229 102
352 102
209 102
24 102
406 102
291 103
140 103
210 103
460 104
85 106
38 106
287 106
189 106
395 107
170 107
306 107
390 108
221 108
161 109
214 109
297 109
212 109
326 109
18 109
100 110
464 110
158 110
451 110
354 111
238 111
428 111
189 112
27 112
435 112
158 112
54 112
450 113
105 113
7 113
292 114
120 114
38 114
281 114
315 114
285 115
353 116
216 116
258 117
221 118
359 119
274 119
182 120
223 121
45 121
204 121
322 123
287 123
187 123
163 123
298 123
9 123
321 123
333 124
156 124
301 124
127 125
404 125
422 126
58 127
123 127
282 128
48 128
106 128
281 128
241 129
277 130
181 130
447 130
461 130
187 130
342 130
355 131
389 131
231 131
2 131
347 132
129 132
45 132
333 132
207 132
232 132
331 133
172 133
45 134
330 134
291 134
477 134
177 134
271 134
411 135
89 135
359 135
166 136
108 136
463 137
31 137
87 137
220 137
101 138
65 139
230 139
297 141
472 141
13 141
284 142
471 142
235 142
478 142
466 143
206 143
239 143
90 143
102 144
205 144
207 144
365 144
477 145
170 145
119 145
351 145
3 145
98 146
133 146
45 146
72 147
188 147
241 148
353 148
145 149
133 149
82 149
387 150
421 151
423 151
3 151
5 151
360 152
143 152
159 152
23 153
447 153
152 153
145 153
203 154
323 154
391 154
5 155
160 155
290 156
235 157
45 157
261 158
34 158
247 158
382 159
80 160
472 160
59 160
305 160
282 160
340 161
93 161
15 161
71 162
61 163
87 164
77 165
388 165
79 166
165 166
366 167
344 168
220 168
297 168
209 168
387 168
337 169
382 170
385 170
21 171
51 171
202 171
473 172
366 174
359 174
242 175
97 175
257 175
80 176
350 176
39 176
177 176
185 177
226 177
474 177
104 178
201 178
57 179
345 179
429 179
277 179
267 179
276 179
266 180
219 180
224 181
404 181
121 181
437 182
79 182
161 182
240 183
368 184
66 185
130 186
99 186
219 186
398 187
365 187
384 187
149 188
324 188
69 188
80 189
229 189
68 190
465 190
325 191
153 191
268 192
103 192
274 192
379 193
121 193
476 194
447 194
187 194
460 194
84 195
96 195
190 196
459 196
435 196
4 196
147 197
366 197
137 198
334 198
409 198
318 198
392 198
70 198
351 199
382 199
114 199
109 199
61 200
336 201
187 201
46 202
314 202
103 203
465 203
193 204
343 204
306 205
193 205
46 206
453 207
438 207
154 207
147 208
277 208
