596
284 0
232 0
151 0
304 0
45 1
163 2
53 3
28 4
240 4
258 4
311 5
57 5
54 6
131 6
21 7
187 7
286 7
91 8
123 8
397 8
110 9
159 10
132 11
289 11
223 12
160 12
366 13
64 13
353 13
336 15
370 15
412 15
205 15
199 15
106 15
262 16
11 17
353 17
25 17
222 18
78 18
124 18
337 18
414 19
262 19
165 19
333 19
103 20
342 20
382 22
372 22
277 22
418 23
228 23
400 23
369 24
92 24
251 24
219 25
132 25
45 25
258 26
32 27
354 27
64 28
189 28
120 28
328 29
23 29
247 29
325 30
181 31
286 31
218 31
304 31
146 32
82 32
105 32
332 33
285 34
350 34
285 34
302 35
165 35
371 36
261 36
208 36
31 37
197 38
337 39
25 39
177 40
106 41
336 42
185 42
254 42
330 42
8 43
306 44
137 45
99 45
339 45
247 45
296 47
256 47
229 47
16 48
151 48
220 48
240 49
314 49
423 50
404 51
40 51
45 52
367 52
265 54
252 54
191 54
212 55
362 55
388 55
107 56
332 56
57 57
106 57
93 57
66 58
406 58
121 58
365 59
405 59
379 59
245 60
295 60
330 61
213 61
220 61
343 62
73 62
115 63
210 63
84 63
238 63
72 63
409 63
256 64
271 64
81 65
33 66
9 66
323 66
45 66
290 66
382 66
126 67
218 68
47 68
38 68
188 68
287 69
122 69
225 70
107 70
351 71
346 71
81 71
69 71
208 72
210 72
69 73
132 73
417 74
376 74
303 75
172 75
76 75
63 75
17 76
423 76
185 76
123 77
410 77
165 77
291 78
360 79
56 79
166 80
163 81
317 81
48 82
248 82
10 82
150 82
29 82
423 82
394 82
103 82
299 82
33 83
319 84
235 84
360 85
161 85
229 85
221 86
103 86
120 87
32 87
183 87
38 87
64 87
8 88
95 88
120 88
206 88
247 89
89 89
360 89
7 89
117 90
57 90
78 90
291 91
40 92
126 92
256 92
47 93
410 93
338 94
372 95
246 96
64 96
205 97
248 98
216 98
343 98
385 98
12 99
278 99
358 99
395 99
406 100
206 101
366 101
27 101
78 101
211 101
120 103
303 103
30 104
102 104
209 104
105 104
355 104
90 104
148 105
321 105
84 106
420 106
395 106
228 108
83 108
351 108
209 110
381 110
287 111
199 111
41 111
247 111
400 113
404 113
156 114
355 114
270 114
105 115
224 115
168 115
206 115
168 115
42 116
179 117
159 117
149 118
215 118
184 119
420 119
98 119
129 119
274 120
33 120
219 120
162 120
52 122
379 122
140 122
324 122
289 123
318 123
296 123
380 124
294 124
350 125
176 125
282 126
111 127
390 127
34 128
394 128
149 128
337 128
401 129
77 130
98 132
177 133
95 133
377 134
120 135
295 136
122 137
23 138
40 138
398 139
104 139
60 139
97 140
155 140
71 140
335 140
274 141
135 141
124 142
297 142
264 142
336 142
107 144
272 144
309 144
38 144
370 145
120 146
103 147
343 148
252 149
331 149
412 149
61 150
223 150
361 150
189 150
217 151
255 151
104 153
6 153
248 153
349 154
14 154
224 154
283 155
371 155
399 155
112 155
317 156
202 156
284 157
91 157
73 157
272 157
394 158
252 159
426 159
51 159
55 160
249 161
365 162
291 162
354 163
88 163
289 163
61 164
390 164
305 164
80 165
298 165
133 165
154 165
39 166
105 166
208 166
396 166
409 167
138 167
320 167
148 167
174 167
151 168
98 168
230 168
196 168
329 169
266 171
25 171
290 171
371 172
175 172
421 172
311 173
23 173
302 173
36 174
2 174
408 174
10 174
303 174
395 176
216 176
117 177
91 178
248 178
267 179
40 179
177 179
29 180
200 180
393 180
238 181
320 182
201 182
420 182
345 183
88 183
176 183
176 183
257 185
132 185
92 185
290 187
93 189
91 189
174 189
190 189
105 189
393 190
265 190
167 190
111 190
194 191
231 191
362 192
35 192
288 192
338 192
399 193
64 193
174 194
112 195
32 195
397 197
90 197
163 198
285 199
333 199
296 201
407 202
77 202
333 203
79 203
49 204
234 204
398 205
326 205
29 206
405 206
100 207
43 207
400 208
150 208
104 209
133 209
48 209
387 210
343 210
262 211
19 211
398 211
381 212
106 213
203 213
168 214
124 214
305 215
78 216
125 216
301 216
384 216
299 217
406 218
358 219
192 219
117 220
82 220
53 221
396 221
75 221
136 221
296 221
250 221
78 221
359 221
336 221
244 222
87 222
152 222
308 222
162 224
2 224
199 225
139 225
88 226
170 227
390 228
421 228
4 228
122 229
374 230
119 230
197 230
275 231
74 231
346 231
24 231
291 232
194 233
86 233
160 233
376 233
284 233
26 234
82 234
349 235
403 235
47 236
350 236
305 237
146 237
326 239
370 239
158 240
409 241
2 242
393 242
53 242
268 242
332 242
88 243
84 243
400 243
34 244
304 244
229 244
415 245
269 245
173 245
287 246
55 247
358 249
32 249
43 249
334 249
308 250
349 250
18 250
277 250
348 250
311 251
108 252
145 252
151 252
375 252
362 252
363 252
381 252
316 252
64 253
119 254
373 254
77 254
12 254
298 255
93 256
369 256
259 256
262 257
149 257
336 257
108 257
