618
95 0
140 0
17 0
207 0
58 0
153 0
141 0
115 0
122 0
123 0
133 0
177 0
21 0
38 0
80 0
107 0
35 0
198 0
1 0
157 0
31 0
78 0
23 0
208 0
110 0
110 1
79 1
121 1
133 1
102 1
33 1
139 1
129 1
43 1
51 1
148 1
208 1
79 1
170 2
15 2
61 2
143 2
45 2
118 2
192 2
25 2
29 2
24 2
190 2
65 2
162 2
48 3
10 3
182 3
203 3
144 3
188 3
144 3
144 3
173 4
132 4
102 4
122 4
33 4
67 4
180 4
55 5
53 5
139 5
165 5
95 5
83 5
38 5
152 5
100 5
125 5
170 6
121 6
58 6
12 6
23 6
49 6
100 6
106 6
14 6
66 6
126 7
78 7
120 7
16 7
110 7
28 7
164 7
126 7
186 7
105 7
89 8
84 8
114 8
104 8
102 8
54 8
21 8
107 9
24 9
209 9
132 9
105 9
104 9
153 9
191 9
12 10
21 10
191 10
159 10
86 10
116 10
105 10
191 10
129 11
188 11
80 11
61 11
93 11
77 11
65 11
20 11
205 11
210 11
97 11
62 11
65 11
166 11
198 11
17 12
102 12
176 12
66 12
160 12
162 12
178 12
199 12
124 12
194 12
95 12
203 12
209 12
56 12
25 12
122 12
128 12
49 12
75 12
199 13
145 13
173 13
200 13
104 13
124 13
41 13
58 13
205 13
176 13
87 13
74 13
65 13
70 13
133 13
100 14
155 14
136 14
32 14
184 14
157 14
101 14
124 14
75 14
184 14
190 14
105 15
191 15
102 15
117 15
186 15
44 15
108 15
185 15
19 15
16 15
7 15
17 15
38 15
17 16
97 16
140 16
176 16
161 16
66 16
132 16
110 17
20 17
73 17
91 17
87 17
115 17
199 17
47 18
99 18
5 18
91 18
137 18
87 18
69 18
50 18
145 18
165 18
210 18
34 18
40 19
85 19
87 19
16 19
165 19
46 19
57 19
155 19
158 19
71 19
26 20
155 20
82 20
63 20
194 20
18 20
124 20
44 20
94 21
92 21
191 21
104 21
164 21
77 21
87 21
77 21
182 21
113 22
125 22
179 22
4 22
13 22
211 22
205 22
119 22
141 22
25 22
77 22
206 23
29 23
186 23
180 23
152 23
35 23
100 23
186 23
211 23
62 23
135 23
114 23
180 24
210 24
135 24
176 24
146 24
21 24
179 24
50 25
128 25
71 25
40 25
4 25
199 25
151 25
20 25
5 25
4 25
67 25
175 25
82 25
130 25
141 25
64 25
167 26
5 26
197 26
113 26
147 26
104 26
169 26
27 27
183 27
195 27
186 27
122 27
127 27
209 27
97 27
173 28
94 28
130 28
206 28
69 28
3 28
126 28
194 28
4 28
178 28
59 28
77 28
179 28
101 29
184 29
83 29
152 29
203 29
45 29
34 29
62 29
23 29
8 29
125 30
208 30
30 30
92 30
31 30
101 30
171 30
55 31
107 31
47 31
7 31
96 31
210 31
185 31
46 31
181 31
79 31
27 31
120 31
200 31
66 31
105 31
134 32
177 32
92 32
29 32
85 32
194 32
84 32
131 32
189 32
187 32
169 32
88 32
41 33
189 33
79 33
159 33
9 33
204 33
92 33
44 33
80 34
105 34
109 34
120 34
80 34
135 34
109 34
152 34
121 34
105 34
25 34
90 34
92 35
65 35
12 35
185 35
105 35
161 36
44 36
172 36
25 36
147 36
164 36
211 36
68 36
2 36
98 36
151 37
154 37
14 37
188 37
182 37
135 37
146 37
127 37
156 37
109 37
57 38
87 38
64 38
198 38
41 38
92 38
114 38
32 38
210 38
176 39
118 39
158 39
92 39
154 39
34 39
103 39
136 39
171 39
54 39
37 40
28 40
109 40
8 40
33 40
80 40
41 40
136 40
199 40
151 41
166 41
49 41
42 41
162 41
124 41
7 41
153 41
205 41
210 42
201 42
205 42
102 42
97 42
91 42
49 42
56 42
14 42
114 42
79 42
136 42
59 43
169 43
79 43
119 43
11 43
85 43
91 43
200 43
13 43
135 43
143 44
54 44
60 44
163 44
3 44
147 44
110 44
18 44
97 44
130 44
185 44
105 45
208 45
9 45
90 45
110 45
110 45
174 45
160 45
62 45
112 45
4 45
16 45
195 45
153 45
177 45
111 45
104 46
133 46
146 46
208 46
104 46
64 46
126 46
3 46
74 46
40 46
133 47
179 47
142 47
184 47
45 47
88 47
26 47
194 47
211 47
173 47
140 47
131 48
45 48
12 48
120 48
135 48
168 48
62 48
36 48
159 48
16 49
125 49
148 49
112 49
169 49
9 49
71 49
142 49
135 49
146 49
64 49
200 49
109 49
9 50
198 50
103 50
73 50
95 50
181 50
210 50
188 50
121 50
184 51
169 51
106 51
113 51
22 51
53 51
191 51
195 51
109 51
210 51
78 51
27 51
87 51
97 52
113 52
180 52
112 52
18 52
33 52
2 52
65 52
101 52
153 52
168 52
83 52
157 52
132 52
22 52
198 52
178 52
73 52
63 52
7 52
183 52
156 53
73 53
70 53
145 53
29 53
30 53
193 53
93 53
194 53
143 53
14 53
109 53
160 53
88 53
95 53
85 54
40 54
141 54
203 54
150 54
142 54
36 54
113 54
122 54
159 54
35 54
71 54
151 54
61 54
40 54
50 55
20 55
166 55
72 55
95 55
132 55
169 55
66 55
