1000
744 2147483637
444 2147483637
587 2147483637
666 2147483637
992 2147483637
497 2147483637
818 2147483637
242 2147483637
513 2147483637
657 2147483637
249 2147483637
414 2147483637
508 2147483637
845 2147483637
611 2147483637
307 2147483637
994 2147483637
243 2147483637
728 2147483637
494 2147483637
66 2147483637
727 2147483637
799 2147483637
412 2147483637
353 2147483637
459 2147483637
438 2147483637
485 2147483637
681 2147483637
757 2147483637
350 2147483637
520 2147483637
649 2147483637
389 2147483637
732 2147483637
46 2147483637
218 2147483637
29 2147483637
34 2147483637
347 2147483637
415 2147483637
423 2147483637
559 2147483637
709 2147483637
368 2147483637
374 2147483637
734 2147483637
743 2147483637
697 2147483637
808 2147483637
814 2147483637
626 2147483637
615 2147483637
46 2147483637
431 2147483637
854 2147483637
194 2147483637
18 2147483637
98 2147483637
171 2147483637
402 2147483637
688 2147483637
209 2147483637
80 2147483637
842 2147483637
519 2147483637
243 2147483637
984 2147483637
100 2147483637
171 2147483637
269 2147483637
532 2147483637
859 2147483637
646 2147483637
958 2147483637
340 2147483637
762 2147483637
104 2147483637
196 2147483637
60 2147483637
693 2147483637
798 2147483637
42 2147483637
256 2147483637
436 2147483637
87 2147483637
581 2147483637
638 2147483637
661 2147483637
56 2147483637
144 2147483637
354 2147483637
675 2147483637
771 2147483637
47 2147483638
192 2147483638
403 2147483638
114 2147483638
660 2147483638
788 2147483638
96 2147483638
402 2147483638
398 2147483638
9 2147483638
87 2147483638
377 2147483638
619 2147483638
218 2147483638
757 2147483638
93 2147483638
871 2147483638
312 2147483638
404 2147483638
657 2147483638
375 2147483638
432 2147483638
714 2147483638
35 2147483638
705 2147483638
110 2147483638
674 2147483638
705 2147483638
198 2147483638
320 2147483638
198 2147483638
944 2147483638
960 2147483638
409 2147483638
717 2147483638
665 2147483638
344 2147483638
542 2147483638
781 2147483638
608 2147483638
43 2147483638
849 2147483638
397 2147483638
683 2147483638
491 2147483638
472 2147483638
639 2147483638
521 2147483638
683 2147483638
703 2147483638
998 2147483638
884 2147483638
93 2147483638
519 2147483638
813 2147483638
350 2147483638
664 2147483638
41 2147483638
840 2147483638
985 2147483638
643 2147483638
999 2147483638
866 2147483638
868 2147483638
272 2147483638
905 2147483638
631 2147483638
95 2147483638
54 2147483638
646 2147483638
401 2147483638
360 2147483638
73 2147483638
482 2147483638
451 2147483639
171 2147483639
50 2147483639
668 2147483639
525 2147483639
915 2147483639
221 2147483639
916 2147483639
703 2147483639
82 2147483639
96 2147483639
159 2147483639
346 2147483639
174 2147483639
856 2147483639
47 2147483639
6 2147483639
444 2147483639
106 2147483639
476 2147483639
404 2147483639
964 2147483639
940 2147483639
819 2147483639
491 2147483639
977 2147483639
867 2147483639
421 2147483639
611 2147483639
592 2147483639
305 2147483639
507 2147483639
330 2147483639
86 2147483639
604 2147483639
835 2147483639
180 2147483639
301 2147483639
528 2147483639
435 2147483639
74 2147483639
219 2147483639
640 2147483639
635 2147483639
415 2147483639
937 2147483639
506 2147483639
267 2147483639
23 2147483639
268 2147483639
423 2147483639
751 2147483639
493 2147483639
321 2147483639
462 2147483639
862 2147483639
143 2147483639
172 2147483639
363 2147483639
57 2147483639
949 2147483639
654 2147483639
842 2147483639
83 2147483639
135 2147483639
364 2147483639
61 2147483639
62 2147483639
225 2147483639
324 2147483639
943 2147483639
49 2147483639
987 2147483639
185 2147483639
432 2147483639
721 2147483639
55 2147483639
63 2147483639
517 2147483639
947 2147483640
664 2147483640
767 2147483640
274 2147483640
57 2147483640
631 2147483640
776 2147483640
388 2147483640
205 2147483640
111 2147483640
325 2147483640
368 2147483640
268 2147483640
178 2147483640
516 2147483640
470 2147483640
96 2147483640
511 2147483640
677 2147483640
464 2147483640
695 2147483640
191 2147483640
178 2147483640
843 2147483640
499 2147483640
837 2147483640
807 2147483640
254 2147483640
655 2147483640
36 2147483640
477 2147483640
855 2147483640
820 2147483640
215 2147483640
658 2147483640
111 2147483640
19 2147483640
302 2147483640
843 2147483640
652 2147483640
993 2147483640
230 2147483640
392 2147483640
900 2147483640
344 2147483640
208 2147483640
529 2147483640
469 2147483640
820 2147483640
963 2147483640
949 2147483640
929 2147483640
475 2147483640
514 2147483640
393 2147483640
37 2147483640
7 2147483640
925 2147483640
414 2147483640
636 2147483640
900 2147483640
364 2147483640
899 2147483640
601 2147483640
740 2147483640
431 2147483640
678 2147483640
372 2147483640
350 2147483640
210 2147483640
499 2147483640
180 2147483640
930 2147483640
728 2147483640
839 2147483640
299 2147483640
524 2147483640
232 2147483640
449 2147483640
983 2147483640
349 2147483640
387 2147483640
754 2147483640
650 2147483640
866 2147483640
28 2147483640
563 2147483640
640 2147483640
162 2147483640
75 2147483641
504 2147483641
971 2147483641
212 2147483641
384 2147483641
660 2147483641
674 2147483641
675 2147483641
228 2147483641
676 2147483641
209 2147483641
134 2147483641
911 2147483641
477 2147483641
588 2147483641
928 2147483641
725 2147483641
819 2147483641
492 2147483641
118 2147483641
46 2147483641
90 2147483641
674 2147483641
215 2147483641
856 2147483641
687 2147483641
541 2147483641
957 2147483641
631 2147483641
99 2147483641
240 2147483641
901 2147483641
684 2147483641
684 2147483641
483 2147483641
969 2147483641
134 2147483641
788 2147483641
392 2147483641
992 2147483641
643 2147483641
528 2147483641
416 2147483641
44 2147483641
217 2147483641
743 2147483641
411 2147483641
805 2147483641
62 2147483641
79 2147483641
999 2147483641
1000 2147483641
160 2147483641
922 2147483641
629 2147483641
192 2147483641
140 2147483641
909 2147483641
538 2147483641
196 2147483641
946 2147483641
715 2147483641
65 2147483641
242 2147483641
839 2147483641
190 2147483641
667 2147483641
367 2147483641
136 2147483641
80 2147483641
609 2147483641
655 2147483641
224 2147483641
795 2147483641
614 2147483641
364 2147483641
916 2147483641
175 2147483641
177 2147483641
646 2147483641
837 2147483641
284 2147483641
357 2147483641
54 2147483641
91 2147483641
120 2147483641
383 2147483641
333 2147483641
871 2147483641
791 2147483641
375 2147483642
776 2147483642
80 2147483642
434 2147483642
468 2147483642
155 2147483642
636 2147483642
76 2147483642
746 2147483642
645 2147483642
821 2147483642
639 2147483642
746 2147483642
797 2147483642
972 2147483642
896 2147483642
1000 2147483642
68 2147483642
360 2147483642
228 2147483642
323 2147483642
667 2147483642
15 2147483642
986 2147483642
474 2147483642
637 2147483642
76 2147483642
51 2147483642
745 2147483642
861 2147483642
620 2147483642
279 2147483642
480 2147483642
282 2147483642
656 2147483642
81 2147483642
971 2147483642
799 2147483642
563 2147483642
931 2147483642
18 2147483642
411 2147483642
396 2147483642
359 2147483642
57 2147483642
776 2147483642
24 2147483642
565 2147483642
313 2147483642
588 2147483642
303 2147483642
489 2147483642
261 2147483642
574 2147483642
866 2147483642
108 2147483642
193 2147483642
863 2147483642
821 2147483642
828 2147483642
347 2147483642
507 2147483642
71 2147483642
108 2147483642
387 2147483642
459 2147483642
283 2147483642
74 2147483642
226 2147483642
357 2147483642
702 2147483642
199 2147483642
690 2147483642
58 2147483642
59 2147483642
926 2147483642
874 2147483642
253 2147483642
722 2147483642
938 2147483642
609 2147483642
29 2147483642
336 2147483642
172 2147483642
754 2147483642
321 2147483642
331 2147483642
193 2147483642
789 2147483642
139 2147483642
156 2147483643
914 2147483643
702 2147483643
911 2147483643
81 2147483643
277 2147483643
934 2147483643
45 2147483643
988 2147483643
295 2147483643
171 2147483643
375 2147483643
81 2147483643
895 2147483643
218 2147483643
989 2147483643
533 2147483643
302 2147483643
132 2147483643
743 2147483643
273 2147483643
903 2147483643
931 2147483643
154 2147483643
889 2147483643
745 2147483643
552 2147483643
970 2147483643
896 2147483643
819 2147483643
304 2147483643
834 2147483643
920 2147483643
115 2147483643
461 2147483643
318 2147483643
216 2147483643
914 2147483643
940 2147483643
607 2147483643
92 2147483643
997 2147483643
473 2147483643
585 2147483643
745 2147483643
766 2147483643
552 2147483643
898 2147483643
547 2147483643
354 2147483643
471 2147483643
244 2147483643
812 2147483643
41 2147483643
868 2147483643
32 2147483643
987 2147483643
716 2147483643
603 2147483643
217 2147483643
271 2147483643
89 2147483643
419 2147483643
886 2147483643
687 2147483643
484 2147483643
750 2147483643
250 2147483643
800 2147483643
1000 2147483643
49 2147483643
71 2147483643
686 2147483643
369 2147483643
701 2147483643
639 2147483643
27 2147483643
750 2147483643
71 2147483643
988 2147483643
816 2147483643
137 2147483643
711 2147483643
519 2147483643
75 2147483643
775 2147483643
650 2147483643
264 2147483643
694 2147483643
113 2147483644
954 2147483644
173 2147483644
686 2147483644
769 2147483644
798 2147483644
934 2147483644
936 2147483644
305 2147483644
179 2147483644
429 2147483644
884 2147483644
800 2147483644
563 2147483644
433 2147483644
44 2147483644
812 2147483644
588 2147483644
894 2147483644
382 2147483644
670 2147483644
889 2147483644
192 2147483644
283 2147483644
719 2147483644
412 2147483644
863 2147483644
633 2147483644
381 2147483644
924 2147483644
840 2147483644
365 2147483644
487 2147483644
24 2147483644
367 2147483644
840 2147483644
645 2147483644
114 2147483644
533 2147483644
706 2147483644
548 2147483644
914 2147483644
358 2147483644
967 2147483644
106 2147483644
984 2147483644
194 2147483644
35 2147483644
87 2147483644
505 2147483644
782 2147483644
388 2147483644
912 2147483644
704 2147483644
39 2147483644
995 2147483644
149 2147483644
39 2147483644
82 2147483644
914 2147483644
312 2147483644
670 2147483644
493 2147483644
228 2147483644
508 2147483644
374 2147483644
271 2147483644
563 2147483644
630 2147483644
974 2147483644
729 2147483644
756 2147483644
865 2147483644
951 2147483644
487 2147483644
943 2147483644
511 2147483644
389 2147483644
809 2147483644
649 2147483644
195 2147483644
761 2147483644
63 2147483644
731 2147483644
788 2147483644
627 2147483644
688 2147483644
403 2147483644
589 2147483644
546 2147483644
207 2147483644
77 2147483644
200 2147483644
934 2147483644
472 2147483644
232 2147483644
536 2147483644
954 2147483644
531 2147483644
513 2147483644
75 2147483645
467 2147483645
916 2147483645
719 2147483645
364 2147483645
111 2147483645
552 2147483645
160 2147483645
1 2147483645
247 2147483645
879 2147483645
537 2147483645
797 2147483645
867 2147483645
216 2147483645
913 2147483645
482 2147483645
40 2147483645
507 2147483645
570 2147483645
239 2147483645
177 2147483645
608 2147483645
586 2147483645
637 2147483645
377 2147483645
80 2147483645
865 2147483645
363 2147483645
74 2147483645
529 2147483645
756 2147483645
636 2147483645
103 2147483645
917 2147483645
504 2147483645
553 2147483645
145 2147483645
342 2147483645
265 2147483645
131 2147483645
903 2147483645
841 2147483645
931 2147483645
349 2147483645
808 2147483645
846 2147483645
703 2147483645
880 2147483645
962 2147483645
458 2147483645
437 2147483645
887 2147483645
925 2147483645
852 2147483645
863 2147483645
658 2147483645
445 2147483645
300 2147483645
221 2147483645
672 2147483645
275 2147483645
310 2147483645
996 2147483645
29 2147483645
5 2147483645
907 2147483645
559 2147483645
321 2147483645
539 2147483645
261 2147483645
602 2147483645
493 2147483645
625 2147483645
200 2147483645
922 2147483645
510 2147483645
645 2147483645
307 2147483645
28 2147483645
302 2147483645
101 2147483645
253 2147483645
292 2147483645
735 2147483645
906 2147483645
563 2147483645
465 2147483646
349 2147483646
667 2147483646
29 2147483646
366 2147483646
726 2147483646
772 2147483646
442 2147483646
751 2147483646
90 2147483646
468 2147483646
990 2147483646
675 2147483646
203 2147483646
342 2147483646
465 2147483646
693 2147483646
886 2147483646
991 2147483646
41 2147483646
675 2147483646
289 2147483646
992 2147483646
528 2147483646
692 2147483646
245 2147483646
626 2147483646
364 2147483646
13 2147483646
881 2147483646
913 2147483646
125 2147483646
419 2147483646
212 2147483646
735 2147483646
176 2147483646
108 2147483646
422 2147483646
54 2147483646
78 2147483646
13 2147483646
442 2147483646
872 2147483646
891 2147483646
15 2147483646
349 2147483646
492 2147483646
480 2147483646
495 2147483646
502 2147483646
959 2147483646
871 2147483646
846 2147483646
484 2147483646
754 2147483646
871 2147483646
397 2147483646
864 2147483646
765 2147483646
492 2147483646
415 2147483646
751 2147483646
509 2147483646
489 2147483646
781 2147483646
778 2147483646
811 2147483646
310 2147483646
868 2147483646
899 2147483646
509 2147483646
377 2147483646
727 2147483646
343 2147483646
494 2147483646
809 2147483646
92 2147483646
74 2147483646
567 2147483646
428 2147483646
343 2147483646
413 2147483646
262 2147483646
490 2147483646
723 2147483646
945 2147483646
17 2147483646
270 2147483646
541 2147483646
863 2147483646
797 2147483646
945 2147483646
937 2147483646
394 2147483646
855 2147483646
557 2147483646
484 2147483646
34 2147483646
171 2147483646
426 2147483646
308 2147483646
238 2147483646
526 2147483647
597 2147483647
787 2147483647
951 2147483647
431 2147483647
657 2147483647
847 2147483647
792 2147483647
87 2147483647
676 2147483647
951 2147483647
495 2147483647
363 2147483647
159 2147483647
885 2147483647
799 2147483647
674 2147483647
738 2147483647
750 2147483647
489 2147483647
174 2147483647
484 2147483647
276 2147483647
491 2147483647
684 2147483647
130 2147483647
119 2147483647
581 2147483647
145 2147483647
324 2147483647
951 2147483647
874 2147483647
164 2147483647
254 2147483647
844 2147483647
761 2147483647
228 2147483647
404 2147483647
466 2147483647
725 2147483647
730 2147483647
287 2147483647
741 2147483647
841 2147483647
494 2147483647
221 2147483647
753 2147483647
271 2147483647
970 2147483647
908 2147483647
599 2147483647
200 2147483647
806 2147483647
92 2147483647
95 2147483647
720 2147483647
381 2147483647
225 2147483647
458 2147483647
991 2147483647
993 2147483647
754 2147483647
435 2147483647
785 2147483647
262 2147483647
770 2147483647
904 2147483647
9 2147483647
593 2147483647
198 2147483647
408 2147483647
717 2147483647
775 2147483647
275 2147483647
734 2147483647
591 2147483647
953 2147483647
30 2147483647
643 2147483647
800 2147483647
648 2147483647
553 2147483647
445 2147483647
692 2147483647
970 2147483647
78 2147483647
788 2147483647
32 2147483647
356 2147483647
883 2147483647
58 2147483647
142 2147483647
792 2147483647
392 2147483647
177 2147483647
596 2147483647
662 2147483647
414 2147483647
450 2147483647
213 2147483647
757 2147483647
241 2147483647
889 2147483647
941 2147483647
102 2147483647
834 2147483647
