326
303 2
38 3
413 4
512 5
807 5
955 7
552 9
998 14
702 21
118 29
46 35
214 47
564 48
413 51
622 54
504 55
701 56
838 60
463 60
772 62
493 63
904 64
926 68
2 68
928 68
93 69
594 70
253 75
679 81
988 81
295 91
549 92
725 93
564 94
706 96
731 97
173 98
711 103
410 105
800 107
381 108
473 110
20 112
899 113
635 114
727 117
871 121
79 123
695 127
727 128
343 133
162 137
227 137
352 138
377 140
99 145
266 150
735 154
301 155
141 158
563 164
605 168
474 172
317 174
372 184
164 191
646 196
268 199
7 211
293 211
298 215
899 218
776 221
128 225
393 227
416 232
458 243
581 246
583 247
282 248
812 255
766 256
790 257
143 259
759 260
52 260
862 269
441 274
319 275
416 278
537 283
652 285
563 287
249 293
366 293
306 295
71 296
225 299
962 302
873 305
337 311
778 321
952 324
740 325
629 327
131 337
525 337
6 339
803 348
422 352
659 354
635 355
511 356
178 356
468 359
781 360
741 365
770 367
685 381
960 382
272 383
494 385
49 387
996 388
675 395
609 396
322 397
898 400
909 400
427 401
483 402
808 406
172 408
32 413
495 413
102 416
721 418
157 421
645 421
525 422
462 426
778 427
463 427
623 431
158 434
614 434
675 436
850 436
649 437
902 440
956 444
523 446
981 451
696 456
862 456
291 457
38 462
826 462
722 466
902 466
625 466
494 469
737 471
753 475
941 482
505 483
215 484
336 485
443 487
663 488
37 489
442 494
742 500
435 501
911 503
116 505
404 505
743 507
419 507
11 523
631 524
63 530
279 531
440 538
285 543
909 544
522 546
230 554
565 558
478 559
316 561
396 563
136 573
187 576
328 576
396 577
217 579
811 583
736 597
66 601
761 603
642 604
45 604
82 604
857 604
358 606
771 608
114 614
699 617
20 620
339 620
712 621
375 625
809 626
107 644
428 645
671 646
337 648
916 649
618 650
243 652
837 654
369 655
368 658
611 665
913 668
971 672
39 675
298 676
4 683
717 697
113 697
666 698
969 699
534 700
802 701
796 703
243 711
569 714
627 724
1 725
797 725
142 736
670 744
186 752
759 757
114 759
343 760
131 760
797 765
389 772
701 772
178 773
96 780
68 785
322 786
921 787
43 791
858 794
540 803
422 804
254 807
573 808
81 809
91 811
621 811
940 814
711 826
641 831
870 834
504 840
551 840
539 842
860 843
30 846
977 848
105 851
982 852
894 853
689 860
569 861
466 862
416 862
316 870
447 870
542 871
904 872
813 872
548 874
388 875
43 876
288 878
334 883
395 887
44 888
675 894
746 894
566 899
615 900
553 900
89 907
411 912
124 913
452 919
334 924
992 930
691 932
858 934
940 935
147 937
557 939
16 941
623 943
270 953
547 955
998 957
201 960
184 975
925 976
327 976
288 987
433 990
359 992
461 992
149 993
933 998
