1000
740 2147483637
453 2147483637
790 2147483637
433 2147483637
114 2147483637
434 2147483637
196 2147483637
477 2147483637
28 2147483637
563 2147483637
910 2147483637
74 2147483637
874 2147483637
943 2147483637
57 2147483637
233 2147483637
437 2147483637
421 2147483637
893 2147483637
509 2147483637
892 2147483637
488 2147483637
446 2147483637
325 2147483637
11 2147483637
210 2147483637
617 2147483637
485 2147483637
534 2147483637
608 2147483637
209 2147483637
647 2147483637
99 2147483637
390 2147483637
204 2147483637
742 2147483637
468 2147483637
615 2147483637
773 2147483637
159 2147483637
463 2147483637
300 2147483637
14 2147483637
423 2147483637
214 2147483637
748 2147483637
930 2147483637
471 2147483637
173 2147483637
615 2147483637
483 2147483637
640 2147483637
753 2147483637
372 2147483637
226 2147483637
21 2147483637
872 2147483637
621 2147483637
959 2147483637
154 2147483637
340 2147483637
281 2147483637
318 2147483637
563 2147483637
663 2147483637
35 2147483637
289 2147483637
50 2147483637
429 2147483637
825 2147483637
620 2147483637
958 2147483637
798 2147483637
233 2147483637
502 2147483637
68 2147483637
422 2147483637
28 2147483637
359 2147483637
537 2147483637
96 2147483637
574 2147483637
556 2147483637
872 2147483637
385 2147483637
481 2147483637
853 2147483637
377 2147483637
343 2147483637
350 2147483637
867 2147483637
15 2147483637
288 2147483637
717 2147483637
112 2147483637
648 2147483637
666 2147483637
652 2147483637
702 2147483638
496 2147483638
942 2147483638
863 2147483638
540 2147483638
8 2147483638
280 2147483638
837 2147483638
131 2147483638
781 2147483638
975 2147483638
619 2147483638
51 2147483638
800 2147483638
122 2147483638
628 2147483638
284 2147483638
418 2147483638
409 2147483638
288 2147483638
347 2147483638
499 2147483638
719 2147483638
940 2147483638
237 2147483638
716 2147483638
52 2147483638
377 2147483638
366 2147483638
82 2147483638
306 2147483638
446 2147483638
698 2147483638
782 2147483638
285 2147483638
749 2147483638
368 2147483638
243 2147483638
27 2147483638
553 2147483638
862 2147483638
416 2147483638
672 2147483638
392 2147483638
800 2147483638
757 2147483638
589 2147483638
493 2147483638
858 2147483638
301 2147483638
536 2147483638
911 2147483638
798 2147483638
333 2147483638
719 2147483638
885 2147483638
854 2147483638
707 2147483638
951 2147483638
637 2147483638
476 2147483638
183 2147483638
106 2147483638
391 2147483638
915 2147483638
686 2147483638
36 2147483638
716 2147483638
659 2147483638
709 2147483638
802 2147483638
200 2147483638
949 2147483638
235 2147483638
71 2147483638
6 2147483638
681 2147483638
944 2147483638
996 2147483638
147 2147483638
516 2147483638
60 2147483638
116 2147483638
355 2147483638
492 2147483638
32 2147483638
886 2147483638
938 2147483638
577 2147483638
130 2147483638
2 2147483638
30 2147483638
185 2147483638
910 2147483638
16 2147483638
305 2147483638
399 2147483638
755 2147483638
999 2147483638
165 2147483639
383 2147483639
340 2147483639
243 2147483639
594 2147483639
731 2147483639
597 2147483639
720 2147483639
421 2147483639
532 2147483639
484 2147483639
197 2147483639
49 2147483639
438 2147483639
831 2147483639
873 2147483639
719 2147483639
145 2147483639
554 2147483639
378 2147483639
712 2147483639
788 2147483639
505 2147483639
757 2147483639
648 2147483639
595 2147483639
446 2147483639
857 2147483639
192 2147483639
778 2147483639
227 2147483639
755 2147483639
555 2147483639
964 2147483639
672 2147483639
795 2147483639
337 2147483639
820 2147483639
570 2147483639
74 2147483639
167 2147483639
948 2147483639
49 2147483639
933 2147483639
504 2147483639
642 2147483639
2 2147483639
939 2147483639
633 2147483639
688 2147483639
730 2147483639
921 2147483639
800 2147483639
583 2147483639
546 2147483639
877 2147483639
925 2147483639
868 2147483639
872 2147483639
877 2147483639
193 2147483639
229 2147483639
349 2147483639
988 2147483639
82 2147483639
529 2147483639
246 2147483639
747 2147483639
813 2147483639
33 2147483639
4 2147483639
226 2147483639
650 2147483639
836 2147483639
774 2147483639
866 2147483639
77 2147483639
510 2147483639
944 2147483639
389 2147483639
571 2147483639
370 2147483639
408 2147483639
560 2147483639
872 2147483639
440 2147483639
319 2147483639
372 2147483639
5 2147483639
73 2147483639
314 2147483639
899 2147483639
993 2147483639
850 2147483639
52 2147483639
265 2147483639
142 2147483639
766 2147483639
369 2147483640
774 2147483640
215 2147483640
730 2147483640
292 2147483640
74 2147483640
758 2147483640
590 2147483640
477 2147483640
985 2147483640
525 2147483640
435 2147483640
7 2147483640
281 2147483640
813 2147483640
291 2147483640
769 2147483640
384 2147483640
623 2147483640
358 2147483640
896 2147483640
119 2147483640
655 2147483640
768 2147483640
638 2147483640
952 2147483640
141 2147483640
457 2147483640
562 2147483640
166 2147483640
575 2147483640
563 2147483640
216 2147483640
151 2147483640
286 2147483640
840 2147483640
240 2147483640
892 2147483640
591 2147483640
641 2147483640
942 2147483640
469 2147483640
127 2147483640
675 2147483640
442 2147483640
71 2147483640
631 2147483640
441 2147483640
902 2147483640
753 2147483640
336 2147483640
559 2147483640
594 2147483640
641 2147483640
509 2147483640
380 2147483640
457 2147483640
93 2147483640
758 2147483640
627 2147483640
866 2147483640
525 2147483640
326 2147483640
46 2147483640
545 2147483640
208 2147483640
146 2147483640
723 2147483640
440 2147483640
650 2147483640
301 2147483640
807 2147483640
166 2147483640
750 2147483640
322 2147483640
477 2147483641
362 2147483641
125 2147483641
530 2147483641
675 2147483641
865 2147483641
295 2147483641
970 2147483641
819 2147483641
793 2147483641
234 2147483641
617 2147483641
686 2147483641
790 2147483641
74 2147483641
494 2147483641
813 2147483641
359 2147483641
485 2147483641
340 2147483641
268 2147483641
748 2147483641
158 2147483641
356 2147483641
759 2147483641
790 2147483641
427 2147483641
282 2147483641
937 2147483641
388 2147483641
561 2147483641
609 2147483641
566 2147483641
582 2147483641
352 2147483641
221 2147483641
143 2147483641
648 2147483641
144 2147483641
81 2147483641
787 2147483641
133 2147483641
696 2147483641
102 2147483641
720 2147483641
650 2147483641
172 2147483641
341 2147483641
988 2147483641
754 2147483641
445 2147483641
181 2147483641
958 2147483641
689 2147483641
208 2147483641
908 2147483641
380 2147483641
766 2147483641
721 2147483641
954 2147483641
746 2147483641
40 2147483641
707 2147483641
386 2147483641
760 2147483641
225 2147483641
278 2147483641
742 2147483641
806 2147483641
448 2147483641
914 2147483641
131 2147483641
155 2147483641
531 2147483641
94 2147483641
891 2147483641
778 2147483641
649 2147483641
648 2147483641
87 2147483641
344 2147483641
201 2147483641
592 2147483641
879 2147483641
223 2147483641
727 2147483641
149 2147483641
664 2147483641
293 2147483641
156 2147483641
360 2147483641
996 2147483641
992 2147483641
400 2147483641
833 2147483641
708 2147483641
894 2147483641
96 2147483641
589 2147483641
135 2147483641
893 2147483641
886 2147483641
788 2147483641
165 2147483641
935 2147483642
129 2147483642
750 2147483642
772 2147483642
423 2147483642
617 2147483642
360 2147483642
275 2147483642
456 2147483642
584 2147483642
790 2147483642
402 2147483642
66 2147483642
395 2147483642
556 2147483642
717 2147483642
193 2147483642
371 2147483642
540 2147483642
495 2147483642
862 2147483642
222 2147483642
567 2147483642
829 2147483642
182 2147483642
928 2147483642
101 2147483642
201 2147483642
662 2147483642
44 2147483642
311 2147483642
356 2147483642
602 2147483642
741 2147483642
681 2147483642
461 2147483642
654 2147483642
2 2147483642
378 2147483642
617 2147483642
670 2147483642
577 2147483642
965 2147483642
443 2147483642
916 2147483642
628 2147483642
653 2147483642
706 2147483642
826 2147483642
24 2147483642
680 2147483642
699 2147483642
375 2147483642
987 2147483642
706 2147483642
965 2147483642
128 2147483642
941 2147483642
635 2147483642
345 2147483642
359 2147483642
772 2147483642
565 2147483642
215 2147483642
805 2147483642
769 2147483642
430 2147483642
892 2147483642
202 2147483642
421 2147483642
877 2147483642
506 2147483642
176 2147483642
99 2147483642
288 2147483642
889 2147483642
898 2147483642
626 2147483642
917 2147483642
602 2147483642
269 2147483642
696 2147483642
673 2147483642
258 2147483642
427 2147483642
868 2147483642
699 2147483642
227 2147483642
119 2147483642
88 2147483642
129 2147483642
211 2147483642
262 2147483643
76 2147483643
82 2147483643
425 2147483643
723 2147483643
330 2147483643
155 2147483643
929 2147483643
979 2147483643
323 2147483643
618 2147483643
242 2147483643
232 2147483643
831 2147483643
506 2147483643
857 2147483643
622 2147483643
22 2147483643
325 2147483643
103 2147483643
870 2147483643
926 2147483643
141 2147483643
19 2147483643
413 2147483643
179 2147483643
200 2147483643
756 2147483643
510 2147483643
453 2147483643
928 2147483643
998 2147483643
229 2147483643
676 2147483643
864 2147483643
110 2147483643
165 2147483643
582 2147483643
29 2147483643
167 2147483643
980 2147483643
212 2147483643
692 2147483643
49 2147483643
903 2147483643
591 2147483643
970 2147483643
713 2147483643
998 2147483643
135 2147483643
697 2147483643
4 2147483643
473 2147483643
308 2147483643
804 2147483643
295 2147483643
478 2147483643
15 2147483643
635 2147483643
354 2147483643
2 2147483643
549 2147483643
637 2147483643
690 2147483643
170 2147483643
460 2147483643
146 2147483643
308 2147483643
424 2147483643
410 2147483643
860 2147483643
140 2147483643
633 2147483643
720 2147483643
200 2147483643
765 2147483643
779 2147483643
995 2147483643
130 2147483643
406 2147483643
484 2147483643
469 2147483643
236 2147483643
900 2147483643
224 2147483643
852 2147483643
153 2147483643
683 2147483643
738 2147483643
541 2147483643
127 2147483643
985 2147483644
7 2147483644
451 2147483644
304 2147483644
401 2147483644
401 2147483644
323 2147483644
736 2147483644
244 2147483644
12 2147483644
488 2147483644
81 2147483644
495 2147483644
993 2147483644
811 2147483644
76 2147483644
100 2147483644
839 2147483644
990 2147483644
983 2147483644
176 2147483644
204 2147483644
137 2147483644
13 2147483644
566 2147483644
441 2147483644
57 2147483644
810 2147483644
133 2147483644
460 2147483644
290 2147483644
892 2147483644
54 2147483644
471 2147483644
546 2147483644
975 2147483644
852 2147483644
333 2147483644
177 2147483644
900 2147483644
359 2147483644
15 2147483644
915 2147483644
782 2147483644
786 2147483644
836 2147483644
770 2147483644
534 2147483644
70 2147483644
115 2147483644
498 2147483644
419 2147483644
882 2147483644
843 2147483644
847 2147483644
395 2147483644
181 2147483644
491 2147483644
179 2147483644
233 2147483644
985 2147483644
936 2147483644
284 2147483644
701 2147483644
994 2147483644
841 2147483644
469 2147483644
723 2147483644
922 2147483644
789 2147483644
696 2147483644
284 2147483644
455 2147483644
750 2147483644
804 2147483644
570 2147483644
857 2147483644
16 2147483644
15 2147483644
629 2147483644
594 2147483644
254 2147483644
113 2147483644
347 2147483644
636 2147483644
563 2147483644
737 2147483644
179 2147483644
713 2147483644
635 2147483644
808 2147483644
6 2147483644
51 2147483644
337 2147483644
488 2147483645
905 2147483645
970 2147483645
137 2147483645
783 2147483645
441 2147483645
709 2147483645
342 2147483645
35 2147483645
469 2147483645
343 2147483645
780 2147483645
470 2147483645
477 2147483645
963 2147483645
666 2147483645
53 2147483645
937 2147483645
36 2147483645
761 2147483645
713 2147483645
765 2147483645
67 2147483645
645 2147483645
282 2147483645
478 2147483645
362 2147483645
935 2147483645
285 2147483645
981 2147483645
458 2147483645
344 2147483645
614 2147483645
14 2147483645
689 2147483645
360 2147483645
712 2147483645
51 2147483645
636 2147483645
585 2147483645
749 2147483645
682 2147483645
5 2147483645
16 2147483645
722 2147483645
502 2147483645
980 2147483645
269 2147483645
688 2147483645
107 2147483645
912 2147483645
124 2147483645
41 2147483645
927 2147483645
764 2147483645
598 2147483645
165 2147483645
925 2147483645
492 2147483645
767 2147483645
213 2147483645
842 2147483645
229 2147483645
536 2147483645
654 2147483645
744 2147483645
839 2147483645
721 2147483645
872 2147483645
211 2147483645
765 2147483645
785 2147483645
102 2147483645
833 2147483645
365 2147483645
472 2147483645
242 2147483645
330 2147483645
439 2147483645
421 2147483645
505 2147483645
976 2147483645
436 2147483645
499 2147483646
298 2147483646
443 2147483646
281 2147483646
659 2147483646
256 2147483646
158 2147483646
557 2147483646
406 2147483646
754 2147483646
822 2147483646
720 2147483646
572 2147483646
157 2147483646
184 2147483646
3 2147483646
237 2147483646
997 2147483646
496 2147483646
645 2147483646
107 2147483646
812 2147483646
877 2147483646
590 2147483646
504 2147483646
409 2147483646
209 2147483646
409 2147483646
953 2147483646
540 2147483646
363 2147483646
219 2147483646
180 2147483646
572 2147483646
802 2147483646
652 2147483646
99 2147483646
208 2147483646
78 2147483646
965 2147483646
543 2147483646
430 2147483646
291 2147483646
24 2147483646
832 2147483646
457 2147483646
245 2147483646
701 2147483646
700 2147483646
450 2147483646
96 2147483646
920 2147483646
973 2147483646
256 2147483646
863 2147483646
658 2147483646
553 2147483646
541 2147483646
227 2147483646
252 2147483646
573 2147483646
851 2147483646
784 2147483646
720 2147483646
712 2147483646
648 2147483646
344 2147483646
702 2147483646
435 2147483646
254 2147483646
455 2147483646
813 2147483646
300 2147483646
390 2147483646
373 2147483646
308 2147483646
492 2147483646
829 2147483646
190 2147483646
348 2147483646
886 2147483646
25 2147483646
264 2147483646
218 2147483646
83 2147483646
546 2147483647
2 2147483647
776 2147483647
64 2147483647
980 2147483647
300 2147483647
800 2147483647
533 2147483647
81 2147483647
400 2147483647
97 2147483647
280 2147483647
582 2147483647
873 2147483647
903 2147483647
938 2147483647
95 2147483647
542 2147483647
799 2147483647
912 2147483647
465 2147483647
817 2147483647
663 2147483647
260 2147483647
624 2147483647
464 2147483647
623 2147483647
768 2147483647
59 2147483647
724 2147483647
943 2147483647
200 2147483647
667 2147483647
461 2147483647
343 2147483647
421 2147483647
217 2147483647
289 2147483647
911 2147483647
38 2147483647
528 2147483647
556 2147483647
865 2147483647
246 2147483647
339 2147483647
715 2147483647
204 2147483647
745 2147483647
440 2147483647
104 2147483647
207 2147483647
683 2147483647
421 2147483647
80 2147483647
724 2147483647
112 2147483647
171 2147483647
336 2147483647
238 2147483647
254 2147483647
4 2147483647
23 2147483647
361 2147483647
760 2147483647
993 2147483647
983 2147483647
204 2147483647
894 2147483647
410 2147483647
919 2147483647
937 2147483647
913 2147483647
241 2147483647
693 2147483647
973 2147483647
585 2147483647
505 2147483647
307 2147483647
945 2147483647
116 2147483647
895 2147483647
