1000
942 2147483637
385 2147483637
136 2147483637
312 2147483637
732 2147483637
70 2147483637
852 2147483637
771 2147483637
609 2147483637
270 2147483637
947 2147483637
725 2147483637
358 2147483637
988 2147483637
393 2147483637
68 2147483637
677 2147483637
66 2147483637
825 2147483637
487 2147483637
783 2147483637
924 2147483637
220 2147483637
213 2147483637
842 2147483637
996 2147483637
125 2147483637
689 2147483637
275 2147483637
920 2147483637
155 2147483637
45 2147483637
513 2147483637
989 2147483637
514 2147483637
769 2147483637
462 2147483637
68 2147483637
81 2147483637
939 2147483637
676 2147483637
761 2147483637
388 2147483637
754 2147483637
196 2147483637
134 2147483637
923 2147483637
882 2147483637
334 2147483637
404 2147483637
112 2147483637
96 2147483637
859 2147483637
856 2147483637
849 2147483637
215 2147483637
949 2147483637
296 2147483637
349 2147483637
893 2147483637
580 2147483637
431 2147483637
944 2147483637
157 2147483637
765 2147483637
227 2147483637
578 2147483637
695 2147483637
825 2147483637
285 2147483637
739 2147483637
817 2147483637
419 2147483637
898 2147483637
378 2147483637
152 2147483637
761 2147483637
639 2147483637
387 2147483637
195 2147483637
499 2147483637
446 2147483637
471 2147483637
348 2147483637
968 2147483638
893 2147483638
190 2147483638
43 2147483638
13 2147483638
332 2147483638
654 2147483638
728 2147483638
322 2147483638
338 2147483638
213 2147483638
356 2147483638
321 2147483638
28 2147483638
663 2147483638
797 2147483638
788 2147483638
404 2147483638
637 2147483638
177 2147483638
937 2147483638
410 2147483638
600 2147483638
742 2147483638
141 2147483638
169 2147483638
830 2147483638
378 2147483638
150 2147483638
287 2147483638
79 2147483638
700 2147483638
119 2147483638
984 2147483638
264 2147483638
959 2147483638
24 2147483638
343 2147483638
219 2147483638
942 2147483638
652 2147483638
144 2147483638
685 2147483638
810 2147483638
458 2147483638
993 2147483638
994 2147483638
778 2147483638
115 2147483638
311 2147483638
569 2147483638
508 2147483638
305 2147483638
961 2147483638
412 2147483638
633 2147483638
837 2147483638
781 2147483638
661 2147483638
219 2147483638
148 2147483638
629 2147483638
951 2147483638
956 2147483638
957 2147483638
875 2147483638
537 2147483638
972 2147483638
541 2147483638
899 2147483638
310 2147483638
745 2147483638
421 2147483638
85 2147483638
207 2147483638
634 2147483638
100 2147483638
57 2147483638
957 2147483638
848 2147483638
785 2147483638
804 2147483638
228 2147483638
547 2147483638
541 2147483638
113 2147483638
365 2147483638
372 2147483638
691 2147483638
833 2147483638
723 2147483638
802 2147483638
332 2147483638
402 2147483638
61 2147483638
906 2147483638
788 2147483639
514 2147483639
196 2147483639
105 2147483639
588 2147483639
40 2147483639
469 2147483639
619 2147483639
409 2147483639
278 2147483639
847 2147483639
590 2147483639
243 2147483639
460 2147483639
19 2147483639
247 2147483639
82 2147483639
686 2147483639
945 2147483639
169 2147483639
415 2147483639
543 2147483639
855 2147483639
895 2147483639
29 2147483639
635 2147483639
755 2147483639
474 2147483639
411 2147483639
410 2147483639
441 2147483639
529 2147483639
736 2147483639
976 2147483639
909 2147483639
535 2147483639
643 2147483639
619 2147483639
428 2147483639
769 2147483639
601 2147483639
198 2147483639
493 2147483639
24 2147483639
208 2147483639
936 2147483639
373 2147483639
444 2147483639
53 2147483639
826 2147483639
972 2147483639
325 2147483639
757 2147483639
977 2147483639
557 2147483639
518 2147483639
274 2147483639
36 2147483639
764 2147483639
961 2147483639
692 2147483639
63 2147483639
748 2147483639
925 2147483639
187 2147483639
936 2147483639
213 2147483639
681 2147483639
148 2147483639
103 2147483639
738 2147483639
93 2147483639
493 2147483639
49 2147483639
438 2147483639
261 2147483639
673 2147483639
511 2147483639
926 2147483639
750 2147483639
945 2147483639
236 2147483639
603 2147483639
31 2147483639
775 2147483639
24 2147483639
309 2147483639
22 2147483639
967 2147483639
769 2147483639
266 2147483639
367 2147483639
50 2147483639
388 2147483639
268 2147483639
349 2147483639
17 2147483640
817 2147483640
697 2147483640
158 2147483640
23 2147483640
580 2147483640
400 2147483640
788 2147483640
90 2147483640
98 2147483640
152 2147483640
288 2147483640
129 2147483640
755 2147483640
314 2147483640
813 2147483640
368 2147483640
81 2147483640
80 2147483640
623 2147483640
320 2147483640
801 2147483640
645 2147483640
28 2147483640
737 2147483640
610 2147483640
746 2147483640
69 2147483640
294 2147483640
26 2147483640
223 2147483640
349 2147483640
990 2147483640
354 2147483640
902 2147483640
44 2147483640
412 2147483640
450 2147483640
174 2147483640
674 2147483640
929 2147483640
507 2147483640
877 2147483640
721 2147483640
918 2147483640
470 2147483640
801 2147483640
608 2147483640
491 2147483640
464 2147483640
449 2147483640
458 2147483640
604 2147483640
491 2147483640
100 2147483640
992 2147483640
747 2147483640
628 2147483640
724 2147483640
351 2147483640
178 2147483640
600 2147483640
567 2147483640
765 2147483640
925 2147483640
162 2147483640
536 2147483640
243 2147483640
668 2147483640
290 2147483640
579 2147483640
636 2147483640
51 2147483640
818 2147483640
526 2147483640
575 2147483640
666 2147483640
783 2147483640
680 2147483640
735 2147483640
804 2147483640
561 2147483640
730 2147483640
339 2147483640
681 2147483640
322 2147483640
429 2147483641
823 2147483641
426 2147483641
509 2147483641
19 2147483641
934 2147483641
817 2147483641
486 2147483641
234 2147483641
92 2147483641
947 2147483641
629 2147483641
778 2147483641
550 2147483641
910 2147483641
607 2147483641
496 2147483641
405 2147483641
804 2147483641
699 2147483641
153 2147483641
175 2147483641
688 2147483641
581 2147483641
776 2147483641
398 2147483641
128 2147483641
112 2147483641
808 2147483641
367 2147483641
556 2147483641
476 2147483641
174 2147483641
801 2147483641
782 2147483641
39 2147483641
797 2147483641
655 2147483641
465 2147483641
743 2147483641
317 2147483641
659 2147483641
761 2147483641
802 2147483641
10 2147483641
92 2147483641
340 2147483641
406 2147483641
140 2147483641
922 2147483641
487 2147483641
917 2147483641
445 2147483641
498 2147483641
467 2147483641
537 2147483641
214 2147483641
968 2147483641
923 2147483641
985 2147483641
867 2147483641
450 2147483641
993 2147483641
736 2147483641
38 2147483641
846 2147483641
726 2147483641
275 2147483641
319 2147483641
48 2147483641
113 2147483641
837 2147483641
863 2147483641
423 2147483641
48 2147483641
581 2147483641
774 2147483641
182 2147483641
454 2147483641
52 2147483641
658 2147483641
526 2147483641
989 2147483641
898 2147483641
169 2147483641
636 2147483641
259 2147483641
555 2147483641
515 2147483641
699 2147483641
89 2147483641
621 2147483641
785 2147483641
504 2147483641
456 2147483641
609 2147483641
563 2147483641
98 2147483641
663 2147483641
923 2147483641
649 2147483641
799 2147483642
744 2147483642
921 2147483642
997 2147483642
438 2147483642
293 2147483642
377 2147483642
741 2147483642
199 2147483642
660 2147483642
635 2147483642
195 2147483642
839 2147483642
816 2147483642
84 2147483642
985 2147483642
676 2147483642
996 2147483642
766 2147483642
733 2147483642
993 2147483642
776 2147483642
591 2147483642
908 2147483642
622 2147483642
37 2147483642
212 2147483642
202 2147483642
723 2147483642
749 2147483642
841 2147483642
311 2147483642
795 2147483642
677 2147483642
976 2147483642
89 2147483642
855 2147483642
668 2147483642
533 2147483642
627 2147483642
327 2147483642
270 2147483642
85 2147483642
857 2147483642
327 2147483642
916 2147483642
121 2147483642
655 2147483642
361 2147483642
481 2147483642
212 2147483642
47 2147483642
298 2147483642
353 2147483642
103 2147483642
882 2147483642
121 2147483642
825 2147483642
407 2147483642
153 2147483642
759 2147483642
331 2147483642
459 2147483642
464 2147483642
410 2147483642
463 2147483642
287 2147483642
213 2147483642
840 2147483642
775 2147483642
820 2147483642
402 2147483642
604 2147483642
258 2147483642
831 2147483642
948 2147483642
618 2147483642
566 2147483642
766 2147483642
436 2147483642
178 2147483642
155 2147483642
735 2147483642
500 2147483642
320 2147483643
891 2147483643
506 2147483643
792 2147483643
447 2147483643
119 2147483643
1 2147483643
82 2147483643
252 2147483643
392 2147483643
258 2147483643
251 2147483643
25 2147483643
975 2147483643
974 2147483643
803 2147483643
787 2147483643
996 2147483643
270 2147483643
555 2147483643
673 2147483643
823 2147483643
445 2147483643
957 2147483643
93 2147483643
814 2147483643
789 2147483643
742 2147483643
427 2147483643
526 2147483643
799 2147483643
193 2147483643
239 2147483643
108 2147483643
894 2147483643
92 2147483643
582 2147483643
661 2147483643
8 2147483643
295 2147483643
792 2147483643
433 2147483643
957 2147483643
359 2147483643
263 2147483643
908 2147483643
321 2147483643
338 2147483643
309 2147483643
563 2147483643
321 2147483643
456 2147483643
683 2147483643
140 2147483643
162 2147483643
665 2147483643
987 2147483643
117 2147483643
207 2147483643
270 2147483643
360 2147483643
469 2147483643
37 2147483643
777 2147483643
637 2147483643
417 2147483643
146 2147483643
981 2147483643
893 2147483643
469 2147483643
191 2147483643
929 2147483643
295 2147483643
515 2147483643
33 2147483643
800 2147483643
820 2147483643
936 2147483643
641 2147483643
52 2147483643
873 2147483643
240 2147483643
199 2147483643
431 2147483643
475 2147483643
369 2147483643
722 2147483643
481 2147483643
917 2147483643
753 2147483643
462 2147483643
102 2147483643
359 2147483643
196 2147483643
359 2147483643
850 2147483643
70 2147483643
812 2147483643
705 2147483644
82 2147483644
314 2147483644
416 2147483644
250 2147483644
747 2147483644
64 2147483644
674 2147483644
238 2147483644
444 2147483644
864 2147483644
548 2147483644
543 2147483644
416 2147483644
848 2147483644
620 2147483644
490 2147483644
224 2147483644
16 2147483644
554 2147483644
340 2147483644
961 2147483644
877 2147483644
17 2147483644
547 2147483644
183 2147483644
102 2147483644
189 2147483644
50 2147483644
748 2147483644
434 2147483644
242 2147483644
514 2147483644
62 2147483644
826 2147483644
93 2147483644
94 2147483644
7 2147483644
170 2147483644
747 2147483644
279 2147483644
389 2147483644
284 2147483644
541 2147483644
69 2147483644
842 2147483644
932 2147483644
834 2147483644
894 2147483644
896 2147483644
831 2147483644
155 2147483644
774 2147483644
931 2147483644
372 2147483644
828 2147483644
997 2147483644
588 2147483644
599 2147483644
678 2147483644
459 2147483644
366 2147483644
372 2147483644
278 2147483644
376 2147483644
880 2147483644
610 2147483644
39 2147483644
115 2147483644
29 2147483644
863 2147483644
360 2147483644
243 2147483644
91 2147483644
147 2147483644
136 2147483644
172 2147483644
230 2147483644
883 2147483644
8 2147483644
155 2147483644
186 2147483644
728 2147483644
684 2147483644
531 2147483644
767 2147483644
361 2147483645
223 2147483645
362 2147483645
162 2147483645
797 2147483645
33 2147483645
614 2147483645
609 2147483645
556 2147483645
717 2147483645
615 2147483645
64 2147483645
742 2147483645
976 2147483645
586 2147483645
932 2147483645
318 2147483645
164 2147483645
641 2147483645
975 2147483645
980 2147483645
695 2147483645
911 2147483645
989 2147483645
36 2147483645
827 2147483645
204 2147483645
913 2147483645
638 2147483645
283 2147483645
855 2147483645
264 2147483645
899 2147483645
350 2147483645
729 2147483645
181 2147483645
347 2147483645
915 2147483645
304 2147483645
923 2147483645
373 2147483645
507 2147483645
794 2147483645
945 2147483645
711 2147483645
194 2147483645
276 2147483645
64 2147483645
262 2147483645
9 2147483645
421 2147483645
268 2147483645
707 2147483645
703 2147483645
253 2147483645
930 2147483645
751 2147483645
710 2147483645
92 2147483645
966 2147483645
348 2147483645
975 2147483645
518 2147483645
285 2147483645
25 2147483645
974 2147483645
561 2147483645
578 2147483645
905 2147483645
384 2147483645
322 2147483645
576 2147483645
55 2147483645
574 2147483645
522 2147483645
100 2147483645
314 2147483645
591 2147483645
638 2147483645
691 2147483645
987 2147483645
205 2147483645
264 2147483645
601 2147483645
786 2147483645
844 2147483645
427 2147483645
29 2147483645
227 2147483645
295 2147483645
972 2147483645
370 2147483645
896 2147483645
604 2147483645
948 2147483645
981 2147483646
853 2147483646
732 2147483646
55 2147483646
339 2147483646
450 2147483646
702 2147483646
518 2147483646
141 2147483646
236 2147483646
326 2147483646
226 2147483646
724 2147483646
118 2147483646
53 2147483646
552 2147483646
964 2147483646
263 2147483646
41 2147483646
790 2147483646
8 2147483646
511 2147483646
914 2147483646
89 2147483646
276 2147483646
468 2147483646
368 2147483646
754 2147483646
949 2147483646
695 2147483646
789 2147483646
931 2147483646
81 2147483646
249 2147483646
913 2147483646
152 2147483646
46 2147483646
312 2147483646
389 2147483646
504 2147483646
90 2147483646
741 2147483646
319 2147483646
420 2147483646
384 2147483646
171 2147483646
426 2147483646
292 2147483646
979 2147483646
168 2147483646
443 2147483646
997 2147483646
221 2147483646
104 2147483646
400 2147483646
278 2147483646
100 2147483646
650 2147483646
328 2147483646
265 2147483646
818 2147483646
46 2147483646
306 2147483646
562 2147483646
303 2147483646
706 2147483646
472 2147483646
652 2147483646
927 2147483646
56 2147483646
433 2147483646
488 2147483646
426 2147483646
550 2147483646
758 2147483646
541 2147483646
353 2147483646
51 2147483646
542 2147483646
437 2147483646
881 2147483647
794 2147483647
533 2147483647
721 2147483647
205 2147483647
214 2147483647
687 2147483647
166 2147483647
955 2147483647
562 2147483647
24 2147483647
957 2147483647
441 2147483647
737 2147483647
189 2147483647
74 2147483647
608 2147483647
349 2147483647
497 2147483647
623 2147483647
264 2147483647
77 2147483647
162 2147483647
322 2147483647
829 2147483647
215 2147483647
702 2147483647
485 2147483647
322 2147483647
600 2147483647
615 2147483647
506 2147483647
975 2147483647
199 2147483647
474 2147483647
295 2147483647
965 2147483647
105 2147483647
110 2147483647
406 2147483647
688 2147483647
588 2147483647
373 2147483647
604 2147483647
495 2147483647
928 2147483647
708 2147483647
408 2147483647
345 2147483647
552 2147483647
412 2147483647
682 2147483647
561 2147483647
80 2147483647
437 2147483647
995 2147483647
82 2147483647
343 2147483647
410 2147483647
651 2147483647
848 2147483647
13 2147483647
183 2147483647
773 2147483647
306 2147483647
53 2147483647
589 2147483647
69 2147483647
639 2147483647
836 2147483647
238 2147483647
326 2147483647
514 2147483647
491 2147483647
618 2147483647
731 2147483647
143 2147483647
5 2147483647
597 2147483647
897 2147483647
78 2147483647
900 2147483647
172 2147483647
365 2147483647
947 2147483647
867 2147483647
887 2147483647
542 2147483647
951 2147483647
722 2147483647
500 2147483647
1 2147483647
984 2147483647
722 2147483647
