245
152 2
189 5
58 11
9 15
99 17
155 18
54 20
78 22
211 23
242 25
188 27
176 29
115 31
258 31
48 32
228 40
239 42
185 45
30 49
145 51
260 53
124 58
236 58
229 67
41 78
168 87
86 89
161 94
158 96
83 98
24 98
114 99
256 100
71 104
239 106
80 107
26 110
255 113
117 113
208 115
113 116
40 120
12 121
148 128
190 130
208 131
169 138
141 139
21 142
77 145
35 148
4 148
75 155
142 156
171 157
263 158
186 165
52 170
80 171
56 172
40 173
227 176
241 180
109 181
122 183
198 190
185 190
57 192
46 195
150 203
268 204
263 206
229 209
102 210
184 210
5 212
143 212
128 213
116 213
169 217
241 219
107 219
250 221
261 224
159 226
26 245
220 247
215 250
93 256
124 260
172 262
50 270
124 275
155 275
262 275
92 282
38 284
10 285
63 298
149 300
61 300
67 304
267 306
187 308
233 318
253 319
251 325
62 328
252 329
146 331
77 332
9 338
265 342
3 344
147 345
69 349
188 350
175 351
112 370
132 371
119 371
55 378
1 379
265 379
189 386
135 396
158 402
75 405
94 405
165 405
59 410
122 411
40 420
141 427
244 427
34 428
23 428
263 432
154 433
46 434
85 434
13 435
98 437
3 439
101 440
100 452
17 453
147 456
260 465
46 473
160 482
2 485
125 490
45 492
209 498
102 503
115 505
167 508
102 512
126 513
147 519
192 524
265 526
126 530
40 535
100 535
118 538
120 546
173 549
180 550
130 552
171 556
158 562
112 563
90 570
244 570
210 575
1 579
6 580
136 582
262 583
86 585
49 590
182 591
221 596
73 605
152 605
200 606
82 610
135 612
239 614
128 618
215 618
149 621
179 621
161 622
42 622
190 626
185 627
182 636
126 637
42 638
118 642
172 643
157 644
162 644
5 651
195 655
90 658
211 660
126 670
139 675
259 678
217 679
103 685
11 686
215 690
254 691
191 693
209 695
226 704
200 709
144 713
196 726
225 730
204 733
205 736
40 736
49 737
219 747
147 748
154 752
35 753
13 757
130 758
30 759
180 762
141 763
94 764
41 793
267 794
141 795
21 796
265 799
20 803
