681
101 2
807 9
305 10
807 11
917 14
849 16
859 18
204 19
923 20
822 20
346 21
700 21
783 21
83 22
165 24
566 25
223 26
775 28
312 28
18 30
214 31
747 31
909 32
10 34
284 34
317 36
148 38
226 38
305 40
209 41
616 43
242 46
518 47
757 49
213 51
427 54
176 54
258 54
101 56
441 60
68 62
706 62
326 63
646 65
204 65
374 66
8 67
388 67
464 67
609 67
244 71
240 72
684 72
462 73
606 74
696 76
416 76
811 77
896 77
461 78
651 82
268 89
745 89
962 91
953 92
91 99
803 105
47 108
764 108
258 109
506 110
128 110
808 111
549 114
35 114
435 115
744 115
559 120
341 120
621 123
47 125
471 126
404 127
11 127
87 129
281 130
897 135
528 138
661 139
969 140
810 141
33 141
652 141
577 142
573 144
248 144
364 144
415 145
953 145
164 146
639 151
257 155
132 157
674 158
271 159
946 159
548 159
989 160
364 161
997 163
63 166
753 167
954 167
298 168
508 169
565 171
802 173
980 174
931 174
50 174
642 174
222 178
191 178
98 180
800 180
293 180
498 183
521 186
110 187
25 189
918 191
485 191
825 191
542 191
858 192
148 197
701 199
251 201
12 202
764 203
86 206
217 210
869 211
287 212
17 212
854 215
619 215
727 219
465 220
30 224
892 224
790 224
534 233
529 233
348 234
874 236
934 237
130 237
617 238
55 238
881 239
33 240
454 241
73 242
618 242
730 244
12 244
141 245
390 246
783 249
902 252
420 255
135 256
765 259
302 259
415 260
502 266
296 269
397 270
350 271
205 272
93 272
650 272
536 272
325 274
540 275
133 275
922 277
574 278
864 280
889 282
160 283
186 285
477 286
727 287
818 292
178 295
80 297
669 298
532 299
225 300
601 302
303 303
74 303
971 308
479 308
15 308
566 310
220 312
759 312
875 313
306 313
736 314
336 318
595 318
642 320
438 321
405 321
853 324
519 325
539 329
553 330
570 331
64 332
78 333
629 333
493 334
573 334
720 337
264 341
399 343
823 347
283 348
714 350
291 351
759 352
116 353
661 353
715 357
2 358
133 360
866 361
560 362
32 362
944 365
110 365
800 366
572 367
959 368
941 370
977 371
722 372
288 373
484 373
892 374
259 374
725 376
347 376
77 378
904 378
349 379
288 381
121 381
561 382
799 382
242 383
686 383
620 388
29 389
868 392
316 392
522 392
557 392
297 393
266 394
951 397
613 398
104 398
493 403
580 403
820 406
903 410
838 413
206 414
988 414
291 415
173 417
854 417
197 419
978 419
117 421
8 424
298 426
524 427
670 428
814 429
914 429
522 431
673 431
593 436
51 437
885 437
829 438
233 440
990 440
521 441
951 441
712 441
156 442
911 442
954 445
323 445
342 446
526 449
336 457
836 457
829 458
356 458
634 459
249 460
899 463
249 465
196 467
706 468
761 469
224 471
620 472
310 472
16 474
538 476
845 476
927 481
303 482
522 482
542 483
898 485
899 486
871 489
108 493
7 494
279 496
99 496
273 496
665 498
26 499
875 499
216 501
739 502
1000 502
832 502
425 505
598 505
201 505
597 506
830 507
739 507
13 510
552 514
780 514
649 514
218 514
588 515
190 516
53 516
432 519
607 520
525 521
918 523
668 524
1000 528
613 529
495 532
24 533
445 535
74 535
119 536
401 536
408 538
287 538
561 539
107 539
233 539
616 539
419 540
491 542
340 543
863 544
478 544
786 545
780 546
136 548
923 553
528 554
277 554
820 558
887 559
553 559
726 560
52 561
848 561
970 566
155 567
953 567
446 568
311 569
781 573
973 577
797 580
344 580
878 580
862 581
770 584
469 585
260 587
494 587
585 588
922 589
195 589
150 590
188 591
808 591
735 591
689 592
687 593
961 594
313 597
661 600
696 601
128 602
588 603
627 603
672 608
11 608
263 610
540 612
648 613
343 614
935 614
386 615
135 616
762 617
501 619
672 619
137 624
190 625
8 626
65 626
293 629
332 631
585 634
951 637
31 638
358 640
983 641
92 642
428 642
583 644
737 646
15 647
463 647
846 649
625 651
710 652
590 652
497 654
310 655
136 655
12 656
809 657
355 659
775 660
288 661
373 661
990 664
803 665
402 667
356 668
599 668
129 669
499 669
705 670
894 671
322 672
31 673
168 676
25 676
489 678
645 679
914 679
654 681
484 685
853 685
348 686
749 688
608 688
900 691
129 691
333 698
362 699
480 700
518 705
760 716
711 716
619 717
512 718
804 719
804 722
940 729
646 730
902 731
959 733
858 737
340 737
260 737
808 740
495 740
200 741
135 743
593 745
302 746
27 746
301 746
241 748
767 750
958 752
310 755
674 755
159 756
920 756
20 756
752 759
281 760
376 764
311 765
395 766
954 768
677 768
539 769
977 769
174 771
990 772
958 783
266 784
855 785
272 786
912 788
52 789
885 792
879 793
163 794
806 798
528 800
704 801
149 801
100 807
425 808
757 811
620 812
609 815
435 816
490 819
834 819
383 819
907 822
483 823
439 826
416 826
846 826
136 829
973 830
890 831
891 832
922 834
955 835
542 839
168 840
324 840
908 840
364 843
848 844
636 852
319 852
600 852
597 853
701 856
397 861
456 863
178 864
197 864
318 867
324 869
127 869
507 872
683 873
699 876
151 877
132 878
343 882
930 883
964 885
238 885
876 886
478 887
80 888
575 889
849 889
646 890
551 891
727 892
979 892
791 893
963 895
369 900
25 901
859 901
682 902
859 902
2 903
427 904
45 908
705 912
821 912
949 913
258 915
550 918
859 920
349 922
922 922
802 925
320 929
835 932
354 932
850 933
479 934
613 934
89 934
699 935
211 935
404 938
668 939
635 941
695 944
508 946
513 946
564 947
739 950
268 950
825 953
629 956
837 958
311 959
2 959
240 961
577 962
924 962
857 965
790 967
219 970
419 971
86 971
298 979
865 980
223 981
519 984
938 985
303 986
97 986
399 987
417 987
232 988
120 988
966 989
687 989
402 990
734 992
423 992
70 994
321 996
169 997
504 997
352 1000
