417
223 1
38 1
161 1
334 1
202 1
361 2
339 2
348 3
139 4
58 4
115 5
7 5
355 5
86 6
347 6
260 6
339 6
42 7
277 8
282 9
111 9
319 10
284 10
210 11
122 11
85 12
296 12
23 12
241 12
316 13
286 13
257 14
320 14
223 15
19 15
353 15
263 16
142 17
57 17
175 18
363 19
21 20
13 20
37 20
6 20
256 21
12 22
144 22
219 23
367 24
71 24
37 24
293 25
113 25
367 25
167 25
107 26
257 26
27 27
193 27
184 27
108 28
30 28
320 29
137 29
310 30
351 30
166 30
366 31
371 31
194 31
14 31
92 32
388 32
182 32
349 32
158 33
304 34
214 34
327 35
124 36
61 36
29 36
209 37
355 37
108 38
279 38
203 38
259 39
380 39
216 39
94 40
236 40
221 41
43 41
22 41
212 41
103 42
182 43
140 43
13 43
214 44
395 44
80 44
394 45
392 45
70 46
47 46
287 47
146 48
249 49
292 49
73 49
384 49
334 50
159 50
45 50
85 51
216 51
138 52
397 52
396 52
244 52
180 53
158 53
309 53
266 53
355 53
59 54
229 54
348 54
78 54
128 55
209 55
149 55
90 55
258 56
144 56
18 56
170 57
325 57
317 57
217 58
254 58
399 59
229 59
200 59
45 59
11 59
84 60
340 60
116 60
332 61
193 61
210 61
356 62
104 62
211 62
340 63
360 64
54 65
389 66
187 67
356 67
409 68
50 69
408 69
62 69
209 70
7 70
373 70
106 70
137 71
233 71
68 71
259 72
206 72
159 73
182 73
43 73
174 74
246 75
328 76
208 76
57 77
389 77
91 78
36 80
235 81
43 82
258 82
400 83
197 83
128 83
52 84
19 85
232 85
338 87
276 87
298 88
111 88
342 88
167 89
277 89
393 89
7 90
216 90
175 90
195 91
64 91
225 92
12 93
126 93
59 93
379 94
9 94
57 96
48 96
237 97
6 98
110 98
386 98
15 100
201 101
16 102
143 102
261 102
9 104
304 104
143 105
353 105
383 105
153 106
279 108
278 108
263 109
289 109
76 110
169 110
163 111
37 111
211 113
40 114
341 114
61 115
316 115
322 115
181 115
189 115
313 115
175 116
157 117
390 117
397 117
72 117
94 118
108 118
63 118
166 118
382 119
4 119
383 122
306 122
274 122
219 122
82 123
388 124
133 125
13 125
38 126
164 126
395 127
215 128
63 128
317 129
25 130
367 130
261 130
204 131
44 132
11 133
382 133
334 134
381 134
38 134
191 136
244 137
340 138
351 139
161 139
230 139
85 140
130 141
80 142
168 142
196 143
51 143
250 143
191 144
353 144
68 144
242 145
161 145
69 145
72 145
255 145
356 146
116 146
23 146
315 146
146 147
386 147
120 147
194 147
143 148
67 148
12 148
244 148
269 149
323 150
253 150
221 150
2 152
225 153
24 154
310 154
256 154
215 155
398 158
348 158
73 158
345 159
289 159
159 159
81 159
409 160
394 160
18 160
377 160
46 161
94 162
385 162
90 162
26 163
157 163
388 164
352 164
332 165
202 165
391 165
315 167
279 167
148 168
85 168
108 169
344 169
188 170
244 170
336 171
409 171
363 172
7 172
121 172
302 174
229 175
367 176
243 177
9 178
72 178
386 178
393 180
38 181
406 181
252 182
178 183
404 183
46 183
323 183
214 184
74 184
168 184
228 184
304 184
185 184
254 185
360 185
378 185
140 187
63 187
271 189
175 189
44 190
219 190
191 190
206 190
331 191
318 192
401 193
257 193
13 193
48 193
348 193
28 195
24 195
276 196
246 196
300 197
77 198
392 200
122 200
410 200
290 200
132 201
81 201
405 202
310 203
379 205
