564
37 0
137 0
143 3
44 4
117 5
184 5
191 5
214 6
101 6
75 6
47 10
173 11
67 11
179 12
115 13
145 13
37 13
119 13
150 14
112 15
148 16
50 16
178 17
82 18
152 19
218 20
183 20
9 20
183 20
25 23
91 24
126 26
207 27
8 27
169 29
81 29
86 29
15 30
22 30
168 30
193 30
96 31
191 31
36 31
36 31
155 31
70 35
9 36
98 36
199 38
94 38
163 40
213 42
159 42
3 42
89 44
191 45
17 45
160 46
170 49
74 51
130 51
117 51
124 51
68 54
14 54
210 55
137 56
51 56
83 57
73 59
197 59
91 60
164 61
137 62
138 62
71 64
92 65
220 67
7 68
20 69
177 69
22 70
68 70
206 71
150 71
27 72
162 72
191 72
173 73
12 75
159 76
77 76
180 76
42 77
106 78
32 79
40 79
206 80
70 83
17 84
194 84
111 86
150 86
129 90
132 90
74 90
59 91
155 92
175 92
215 92
139 92
129 96
70 96
138 97
180 98
57 98
88 98
99 98
50 98
48 99
183 100
6 101
153 102
149 103
93 103
149 104
131 105
160 107
189 109
1 111
123 111
140 111
104 111
87 114
207 115
171 115
131 116
141 116
99 118
124 119
150 119
114 119
129 120
72 120
62 120
88 120
196 121
182 121
60 122
129 123
110 124
145 124
22 127
195 128
66 129
82 131
96 134
98 134
25 135
163 135
6 136
68 138
122 138
151 138
158 139
122 139
96 140
39 141
145 143
137 143
78 144
210 144
111 146
171 146
120 147
156 148
80 148
154 148
39 149
116 150
149 150
27 150
193 151
204 152
99 158
205 158
34 158
26 160
94 161
34 162
74 162
137 164
96 164
91 164
26 165
129 166
185 166
101 167
14 167
219 168
200 168
87 168
68 169
117 170
136 170
19 171
123 172
178 175
46 175
5 175
124 175
153 175
145 176
69 176
23 176
65 177
182 177
51 178
110 178
205 179
65 180
83 180
160 181
157 183
20 184
116 185
127 186
137 186
50 188
14 189
216 189
165 190
113 190
121 190
147 190
176 192
100 193
97 193
7 193
198 194
84 194
23 194
31 195
70 196
113 196
39 197
202 198
72 202
168 203
49 203
151 203
45 204
43 204
187 204
7 205
214 205
99 207
200 207
108 209
97 210
216 210
63 210
122 210
142 211
162 211
31 213
40 213
198 214
53 215
108 216
88 216
101 217
143 217
28 217
210 218
71 219
119 219
8 220
184 221
123 221
24 221
85 223
189 225
65 226
143 227
92 228
176 228
18 228
67 228
132 229
81 231
131 231
26 232
192 233
10 233
153 235
73 235
75 235
52 236
84 237
28 238
45 239
66 240
71 240
26 241
94 242
186 242
83 242
125 245
171 246
49 247
54 247
7 247
102 249
158 249
101 249
219 250
169 251
197 253
220 254
166 256
74 256
192 257
132 257
216 257
25 258
94 258
104 258
66 259
157 259
111 259
75 260
179 260
217 261
16 261
204 262
131 263
124 263
3 263
7 263
157 263
105 263
104 264
51 264
39 266
32 267
37 269
118 269
101 269
186 269
132 270
212 271
64 271
91 271
89 273
96 273
42 274
156 275
98 279
133 285
78 285
176 285
198 286
119 286
56 286
210 287
187 287
205 287
100 288
159 288
56 289
192 289
160 290
67 291
111 292
84 292
210 294
213 295
216 295
95 295
128 295
199 296
94 298
29 298
119 298
171 298
32 299
62 299
69 299
55 299
183 302
125 302
70 304
14 304
44 304
101 306
177 306
36 307
220 307
74 308
103 308
28 310
96 311
153 314
72 314
112 314
156 316
175 317
187 317
81 318
68 318
77 319
185 320
64 321
195 322
89 323
145 323
99 324
7 324
40 324
118 324
46 324
141 325
70 329
91 330
15 330
63 331
110 332
8 332
53 333
11 334
189 336
154 336
100 336
124 338
140 339
21 341
53 341
34 342
151 342
33 345
42 345
77 347
22 348
145 348
164 348
189 348
49 349
12 349
156 351
65 351
202 352
14 353
49 354
68 355
13 356
67 357
214 357
70 359
92 360
67 360
72 360
87 360
126 360
100 361
141 363
172 364
164 364
38 365
69 365
119 366
94 366
94 367
18 369
77 369
133 370
114 370
100 371
38 371
125 371
114 372
147 372
98 373
31 373
16 374
125 375
24 375
124 376
39 376
50 377
217 377
125 378
172 378
66 378
87 378
75 379
167 379
49 381
138 382
75 383
75 383
170 383
39 384
97 385
31 385
49 386
151 386
6 387
36 387
6 389
34 390
117 391
101 391
145 392
52 392
115 393
14 394
99 397
154 397
214 397
72 398
90 398
61 398
201 400
55 400
191 401
188 402
115 402
202 403
188 403
202 404
193 405
71 405
213 406
168 406
81 406
28 406
49 407
140 408
19 410
116 410
54 411
65 411
158 411
31 413
28 413
162 413
167 413
142 414
183 414
20 415
101 416
119 418
1 418
211 421
16 422
21 422
53 423
97 425
18 425
151 425
93 427
77 427
