1000
109 2
786 2
514 3
411 4
979 4
888 4
378 5
982 11
343 11
486 12
135 14
890 14
621 16
587 16
437 17
236 18
557 18
404 20
998 21
933 23
389 23
398 23
172 23
753 24
741 24
862 24
990 25
251 26
168 26
440 28
529 28
510 29
363 30
486 30
43 31
624 33
624 33
494 33
125 33
530 34
234 34
941 34
925 34
21 37
81 39
290 41
892 41
499 44
740 45
274 46
953 48
932 48
31 49
329 51
168 52
243 53
953 55
64 57
343 57
842 57
976 59
419 61
672 61
229 62
401 63
759 64
779 64
51 64
96 65
700 65
350 65
868 66
118 67
993 67
578 67
812 68
419 68
687 69
410 70
509 71
773 72
884 76
837 77
317 78
67 78
206 80
516 81
346 82
433 82
919 83
22 83
597 83
387 83
131 84
781 85
414 85
20 91
275 91
777 93
496 94
722 94
249 95
890 95
42 97
996 98
504 99
51 100
306 102
76 102
580 103
826 103
563 105
681 106
869 106
863 106
206 108
666 113
246 113
658 114
222 115
814 117
187 119
109 120
217 122
702 125
992 125
363 126
749 128
524 128
838 129
727 129
371 130
213 131
419 132
478 133
565 133
440 134
756 134
94 135
984 135
22 135
878 135
804 137
501 137
725 138
59 140
632 140
411 141
419 141
327 141
955 143
242 144
868 146
878 148
81 148
314 149
568 151
1000 152
391 152
184 154
774 157
250 157
48 157
547 158
484 159
321 159
752 159
624 160
593 161
810 161
433 163
112 164
700 164
159 165
112 166
434 167
244 167
492 168
465 168
582 169
310 170
800 171
631 171
619 172
410 173
210 173
942 174
704 175
596 179
759 181
773 182
236 182
205 183
402 183
974 183
581 184
911 184
242 185
458 185
644 187
611 187
109 188
148 190
19 191
534 191
824 192
92 192
308 192
251 193
977 194
371 195
484 195
43 195
780 196
383 198
271 198
742 198
743 198
16 199
498 199
275 200
87 200
920 201
607 201
794 201
453 202
202 203
192 203
982 205
770 206
767 207
875 208
484 208
665 213
949 213
899 213
24 214
166 215
943 215
923 215
364 218
642 220
782 221
163 224
547 225
919 226
211 228
94 230
91 231
87 232
695 232
635 233
928 233
806 233
365 234
136 234
997 235
366 238
96 238
61 239
92 240
64 240
136 241
93 246
955 246
357 247
462 251
394 251
857 253
540 255
239 259
730 260
60 260
547 261
679 262
272 265
830 266
940 268
288 268
562 269
101 269
405 270
35 271
970 273
621 274
249 276
852 276
644 279
333 279
365 282
439 284
997 285
256 285
43 287
727 287
804 289
922 290
238 290
11 290
299 291
616 292
364 293
709 293
734 297
427 297
744 301
356 301
597 301
395 301
739 303
937 303
889 304
623 306
780 307
231 308
160 309
470 310
681 311
447 311
725 311
529 313
199 313
975 314
689 316
192 317
1 317
166 318
310 320
12 320
35 327
595 329
840 330
423 330
326 335
517 335
30 337
348 337
982 338
739 339
173 339
2 339
93 340
68 340
919 340
517 342
255 344
8 344
615 344
888 345
439 346
51 347
789 347
172 348
991 348
4 349
171 350
925 353
810 354
540 354
54 355
86 355
931 355
631 356
877 357
858 358
337 359
804 361
502 361
58 362
783 362
960 364
984 364
435 365
697 366
472 368
266 369
315 370
959 370
265 371
576 372
475 372
377 375
93 376
769 377
989 377
806 380
399 381
625 382
508 384
960 384
256 385
126 386
349 386
86 388
554 389
356 390
704 390
845 391
682 393
506 394
626 395
849 399
987 399
118 399
416 400
105 401
100 406
775 407
311 409
548 409
149 409
419 410
556 411
374 412
204 412
567 414
655 417
687 419
573 421
599 421
285 423
847 424
372 426
427 428
63 429
213 430
510 430
961 430
754 433
149 435
528 436
626 438
47 439
494 443
341 444
514 444
247 446
305 447
516 448
421 450
29 450
694 451
678 451
241 454
793 455
214 456
352 456
632 457
793 457
490 459
52 459
838 460
380 460
959 460
99 463
575 465
93 468
921 470
209 470
442 473
327 474
485 475
99 476
109 476
555 476
742 477
643 479
722 480
131 480
27 482
326 482
516 483
43 484
338 484
853 486
563 486
891 486
403 487
385 487
564 488
864 489
499 490
685 491
45 491
959 491
318 492
912 494
208 494
963 495
540 496
585 499
480 501
88 501
545 501
641 502
211 502
984 502
62 503
808 503
744 504
264 505
205 506
511 506
969 507
716 509
127 510
646 511
469 512
454 512
391 513
342 513
120 513
194 515
669 516
85 517
510 519
465 522
993 522
255 523
426 526
654 526
83 526
929 529
355 530
849 535
856 536
955 537
815 539
527 539
836 542
593 543
688 543
899 544
702 545
503 546
553 546
386 548
186 549
898 549
196 553
144 553
801 556
658 556
32 557
922 557
760 559
382 559
386 559
498 560
466 561
801 563
809 563
828 564
882 564
462 564
198 565
655 566
935 567
476 569
452 571
632 572
103 573
338 577
854 577
431 578
503 579
383 581
28 581
971 582
968 583
685 583
41 583
623 584
958 584
314 584
575 586
160 586
324 587
172 588
418 588
29 588
869 589
732 590
750 591
26 591
648 591
988 591
911 593
531 594
975 596
763 597
207 597
427 602
636 602
120 602
290 603
873 604
817 605
832 606
492 608
393 608
703 610
934 610
177 611
236 611
348 611
367 612
878 615
640 615
200 616
472 618
641 619
411 619
5 620
636 623
567 623
373 623
443 624
246 625
156 627
702 628
507 628
532 629
116 631
778 632
827 632
458 634
27 635
956 636
384 636
96 638
112 640
62 642
172 643
348 643
806 644
752 645
247 645
328 645
960 646
71 647
431 649
707 650
544 651
939 651
554 652
108 653
403 653
162 653
915 654
224 654
871 656
4 657
416 659
845 659
517 662
568 662
265 663
208 664
720 665
510 665
809 666
996 669
802 669
547 672
52 672
351 674
518 674
688 675
916 676
407 676
573 677
770 679
182 681
965 682
488 683
8 683
517 686
874 688
783 689
312 689
940 691
367 692
3 693
260 695
891 696
164 696
577 696
78 697
456 697
305 698
877 699
827 700
683 700
393 701
178 702
942 707
964 707
633 709
448 709
905 712
792 713
984 713
117 716
925 717
527 717
591 718
540 720
991 723
465 723
360 723
69 725
956 727
193 727
869 728
341 729
478 729
288 731
513 731
366 732
361 732
734 733
446 733
923 734
253 738
149 739
861 740
972 740
911 740
436 740
237 741
447 742
314 742
5 742
346 744
30 746
355 747
286 747
88 750
607 751
252 751
79 754
347 754
520 756
609 760
61 761
162 762
50 762
931 764
168 764
674 765
76 766
447 767
997 768
634 769
680 769
935 770
57 771
221 771
843 773
99 774
830 775
829 776
797 776
582 777
274 778
232 779
381 779
470 783
938 783
991 784
124 785
706 787
167 787
829 791
460 793
88 794
491 795
55 796
767 796
22 799
266 799
978 801
263 802
227 803
379 804
894 804
35 805
174 806
31 812
502 814
72 815
456 816
318 816
826 816
845 817
851 817
873 821
579 822
734 824
158 824
284 825
818 827
396 828
843 829
580 829
811 831
926 834
45 836
275 838
825 839
515 840
892 840
384 841
542 841
771 841
856 844
171 844
370 844
380 846
230 847
546 847
81 848
748 848
204 849
258 849
541 849
253 849
203 850
538 854
192 856
835 856
149 857
412 857
426 858
306 858
329 859
474 859
229 860
822 862
543 863
75 863
325 864
557 865
69 865
262 866
300 869
247 869
949 869
746 870
508 870
850 870
396 871
484 872
622 873
988 874
718 874
219 874
998 875
190 877
467 877
587 880
98 880
67 880
44 881
52 882
648 883
989 883
95 883
727 884
815 886
274 887
42 887
727 887
270 890
416 890
272 890
194 890
900 892
457 894
100 894
596 897
194 898
32 902
241 902
409 903
58 903
290 903
784 903
773 904
179 904
479 905
473 909
222 910
755 911
377 912
457 912
376 912
918 915
675 916
235 917
11 917
306 917
822 917
234 918
90 919
266 922
240 926
811 926
118 926
351 927
57 927
265 928
382 929
393 931
895 931
30 931
262 934
684 935
583 936
223 937
125 937
2 937
444 941
147 945
777 945
756 945
305 946
493 947
842 947
274 948
4 950
684 951
867 953
220 956
9 958
452 960
184 961
930 961
168 961
41 961
159 962
481 963
379 964
547 965
261 965
993 966
756 966
342 967
860 967
498 968
634 968
582 968
602 969
612 969
272 969
790 969
834 974
225 975
907 977
949 978
37 978
463 979
606 980
190 980
190 980
709 981
858 982
170 982
487 982
754 983
820 983
305 985
37 985
305 986
696 986
311 986
902 987
800 988
447 988
50 990
166 990
328 990
79 991
781 991
964 991
679 993
365 993
746 994
158 994
836 994
819 995
850 996
486 998
86 998
26 999
369 999
91 1000
273 1000
31 1000
