1000
916 2147483637
760 2147483637
862 2147483637
718 2147483637
465 2147483637
732 2147483637
491 2147483637
956 2147483637
564 2147483637
254 2147483637
900 2147483637
63 2147483637
832 2147483637
653 2147483637
848 2147483637
43 2147483637
649 2147483637
387 2147483637
999 2147483637
744 2147483637
547 2147483637
882 2147483637
233 2147483637
363 2147483637
761 2147483637
555 2147483637
946 2147483637
995 2147483637
933 2147483637
125 2147483637
798 2147483637
706 2147483637
695 2147483637
498 2147483637
796 2147483637
620 2147483637
515 2147483637
994 2147483637
75 2147483637
755 2147483637
291 2147483637
611 2147483637
181 2147483637
641 2147483637
582 2147483637
323 2147483637
481 2147483637
526 2147483637
588 2147483637
481 2147483637
343 2147483637
654 2147483637
397 2147483637
723 2147483637
524 2147483637
469 2147483637
181 2147483637
721 2147483637
232 2147483637
295 2147483637
814 2147483637
768 2147483637
586 2147483637
433 2147483637
126 2147483637
360 2147483637
616 2147483637
490 2147483637
523 2147483637
636 2147483637
860 2147483637
621 2147483637
337 2147483637
575 2147483637
619 2147483637
470 2147483637
754 2147483637
963 2147483637
570 2147483637
418 2147483637
756 2147483637
854 2147483637
693 2147483637
467 2147483637
294 2147483637
109 2147483637
703 2147483637
574 2147483637
799 2147483637
156 2147483637
992 2147483637
804 2147483637
757 2147483637
312 2147483638
371 2147483638
501 2147483638
766 2147483638
195 2147483638
6 2147483638
361 2147483638
82 2147483638
702 2147483638
133 2147483638
21 2147483638
80 2147483638
860 2147483638
226 2147483638
431 2147483638
547 2147483638
614 2147483638
229 2147483638
672 2147483638
869 2147483638
560 2147483638
690 2147483638
854 2147483638
505 2147483638
779 2147483638
117 2147483638
935 2147483638
448 2147483638
468 2147483638
221 2147483638
233 2147483638
146 2147483638
209 2147483638
566 2147483638
443 2147483638
235 2147483638
585 2147483638
739 2147483638
817 2147483638
264 2147483638
841 2147483638
92 2147483638
187 2147483638
103 2147483638
70 2147483638
970 2147483638
464 2147483638
811 2147483638
326 2147483638
153 2147483638
160 2147483638
288 2147483638
802 2147483638
213 2147483638
698 2147483638
822 2147483638
999 2147483638
865 2147483638
913 2147483638
621 2147483638
146 2147483638
249 2147483638
267 2147483638
263 2147483638
932 2147483638
93 2147483638
685 2147483638
685 2147483638
129 2147483638
831 2147483638
276 2147483638
795 2147483638
899 2147483638
829 2147483638
561 2147483638
299 2147483638
539 2147483638
386 2147483638
564 2147483638
72 2147483638
845 2147483638
514 2147483638
766 2147483638
61 2147483638
679 2147483638
806 2147483638
740 2147483638
929 2147483639
641 2147483639
993 2147483639
708 2147483639
972 2147483639
971 2147483639
678 2147483639
878 2147483639
470 2147483639
4 2147483639
501 2147483639
383 2147483639
51 2147483639
388 2147483639
71 2147483639
104 2147483639
453 2147483639
92 2147483639
49 2147483639
169 2147483639
588 2147483639
730 2147483639
611 2147483639
506 2147483639
893 2147483639
418 2147483639
558 2147483639
347 2147483639
431 2147483639
269 2147483639
295 2147483639
350 2147483639
525 2147483639
753 2147483639
470 2147483639
270 2147483639
503 2147483639
342 2147483639
89 2147483639
662 2147483639
690 2147483639
310 2147483639
584 2147483639
465 2147483639
902 2147483639
475 2147483639
780 2147483639
58 2147483639
312 2147483639
241 2147483639
46 2147483639
580 2147483639
838 2147483639
891 2147483639
215 2147483639
970 2147483639
225 2147483639
105 2147483639
7 2147483639
735 2147483639
725 2147483639
922 2147483639
118 2147483639
163 2147483639
91 2147483639
959 2147483639
446 2147483639
259 2147483639
16 2147483639
26 2147483639
833 2147483639
909 2147483639
610 2147483639
322 2147483639
898 2147483639
817 2147483639
336 2147483639
851 2147483639
816 2147483639
362 2147483639
994 2147483639
978 2147483639
876 2147483639
293 2147483639
285 2147483639
8 2147483639
853 2147483639
764 2147483640
442 2147483640
926 2147483640
713 2147483640
456 2147483640
452 2147483640
548 2147483640
376 2147483640
901 2147483640
61 2147483640
969 2147483640
851 2147483640
249 2147483640
216 2147483640
687 2147483640
437 2147483640
447 2147483640
650 2147483640
367 2147483640
668 2147483640
134 2147483640
837 2147483640
382 2147483640
148 2147483640
359 2147483640
899 2147483640
501 2147483640
761 2147483640
679 2147483640
564 2147483640
209 2147483640
982 2147483640
588 2147483640
469 2147483640
24 2147483640
714 2147483640
190 2147483640
779 2147483640
207 2147483640
424 2147483640
488 2147483640
311 2147483640
704 2147483640
669 2147483640
400 2147483640
144 2147483640
601 2147483640
412 2147483640
883 2147483640
920 2147483640
701 2147483640
91 2147483640
934 2147483640
795 2147483640
761 2147483640
354 2147483640
671 2147483640
727 2147483640
192 2147483640
147 2147483640
84 2147483640
829 2147483640
67 2147483640
331 2147483640
132 2147483640
243 2147483640
553 2147483640
387 2147483640
259 2147483640
459 2147483640
162 2147483640
670 2147483640
618 2147483640
662 2147483640
192 2147483640
581 2147483640
468 2147483640
142 2147483640
460 2147483640
232 2147483640
850 2147483640
654 2147483640
786 2147483640
380 2147483640
709 2147483640
852 2147483640
340 2147483640
805 2147483640
465 2147483640
235 2147483640
391 2147483640
414 2147483640
952 2147483640
623 2147483640
79 2147483640
778 2147483640
210 2147483640
384 2147483640
9 2147483640
238 2147483641
992 2147483641
944 2147483641
704 2147483641
347 2147483641
754 2147483641
85 2147483641
407 2147483641
353 2147483641
117 2147483641
180 2147483641
67 2147483641
995 2147483641
576 2147483641
564 2147483641
142 2147483641
966 2147483641
483 2147483641
275 2147483641
2 2147483641
271 2147483641
266 2147483641
3 2147483641
993 2147483641
512 2147483641
906 2147483641
383 2147483641
908 2147483641
378 2147483641
692 2147483641
375 2147483641
743 2147483641
250 2147483641
133 2147483641
604 2147483641
566 2147483641
929 2147483641
323 2147483641
95 2147483641
431 2147483641
378 2147483641
162 2147483641
689 2147483641
854 2147483641
732 2147483641
190 2147483641
952 2147483641
651 2147483641
957 2147483641
716 2147483641
421 2147483641
767 2147483641
315 2147483641
624 2147483641
961 2147483641
743 2147483641
329 2147483641
15 2147483641
658 2147483641
478 2147483641
184 2147483641
775 2147483641
455 2147483641
222 2147483641
611 2147483641
380 2147483641
340 2147483641
689 2147483641
86 2147483641
338 2147483641
811 2147483641
941 2147483641
424 2147483641
238 2147483641
592 2147483641
25 2147483641
616 2147483641
205 2147483641
687 2147483641
242 2147483641
36 2147483641
656 2147483641
894 2147483641
10 2147483641
765 2147483641
797 2147483641
802 2147483641
597 2147483641
195 2147483641
717 2147483641
891 2147483641
599 2147483641
604 2147483642
676 2147483642
795 2147483642
316 2147483642
361 2147483642
511 2147483642
595 2147483642
316 2147483642
958 2147483642
383 2147483642
471 2147483642
357 2147483642
283 2147483642
53 2147483642
15 2147483642
846 2147483642
755 2147483642
608 2147483642
479 2147483642
906 2147483642
487 2147483642
615 2147483642
803 2147483642
941 2147483642
318 2147483642
867 2147483642
267 2147483642
715 2147483642
405 2147483642
5 2147483642
129 2147483642
709 2147483642
2 2147483642
53 2147483642
766 2147483642
27 2147483642
812 2147483642
56 2147483642
621 2147483642
786 2147483642
793 2147483642
55 2147483642
390 2147483642
307 2147483642
286 2147483642
155 2147483642
39 2147483642
297 2147483642
969 2147483642
601 2147483642
499 2147483642
923 2147483642
746 2147483642
622 2147483642
626 2147483642
485 2147483642
578 2147483642
573 2147483642
74 2147483642
614 2147483642
880 2147483642
964 2147483642
110 2147483642
511 2147483642
473 2147483642
909 2147483642
207 2147483642
554 2147483642
729 2147483642
268 2147483642
239 2147483642
32 2147483642
988 2147483642
689 2147483642
93 2147483642
902 2147483642
126 2147483642
24 2147483642
786 2147483642
103 2147483642
37 2147483642
245 2147483642
106 2147483642
457 2147483642
140 2147483642
66 2147483642
315 2147483642
303 2147483642
523 2147483642
179 2147483642
408 2147483642
657 2147483642
975 2147483642
192 2147483642
429 2147483642
758 2147483642
239 2147483642
795 2147483642
143 2147483643
443 2147483643
903 2147483643
385 2147483643
957 2147483643
328 2147483643
1 2147483643
251 2147483643
852 2147483643
690 2147483643
365 2147483643
671 2147483643
663 2147483643
212 2147483643
954 2147483643
442 2147483643
65 2147483643
636 2147483643
686 2147483643
663 2147483643
591 2147483643
945 2147483643
446 2147483643
699 2147483643
5 2147483643
772 2147483643
671 2147483643
214 2147483643
545 2147483643
276 2147483643
494 2147483643
50 2147483643
177 2147483643
37 2147483643
34 2147483643
22 2147483643
300 2147483643
411 2147483643
654 2147483643
164 2147483643
323 2147483643
126 2147483643
444 2147483643
997 2147483643
189 2147483643
271 2147483643
860 2147483643
510 2147483643
347 2147483643
550 2147483643
797 2147483643
352 2147483643
63 2147483643
939 2147483643
825 2147483643
104 2147483643
545 2147483643
444 2147483643
865 2147483643
608 2147483643
776 2147483643
645 2147483643
236 2147483643
541 2147483643
486 2147483643
288 2147483643
352 2147483643
357 2147483643
146 2147483643
123 2147483643
811 2147483643
127 2147483643
7 2147483643
230 2147483643
475 2147483643
238 2147483643
953 2147483643
923 2147483643
123 2147483643
172 2147483643
974 2147483643
186 2147483643
981 2147483643
211 2147483643
878 2147483643
369 2147483643
905 2147483643
145 2147483643
846 2147483644
961 2147483644
609 2147483644
424 2147483644
831 2147483644
50 2147483644
794 2147483644
170 2147483644
379 2147483644
553 2147483644
859 2147483644
912 2147483644
245 2147483644
963 2147483644
210 2147483644
472 2147483644
554 2147483644
491 2147483644
332 2147483644
209 2147483644
899 2147483644
22 2147483644
4 2147483644
203 2147483644
154 2147483644
109 2147483644
608 2147483644
107 2147483644
310 2147483644
156 2147483644
589 2147483644
691 2147483644
942 2147483644
457 2147483644
113 2147483644
665 2147483644
710 2147483644
302 2147483644
923 2147483644
858 2147483644
508 2147483644
966 2147483644
35 2147483644
161 2147483644
361 2147483644
505 2147483644
376 2147483644
589 2147483644
550 2147483644
336 2147483644
762 2147483644
179 2147483644
811 2147483644
80 2147483644
455 2147483644
212 2147483644
412 2147483644
644 2147483644
481 2147483644
879 2147483644
792 2147483644
95 2147483644
894 2147483644
142 2147483644
207 2147483644
78 2147483644
359 2147483644
212 2147483644
28 2147483644
244 2147483644
565 2147483644
642 2147483644
904 2147483644
236 2147483644
320 2147483644
450 2147483644
945 2147483644
473 2147483644
619 2147483644
746 2147483645
419 2147483645
586 2147483645
321 2147483645
777 2147483645
725 2147483645
591 2147483645
439 2147483645
189 2147483645
165 2147483645
3 2147483645
359 2147483645
751 2147483645
621 2147483645
195 2147483645
38 2147483645
385 2147483645
898 2147483645
206 2147483645
35 2147483645
775 2147483645
216 2147483645
938 2147483645
735 2147483645
624 2147483645
633 2147483645
682 2147483645
29 2147483645
917 2147483645
801 2147483645
379 2147483645
297 2147483645
649 2147483645
405 2147483645
408 2147483645
324 2147483645
446 2147483645
248 2147483645
392 2147483645
552 2147483645
305 2147483645
260 2147483645
229 2147483645
774 2147483645
410 2147483645
285 2147483645
738 2147483645
36 2147483645
931 2147483645
763 2147483645
908 2147483645
311 2147483645
742 2147483645
991 2147483645
864 2147483645
827 2147483645
628 2147483645
528 2147483645
451 2147483645
479 2147483645
509 2147483645
324 2147483645
585 2147483645
15 2147483645
391 2147483645
76 2147483645
785 2147483645
899 2147483645
381 2147483645
317 2147483645
106 2147483645
616 2147483645
484 2147483645
897 2147483645
675 2147483645
689 2147483645
23 2147483645
493 2147483645
298 2147483645
143 2147483645
304 2147483645
703 2147483645
589 2147483645
414 2147483645
35 2147483645
402 2147483645
78 2147483645
496 2147483645
41 2147483645
1 2147483645
920 2147483645
663 2147483645
565 2147483645
205 2147483645
483 2147483645
610 2147483645
434 2147483645
733 2147483645
71 2147483645
588 2147483645
131 2147483645
638 2147483645
37 2147483645
236 2147483645
910 2147483645
439 2147483646
838 2147483646
405 2147483646
318 2147483646
621 2147483646
189 2147483646
911 2147483646
636 2147483646
503 2147483646
178 2147483646
352 2147483646
161 2147483646
865 2147483646
215 2147483646
916 2147483646
981 2147483646
960 2147483646
749 2147483646
26 2147483646
92 2147483646
423 2147483646
449 2147483646
963 2147483646
484 2147483646
282 2147483646
921 2147483646
550 2147483646
506 2147483646
156 2147483646
1000 2147483646
248 2147483646
806 2147483646
752 2147483646
380 2147483646
136 2147483646
28 2147483646
548 2147483646
230 2147483646
869 2147483646
169 2147483646
972 2147483646
705 2147483646
978 2147483646
444 2147483646
931 2147483646
69 2147483646
333 2147483646
798 2147483646
545 2147483646
124 2147483646
176 2147483646
251 2147483646
518 2147483646
21 2147483646
81 2147483646
366 2147483646
47 2147483646
162 2147483646
99 2147483646
281 2147483646
136 2147483646
637 2147483646
168 2147483646
577 2147483646
876 2147483646
837 2147483646
962 2147483646
234 2147483646
402 2147483646
700 2147483646
954 2147483646
497 2147483646
854 2147483646
941 2147483646
623 2147483646
515 2147483646
507 2147483646
971 2147483646
709 2147483646
940 2147483646
739 2147483646
391 2147483646
366 2147483646
355 2147483646
139 2147483647
324 2147483647
845 2147483647
663 2147483647
819 2147483647
554 2147483647
728 2147483647
27 2147483647
608 2147483647
915 2147483647
637 2147483647
401 2147483647
95 2147483647
79 2147483647
589 2147483647
864 2147483647
816 2147483647
190 2147483647
770 2147483647
683 2147483647
349 2147483647
144 2147483647
35 2147483647
366 2147483647
541 2147483647
270 2147483647
483 2147483647
559 2147483647
145 2147483647
748 2147483647
591 2147483647
22 2147483647
202 2147483647
765 2147483647
463 2147483647
735 2147483647
507 2147483647
825 2147483647
823 2147483647
573 2147483647
911 2147483647
697 2147483647
382 2147483647
831 2147483647
348 2147483647
200 2147483647
761 2147483647
546 2147483647
850 2147483647
968 2147483647
286 2147483647
664 2147483647
735 2147483647
94 2147483647
709 2147483647
230 2147483647
4 2147483647
140 2147483647
598 2147483647
631 2147483647
400 2147483647
432 2147483647
491 2147483647
156 2147483647
410 2147483647
837 2147483647
376 2147483647
307 2147483647
997 2147483647
220 2147483647
733 2147483647
617 2147483647
387 2147483647
106 2147483647
265 2147483647
486 2147483647
916 2147483647
140 2147483647
679 2147483647
221 2147483647
233 2147483647
340 2147483647
486 2147483647
330 2147483647
735 2147483647
65 2147483647
307 2147483647
789 2147483647
