1000
196 1
540 1
599 2
187 6
735 6
215 7
430 7
652 9
132 9
592 10
439 13
400 13
327 14
509 15
401 15
880 15
541 17
268 20
970 23
79 23
61 25
351 26
587 26
703 28
60 28
310 28
959 29
1 29
441 30
539 32
871 32
743 32
507 33
666 34
677 34
556 35
628 36
168 37
501 38
903 39
261 39
925 41
136 43
596 44
166 46
294 47
684 47
382 49
905 50
285 51
590 53
281 53
863 53
205 54
67 56
752 56
257 57
484 59
809 64
16 64
840 65
869 69
841 70
432 70
203 72
959 72
610 74
189 74
446 75
333 76
355 77
597 77
65 80
680 81
514 83
204 84
215 85
845 85
992 87
252 91
465 95
317 96
814 97
463 97
146 97
759 98
441 98
880 99
184 101
193 101
18 103
92 104
632 105
870 105
18 110
788 111
380 115
681 117
571 118
631 118
219 118
142 121
931 124
258 125
291 126
41 127
810 128
111 130
778 131
906 132
836 132
518 133
486 133
943 134
907 136
391 137
721 137
893 139
943 139
622 139
512 140
768 141
757 142
781 143
225 143
388 144
898 147
461 149
533 150
272 150
320 151
214 152
7 152
293 152
607 152
389 154
842 156
193 156
796 160
681 160
257 160
153 161
417 162
69 163
567 164
892 164
888 165
740 167
327 169
351 170
635 170
191 170
518 171
166 172
444 172
634 172
54 176
276 176
218 179
104 180
940 184
716 184
580 185
74 185
445 186
102 186
771 194
6 195
253 196
589 196
890 198
352 201
587 202
38 202
171 203
448 206
351 206
854 207
405 208
235 208
236 209
671 209
975 210
259 214
635 214
704 216
785 216
875 218
326 219
700 220
58 221
151 222
319 222
858 224
570 225
517 226
406 226
972 227
772 229
256 229
532 232
485 234
580 236
643 236
548 237
935 237
413 238
875 238
580 241
703 241
32 241
48 243
574 243
423 244
625 245
93 246
71 246
101 249
991 249
1000 251
481 251
560 253
55 256
564 256
443 257
594 257
14 258
205 258
281 259
351 260
738 262
970 266
659 267
382 269
993 271
697 272
371 274
17 276
525 276
651 276
33 276
594 277
838 277
431 278
776 279
602 279
502 280
933 281
489 281
405 282
666 282
584 285
789 287
421 287
914 289
267 289
609 290
537 290
608 291
123 293
601 293
533 294
848 294
268 298
196 303
244 303
18 303
731 303
618 303
797 304
508 309
772 310
186 311
709 311
310 313
506 313
334 314
558 314
835 315
346 318
884 318
730 319
189 320
977 320
752 320
212 322
866 323
961 323
304 323
148 324
882 324
859 324
403 325
764 325
396 325
665 325
819 327
885 327
552 327
336 327
427 328
195 330
814 330
949 331
893 332
703 333
789 333
394 334
558 335
971 337
405 338
418 339
931 339
51 339
376 342
782 342
602 344
466 344
849 345
965 345
11 348
948 348
128 348
414 348
488 349
160 350
620 351
688 353
832 354
481 354
361 355
758 356
418 357
122 358
12 358
660 362
755 363
987 364
459 364
20 365
485 368
64 369
63 369
971 370
848 370
315 371
962 371
197 372
174 372
732 374
125 374
768 375
570 375
397 375
684 376
564 377
409 379
944 380
505 380
299 380
417 381
267 382
979 383
882 384
917 384
409 386
913 388
284 389
912 390
671 390
414 391
953 391
750 393
411 393
317 394
668 397
19 397
175 397
440 397
985 399
574 399
705 400
801 401
141 402
648 403
971 405
150 406
325 407
542 407
465 408
559 408
624 410
753 410
799 410
311 415
798 415
173 415
337 415
505 415
529 416
682 417
351 418
568 418
142 419
203 420
412 420
564 420
788 421
517 421
861 422
955 422
371 423
24 424
663 425
730 425
694 428
512 428
661 429
605 429
178 430
159 430
437 431
919 431
47 433
107 435
184 435
353 438
417 438
7 438
230 439
931 439
967 439
374 440
512 440
728 446
484 448
995 449
243 449
651 449
357 449
30 450
342 450
459 451
420 452
666 452
94 452
907 452
552 453
396 453
664 453
625 454
715 455
151 455
715 456
871 457
325 457
949 460
650 461
7 462
124 462
433 462
629 462
780 462
891 463
609 464
795 464
977 464
72 467
916 467
382 467
958 467
392 469
890 469
844 470
373 472
95 472
358 473
517 475
293 475
986 476
699 476
730 477
639 478
441 481
59 481
780 482
468 482
109 483
251 484
598 485
702 486
133 487
794 488
35 490
587 490
363 490
958 491
139 492
16 495
54 495
875 495
492 497
508 498
651 501
384 502
664 502
407 504
38 506
893 506
592 507
908 509
706 511
732 511
27 512
963 512
806 512
774 512
265 514
148 515
225 516
535 516
80 516
265 518
696 520
655 522
117 522
98 522
753 523
66 523
246 524
52 524
282 525
198 525
632 526
26 526
807 527
381 528
480 529
497 529
358 532
505 532
132 532
447 537
462 540
89 542
176 542
30 542
557 543
719 543
304 544
43 544
555 544
814 546
456 546
424 546
668 549
515 549
215 551
103 556
551 557
26 557
680 557
629 558
731 558
240 560
40 560
66 560
368 561
854 563
734 563
233 564
790 564
467 564
424 565
833 567
111 567
698 569
910 569
382 570
420 571
825 571
835 573
594 574
263 576
322 576
647 578
603 578
718 579
751 579
644 581
344 582
376 584
212 585
87 585
773 587
525 589
875 592
853 592
169 592
957 593
615 594
898 595
182 595
728 596
274 596
897 598
668 598
347 599
41 599
835 602
647 604
535 604
370 604
51 605
638 606
991 606
970 609
814 611
565 616
258 616
458 618
937 619
759 620
115 621
307 622
865 622
894 623
884 624
753 626
160 627
930 629
426 630
790 631
995 633
780 633
432 634
430 634
302 635
570 635
893 636
296 639
694 641
776 643
749 643
55 644
233 644
675 644
331 645
105 646
387 646
340 646
144 646
961 648
454 649
522 649
145 649
438 649
56 651
493 651
434 654
857 655
850 656
908 656
562 657
574 657
346 658
901 658
836 659
592 660
671 663
775 665
86 666
732 668
123 669
162 669
544 669
900 670
731 670
617 670
548 671
165 672
144 673
311 675
960 676
987 677
446 678
603 678
577 679
539 683
355 683
802 684
737 685
835 689
21 689
708 690
754 691
532 692
94 692
877 693
198 694
159 695
107 695
855 696
433 698
603 698
181 699
515 699
670 699
468 700
75 702
554 702
300 702
400 704
94 705
44 705
238 706
528 706
859 707
912 709
448 709
556 709
692 710
837 711
23 711
63 712
215 714
538 714
28 715
258 715
163 715
975 716
631 717
96 718
188 723
206 723
345 728
407 728
954 729
512 730
899 732
238 738
983 738
451 740
821 740
871 740
604 741
612 741
442 742
766 742
848 743
248 744
35 745
220 745
325 746
208 747
141 747
30 750
197 754
829 755
281 756
433 756
981 757
438 757
486 757
828 758
202 759
782 760
345 761
801 761
253 761
551 762
699 764
934 765
871 767
51 767
791 769
403 771
604 771
192 772
173 773
938 773
595 773
110 775
170 775
151 776
852 778
670 780
661 780
400 781
382 782
902 785
514 787
378 789
352 790
111 790
987 792
996 794
166 794
613 795
215 796
3 796
451 796
26 797
364 798
234 799
523 800
168 800
254 801
252 801
385 802
814 802
770 802
177 803
279 804
158 807
457 807
236 808
720 811
985 813
173 813
310 813
644 813
770 814
733 816
867 817
449 818
324 820
257 822
614 823
826 823
90 823
77 824
65 826
843 827
635 829
306 829
94 830
760 831
888 831
629 832
237 832
218 833
809 833
107 834
859 834
82 835
447 835
228 836
53 837
988 839
282 840
41 843
62 843
831 844
92 845
523 846
618 848
859 848
161 850
232 851
401 852
92 854
666 854
613 854
719 855
856 858
997 858
785 860
890 861
310 863
739 863
493 865
132 865
632 865
373 866
311 871
759 871
811 871
716 871
434 873
466 873
76 876
894 877
632 877
69 881
546 882
811 882
98 882
915 883
818 883
1 884
583 885
326 887
59 887
595 888
892 889
423 890
91 891
330 892
549 893
452 894
996 894
350 895
960 895
681 895
190 896
485 896
270 896
308 896
108 898
74 899
283 900
210 901
269 906
360 907
892 910
884 910
597 913
485 914
657 914
782 915
702 916
267 919
661 922
782 922
834 924
461 926
800 926
140 927
913 928
724 929
975 930
804 930
88 930
400 932
918 934
253 935
134 936
210 937
664 938
423 939
116 941
196 942
426 942
395 942
421 942
262 943
105 945
480 946
369 948
669 949
497 949
754 950
254 952
880 953
924 954
223 955
553 955
66 956
133 956
6 957
761 958
695 960
975 960
927 961
3 961
707 961
416 963
80 965
3 966
523 966
778 967
156 969
132 971
631 971
223 972
290 974
971 985
378 986
489 987
598 987
328 988
618 988
108 990
71 990
932 990
795 990
844 991
884 991
428 991
557 993
729 993
910 995
350 996
253 996
16 996
246 996
832 996
432 997
659 997
