258
411 0
291 0
726 1
139 2
265 2
449 3
359 3
350 3
21 4
69 4
270 4
806 5
727 5
406 5
75 5
843 6
96 6
543 7
688 7
666 7
528 11
778 11
522 11
436 12
825 13
258 13
677 13
572 13
73 14
801 16
222 17
105 17
767 17
318 20
334 20
49 20
510 20
567 21
121 21
377 22
818 22
14 23
291 23
639 24
203 24
554 24
650 25
417 25
439 27
726 27
487 27
335 29
627 30
686 31
803 32
439 34
671 35
241 35
402 36
294 37
401 37
345 37
552 38
278 38
752 40
410 41
693 41
497 41
58 42
500 42
429 43
700 44
359 44
738 45
254 46
145 47
543 47
233 49
360 49
180 49
262 50
459 51
698 51
362 51
487 52
566 52
261 53
67 53
662 53
126 54
731 55
86 56
716 56
5 57
147 58
784 60
740 62
640 63
813 64
130 67
704 68
167 69
688 70
584 70
670 71
483 72
644 72
707 73
479 74
365 74
232 77
611 78
620 78
787 78
273 79
261 79
108 81
44 82
268 82
173 82
641 83
54 84
588 85
637 85
745 85
522 87
371 87
335 88
577 89
13 89
460 90
502 92
70 92
606 92
303 93
683 94
766 94
249 95
403 97
158 97
778 98
388 99
810 100
430 101
649 101
174 101
782 102
804 102
104 103
517 104
626 104
195 104
533 105
598 105
797 106
118 107
559 108
9 110
459 110
477 111
812 111
775 112
839 112
508 113
297 113
370 113
365 114
648 114
263 115
153 116
5 116
817 117
488 119
127 120
636 120
733 121
37 121
419 123
507 124
227 124
606 125
524 127
781 127
436 128
303 129
109 129
15 129
484 130
67 130
21 130
191 131
201 132
397 133
410 134
505 135
666 135
173 135
644 135
95 135
136 136
84 136
578 136
121 137
4 137
584 138
29 138
197 139
518 139
634 139
123 140
113 140
446 140
608 141
665 141
278 141
601 142
638 143
204 145
547 145
218 146
434 146
146 147
139 147
815 147
815 147
229 148
519 149
578 149
543 149
624 150
550 150
438 151
63 151
308 152
320 153
260 154
92 155
508 155
1 156
492 157
419 157
813 158
281 158
792 159
78 165
613 166
138 167
563 167
326 167
156 169
671 169
631 170
415 172
444 174
799 174
507 175
691 175
482 177
