878
225 0
4 0
416 0
96 0
468 2
14 3
101 3
163 4
187 4
637 5
620 6
763 6
233 6
486 7
201 7
408 8
369 9
709 10
340 10
93 12
736 13
178 13
390 14
115 14
587 14
728 15
152 18
468 18
745 19
279 22
736 23
716 24
288 25
340 26
486 28
29 28
356 30
342 32
665 32
132 32
333 32
745 33
263 33
134 34
414 34
724 36
348 38
300 38
102 40
536 40
296 44
682 45
263 46
129 47
631 47
92 47
48 48
528 48
34 48
19 49
703 50
297 50
98 50
605 50
149 51
30 51
682 52
358 53
376 53
631 53
428 54
714 56
582 56
38 56
135 57
321 57
403 57
218 58
647 58
603 58
504 59
211 59
282 60
41 61
5 62
702 63
636 63
73 64
230 65
377 65
480 65
122 67
333 68
733 68
551 70
550 70
460 70
496 70
389 71
244 71
191 72
248 73
336 73
420 73
299 74
265 74
129 75
214 75
465 76
51 77
344 77
182 77
568 78
559 78
519 80
40 80
76 82
161 84
240 84
335 85
115 85
51 85
520 85
658 85
329 86
262 86
282 88
612 89
475 89
354 89
475 90
106 90
359 91
624 94
595 95
411 95
731 95
249 95
614 95
572 96
330 97
524 97
740 99
128 99
7 101
607 101
163 102
568 102
686 102
780 103
261 103
704 105
784 105
116 105
109 106
340 108
112 109
591 110
198 111
72 112
302 112
193 114
510 116
404 117
567 118
572 119
695 121
623 122
273 122
238 124
280 125
206 125
454 125
95 125
706 126
307 126
488 126
254 127
502 127
296 128
428 128
131 129
656 130
326 130
23 130
557 131
539 132
319 132
224 132
606 132
680 134
779 134
529 135
450 136
733 136
579 137
38 137
334 137
282 137
77 137
673 138
93 140
50 143
635 145
111 146
454 147
400 149
147 149
285 151
390 151
759 152
6 153
378 153
509 154
367 154
522 155
260 156
382 156
385 157
553 157
210 158
685 161
360 161
481 161
58 163
500 164
473 165
767 165
680 165
614 165
553 167
488 167
150 167
47 169
556 169
313 170
581 171
471 172
624 172
723 173
551 174
452 174
114 175
653 175
95 176
357 176
572 176
674 178
642 178
318 178
392 178
130 178
364 179
135 179
358 180
212 180
674 181
525 181
139 183
86 185
649 185
592 186
404 187
406 187
428 191
366 191
614 191
516 193
579 194
385 194
312 194
679 195
52 195
549 195
104 196
468 199
136 199
304 202
663 202
718 202
106 203
67 205
678 205
447 205
49 206
211 207
72 208
328 208
508 208
545 208
693 209
440 209
558 210
281 211
27 211
211 212
378 214
301 214
622 214
133 220
489 221
572 222
768 222
237 222
217 223
409 223
651 225
269 226
585 226
101 227
322 227
522 228
745 229
488 229
176 229
367 229
353 230
360 230
194 230
454 230
541 230
760 231
301 232
491 232
737 233
428 234
105 234
459 235
187 236
480 237
706 238
443 238
546 238
181 239
626 240
607 240
37 240
510 240
75 241
256 241
576 242
203 242
385 243
497 243
747 243
460 244
556 245
443 246
486 246
104 247
610 247
635 249
515 249
699 249
684 250
468 250
143 251
43 251
73 252
388 252
574 252
5 253
529 253
75 253
502 253
684 254
94 255
175 255
116 256
307 256
687 256
780 257
216 260
64 261
684 262
187 264
637 265
742 266
267 267
702 267
162 267
95 268
75 268
23 269
242 269
190 269
562 269
97 271
613 271
327 272
169 272
577 273
559 273
686 277
288 277
539 277
541 278
729 278
74 278
10 279
561 279
333 279
118 281
189 281
371 282
506 282
446 284
608 284
2 284
415 285
248 286
59 286
110 287
164 287
779 288
17 288
164 289
520 289
501 290
748 290
184 290
309 290
229 290
403 291
568 291
224 291
389 292
147 293
247 293
226 294
726 294
395 295
36 295
258 295
534 296
9 297
543 298
415 298
570 298
130 299
326 299
22 300
710 300
160 301
214 301
421 302
129 302
215 303
111 304
698 305
709 305
212 307
150 307
191 308
588 308
239 308
618 310
614 310
588 311
352 312
348 312
347 313
44 313
137 316
162 316
589 317
340 318
606 318
614 320
578 321
56 322
415 322
729 323
71 323
110 325
753 326
457 328
202 331
116 332
34 333
496 334
257 334
176 334
665 334
667 335
591 335
87 335
464 335
741 336
387 337
464 337
538 338
36 338
251 338
758 338
707 339
710 340
323 342
279 342
430 342
93 343
285 344
620 344
389 344
501 346
649 347
574 347
470 348
88 348
491 349
185 349
728 351
460 351
481 351
330 353
657 353
127 353
475 353
544 355
637 355
536 357
399 359
112 360
759 361
697 362
116 362
770 363
213 363
84 364
779 364
226 364
419 365
492 365
280 366
643 366
535 367
775 367
618 368
130 369
256 369
756 369
201 369
564 370
526 370
698 372
751 373
158 374
673 374
58 375
499 375
215 377
285 377
283 377
52 377
487 377
600 379
763 379
518 379
442 380
314 380
570 380
242 381
309 381
115 382
74 382
734 384
651 384
571 384
355 385
730 386
345 386
214 386
521 386
261 387
758 388
339 388
550 390
45 391
132 391
478 393
354 393
126 395
489 396
74 399
373 400
683 401
22 402
294 404
170 404
416 404
54 405
728 405
613 406
480 407
4 407
504 409
409 409
691 411
589 411
375 412
718 412
501 413
45 413
233 413
785 416
752 417
326 417
64 419
339 419
412 419
666 419
577 420
737 420
197 421
477 422
137 422
661 422
616 423
768 425
188 425
767 425
336 427
48 427
334 427
299 428
132 430
23 434
448 435
626 435
367 437
551 438
365 439
145 439
2 439
244 440
704 441
87 441
389 441
429 442
195 442
506 443
138 443
27 443
361 443
664 444
544 444
477 445
99 445
602 446
679 446
262 447
159 447
716 448
627 450
685 451
521 451
371 452
449 452
612 452
674 452
475 453
145 453
112 453
488 454
285 454
257 454
168 455
633 456
646 458
1 458
312 458
512 458
540 458
407 459
428 459
574 460
78 462
651 462
541 463
210 464
486 465
494 465
627 465
643 466
685 466
157 466
9 468
532 468
170 468
490 468
26 469
79 469
473 471
294 473
80 473
46 473
410 473
5 474
218 474
120 475
769 475
533 476
234 476
303 478
139 479
783 480
44 480
40 481
42 482
466 483
595 484
442 485
318 485
405 485
25 485
357 485
429 485
117 487
145 487
750 487
430 488
487 489
570 489
592 491
53 491
302 491
389 492
94 492
375 492
366 493
34 493
323 493
631 493
398 493
385 494
694 495
613 497
385 497
400 497
120 497
431 499
434 499
719 500
428 500
113 500
404 500
28 501
316 503
96 504
437 504
580 505
46 506
688 506
20 510
137 510
442 513
297 514
295 514
147 514
87 517
594 518
457 520
352 521
135 521
329 521
342 522
489 522
737 522
773 522
204 522
625 523
771 524
382 524
734 524
245 526
588 528
635 528
590 529
709 532
20 532
556 533
341 534
660 534
257 534
763 535
261 535
304 535
462 536
559 536
239 538
599 538
112 541
441 541
644 544
487 544
485 544
268 544
388 544
228 544
614 544
667 545
602 546
358 547
663 547
228 549
158 551
367 553
357 554
361 554
542 556
69 556
273 556
212 557
559 559
176 559
439 560
627 560
181 561
378 561
540 561
60 561
782 561
526 562
394 562
141 562
404 563
457 564
259 564
673 565
752 565
324 568
567 568
267 570
39 570
354 572
570 572
296 572
46 573
551 573
635 574
91 574
98 574
603 575
771 575
211 575
682 575
646 577
204 577
311 578
356 579
593 579
139 580
559 581
183 581
235 582
454 583
545 583
485 584
547 584
712 585
407 586
351 586
63 586
669 587
160 587
240 587
346 588
329 588
319 590
438 590
155 591
785 591
495 592
263 594
288 596
9 596
774 596
254 596
