507
630 2
355 4
738 6
564 7
612 7
843 9
943 12
659 15
683 16
93 19
850 19
833 22
173 23
588 26
560 29
72 30
393 33
928 33
367 34
242 43
4 47
659 47
475 48
477 50
991 54
48 58
2 58
786 59
726 59
159 60
546 60
159 64
55 66
613 68
388 70
571 73
866 74
355 79
598 80
332 81
488 83
412 84
447 91
316 93
261 96
609 96
161 97
247 101
160 106
364 107
445 107
497 110
504 111
6 114
374 115
306 117
714 118
922 122
639 126
11 129
910 130
800 136
536 137
131 137
551 138
322 138
838 138
9 143
963 144
911 147
13 147
701 148
49 148
758 149
859 154
997 156
131 158
407 160
281 163
28 166
519 168
201 168
138 170
281 170
648 171
178 171
65 173
634 173
475 175
634 175
482 176
145 181
345 182
684 185
540 186
873 187
9 189
482 190
390 195
275 200
226 201
378 203
99 204
746 206
779 210
752 210
46 212
486 212
368 213
366 214
513 217
247 220
210 221
608 222
254 223
805 224
306 232
609 233
946 234
434 235
580 235
855 239
221 241
41 242
117 245
325 246
575 248
862 252
932 254
922 261
648 264
360 265
799 266
68 275
355 278
569 279
578 282
858 285
1 285
271 286
688 286
236 288
661 289
810 289
931 289
532 290
873 292
870 296
390 301
4 305
32 306
250 306
973 306
579 307
238 310
47 313
781 313
734 316
492 321
212 322
899 323
276 325
33 325
544 325
945 328
511 328
865 329
752 332
659 335
557 337
171 342
788 342
547 342
215 344
835 345
731 345
21 345
220 348
547 349
405 353
464 354
61 354
528 354
252 355
33 358
324 365
720 367
164 369
936 370
234 374
656 375
863 375
272 377
471 377
901 379
288 380
18 383
318 384
669 384
454 385
237 387
705 388
662 395
336 397
824 399
696 400
974 400
881 402
773 403
96 407
808 409
778 409
130 410
81 411
471 414
643 416
475 418
592 425
493 426
719 427
502 428
427 430
793 430
357 431
757 431
401 431
401 433
663 433
321 435
92 438
601 441
73 442
653 443
788 444
302 448
214 453
696 456
376 459
203 464
76 468
250 470
98 470
488 482
304 482
748 485
170 490
427 498
362 500
738 502
879 503
266 507
683 507
756 510
402 515
705 517
186 522
713 524
467 526
518 531
516 533
212 533
372 534
671 534
126 537
282 538
446 539
712 541
28 541
940 541
409 541
651 543
712 544
200 544
880 546
715 546
19 546
309 549
908 550
545 550
88 552
151 554
184 556
130 564
494 564
877 569
835 570
209 571
634 574
968 575
299 576
780 577
159 580
343 581
551 581
275 584
807 585
357 586
428 587
255 587
921 591
75 593
752 596
140 596
357 597
131 600
613 604
512 606
857 610
324 610
173 610
343 611
132 612
211 614
226 614
834 614
268 620
911 622
896 624
649 624
996 625
393 630
24 637
503 637
657 638
793 639
653 644
178 644
581 654
636 655
623 657
741 657
836 657
942 658
949 658
237 659
472 665
828 666
972 667
718 669
788 671
720 671
364 674
432 677
758 680
174 681
138 682
480 682
765 682
861 684
663 686
862 688
424 690
215 691
531 693
970 696
728 697
680 698
611 698
127 699
132 700
877 703
253 707
808 708
272 709
365 711
431 711
250 713
21 715
392 715
168 717
391 718
264 722
643 723
415 723
483 729
834 732
135 736
914 741
679 747
408 747
66 749
774 750
914 752
839 752
390 754
627 754
608 755
21 755
474 759
848 760
126 760
169 766
751 768
820 769
565 771
233 782
456 785
580 786
730 789
688 789
403 789
113 791
793 791
281 793
569 793
389 793
802 794
773 795
467 796
75 797
994 797
515 797
560 801
973 802
735 802
401 803
195 803
737 804
92 808
995 810
86 819
865 819
241 823
776 823
787 824
101 826
314 828
331 830
348 831
570 832
831 834
488 834
234 837
863 837
780 839
494 841
968 842
32 843
5 845
784 846
405 847
353 847
478 848
551 851
591 853
19 854
986 857
39 859
658 862
502 866
518 872
102 874
27 876
781 890
648 892
248 893
552 893
390 895
1 896
538 896
587 899
853 900
311 902
666 902
386 903
53 903
243 904
108 908
613 909
811 909
414 911
715 913
696 919
258 919
26 921
829 921
125 923
920 925
70 925
98 928
883 933
315 937
238 938
780 942
458 945
534 948
222 955
358 956
735 958
725 959
53 960
519 966
713 966
170 971
685 976
681 977
745 979
125 979
867 981
333 981
196 984
513 985
262 985
742 986
524 992
214 993
906 996
