325
909 0
583 2
592 3
879 7
685 9
622 23
529 28
524 28
962 30
34 30
28 30
193 31
454 32
46 33
909 37
591 37
985 39
834 40
684 45
823 49
290 53
531 55
543 55
356 69
196 74
714 76
156 76
917 80
94 81
805 104
379 110
895 110
962 111
348 115
437 126
351 140
224 140
186 143
972 145
157 148
403 153
726 154
419 163
444 163
170 165
48 165
280 169
922 170
583 173
932 173
82 181
226 186
339 190
824 190
504 190
14 196
1000 197
626 201
202 204
6 213
606 216
276 216
995 222
228 224
341 228
638 230
46 236
232 240
202 241
603 244
755 246
117 246
605 249
285 250
552 251
291 253
71 257
362 257
768 257
725 269
866 272
553 272
330 275
183 277
990 281
799 282
979 282
158 282
99 290
996 291
932 296
166 296
241 296
705 299
591 301
904 301
127 307
725 308
268 314
654 315
307 317
918 322
745 326
31 329
586 333
651 335
271 335
132 336
617 345
736 346
767 347
447 348
409 348
421 348
583 357
682 360
305 362
108 363
857 368
933 375
656 379
262 381
775 382
292 386
977 387
293 390
460 391
173 393
633 396
347 398
368 398
564 398
622 402
169 404
730 407
462 423
884 425
598 426
205 431
633 434
743 437
611 437
257 439
850 442
733 442
549 443
492 444
113 446
794 448
116 450
752 450
330 450
271 461
910 462
327 463
322 476
520 480
214 482
413 483
829 483
96 488
153 492
886 494
595 496
764 496
689 501
424 502
265 521
525 526
772 528
150 536
178 537
924 537
911 542
578 544
928 546
893 547
359 549
310 554
387 561
161 563
311 569
482 570
464 570
892 582
856 584
556 585
224 586
516 588
391 589
672 591
207 592
246 594
363 597
270 601
676 603
392 607
580 618
558 619
342 623
121 625
138 626
436 628
745 632
236 634
724 643
597 646
131 647
202 647
526 648
32 651
597 654
840 654
813 655
221 656
851 662
683 667
627 672
99 672
92 674
622 674
606 675
872 675
511 683
816 684
807 689
185 691
159 695
549 695
735 697
792 699
650 707
891 708
80 716
461 718
788 719
742 719
838 725
197 728
491 731
19 737
590 740
518 744
665 749
595 750
48 756
97 756
748 761
969 767
5 769
83 775
310 776
675 786
971 789
17 792
733 792
568 798
199 802
194 805
363 806
143 806
277 806
948 807
293 810
84 814
590 817
419 817
950 818
71 820
39 823
180 826
976 829
839 830
757 837
940 848
604 853
98 855
982 856
58 857
652 858
886 862
489 866
577 871
465 871
391 876
365 877
365 878
776 881
996 883
613 883
515 884
271 888
730 890
440 891
619 904
285 906
66 907
262 908
244 910
935 910
98 912
226 913
271 919
315 919
577 919
126 920
721 920
17 926
677 927
762 939
482 939
238 946
285 956
601 956
865 971
372 972
288 974
609 982
366 984
164 990
734 994
996 995
938 996
405 997
278 999
