744
43 0
31 0
27 0
13 0
19 1
60 1
19 2
53 2
53 3
54 3
70 3
57 3
58 3
46 4
42 4
35 4
23 4
1 4
70 4
13 4
46 5
64 5
58 5
70 6
61 7
37 7
39 8
66 8
23 9
3 9
44 9
41 9
1 9
58 9
8 9
65 10
41 10
67 10
31 10
43 10
39 11
62 11
21 11
66 11
23 11
7 12
28 12
57 12
42 12
30 12
48 12
69 12
40 13
66 13
43 13
17 13
62 13
49 13
17 14
59 14
5 14
47 14
16 15
45 15
37 15
70 15
66 15
12 15
3 16
56 16
3 16
35 17
67 17
11 17
45 17
25 18
25 18
62 18
12 18
41 18
21 19
50 19
3 19
11 19
16 19
15 19
67 20
64 20
60 20
57 20
36 20
41 21
62 21
15 21
35 21
27 21
20 22
37 22
9 22
53 22
36 23
48 23
64 24
33 24
67 24
6 25
31 25
56 25
7 25
54 25
47 25
13 25
22 26
7 26
70 26
68 26
45 26
5 26
47 26
56 27
5 27
51 28
43 28
69 28
62 28
40 28
16 28
66 28
71 29
6 29
45 29
22 29
45 29
25 29
7 30
15 30
31 30
38 30
38 30
63 31
16 31
52 31
61 31
5 31
13 31
66 31
10 31
56 32
29 32
57 32
58 32
38 32
67 33
65 33
31 33
29 33
43 33
6 34
59 34
69 34
37 35
8 35
47 35
59 35
69 35
36 36
59 36
64 36
20 36
21 36
69 36
20 37
44 37
26 37
8 37
1 37
5 38
13 38
28 38
44 38
19 39
9 39
16 39
50 39
8 39
44 40
49 40
27 40
29 41
16 41
8 42
59 42
68 42
62 42
9 43
48 43
5 43
63 43
34 43
61 43
28 43
33 43
35 43
5 43
70 43
55 44
31 44
17 44
15 45
70 45
39 45
13 46
26 46
64 46
2 46
64 47
35 47
28 47
34 47
34 47
22 47
46 48
5 48
14 48
1 48
37 49
56 49
70 49
37 49
12 49
59 50
26 50
50 51
33 51
55 51
10 51
34 51
26 52
51 52
20 52
52 52
22 52
1 52
10 52
31 52
23 52
7 52
18 53
27 53
27 53
10 53
21 54
27 54
63 54
3 55
33 55
26 55
26 55
4 56
9 56
71 56
56 56
66 56
64 56
29 56
45 57
56 57
70 57
55 57
22 57
62 58
43 58
66 58
1 58
39 58
65 59
63 59
67 59
27 59
6 59
44 59
36 59
14 59
22 60
64 60
33 60
22 60
16 60
15 60
53 60
7 61
2 61
30 61
45 61
46 61
70 61
53 61
51 62
59 62
29 62
1 62
51 63
45 63
23 63
5 63
36 63
2 64
55 64
34 64
18 64
55 65
14 65
42 65
11 65
63 66
30 66
37 66
11 66
12 66
40 66
57 66
34 67
52 67
34 67
61 67
12 68
34 68
60 68
29 68
54 68
70 69
9 69
51 69
29 69
24 69
21 69
9 69
55 70
52 70
9 70
6 70
10 70
16 70
1 71
46 71
31 71
68 71
20 71
68 72
25 72
47 72
69 72
5 72
30 73
30 73
14 74
65 74
42 74
41 74
6 74
38 75
38 75
37 75
14 75
61 75
11 76
63 76
24 76
63 76
35 76
4 76
42 76
3 76
51 76
27 77
8 77
64 77
16 77
38 78
3 78
67 78
23 78
9 78
35 78
18 78
66 78
60 79
25 79
65 79
28 79
69 79
60 79
65 80
63 80
16 80
44 80
12 80
52 81
28 81
16 81
55 82
24 82
29 82
43 82
9 83
55 83
43 83
26 83
52 84
50 84
18 84
47 84
55 85
67 85
41 85
19 85
38 85
38 86
65 86
62 86
40 86
63 87
7 87
18 87
14 87
5 87
3 87
33 88
59 88
33 88
50 88
4 89
15 89
23 90
9 90
24 90
62 91
28 91
12 91
65 91
55 91
59 91
8 92
20 92
50 92
59 93
62 93
71 94
19 94
42 94
2 94
10 94
53 94
66 95
47 95
15 95
60 95
50 95
26 96
30 96
29 96
10 96
30 96
66 97
45 97
15 97
23 97
30 97
31 97
5 97
71 98
31 98
51 98
28 98
34 99
64 99
15 99
15 99
13 99
52 99
54 99
29 100
14 100
22 100
33 100
8 100
1 100
14 100
66 101
53 101
66 101
61 101
38 102
51 102
62 102
41 102
52 102
58 102
56 102
7 103
58 103
59 103
25 103
52 103
5 103
4 103
50 104
52 104
60 104
59 105
65 105
56 105
41 105
32 105
52 105
65 105
8 106
33 106
43 106
16 106
44 106
31 106
25 106
51 106
8 106
59 106
66 106
38 106
8 106
28 107
29 107
1 107
60 107
24 107
68 108
62 108
6 108
14 109
17 109
20 109
28 109
61 109
9 110
47 110
4 110
7 110
45 110
49 110
13 110
18 110
29 110
29 110
70 111
35 111
39 111
4 111
10 111
11 111
11 111
30 111
53 111
70 112
68 112
41 112
18 112
34 112
56 112
35 113
37 113
46 113
35 113
50 113
20 114
39 114
35 114
12 114
52 114
22 115
66 115
19 116
31 116
20 116
33 116
71 116
65 116
61 117
30 117
53 117
5 118
55 118
5 118
11 119
61 119
24 119
52 119
33 120
25 120
67 120
23 121
51 121
60 121
48 121
31 121
58 121
70 121
41 122
3 122
4 122
58 123
4 123
21 123
43 123
24 124
3 124
28 124
70 124
36 125
66 125
49 125
57 125
6 125
28 125
10 126
30 126
62 126
40 126
65 126
19 126
32 126
59 126
37 126
30 126
18 126
32 127
19 127
54 127
5 127
31 128
3 128
26 128
14 128
58 129
53 129
33 129
56 129
56 130
25 130
35 131
55 131
22 131
71 131
30 131
22 131
14 131
12 132
21 132
7 132
7 132
18 132
54 132
44 132
26 133
70 133
30 133
45 134
24 134
55 134
28 134
13 134
21 134
33 134
9 135
56 135
10 135
10 135
33 135
48 136
47 136
36 136
59 136
60 136
33 136
50 136
62 137
1 137
59 137
15 137
26 138
55 138
10 138
22 138
29 138
25 138
12 138
61 138
67 138
63 140
60 140
20 140
16 140
38 140
7 140
43 141
12 141
56 142
38 142
56 142
40 142
21 142
55 142
11 143
16 143
2 143
27 144
37 144
64 144
23 144
22 145
18 145
63 145
40 145
38 145
33 145
71 146
19 146
50 146
6 146
69 146
22 147
35 147
70 148
45 148
46 148
32 149
12 149
42 149
28 149
43 149
43 149
66 149
49 150
11 150
49 150
3 150
