1000
306 2147483637
924 2147483637
649 2147483637
332 2147483637
345 2147483637
867 2147483637
339 2147483637
127 2147483637
115 2147483637
616 2147483637
47 2147483637
112 2147483637
371 2147483637
737 2147483637
474 2147483637
496 2147483637
796 2147483637
532 2147483637
2 2147483637
664 2147483637
169 2147483637
666 2147483637
135 2147483637
56 2147483637
848 2147483637
542 2147483637
171 2147483637
510 2147483637
750 2147483637
618 2147483637
516 2147483637
752 2147483637
842 2147483637
714 2147483637
953 2147483637
532 2147483637
203 2147483637
728 2147483637
999 2147483637
461 2147483637
871 2147483637
654 2147483637
592 2147483637
942 2147483637
228 2147483637
913 2147483637
693 2147483637
979 2147483637
67 2147483637
233 2147483637
253 2147483637
894 2147483637
496 2147483637
649 2147483637
442 2147483637
275 2147483637
197 2147483637
743 2147483637
198 2147483637
949 2147483637
324 2147483637
173 2147483637
443 2147483637
135 2147483637
922 2147483637
838 2147483637
666 2147483637
97 2147483637
248 2147483637
124 2147483637
210 2147483637
832 2147483637
478 2147483637
390 2147483637
554 2147483637
45 2147483637
370 2147483637
605 2147483637
631 2147483637
942 2147483637
872 2147483637
704 2147483637
201 2147483637
538 2147483637
856 2147483637
96 2147483637
313 2147483637
811 2147483637
377 2147483638
665 2147483638
657 2147483638
453 2147483638
351 2147483638
95 2147483638
10 2147483638
636 2147483638
338 2147483638
653 2147483638
701 2147483638
519 2147483638
848 2147483638
967 2147483638
290 2147483638
654 2147483638
549 2147483638
498 2147483638
666 2147483638
48 2147483638
349 2147483638
192 2147483638
119 2147483638
177 2147483638
803 2147483638
404 2147483638
102 2147483638
383 2147483638
709 2147483638
751 2147483638
584 2147483638
37 2147483638
108 2147483638
39 2147483638
405 2147483638
854 2147483638
685 2147483638
180 2147483638
741 2147483638
65 2147483638
990 2147483638
715 2147483638
255 2147483638
730 2147483638
14 2147483638
778 2147483638
577 2147483638
377 2147483638
385 2147483638
624 2147483638
272 2147483638
504 2147483638
693 2147483638
21 2147483638
470 2147483638
993 2147483638
646 2147483638
874 2147483638
799 2147483638
2 2147483638
461 2147483638
92 2147483638
885 2147483638
109 2147483638
705 2147483638
526 2147483638
150 2147483638
94 2147483638
241 2147483638
967 2147483638
876 2147483638
842 2147483638
130 2147483638
348 2147483638
356 2147483638
256 2147483638
163 2147483638
93 2147483638
301 2147483638
975 2147483638
11 2147483638
768 2147483638
803 2147483638
726 2147483638
255 2147483638
759 2147483638
809 2147483638
504 2147483638
552 2147483638
628 2147483638
765 2147483638
936 2147483638
303 2147483638
873 2147483638
99 2147483638
261 2147483638
417 2147483638
37 2147483638
838 2147483638
266 2147483638
851 2147483638
804 2147483638
152 2147483638
634 2147483638
292 2147483638
673 2147483638
851 2147483638
222 2147483638
175 2147483638
194 2147483638
179 2147483639
749 2147483639
197 2147483639
31 2147483639
798 2147483639
170 2147483639
9 2147483639
60 2147483639
204 2147483639
66 2147483639
419 2147483639
415 2147483639
511 2147483639
116 2147483639
704 2147483639
671 2147483639
787 2147483639
1000 2147483639
468 2147483639
895 2147483639
826 2147483639
870 2147483639
324 2147483639
328 2147483639
800 2147483639
2 2147483639
752 2147483639
871 2147483639
718 2147483639
980 2147483639
81 2147483639
480 2147483639
434 2147483639
407 2147483639
778 2147483639
691 2147483639
888 2147483639
710 2147483639
149 2147483639
38 2147483639
667 2147483639
921 2147483639
907 2147483639
418 2147483639
383 2147483639
30 2147483639
981 2147483639
108 2147483639
257 2147483639
88 2147483639
312 2147483639
152 2147483639
827 2147483639
700 2147483639
479 2147483639
502 2147483639
244 2147483639
618 2147483639
145 2147483639
131 2147483639
664 2147483639
299 2147483639
629 2147483639
750 2147483639
885 2147483639
604 2147483639
622 2147483639
781 2147483639
582 2147483639
691 2147483639
355 2147483639
206 2147483639
335 2147483639
189 2147483639
618 2147483639
816 2147483639
379 2147483639
264 2147483639
260 2147483639
698 2147483639
548 2147483639
446 2147483639
296 2147483639
716 2147483639
450 2147483639
683 2147483639
422 2147483639
771 2147483639
988 2147483639
663 2147483639
687 2147483639
956 2147483639
946 2147483639
525 2147483639
344 2147483639
913 2147483639
806 2147483639
197 2147483640
157 2147483640
27 2147483640
503 2147483640
369 2147483640
341 2147483640
517 2147483640
925 2147483640
687 2147483640
154 2147483640
434 2147483640
125 2147483640
310 2147483640
249 2147483640
168 2147483640
592 2147483640
930 2147483640
131 2147483640
712 2147483640
460 2147483640
278 2147483640
612 2147483640
18 2147483640
617 2147483640
538 2147483640
800 2147483640
209 2147483640
822 2147483640
899 2147483640
493 2147483640
897 2147483640
875 2147483640
24 2147483640
190 2147483640
745 2147483640
307 2147483640
530 2147483640
94 2147483640
246 2147483640
65 2147483640
772 2147483640
670 2147483640
289 2147483640
708 2147483640
337 2147483640
918 2147483640
10 2147483640
495 2147483640
633 2147483640
935 2147483640
88 2147483640
308 2147483640
4 2147483640
802 2147483640
101 2147483640
926 2147483640
343 2147483640
712 2147483640
465 2147483640
840 2147483640
668 2147483640
748 2147483640
20 2147483640
543 2147483640
250 2147483640
784 2147483640
297 2147483640
274 2147483640
709 2147483640
677 2147483640
273 2147483640
497 2147483640
860 2147483640
237 2147483640
189 2147483640
756 2147483640
46 2147483640
400 2147483640
90 2147483640
61 2147483640
841 2147483640
203 2147483640
252 2147483640
657 2147483640
918 2147483640
727 2147483640
13 2147483640
611 2147483640
869 2147483640
467 2147483640
930 2147483640
346 2147483640
180 2147483640
605 2147483640
32 2147483640
887 2147483640
418 2147483640
738 2147483641
333 2147483641
526 2147483641
245 2147483641
852 2147483641
325 2147483641
882 2147483641
791 2147483641
891 2147483641
594 2147483641
787 2147483641
51 2147483641
748 2147483641
158 2147483641
739 2147483641
438 2147483641
583 2147483641
198 2147483641
577 2147483641
110 2147483641
797 2147483641
516 2147483641
488 2147483641
829 2147483641
131 2147483641
187 2147483641
398 2147483641
317 2147483641
562 2147483641
929 2147483641
923 2147483641
626 2147483641
911 2147483641
163 2147483641
312 2147483641
778 2147483641
831 2147483641
791 2147483641
412 2147483641
257 2147483641
247 2147483641
602 2147483641
541 2147483641
54 2147483641
351 2147483641
120 2147483641
284 2147483641
27 2147483641
825 2147483641
102 2147483641
277 2147483641
793 2147483641
916 2147483641
959 2147483641
896 2147483641
125 2147483641
17 2147483641
270 2147483641
42 2147483641
995 2147483641
69 2147483641
332 2147483641
521 2147483641
692 2147483641
144 2147483641
399 2147483641
206 2147483641
696 2147483641
917 2147483641
600 2147483641
695 2147483641
600 2147483641
904 2147483641
138 2147483641
199 2147483641
181 2147483641
699 2147483641
68 2147483642
950 2147483642
81 2147483642
626 2147483642
933 2147483642
417 2147483642
908 2147483642
237 2147483642
137 2147483642
258 2147483642
105 2147483642
924 2147483642
809 2147483642
156 2147483642
594 2147483642
873 2147483642
288 2147483642
91 2147483642
983 2147483642
514 2147483642
58 2147483642
223 2147483642
374 2147483642
352 2147483642
884 2147483642
766 2147483642
405 2147483642
889 2147483642
658 2147483642
768 2147483642
848 2147483642
948 2147483642
932 2147483642
243 2147483642
342 2147483642
231 2147483642
828 2147483642
179 2147483642
653 2147483642
29 2147483642
141 2147483642
369 2147483642
907 2147483642
181 2147483642
512 2147483642
167 2147483642
805 2147483642
509 2147483642
170 2147483642
873 2147483642
467 2147483642
494 2147483642
669 2147483642
282 2147483642
6 2147483642
356 2147483642
530 2147483642
253 2147483642
159 2147483642
731 2147483642
956 2147483642
213 2147483642
702 2147483642
605 2147483642
603 2147483642
799 2147483642
303 2147483642
832 2147483642
645 2147483642
926 2147483642
102 2147483642
291 2147483642
944 2147483642
237 2147483642
327 2147483642
179 2147483642
119 2147483642
879 2147483642
84 2147483642
882 2147483642
744 2147483642
771 2147483642
234 2147483642
951 2147483643
661 2147483643
915 2147483643
694 2147483643
524 2147483643
814 2147483643
579 2147483643
120 2147483643
720 2147483643
386 2147483643
41 2147483643
745 2147483643
477 2147483643
62 2147483643
972 2147483643
219 2147483643
543 2147483643
611 2147483643
807 2147483643
797 2147483643
828 2147483643
102 2147483643
63 2147483643
33 2147483643
518 2147483643
664 2147483643
881 2147483643
631 2147483643
656 2147483643
169 2147483643
779 2147483643
918 2147483643
156 2147483643
120 2147483643
922 2147483643
700 2147483643
450 2147483643
756 2147483643
666 2147483643
847 2147483643
652 2147483643
389 2147483643
254 2147483643
943 2147483643
457 2147483643
457 2147483643
627 2147483643
379 2147483643
767 2147483643
447 2147483643
635 2147483643
283 2147483643
624 2147483643
526 2147483643
407 2147483643
991 2147483643
8 2147483643
937 2147483643
882 2147483643
228 2147483643
775 2147483643
764 2147483643
619 2147483643
546 2147483643
34 2147483643
547 2147483643
947 2147483643
66 2147483643
56 2147483643
789 2147483643
537 2147483643
943 2147483643
840 2147483643
190 2147483643
55 2147483643
548 2147483643
755 2147483643
65 2147483643
645 2147483643
584 2147483643
293 2147483643
611 2147483643
77 2147483643
503 2147483643
619 2147483643
993 2147483643
518 2147483643
257 2147483643
764 2147483643
208 2147483643
301 2147483644
346 2147483644
525 2147483644
407 2147483644
863 2147483644
678 2147483644
834 2147483644
267 2147483644
683 2147483644
777 2147483644
380 2147483644
131 2147483644
723 2147483644
471 2147483644
196 2147483644
24 2147483644
261 2147483644
9 2147483644
289 2147483644
563 2147483644
564 2147483644
113 2147483644
810 2147483644
478 2147483644
849 2147483644
412 2147483644
928 2147483644
712 2147483644
523 2147483644
735 2147483644
177 2147483644
143 2147483644
191 2147483644
881 2147483644
927 2147483644
976 2147483644
238 2147483644
530 2147483644
44 2147483644
632 2147483644
705 2147483644
425 2147483644
113 2147483644
497 2147483644
785 2147483644
999 2147483644
287 2147483644
843 2147483644
574 2147483644
973 2147483644
72 2147483644
422 2147483644
833 2147483644
148 2147483644
495 2147483644
764 2147483644
189 2147483644
106 2147483644
793 2147483644
82 2147483644
394 2147483644
732 2147483644
703 2147483644
897 2147483644
82 2147483644
336 2147483644
51 2147483644
964 2147483644
597 2147483644
441 2147483644
670 2147483644
749 2147483644
330 2147483644
84 2147483644
186 2147483644
413 2147483644
758 2147483644
988 2147483644
477 2147483644
278 2147483644
439 2147483644
884 2147483644
994 2147483644
650 2147483644
289 2147483644
171 2147483644
687 2147483644
725 2147483644
277 2147483644
194 2147483644
754 2147483645
516 2147483645
410 2147483645
698 2147483645
310 2147483645
611 2147483645
968 2147483645
337 2147483645
230 2147483645
97 2147483645
249 2147483645
925 2147483645
940 2147483645
259 2147483645
750 2147483645
976 2147483645
383 2147483645
409 2147483645
387 2147483645
88 2147483645
780 2147483645
669 2147483645
65 2147483645
696 2147483645
653 2147483645
572 2147483645
379 2147483645
376 2147483645
186 2147483645
936 2147483645
606 2147483645
996 2147483645
494 2147483645
416 2147483645
253 2147483645
416 2147483645
626 2147483645
354 2147483645
258 2147483645
643 2147483645
978 2147483645
402 2147483645
762 2147483645
57 2147483645
37 2147483645
289 2147483645
204 2147483645
83 2147483645
856 2147483645
206 2147483645
159 2147483645
353 2147483645
711 2147483645
292 2147483645
604 2147483645
742 2147483645
730 2147483645
980 2147483645
241 2147483645
278 2147483645
366 2147483645
91 2147483645
317 2147483645
400 2147483645
940 2147483645
570 2147483645
445 2147483645
743 2147483645
706 2147483645
980 2147483645
16 2147483645
516 2147483645
857 2147483645
579 2147483645
32 2147483645
143 2147483645
484 2147483645
843 2147483645
733 2147483645
596 2147483645
926 2147483645
267 2147483645
295 2147483645
432 2147483645
823 2147483645
152 2147483645
294 2147483645
434 2147483645
580 2147483645
178 2147483645
439 2147483645
260 2147483645
332 2147483645
874 2147483646
938 2147483646
286 2147483646
223 2147483646
203 2147483646
36 2147483646
554 2147483646
234 2147483646
287 2147483646
793 2147483646
511 2147483646
899 2147483646
221 2147483646
871 2147483646
337 2147483646
482 2147483646
436 2147483646
486 2147483646
381 2147483646
246 2147483646
6 2147483646
410 2147483646
469 2147483646
322 2147483646
592 2147483646
804 2147483646
710 2147483646
768 2147483646
407 2147483646
491 2147483646
131 2147483646
712 2147483646
651 2147483646
541 2147483646
748 2147483646
432 2147483646
89 2147483646
115 2147483646
192 2147483646
966 2147483646
530 2147483646
704 2147483646
648 2147483646
651 2147483646
334 2147483646
87 2147483646
218 2147483646
990 2147483646
884 2147483646
812 2147483646
355 2147483646
39 2147483646
736 2147483646
939 2147483646
744 2147483646
80 2147483646
161 2147483646
581 2147483646
756 2147483646
955 2147483646
61 2147483646
303 2147483646
435 2147483646
10 2147483646
425 2147483646
103 2147483646
37 2147483646
606 2147483646
994 2147483646
983 2147483646
19 2147483646
919 2147483646
422 2147483646
969 2147483646
375 2147483646
930 2147483646
453 2147483646
247 2147483646
518 2147483646
871 2147483646
949 2147483646
694 2147483646
376 2147483646
341 2147483646
289 2147483646
350 2147483646
822 2147483646
480 2147483646
289 2147483646
626 2147483646
232 2147483646
905 2147483646
729 2147483646
542 2147483646
488 2147483647
512 2147483647
380 2147483647
399 2147483647
67 2147483647
519 2147483647
144 2147483647
2 2147483647
178 2147483647
380 2147483647
257 2147483647
355 2147483647
381 2147483647
254 2147483647
606 2147483647
143 2147483647
594 2147483647
248 2147483647
836 2147483647
848 2147483647
598 2147483647
522 2147483647
381 2147483647
186 2147483647
111 2147483647
222 2147483647
450 2147483647
647 2147483647
423 2147483647
228 2147483647
367 2147483647
637 2147483647
706 2147483647
82 2147483647
703 2147483647
911 2147483647
93 2147483647
726 2147483647
420 2147483647
176 2147483647
369 2147483647
562 2147483647
56 2147483647
14 2147483647
961 2147483647
913 2147483647
388 2147483647
648 2147483647
668 2147483647
152 2147483647
745 2147483647
958 2147483647
641 2147483647
548 2147483647
176 2147483647
11 2147483647
488 2147483647
566 2147483647
579 2147483647
480 2147483647
646 2147483647
517 2147483647
23 2147483647
402 2147483647
521 2147483647
386 2147483647
699 2147483647
416 2147483647
813 2147483647
379 2147483647
140 2147483647
402 2147483647
791 2147483647
189 2147483647
568 2147483647
374 2147483647
564 2147483647
750 2147483647
925 2147483647
503 2147483647
307 2147483647
