1000
347 2147483637
818 2147483637
119 2147483637
817 2147483637
448 2147483637
428 2147483637
254 2147483637
692 2147483637
763 2147483637
687 2147483637
697 2147483637
639 2147483637
173 2147483637
62 2147483637
15 2147483637
221 2147483637
118 2147483637
408 2147483637
550 2147483637
837 2147483637
270 2147483637
96 2147483637
429 2147483637
569 2147483637
63 2147483637
377 2147483637
118 2147483637
803 2147483637
347 2147483637
978 2147483637
209 2147483637
448 2147483637
970 2147483637
838 2147483637
26 2147483637
771 2147483637
802 2147483637
46 2147483637
226 2147483637
105 2147483637
784 2147483637
904 2147483637
777 2147483637
570 2147483637
853 2147483637
381 2147483637
62 2147483637
744 2147483637
665 2147483637
14 2147483637
728 2147483637
715 2147483637
270 2147483637
576 2147483637
704 2147483637
513 2147483637
560 2147483637
392 2147483637
620 2147483637
808 2147483637
168 2147483637
926 2147483637
998 2147483637
887 2147483637
214 2147483637
203 2147483637
802 2147483637
810 2147483637
869 2147483637
301 2147483637
727 2147483637
327 2147483637
754 2147483637
193 2147483637
894 2147483637
813 2147483637
866 2147483637
840 2147483637
676 2147483637
808 2147483637
344 2147483637
237 2147483637
149 2147483637
704 2147483637
720 2147483637
970 2147483637
410 2147483637
646 2147483637
944 2147483637
850 2147483638
752 2147483638
11 2147483638
651 2147483638
547 2147483638
747 2147483638
403 2147483638
890 2147483638
587 2147483638
641 2147483638
796 2147483638
293 2147483638
120 2147483638
659 2147483638
710 2147483638
583 2147483638
93 2147483638
789 2147483638
373 2147483638
676 2147483638
454 2147483638
117 2147483638
584 2147483638
159 2147483638
40 2147483638
409 2147483638
61 2147483638
607 2147483638
943 2147483638
105 2147483638
731 2147483638
363 2147483638
679 2147483638
386 2147483638
226 2147483638
207 2147483638
305 2147483638
525 2147483638
106 2147483638
856 2147483638
810 2147483638
221 2147483638
192 2147483638
375 2147483638
115 2147483638
87 2147483638
753 2147483638
267 2147483638
910 2147483638
147 2147483638
398 2147483638
84 2147483638
467 2147483638
441 2147483638
125 2147483638
415 2147483638
327 2147483638
6 2147483638
620 2147483638
942 2147483638
866 2147483638
407 2147483638
674 2147483638
84 2147483638
769 2147483638
687 2147483638
806 2147483638
516 2147483638
826 2147483638
806 2147483638
505 2147483638
246 2147483638
993 2147483638
283 2147483638
804 2147483638
654 2147483638
687 2147483638
752 2147483638
470 2147483638
816 2147483638
533 2147483638
711 2147483638
908 2147483638
455 2147483638
935 2147483638
714 2147483638
416 2147483638
839 2147483638
973 2147483638
599 2147483638
502 2147483638
379 2147483639
347 2147483639
634 2147483639
503 2147483639
70 2147483639
906 2147483639
413 2147483639
256 2147483639
463 2147483639
964 2147483639
964 2147483639
125 2147483639
133 2147483639
83 2147483639
150 2147483639
285 2147483639
498 2147483639
954 2147483639
850 2147483639
998 2147483639
542 2147483639
854 2147483639
193 2147483639
199 2147483639
147 2147483639
890 2147483639
777 2147483639
251 2147483639
964 2147483639
15 2147483639
360 2147483639
152 2147483639
593 2147483639
24 2147483639
106 2147483639
501 2147483639
893 2147483639
1 2147483639
392 2147483639
700 2147483639
717 2147483639
509 2147483639
436 2147483639
62 2147483639
79 2147483639
537 2147483639
678 2147483639
811 2147483639
128 2147483639
59 2147483639
142 2147483639
789 2147483639
343 2147483639
797 2147483639
409 2147483639
248 2147483639
166 2147483639
895 2147483639
758 2147483639
263 2147483639
532 2147483639
696 2147483639
999 2147483639
149 2147483639
609 2147483639
872 2147483639
186 2147483639
880 2147483639
1 2147483639
705 2147483639
928 2147483639
923 2147483639
760 2147483639
456 2147483639
577 2147483639
185 2147483639
554 2147483639
744 2147483639
818 2147483639
565 2147483639
632 2147483639
550 2147483639
670 2147483639
926 2147483639
156 2147483639
799 2147483640
924 2147483640
56 2147483640
299 2147483640
798 2147483640
216 2147483640
886 2147483640
929 2147483640
345 2147483640
582 2147483640
223 2147483640
256 2147483640
6 2147483640
763 2147483640
533 2147483640
586 2147483640
950 2147483640
84 2147483640
956 2147483640
329 2147483640
377 2147483640
272 2147483640
751 2147483640
457 2147483640
151 2147483640
270 2147483640
266 2147483640
885 2147483640
466 2147483640
310 2147483640
368 2147483640
87 2147483640
392 2147483640
60 2147483640
995 2147483640
531 2147483640
305 2147483640
732 2147483640
115 2147483640
312 2147483640
164 2147483640
645 2147483640
109 2147483640
663 2147483640
953 2147483640
541 2147483640
724 2147483640
26 2147483640
362 2147483640
987 2147483640
859 2147483640
176 2147483640
481 2147483640
872 2147483640
857 2147483640
318 2147483640
377 2147483640
646 2147483640
692 2147483640
322 2147483640
882 2147483640
125 2147483640
892 2147483640
587 2147483640
551 2147483640
288 2147483640
373 2147483640
388 2147483640
316 2147483640
185 2147483640
269 2147483640
106 2147483640
970 2147483640
859 2147483640
37 2147483640
990 2147483640
531 2147483640
590 2147483640
408 2147483640
449 2147483640
387 2147483640
487 2147483640
370 2147483640
537 2147483640
399 2147483640
110 2147483640
876 2147483640
254 2147483640
716 2147483640
351 2147483640
497 2147483640
388 2147483640
788 2147483641
396 2147483641
281 2147483641
944 2147483641
518 2147483641
150 2147483641
154 2147483641
379 2147483641
833 2147483641
765 2147483641
706 2147483641
6 2147483641
576 2147483641
9 2147483641
318 2147483641
628 2147483641
309 2147483641
10 2147483641
581 2147483641
819 2147483641
613 2147483641
964 2147483641
429 2147483641
896 2147483641
926 2147483641
848 2147483641
78 2147483641
149 2147483641
606 2147483641
381 2147483641
715 2147483641
540 2147483641
498 2147483641
442 2147483641
391 2147483641
621 2147483641
24 2147483641
662 2147483641
558 2147483641
631 2147483641
515 2147483641
214 2147483641
399 2147483641
668 2147483641
419 2147483641
403 2147483641
113 2147483641
241 2147483641
986 2147483641
486 2147483641
52 2147483641
311 2147483641
278 2147483641
241 2147483641
631 2147483641
436 2147483641
408 2147483641
189 2147483641
495 2147483641
13 2147483641
332 2147483641
999 2147483641
788 2147483641
30 2147483641
630 2147483641
875 2147483641
662 2147483641
277 2147483641
653 2147483641
295 2147483641
817 2147483641
187 2147483641
351 2147483641
299 2147483641
354 2147483641
84 2147483641
240 2147483641
999 2147483641
409 2147483641
981 2147483641
102 2147483641
755 2147483641
670 2147483641
463 2147483641
874 2147483641
838 2147483641
441 2147483641
485 2147483641
563 2147483641
348 2147483641
981 2147483641
331 2147483641
993 2147483641
669 2147483642
14 2147483642
5 2147483642
718 2147483642
880 2147483642
182 2147483642
773 2147483642
371 2147483642
750 2147483642
537 2147483642
943 2147483642
900 2147483642
832 2147483642
955 2147483642
584 2147483642
797 2147483642
154 2147483642
867 2147483642
97 2147483642
772 2147483642
527 2147483642
561 2147483642
832 2147483642
483 2147483642
284 2147483642
701 2147483642
819 2147483642
827 2147483642
670 2147483642
548 2147483642
212 2147483642
360 2147483642
667 2147483642
559 2147483642
369 2147483642
181 2147483642
261 2147483642
506 2147483642
745 2147483642
843 2147483642
973 2147483642
46 2147483642
907 2147483642
687 2147483642
555 2147483642
634 2147483642
691 2147483642
409 2147483642
825 2147483642
624 2147483642
208 2147483642
613 2147483642
160 2147483642
489 2147483642
241 2147483642
191 2147483642
520 2147483642
501 2147483642
627 2147483642
956 2147483642
57 2147483642
752 2147483642
142 2147483642
687 2147483642
876 2147483642
783 2147483642
584 2147483642
661 2147483642
702 2147483642
913 2147483642
177 2147483642
939 2147483642
39 2147483642
251 2147483642
589 2147483642
462 2147483642
266 2147483642
443 2147483642
489 2147483642
647 2147483642
954 2147483642
474 2147483642
757 2147483642
956 2147483642
117 2147483642
573 2147483642
263 2147483642
650 2147483642
538 2147483642
124 2147483642
590 2147483642
92 2147483642
833 2147483642
892 2147483642
62 2147483642
28 2147483642
320 2147483642
583 2147483642
433 2147483643
788 2147483643
197 2147483643
980 2147483643
905 2147483643
591 2147483643
135 2147483643
306 2147483643
6 2147483643
934 2147483643
507 2147483643
24 2147483643
750 2147483643
96 2147483643
44 2147483643
808 2147483643
435 2147483643
836 2147483643
319 2147483643
281 2147483643
18 2147483643
849 2147483643
554 2147483643
849 2147483643
95 2147483643
622 2147483643
460 2147483643
268 2147483643
461 2147483643
785 2147483643
80 2147483643
437 2147483643
159 2147483643
838 2147483643
64 2147483643
93 2147483643
602 2147483643
378 2147483643
261 2147483643
661 2147483643
53 2147483643
546 2147483643
324 2147483643
208 2147483643
909 2147483643
701 2147483643
733 2147483643
167 2147483643
885 2147483643
379 2147483643
452 2147483643
264 2147483643
81 2147483643
708 2147483643
389 2147483643
392 2147483643
416 2147483643
666 2147483643
291 2147483643
121 2147483643
886 2147483643
803 2147483643
915 2147483643
259 2147483643
611 2147483643
556 2147483643
854 2147483643
274 2147483643
391 2147483643
490 2147483643
284 2147483643
743 2147483643
286 2147483643
680 2147483643
507 2147483643
522 2147483643
338 2147483643
7 2147483643
19 2147483643
149 2147483643
891 2147483643
972 2147483643
251 2147483643
413 2147483643
898 2147483643
890 2147483643
734 2147483643
298 2147483643
494 2147483643
33 2147483643
872 2147483643
749 2147483643
907 2147483643
409 2147483643
14 2147483643
402 2147483644
939 2147483644
722 2147483644
298 2147483644
347 2147483644
516 2147483644
167 2147483644
991 2147483644
656 2147483644
282 2147483644
549 2147483644
337 2147483644
856 2147483644
937 2147483644
496 2147483644
984 2147483644
653 2147483644
89 2147483644
820 2147483644
375 2147483644
599 2147483644
61 2147483644
526 2147483644
480 2147483644
831 2147483644
23 2147483644
36 2147483644
118 2147483644
212 2147483644
198 2147483644
59 2147483644
537 2147483644
88 2147483644
2 2147483644
470 2147483644
739 2147483644
184 2147483644
523 2147483644
976 2147483644
529 2147483644
776 2147483644
291 2147483644
712 2147483644
725 2147483644
400 2147483644
67 2147483644
38 2147483644
494 2147483644
184 2147483644
104 2147483644
179 2147483644
473 2147483644
619 2147483644
908 2147483644
183 2147483644
932 2147483644
806 2147483644
552 2147483644
898 2147483644
303 2147483644
763 2147483644
450 2147483644
378 2147483644
919 2147483644
526 2147483644
787 2147483644
535 2147483644
804 2147483644
5 2147483644
972 2147483644
494 2147483644
281 2147483644
27 2147483644
555 2147483644
760 2147483644
693 2147483644
593 2147483644
55 2147483644
72 2147483644
205 2147483644
520 2147483644
679 2147483644
177 2147483644
870 2147483644
243 2147483644
163 2147483645
116 2147483645
602 2147483645
248 2147483645
715 2147483645
41 2147483645
994 2147483645
252 2147483645
670 2147483645
622 2147483645
974 2147483645
278 2147483645
843 2147483645
711 2147483645
472 2147483645
306 2147483645
105 2147483645
310 2147483645
419 2147483645
522 2147483645
433 2147483645
716 2147483645
442 2147483645
791 2147483645
368 2147483645
42 2147483645
961 2147483645
801 2147483645
834 2147483645
460 2147483645
460 2147483645
529 2147483645
395 2147483645
755 2147483645
122 2147483645
436 2147483645
399 2147483645
39 2147483645
60 2147483645
264 2147483645
721 2147483645
570 2147483645
223 2147483645
545 2147483645
736 2147483645
466 2147483645
461 2147483645
814 2147483645
688 2147483645
67 2147483645
479 2147483645
299 2147483645
632 2147483645
689 2147483645
496 2147483645
271 2147483645
428 2147483645
490 2147483645
520 2147483645
700 2147483645
362 2147483645
480 2147483645
19 2147483645
370 2147483645
823 2147483645
190 2147483645
286 2147483645
346 2147483645
130 2147483645
58 2147483645
186 2147483645
857 2147483645
113 2147483645
480 2147483645
794 2147483645
187 2147483645
327 2147483645
203 2147483645
181 2147483645
566 2147483645
578 2147483645
550 2147483645
656 2147483645
986 2147483645
290 2147483645
314 2147483645
354 2147483645
995 2147483645
848 2147483645
466 2147483645
697 2147483645
583 2147483645
383 2147483645
914 2147483645
947 2147483645
678 2147483645
851 2147483646
65 2147483646
819 2147483646
95 2147483646
409 2147483646
355 2147483646
214 2147483646
425 2147483646
365 2147483646
958 2147483646
272 2147483646
947 2147483646
389 2147483646
607 2147483646
667 2147483646
676 2147483646
614 2147483646
835 2147483646
712 2147483646
293 2147483646
675 2147483646
82 2147483646
304 2147483646
657 2147483646
716 2147483646
566 2147483646
296 2147483646
948 2147483646
80 2147483646
235 2147483646
493 2147483646
744 2147483646
80 2147483646
597 2147483646
981 2147483646
391 2147483646
8 2147483646
959 2147483646
722 2147483646
854 2147483646
580 2147483646
187 2147483646
842 2147483646
978 2147483646
32 2147483646
291 2147483646
86 2147483646
303 2147483646
617 2147483646
857 2147483646
549 2147483646
10 2147483646
952 2147483646
212 2147483646
753 2147483646
282 2147483646
217 2147483646
606 2147483646
748 2147483646
883 2147483646
638 2147483646
15 2147483646
812 2147483646
980 2147483646
742 2147483646
16 2147483646
812 2147483646
510 2147483646
312 2147483646
499 2147483646
131 2147483646
44 2147483646
334 2147483646
843 2147483646
502 2147483646
229 2147483646
864 2147483646
666 2147483646
814 2147483647
592 2147483647
314 2147483647
95 2147483647
996 2147483647
749 2147483647
735 2147483647
215 2147483647
698 2147483647
207 2147483647
845 2147483647
566 2147483647
291 2147483647
432 2147483647
238 2147483647
207 2147483647
910 2147483647
660 2147483647
691 2147483647
823 2147483647
130 2147483647
100 2147483647
120 2147483647
792 2147483647
540 2147483647
158 2147483647
210 2147483647
92 2147483647
785 2147483647
19 2147483647
844 2147483647
372 2147483647
191 2147483647
597 2147483647
828 2147483647
23 2147483647
285 2147483647
354 2147483647
722 2147483647
102 2147483647
858 2147483647
149 2147483647
335 2147483647
978 2147483647
645 2147483647
260 2147483647
844 2147483647
961 2147483647
481 2147483647
945 2147483647
965 2147483647
942 2147483647
888 2147483647
378 2147483647
987 2147483647
587 2147483647
911 2147483647
972 2147483647
338 2147483647
38 2147483647
726 2147483647
410 2147483647
703 2147483647
268 2147483647
406 2147483647
203 2147483647
698 2147483647
955 2147483647
904 2147483647
220 2147483647
65 2147483647
466 2147483647
221 2147483647
924 2147483647
892 2147483647
670 2147483647
77 2147483647
622 2147483647
329 2147483647
199 2147483647
395 2147483647
619 2147483647
204 2147483647
459 2147483647
93 2147483647
974 2147483647
809 2147483647
376 2147483647
931 2147483647
153 2147483647
129 2147483647
392 2147483647
869 2147483647
461 2147483647
633 2147483647
23 2147483647
468 2147483647
463 2147483647
