95
1 4
7 7
5 8
7 12
1 24
7 31
8 39
9 56
3 61
4 61
6 64
4 69
4 71
8 72
3 74
7 74
3 76
5 88
1 96
7 104
4 107
1 109
6 116
4 118
4 122
1 124
5 127
4 128
3 135
8 135
7 143
2 156
2 160
2 165
1 165
3 179
5 180
2 187
4 200
1 215
1 221
4 235
8 235
8 238
7 240
4 245
6 249
3 259
9 259
4 262
3 266
7 268
9 274
9 274
8 286
4 290
9 295
7 295
7 304
4 306
7 307
7 307
7 314
3 315
3 317
9 320
6 328
8 330
9 338
7 342
1 344
9 349
8 350
2 352
8 354
8 355
3 365
1 372
9 375
6 383
3 393
8 400
3 404
7 406
4 421
3 437
8 452
4 454
7 462
9 466
1 467
1 481
6 482
8 484
8 492
