1000
526 0
160 1
152 2
408 2
828 3
884 3
624 3
413 5
263 6
948 6
303 8
105 8
38 8
297 11
507 11
369 11
901 12
314 12
759 12
899 12
505 14
149 14
517 15
67 17
82 17
830 17
491 17
492 20
264 20
69 22
594 23
90 23
432 24
903 24
908 30
171 30
136 30
280 31
162 33
77 34
845 34
608 36
172 36
530 36
3 37
316 38
938 39
625 45
311 46
164 47
799 47
256 51
459 51
272 52
661 52
148 53
190 53
472 53
63 54
598 55
55 56
205 57
234 57
988 60
398 61
732 62
173 64
109 65
45 66
327 67
121 68
674 69
46 70
106 72
959 73
55 73
306 75
452 75
630 77
704 78
281 79
861 79
808 80
520 80
532 81
26 83
261 84
687 84
919 85
416 86
438 87
202 89
919 91
303 91
480 92
710 93
20 94
189 95
176 96
105 96
531 96
265 98
886 98
627 98
578 98
927 98
824 99
332 100
346 100
508 100
977 102
824 102
156 104
525 104
10 104
633 106
918 108
571 108
62 108
890 109
181 109
800 109
303 112
241 112
609 114
647 115
843 116
431 116
453 117
66 118
531 119
706 120
847 121
889 126
168 127
656 127
945 127
486 127
109 129
841 129
686 130
507 131
504 131
712 132
336 134
638 134
606 137
288 137
393 137
167 137
925 137
331 138
269 139
616 139
595 140
777 140
418 142
4 145
5 145
603 145
435 145
667 146
783 147
637 151
625 152
688 152
865 152
351 154
408 156
336 156
380 160
913 161
682 162
162 163
312 164
593 165
773 165
489 167
232 170
376 170
564 171
328 171
962 172
967 173
434 175
261 176
852 177
225 179
337 179
968 181
795 182
982 182
979 185
600 186
547 186
784 188
35 190
809 190
64 190
24 192
861 192
699 192
323 193
467 195
925 196
226 196
589 197
950 200
34 200
927 200
497 200
121 201
856 204
832 204
972 204
781 205
845 206
411 207
181 207
795 209
271 210
967 211
748 213
728 214
178 215
894 215
161 215
536 217
420 218
2 218
701 218
427 219
137 219
267 219
329 219
978 221
310 222
956 224
265 227
534 227
164 229
131 229
956 230
429 233
932 234
110 235
252 235
199 236
189 238
581 238
99 240
404 242
419 242
126 248
388 249
556 249
573 251
391 253
457 253
463 254
936 255
434 260
759 261
688 261
484 261
769 263
129 263
630 264
676 266
710 267
397 268
10 268
34 269
609 270
134 273
364 273
596 274
506 275
66 277
28 279
657 282
164 282
916 282
313 283
924 283
794 286
54 288
305 288
905 289
762 289
148 291
223 292
771 294
457 296
801 296
621 297
436 297
345 298
413 299
835 299
116 300
635 300
320 301
923 302
991 302
163 303
289 303
130 304
484 304
116 307
898 308
617 309
929 311
170 311
802 312
409 313
113 316
937 316
65 316
316 317
54 317
458 318
248 318
213 318
729 319
335 321
294 323
657 324
527 326
757 326
305 327
321 328
770 328
60 329
668 329
980 330
278 330
898 332
408 332
471 333
30 335
655 336
908 338
384 338
663 338
770 339
130 339
240 339
736 340
592 341
283 341
214 341
298 341
674 345
769 345
974 346
314 348
408 351
318 351
850 351
286 352
315 352
740 352
56 352
54 355
552 356
237 356
466 357
306 358
281 360
85 360
994 361
60 362
54 366
574 367
939 368
314 370
738 370
521 372
80 372
611 374
95 376
15 378
462 379
394 380
461 381
465 381
556 385
104 385
556 387
742 387
883 387
353 389
161 391
435 391
908 392
750 392
413 395
596 396
220 396
98 397
236 398
303 398
163 399
274 400
424 405
62 409
162 409
766 410
991 410
97 411
648 411
65 412
630 413
498 413
660 416
144 416
983 417
598 417
234 419
895 421
751 421
36 423
841 424
87 426
47 428
946 431
955 431
698 431
73 435
771 435
998 436
793 437
662 437
219 438
693 441
786 443
764 443
993 443
771 444
22 450
394 453
483 453
960 453
597 455
819 458
607 459
707 459
69 459
958 459
239 460
197 460
268 462
826 464
214 465
30 467
603 467
838 469
119 469
637 470
817 470
999 471
213 475
483 478
928 478
695 479
68 481
72 481
267 482
470 483
104 485
494 487
136 487
111 488
58 491
183 491
66 491
806 491
279 492
951 492
607 492
65 493
548 494
156 495
929 496
5 496
587 497
221 497
36 497
122 497
137 497
454 499
792 499
763 500
403 500
770 501
274 501
423 501
592 502
391 509
692 512
632 512
713 513
438 514
670 515
599 516
639 516
453 517
510 517
34 517
827 518
235 519
405 519
313 522
721 523
9 523
788 524
363 524
276 524
840 529
994 531
566 532
703 534
25 536
134 537
207 537
566 539
542 539
941 539
151 539
186 542
629 542
944 544
403 545
775 546
444 547
862 548
276 548
401 548
977 549
457 549
951 549
440 549
395 552
486 553
296 554
607 554
915 555
696 555
388 555
726 555
665 556
376 556
644 559
761 560
793 562
966 563
830 563
253 563
903 564
681 565
370 566
760 566
663 567
921 569
87 569
677 570
846 571
509 572
375 572
496 573
558 574
319 575
514 578
883 578
876 578
748 578
20 579
54 580
44 580
302 581
959 582
289 583
162 585
353 585
700 586
479 586
733 588
45 588
3 589
298 590
118 590
451 593
558 594
614 596
413 597
117 597
186 598
102 599
839 599
232 600
420 600
440 600
726 602
947 602
391 603
783 605
900 605
704 606
23 606
428 607
688 607
520 608
599 609
369 609
136 610
667 610
484 612
312 613
926 614
492 615
111 616
406 617
806 618
900 619
424 621
339 623
792 623
764 624
679 624
783 625
53 626
166 626
471 627
654 627
353 628
684 628
167 629
557 629
913 630
310 633
786 634
717 635
149 637
411 640
799 642
518 643
912 643
432 645
478 645
915 646
842 646
275 647
51 648
688 648
998 648
990 649
722 650
34 651
811 651
529 654
707 654
817 655
828 661
410 661
632 661
559 663
268 668
343 669
849 669
927 670
850 672
690 672
442 673
878 674
240 675
455 677
646 678
536 679
316 681
7 682
350 682
809 685
695 685
396 686
179 688
98 688
691 689
10 691
114 691
512 692
575 696
65 696
155 697
353 698
294 698
673 699
210 701
84 701
53 703
159 704
78 705
567 707
135 708
45 709
458 709
460 712
905 713
247 713
596 714
134 715
396 715
351 715
108 716
504 717
240 719
67 720
822 721
631 722
768 723
374 726
50 726
522 726
146 727
973 728
297 728
121 729
603 729
498 730
238 730
929 731
576 732
362 735
310 738
746 739
650 739
617 740
601 740
896 741
423 742
774 744
933 745
121 747
747 747
15 747
67 749
802 751
456 751
877 751
80 752
158 753
163 753
202 755
251 757
262 757
864 757
168 758
1000 759
211 759
225 760
365 760
817 761
477 763
34 763
402 763
938 766
579 768
407 768
495 768
193 768
862 769
204 769
460 772
613 772
624 773
970 773
839 774
517 776
843 778
167 778
650 778
621 779
583 781
687 783
7 783
724 786
632 789
660 791
555 792
622 792
10 793
461 796
743 796
184 796
274 798
750 799
239 801
314 801
154 803
263 803
847 805
713 808
349 808
800 809
419 809
156 809
866 810
844 810
328 811
601 814
65 815
734 817
753 820
265 826
350 826
566 827
355 831
643 832
555 833
50 833
311 834
255 834
75 837
400 837
236 837
477 837
618 838
819 839
367 840
526 842
245 842
980 843
541 844
100 846
986 847
249 847
787 848
317 850
633 850
40 850
670 852
478 852
417 853
432 853
291 853
636 854
187 854
71 855
387 857
183 858
884 859
656 859
34 859
541 860
754 861
957 863
131 864
487 865
964 865
265 867
29 869
767 874
10 874
465 876
539 876
287 876
965 877
88 878
803 879
240 881
109 881
44 883
96 883
303 885
889 887
800 887
813 889
302 890
178 891
961 891
922 891
625 892
954 893
656 893
76 894
175 896
136 898
952 900
520 901
437 904
684 905
434 905
15 905
917 910
606 910
237 911
411 913
746 914
780 914
611 915
85 916
420 917
450 919
12 920
469 920
926 921
645 922
447 924
121 925
485 925
718 926
770 927
604 927
493 928
379 929
610 929
540 929
716 929
931 930
163 930
79 931
538 934
959 934
903 935
696 937
476 942
873 942
675 943
604 943
947 943
571 944
330 944
952 945
661 946
838 947
769 947
497 949
834 949
367 950
703 950
987 951
953 952
950 952
508 955
254 955
19 955
13 955
429 956
149 956
919 957
493 957
578 959
552 960
461 961
795 961
333 963
678 964
608 964
503 964
125 964
629 966
552 966
575 966
931 967
777 967
145 968
954 969
147 970
397 970
999 971
263 972
601 973
705 976
464 977
16 977
84 978
20 980
820 981
701 982
133 982
921 983
680 985
841 985
191 986
639 986
153 987
915 989
302 990
211 991
378 992
158 994
543 994
114 994
355 995
394 995
315 997
14 998
135 999
659 1000
843 1000
