1000
93 2147483637
807 2147483637
257 2147483637
209 2147483637
197 2147483637
321 2147483637
976 2147483637
659 2147483637
407 2147483637
938 2147483637
913 2147483637
805 2147483637
48 2147483637
893 2147483637
791 2147483637
595 2147483637
332 2147483637
942 2147483637
992 2147483637
355 2147483637
417 2147483637
868 2147483637
293 2147483637
480 2147483637
4 2147483637
157 2147483637
417 2147483637
415 2147483637
784 2147483637
271 2147483637
629 2147483637
610 2147483637
314 2147483637
909 2147483637
131 2147483637
171 2147483637
520 2147483637
711 2147483637
649 2147483637
454 2147483637
446 2147483637
113 2147483637
600 2147483637
550 2147483637
559 2147483637
77 2147483637
120 2147483637
731 2147483637
924 2147483637
803 2147483637
527 2147483637
595 2147483637
407 2147483637
888 2147483637
160 2147483637
494 2147483637
567 2147483637
344 2147483637
23 2147483637
789 2147483637
555 2147483637
240 2147483637
252 2147483637
613 2147483637
345 2147483637
370 2147483637
142 2147483637
811 2147483637
770 2147483637
508 2147483637
645 2147483637
846 2147483637
506 2147483637
528 2147483637
264 2147483637
38 2147483637
894 2147483637
993 2147483637
507 2147483637
634 2147483637
364 2147483637
908 2147483637
719 2147483637
846 2147483637
223 2147483637
827 2147483637
560 2147483637
378 2147483638
699 2147483638
230 2147483638
759 2147483638
266 2147483638
337 2147483638
951 2147483638
262 2147483638
343 2147483638
236 2147483638
378 2147483638
334 2147483638
637 2147483638
637 2147483638
570 2147483638
299 2147483638
75 2147483638
588 2147483638
524 2147483638
680 2147483638
602 2147483638
413 2147483638
442 2147483638
914 2147483638
771 2147483638
486 2147483638
628 2147483638
735 2147483638
756 2147483638
844 2147483638
561 2147483638
632 2147483638
297 2147483638
965 2147483638
596 2147483638
668 2147483638
398 2147483638
276 2147483638
181 2147483638
58 2147483638
182 2147483638
953 2147483638
16 2147483638
992 2147483638
335 2147483638
341 2147483638
34 2147483638
840 2147483638
877 2147483638
646 2147483638
627 2147483638
910 2147483638
777 2147483638
838 2147483638
468 2147483638
828 2147483638
230 2147483638
194 2147483638
952 2147483638
495 2147483638
580 2147483638
945 2147483638
550 2147483638
509 2147483638
616 2147483638
966 2147483638
402 2147483638
681 2147483638
942 2147483638
576 2147483638
878 2147483638
748 2147483638
635 2147483638
615 2147483638
573 2147483638
302 2147483638
715 2147483638
211 2147483638
72 2147483638
997 2147483638
709 2147483638
502 2147483638
891 2147483638
56 2147483638
344 2147483638
40 2147483638
186 2147483638
661 2147483638
533 2147483638
512 2147483638
611 2147483638
381 2147483638
166 2147483639
732 2147483639
995 2147483639
574 2147483639
187 2147483639
688 2147483639
186 2147483639
604 2147483639
423 2147483639
126 2147483639
168 2147483639
706 2147483639
775 2147483639
409 2147483639
594 2147483639
485 2147483639
158 2147483639
347 2147483639
344 2147483639
111 2147483639
361 2147483639
303 2147483639
951 2147483639
84 2147483639
941 2147483639
465 2147483639
598 2147483639
920 2147483639
288 2147483639
103 2147483639
2 2147483639
199 2147483639
522 2147483639
890 2147483639
477 2147483639
268 2147483639
49 2147483639
427 2147483639
357 2147483639
276 2147483639
924 2147483639
196 2147483639
161 2147483639
815 2147483639
450 2147483639
723 2147483639
912 2147483639
624 2147483639
211 2147483639
479 2147483639
352 2147483639
348 2147483639
178 2147483639
489 2147483639
855 2147483639
329 2147483639
847 2147483639
454 2147483639
456 2147483639
805 2147483639
825 2147483639
710 2147483639
391 2147483639
241 2147483639
347 2147483639
820 2147483639
294 2147483639
756 2147483639
582 2147483639
484 2147483639
653 2147483639
215 2147483639
221 2147483639
434 2147483639
605 2147483639
304 2147483639
165 2147483639
153 2147483639
858 2147483639
591 2147483639
275 2147483639
24 2147483639
409 2147483639
344 2147483639
959 2147483639
500 2147483639
406 2147483639
405 2147483639
402 2147483639
8 2147483639
737 2147483639
83 2147483640
793 2147483640
954 2147483640
24 2147483640
555 2147483640
422 2147483640
324 2147483640
972 2147483640
342 2147483640
138 2147483640
681 2147483640
585 2147483640
236 2147483640
12 2147483640
646 2147483640
768 2147483640
361 2147483640
542 2147483640
507 2147483640
580 2147483640
39 2147483640
933 2147483640
949 2147483640
213 2147483640
89 2147483640
20 2147483640
616 2147483640
333 2147483640
570 2147483640
79 2147483640
270 2147483640
953 2147483640
577 2147483640
184 2147483640
692 2147483640
69 2147483640
995 2147483640
966 2147483640
844 2147483640
315 2147483640
837 2147483640
292 2147483640
141 2147483640
754 2147483640
1 2147483640
259 2147483640
815 2147483640
950 2147483640
760 2147483640
68 2147483640
531 2147483640
316 2147483640
667 2147483640
303 2147483640
152 2147483640
522 2147483640
578 2147483640
841 2147483640
97 2147483640
536 2147483640
896 2147483640
715 2147483640
224 2147483640
220 2147483640
694 2147483640
899 2147483640
8 2147483640
690 2147483640
514 2147483640
985 2147483640
660 2147483640
237 2147483640
185 2147483640
783 2147483640
459 2147483640
122 2147483640
246 2147483640
876 2147483640
268 2147483640
123 2147483640
708 2147483640
877 2147483640
780 2147483640
389 2147483640
254 2147483640
972 2147483640
780 2147483640
849 2147483640
342 2147483640
883 2147483640
762 2147483640
39 2147483640
359 2147483640
904 2147483640
23 2147483640
600 2147483640
822 2147483641
796 2147483641
762 2147483641
255 2147483641
568 2147483641
46 2147483641
908 2147483641
162 2147483641
340 2147483641
561 2147483641
110 2147483641
411 2147483641
841 2147483641
813 2147483641
692 2147483641
689 2147483641
795 2147483641
104 2147483641
638 2147483641
795 2147483641
62 2147483641
306 2147483641
607 2147483641
654 2147483641
529 2147483641
575 2147483641
352 2147483641
365 2147483641
236 2147483641
748 2147483641
478 2147483641
630 2147483641
373 2147483641
979 2147483641
589 2147483641
538 2147483641
439 2147483641
185 2147483641
370 2147483641
612 2147483641
318 2147483641
307 2147483641
985 2147483641
311 2147483641
380 2147483641
182 2147483641
666 2147483641
626 2147483641
324 2147483641
577 2147483641
369 2147483641
706 2147483641
626 2147483641
82 2147483641
480 2147483641
649 2147483641
277 2147483641
28 2147483641
897 2147483641
211 2147483641
528 2147483641
653 2147483641
780 2147483641
86 2147483641
169 2147483641
671 2147483641
823 2147483641
472 2147483641
95 2147483641
678 2147483641
488 2147483641
82 2147483641
688 2147483641
182 2147483641
161 2147483641
214 2147483641
363 2147483641
272 2147483641
505 2147483641
901 2147483641
333 2147483641
791 2147483641
24 2147483641
153 2147483641
231 2147483641
320 2147483641
904 2147483642
47 2147483642
467 2147483642
834 2147483642
300 2147483642
266 2147483642
312 2147483642
542 2147483642
71 2147483642
85 2147483642
135 2147483642
386 2147483642
182 2147483642
706 2147483642
419 2147483642
340 2147483642
507 2147483642
724 2147483642
350 2147483642
505 2147483642
234 2147483642
274 2147483642
803 2147483642
371 2147483642
417 2147483642
271 2147483642
988 2147483642
1000 2147483642
446 2147483642
386 2147483642
22 2147483642
741 2147483642
17 2147483642
118 2147483642
252 2147483642
213 2147483642
238 2147483642
972 2147483642
179 2147483642
593 2147483642
184 2147483642
992 2147483642
531 2147483642
849 2147483642
364 2147483642
8 2147483642
164 2147483642
767 2147483642
848 2147483642
958 2147483642
428 2147483642
391 2147483642
134 2147483642
387 2147483642
905 2147483642
795 2147483642
703 2147483642
543 2147483642
161 2147483642
13 2147483642
116 2147483642
975 2147483642
522 2147483642
455 2147483642
922 2147483642
83 2147483642
723 2147483642
966 2147483642
897 2147483642
4 2147483642
983 2147483642
783 2147483642
823 2147483642
56 2147483642
11 2147483642
260 2147483642
817 2147483642
789 2147483642
29 2147483642
223 2147483642
951 2147483642
38 2147483642
856 2147483642
639 2147483642
772 2147483642
96 2147483642
869 2147483642
485 2147483642
316 2147483642
21 2147483642
894 2147483642
246 2147483642
326 2147483642
428 2147483642
748 2147483642
470 2147483642
134 2147483642
725 2147483642
815 2147483642
974 2147483643
633 2147483643
738 2147483643
240 2147483643
935 2147483643
245 2147483643
415 2147483643
68 2147483643
235 2147483643
499 2147483643
329 2147483643
895 2147483643
417 2147483643
571 2147483643
173 2147483643
985 2147483643
430 2147483643
889 2147483643
883 2147483643
604 2147483643
70 2147483643
500 2147483643
502 2147483643
262 2147483643
995 2147483643
853 2147483643
757 2147483643
387 2147483643
747 2147483643
627 2147483643
667 2147483643
56 2147483643
793 2147483643
840 2147483643
533 2147483643
549 2147483643
83 2147483643
702 2147483643
757 2147483643
665 2147483643
886 2147483643
400 2147483643
637 2147483643
828 2147483643
125 2147483643
599 2147483643
298 2147483643
709 2147483643
282 2147483643
26 2147483643
804 2147483643
20 2147483643
556 2147483643
110 2147483643
338 2147483643
50 2147483643
794 2147483643
363 2147483643
166 2147483643
284 2147483643
45 2147483643
737 2147483643
653 2147483643
516 2147483643
472 2147483643
379 2147483643
583 2147483643
625 2147483643
776 2147483643
918 2147483643
868 2147483643
2 2147483643
98 2147483643
595 2147483643
513 2147483643
8 2147483643
352 2147483643
4 2147483643
983 2147483643
929 2147483643
81 2147483643
749 2147483643
558 2147483643
768 2147483643
559 2147483643
127 2147483643
329 2147483643
256 2147483643
129 2147483643
911 2147483643
468 2147483643
228 2147483643
654 2147483643
914 2147483644
262 2147483644
338 2147483644
466 2147483644
154 2147483644
9 2147483644
162 2147483644
58 2147483644
325 2147483644
489 2147483644
444 2147483644
367 2147483644
820 2147483644
380 2147483644
380 2147483644
338 2147483644
364 2147483644
576 2147483644
777 2147483644
275 2147483644
426 2147483644
294 2147483644
250 2147483644
910 2147483644
815 2147483644
156 2147483644
754 2147483644
232 2147483644
337 2147483644
865 2147483644
529 2147483644
352 2147483644
130 2147483644
170 2147483644
800 2147483644
647 2147483644
510 2147483644
725 2147483644
647 2147483644
158 2147483644
700 2147483644
502 2147483644
432 2147483644
639 2147483644
391 2147483644
34 2147483644
405 2147483644
16 2147483644
200 2147483644
81 2147483644
123 2147483644
306 2147483644
909 2147483644
318 2147483644
291 2147483644
81 2147483644
426 2147483644
231 2147483644
189 2147483644
236 2147483644
941 2147483644
883 2147483644
169 2147483644
537 2147483644
619 2147483644
997 2147483644
310 2147483644
976 2147483644
195 2147483644
44 2147483644
544 2147483644
31 2147483644
617 2147483644
555 2147483644
192 2147483644
323 2147483644
693 2147483644
448 2147483644
673 2147483644
713 2147483644
902 2147483644
384 2147483644
77 2147483644
192 2147483645
815 2147483645
393 2147483645
141 2147483645
396 2147483645
125 2147483645
962 2147483645
150 2147483645
77 2147483645
450 2147483645
863 2147483645
795 2147483645
580 2147483645
860 2147483645
104 2147483645
49 2147483645
349 2147483645
704 2147483645
445 2147483645
262 2147483645
795 2147483645
437 2147483645
838 2147483645
868 2147483645
567 2147483645
611 2147483645
371 2147483645
637 2147483645
83 2147483645
713 2147483645
980 2147483645
439 2147483645
293 2147483645
140 2147483645
175 2147483645
936 2147483645
196 2147483645
334 2147483645
577 2147483645
619 2147483645
676 2147483645
388 2147483645
552 2147483645
874 2147483645
16 2147483645
889 2147483645
513 2147483645
232 2147483645
335 2147483645
526 2147483645
315 2147483645
50 2147483645
410 2147483645
457 2147483645
323 2147483645
905 2147483645
490 2147483645
803 2147483645
368 2147483645
221 2147483645
424 2147483645
623 2147483645
429 2147483645
218 2147483645
973 2147483645
857 2147483645
37 2147483645
700 2147483645
298 2147483645
209 2147483645
911 2147483645
194 2147483645
53 2147483645
536 2147483645
120 2147483645
480 2147483645
837 2147483645
107 2147483645
698 2147483645
874 2147483645
393 2147483645
971 2147483645
929 2147483645
142 2147483645
538 2147483645
439 2147483645
903 2147483645
651 2147483645
726 2147483645
318 2147483645
493 2147483645
169 2147483645
552 2147483645
547 2147483645
16 2147483645
926 2147483645
734 2147483645
71 2147483645
999 2147483645
628 2147483645
575 2147483645
186 2147483645
820 2147483645
880 2147483645
904 2147483645
250 2147483645
164 2147483645
660 2147483645
182 2147483646
544 2147483646
837 2147483646
743 2147483646
179 2147483646
239 2147483646
367 2147483646
649 2147483646
587 2147483646
799 2147483646
736 2147483646
981 2147483646
330 2147483646
903 2147483646
531 2147483646
484 2147483646
611 2147483646
669 2147483646
225 2147483646
157 2147483646
51 2147483646
370 2147483646
710 2147483646
511 2147483646
344 2147483646
398 2147483646
27 2147483646
352 2147483646
765 2147483646
132 2147483646
425 2147483646
322 2147483646
614 2147483646
548 2147483646
184 2147483646
996 2147483646
332 2147483646
600 2147483646
189 2147483646
302 2147483646
511 2147483646
53 2147483646
461 2147483646
890 2147483646
620 2147483646
709 2147483646
666 2147483646
253 2147483646
70 2147483646
706 2147483646
208 2147483646
683 2147483646
349 2147483646
919 2147483646
787 2147483646
128 2147483646
515 2147483646
724 2147483646
830 2147483646
762 2147483646
360 2147483646
467 2147483646
645 2147483646
645 2147483646
791 2147483646
921 2147483646
488 2147483646
328 2147483646
370 2147483646
787 2147483646
360 2147483646
405 2147483646
191 2147483646
61 2147483646
19 2147483646
975 2147483646
492 2147483646
612 2147483646
7 2147483646
27 2147483646
763 2147483647
70 2147483647
389 2147483647
600 2147483647
757 2147483647
865 2147483647
446 2147483647
198 2147483647
99 2147483647
124 2147483647
100 2147483647
189 2147483647
677 2147483647
908 2147483647
283 2147483647
591 2147483647
584 2147483647
646 2147483647
607 2147483647
28 2147483647
461 2147483647
966 2147483647
151 2147483647
604 2147483647
425 2147483647
263 2147483647
773 2147483647
814 2147483647
179 2147483647
131 2147483647
473 2147483647
379 2147483647
268 2147483647
385 2147483647
650 2147483647
252 2147483647
585 2147483647
851 2147483647
986 2147483647
425 2147483647
685 2147483647
764 2147483647
993 2147483647
419 2147483647
651 2147483647
953 2147483647
288 2147483647
658 2147483647
700 2147483647
558 2147483647
711 2147483647
331 2147483647
845 2147483647
193 2147483647
774 2147483647
988 2147483647
258 2147483647
746 2147483647
198 2147483647
292 2147483647
680 2147483647
380 2147483647
783 2147483647
366 2147483647
655 2147483647
373 2147483647
298 2147483647
581 2147483647
227 2147483647
350 2147483647
496 2147483647
367 2147483647
963 2147483647
758 2147483647
654 2147483647
185 2147483647
431 2147483647
600 2147483647
499 2147483647
274 2147483647
87 2147483647
27 2147483647
972 2147483647
958 2147483647
14 2147483647
