825
237 0
405 0
352 0
66 0
159 0
350 0
350 0
304 0
141 0
39 0
393 0
306 1
148 1
297 1
280 1
184 1
30 1
153 1
160 1
106 1
241 1
97 1
125 1
17 1
313 1
37 1
171 1
185 2
387 2
132 2
254 2
362 2
202 2
70 2
102 2
137 2
349 2
14 2
49 2
430 2
206 2
212 2
188 2
428 2
228 3
308 3
17 3
288 3
432 3
236 3
119 3
147 3
350 3
24 3
313 3
212 3
97 3
315 3
71 4
257 4
57 4
230 4
341 4
242 4
54 4
105 4
30 4
102 4
37 4
195 4
16 4
35 4
92 4
237 4
319 4
316 4
299 4
346 4
365 5
234 5
116 5
309 5
300 5
79 5
88 5
161 5
82 5
345 5
155 5
329 5
208 5
393 6
435 6
131 6
65 6
415 6
307 6
276 6
5 6
293 6
176 6
135 6
27 7
284 7
353 7
341 7
236 7
53 7
64 7
310 7
62 7
108 7
250 7
330 7
61 7
369 7
153 8
383 8
408 8
305 8
133 8
94 8
424 8
35 8
182 8
81 8
424 8
132 8
270 8
69 8
90 8
343 8
183 8
347 8
110 9
324 9
301 9
289 9
21 9
166 9
105 9
361 9
164 9
126 9
408 9
268 9
389 9
13 9
125 9
40 9
389 9
84 10
182 10
417 10
230 10
392 10
314 10
278 10
416 10
250 10
364 10
433 10
212 11
38 11
291 11
115 11
196 11
317 11
285 11
319 11
187 11
433 11
5 11
193 11
56 11
303 11
373 11
14 11
99 11
77 11
208 11
203 11
41 11
394 12
284 12
133 12
325 12
191 12
69 12
111 12
219 12
420 12
140 12
223 12
66 12
327 12
151 12
247 12
180 12
145 12
400 13
330 13
98 13
285 13
298 13
333 13
125 13
254 13
80 13
407 13
243 14
54 14
3 14
404 14
194 14
29 14
32 14
331 14
107 14
176 14
213 14
49 14
97 14
165 14
146 15
350 15
129 15
372 15
345 15
244 15
283 15
207 15
267 15
348 15
13 15
285 15
189 15
401 15
414 15
405 15
272 15
171 15
54 15
430 16
404 16
232 16
278 16
244 16
194 16
17 16
318 16
439 16
192 16
215 16
111 16
317 16
310 16
203 17
413 17
122 17
414 17
121 17
85 17
206 17
348 17
2 17
95 17
271 17
25 17
395 17
157 18
316 18
268 18
267 18
30 18
394 18
174 18
37 18
192 18
96 18
200 18
227 18
94 18
73 18
227 18
340 18
159 18
148 18
209 18
396 19
124 19
166 19
175 19
58 19
147 19
433 19
314 19
221 19
421 19
245 19
401 19
309 20
241 20
284 20
145 20
172 20
218 20
280 20
137 20
60 20
323 20
115 20
249 20
279 20
367 20
106 20
429 20
273 20
47 20
408 20
123 20
213 20
275 21
131 21
281 21
370 21
284 21
198 21
83 21
128 21
264 21
86 21
114 21
98 21
355 21
374 21
125 21
54 21
414 21
131 21
36 22
128 22
4 22
51 22
255 22
276 22
186 22
22 22
231 22
215 22
1 22
114 22
395 22
403 22
102 22
32 22
429 22
19 23
409 23
140 23
17 23
215 23
222 23
320 23
198 23
328 23
109 23
66 23
248 23
11 23
181 23
304 24
235 24
222 24
186 24
308 24
355 24
434 24
230 24
218 24
398 24
168 24
165 24
54 24
42 24
36 24
185 24
58 24
163 24
345 25
160 25
143 25
30 25
35 25
397 25
121 25
88 25
146 25
49 25
2 25
424 25
123 26
215 26
156 26
234 26
227 26
75 26
88 26
187 26
387 26
286 26
86 26
263 26
200 26
189 26
343 27
266 27
316 27
125 27
329 27
228 27
2 27
137 27
7 27
138 27
266 27
267 27
235 27
44 27
272 28
380 28
333 28
292 28
316 28
192 28
42 28
139 28
35 28
255 28
44 28
308 28
104 28
216 28
309 28
333 28
220 28
166 29
440 29
26 29
415 29
98 29
110 29
41 29
84 29
168 29
240 29
191 29
97 29
387 30
131 30
51 30
32 30
262 30
417 30
79 30
233 30
346 30
148 30
436 30
167 30
163 30
255 30
63 30
213 31
109 31
237 31
240 31
4 31
369 31
216 31
105 31
80 31
80 31
228 31
64 31
308 31
311 31
310 31
321 31
115 31
399 31
385 31
116 31
419 31
106 32
330 32
253 32
406 32
154 32
387 32
189 32
340 32
127 32
54 32
168 32
145 32
102 32
348 32
95 32
326 32
219 32
48 32
426 32
15 33
106 33
437 33
251 33
230 33
339 33
322 33
19 33
333 33
12 33
345 33
120 33
359 33
320 33
363 33
187 33
108 33
438 33
115 33
111 34
277 34
352 34
325 34
404 34
297 34
139 34
306 34
135 34
187 34
352 34
251 34
286 34
314 34
403 34
79 34
88 34
332 34
429 34
70 34
37 35
157 35
176 35
114 35
378 35
25 35
425 35
55 35
281 35
113 35
311 35
27 35
131 35
302 35
132 35
145 35
292 35
112 35
20 36
294 36
282 36
385 36
165 36
225 36
196 36
411 36
324 36
143 36
177 36
113 36
367 37
293 37
92 37
266 37
45 37
75 37
427 37
176 37
134 37
434 37
143 37
299 37
425 38
179 38
299 38
225 38
298 38
156 38
119 38
344 38
338 38
305 38
261 38
401 38
130 39
40 39
325 39
107 39
152 39
389 39
401 39
15 39
361 39
413 39
159 40
139 40
128 40
372 40
258 40
119 40
221 40
168 40
219 40
265 41
267 41
18 41
186 41
395 41
402 41
195 41
74 41
163 41
228 41
425 41
276 41
252 41
327 41
439 42
219 42
58 42
109 42
129 42
221 42
219 42
156 42
405 42
342 42
279 42
98 42
326 42
180 42
422 42
99 43
119 43
105 43
427 43
253 43
59 43
194 43
428 44
3 44
259 44
352 44
375 44
75 44
266 44
36 44
325 44
423 44
254 44
173 44
351 45
194 45
177 45
15 45
60 45
334 45
6 45
358 45
337 45
337 45
429 45
159 45
99 45
67 45
338 45
311 45
76 45
37 46
165 46
60 46
271 46
393 46
247 46
187 46
20 46
318 46
375 46
78 46
173 46
100 46
189 46
248 46
329 46
191 46
204 47
338 47
98 47
7 47
306 47
260 47
370 47
235 47
154 47
39 47
99 47
178 47
186 47
392 47
350 47
90 47
198 48
236 48
91 48
225 48
365 48
108 48
299 48
255 48
319 48
300 48
86 48
115 49
185 49
258 49
78 49
375 49
90 49
381 49
308 49
424 49
156 49
305 49
133 49
205 49
352 49
80 49
313 49
21 49
190 49
156 49
148 49
223 49
318 50
206 50
131 50
6 50
153 50
8 50
432 50
255 50
309 50
129 50
316 50
104 50
194 51
27 51
422 51
73 51
334 51
198 51
255 51
268 51
390 51
189 52
426 52
303 52
45 52
439 52
268 52
55 52
35 52
240 52
423 52
232 52
380 52
328 52
129 52
271 52
294 52
21 52
132 52
258 52
22 53
56 53
89 53
192 53
291 53
331 53
319 53
220 53
23 53
319 53
253 53
274 53
150 53
161 53
32 53
362 53
28 54
132 54
422 54
264 54
117 54
226 54
258 54
151 54
231 54
366 54
125 54
313 54
250 54
311 54
