583
427 0
132 1
218 1
517 1
357 2
152 2
142 2
433 3
147 4
239 4
419 4
199 5
87 5
553 5
66 6
64 6
74 8
89 9
356 9
3 9
542 9
427 9
208 10
46 10
177 10
171 13
73 14
498 15
272 15
6 16
211 16
251 17
59 18
121 18
302 19
439 20
494 21
435 22
330 22
521 23
80 24
465 24
151 24
250 25
517 25
519 26
401 26
245 28
227 28
240 28
240 29
291 29
273 29
311 30
216 30
309 30
431 31
324 32
292 33
326 33
483 33
525 34
385 34
547 34
171 34
401 34
497 34
490 35
97 35
103 35
519 36
207 36
529 36
80 37
270 37
559 38
497 38
164 39
519 40
113 41
134 42
312 42
209 42
269 42
470 43
6 44
446 44
359 45
303 45
38 45
425 45
381 46
461 46
264 46
42 46
496 47
218 47
569 48
377 48
78 49
17 49
401 50
558 50
101 50
230 51
267 51
95 52
144 52
569 53
72 53
542 54
297 54
60 55
419 55
386 56
551 57
429 57
53 57
516 57
524 58
23 58
21 60
346 60
172 60
390 60
439 61
443 62
539 63
35 63
411 63
453 63
341 64
75 64
35 64
540 64
369 65
206 65
57 65
92 66
249 66
4 67
474 67
487 67
482 68
175 68
183 68
13 68
287 69
223 69
160 70
3 70
279 71
314 73
46 73
159 73
349 74
39 74
247 74
269 74
387 74
83 74
525 75
144 76
141 76
125 77
374 78
202 78
515 79
262 80
446 80
107 80
108 81
416 81
484 81
189 81
418 81
152 81
196 82
204 82
242 82
308 84
463 85
400 86
498 87
356 88
222 89
91 90
520 90
98 91
337 92
321 92
315 93
110 93
548 94
511 94
232 94
531 94
534 95
455 95
543 96
355 96
245 96
544 96
167 97
167 98
328 98
220 99
249 100
299 101
513 101
47 102
39 102
393 103
450 103
429 103
146 103
547 104
112 104
502 105
320 105
214 105
453 105
290 106
136 106
2 106
391 106
305 107
12 108
471 109
6 109
130 110
272 110
543 110
28 111
171 111
206 113
56 113
345 113
90 114
235 114
285 115
205 115
383 116
167 116
170 116
172 117
55 118
393 118
126 119
568 119
337 119
413 120
396 120
277 120
502 121
73 121
318 121
440 122
422 122
286 122
37 122
5 123
190 123
577 123
474 123
48 124
457 124
482 124
280 124
553 125
432 126
497 126
83 126
376 127
324 128
175 130
12 130
303 131
540 131
276 131
384 131
50 132
354 132
90 133
256 133
582 133
562 134
25 134
102 136
439 136
16 137
185 137
292 137
299 138
441 138
205 138
201 139
505 139
577 140
582 140
555 140
241 142
12 142
328 144
305 145
177 145
434 145
261 145
483 146
78 147
322 147
542 147
42 147
393 148
520 149
397 150
419 150
304 151
89 151
291 151
513 152
394 152
109 153
301 153
79 154
171 154
102 155
69 156
27 156
460 157
200 157
53 157
250 157
508 157
549 157
129 157
494 158
451 158
354 158
448 159
468 159
176 159
281 161
94 163
185 163
355 164
73 165
223 165
123 165
23 166
286 167
117 167
52 168
580 168
93 169
327 169
416 169
57 169
518 169
63 169
432 169
317 170
57 170
300 170
407 171
180 171
303 172
295 172
38 173
53 174
156 174
270 174
397 176
269 177
159 177
359 177
146 177
190 178
372 178
10 179
62 180
191 180
236 181
37 181
55 181
6 182
323 184
85 184
564 185
415 186
160 186
371 187
304 187
510 187
347 187
352 188
13 188
46 188
303 189
29 189
267 189
526 190
341 190
102 190
473 191
290 191
92 192
538 192
560 192
87 192
197 193
220 193
204 194
110 194
110 194
363 195
172 195
415 195
416 195
514 195
518 195
276 195
418 196
80 196
188 197
421 197
429 197
43 198
15 199
398 199
328 199
12 199
328 199
183 199
190 200
412 200
229 201
217 201
69 201
81 201
190 202
577 202
118 202
375 203
83 203
347 204
246 204
398 205
29 205
465 205
356 205
432 206
202 206
207 206
279 207
132 207
499 208
41 209
79 210
113 210
464 210
573 211
132 211
576 211
276 211
25 211
492 212
486 212
531 212
424 212
484 212
47 214
572 214
217 214
545 215
276 215
259 216
17 216
504 217
131 218
269 218
302 219
178 219
159 220
443 221
575 221
349 222
19 222
335 222
78 223
324 223
382 223
456 225
358 228
346 229
469 229
261 229
160 229
515 230
332 230
572 231
20 231
341 232
232 232
455 232
270 233
106 233
429 233
180 234
239 235
178 235
218 236
519 237
496 239
20 240
200 241
358 241
259 242
65 242
348 242
182 243
393 243
523 244
373 244
78 244
533 245
413 245
384 245
155 246
493 246
397 246
364 246
469 247
350 247
331 248
253 249
47 249
306 249
54 249
70 250
571 251
510 252
237 252
136 252
229 253
91 253
523 254
348 254
348 254
279 255
503 255
327 255
162 256
493 258
130 259
10 259
547 259
364 259
135 260
61 261
438 264
108 264
68 264
234 264
203 264
358 265
309 265
149 267
1 267
20 267
26 267
131 268
491 269
529 270
59 270
554 270
461 270
160 271
185 272
562 272
552 273
454 273
109 274
