506
267 0
260 4
32 5
375 6
79 6
408 6
469 7
210 10
238 13
500 13
272 19
59 19
52 23
400 24
160 26
316 28
87 30
490 31
83 34
163 34
242 36
533 36
181 37
84 38
22 43
368 47
204 48
308 51
287 52
279 54
548 56
57 57
28 59
330 60
107 65
540 66
251 72
348 73
278 74
481 75
82 76
355 80
232 81
528 82
28 82
196 84
307 85
554 86
331 87
27 87
495 98
118 99
270 100
353 103
325 104
10 104
547 107
211 108
471 109
233 109
87 111
550 112
368 116
45 118
8 119
26 120
332 125
447 125
184 128
303 131
302 136
96 137
383 137
194 141
535 143
359 146
21 149
510 150
413 150
52 151
219 157
311 158
167 159
495 166
522 168
356 169
455 169
534 170
399 170
27 170
212 172
511 174
417 175
165 176
458 176
71 177
480 179
99 180
440 180
377 181
308 181
221 184
514 186
388 186
514 186
22 187
299 188
275 191
141 192
66 194
45 195
113 195
292 198
437 198
239 201
485 202
61 202
447 203
294 205
461 210
467 213
37 215
531 215
85 216
459 222
463 224
391 225
338 226
186 234
466 237
385 239
362 239
526 242
50 244
255 248
69 250
101 254
83 256
464 257
55 260
384 260
301 267
55 268
172 269
176 276
446 277
51 278
69 279
152 280
367 282
124 285
154 286
9 288
411 289
349 290
415 290
470 294
550 297
471 297
545 300
59 302
17 304
241 313
513 317
150 318
185 320
552 322
142 323
481 325
365 326
387 328
486 329
404 331
64 332
388 337
29 341
524 341
353 342
114 343
470 348
525 349
319 349
529 353
2 355
142 355
85 356
135 364
14 364
464 367
485 367
187 367
390 372
374 376
234 381
196 383
188 383
401 384
307 384
53 386
336 389
305 391
89 394
540 398
90 399
460 399
264 399
418 401
168 405
122 405
232 408
465 409
385 409
61 413
183 416
269 417
381 418
466 419
375 420
19 421
147 423
278 425
557 427
414 429
538 433
77 434
153 438
456 438
452 439
478 440
80 444
426 446
433 452
338 452
344 453
235 461
469 463
115 464
160 470
251 473
250 473
422 473
327 474
185 474
20 474
6 476
381 479
338 479
357 486
353 486
187 495
308 496
416 498
261 499
273 500
384 500
427 503
345 504
256 507
271 512
357 513
30 515
199 517
276 518
397 518
346 518
331 518
334 519
411 521
488 524
461 524
202 525
387 529
342 534
110 543
197 544
175 548
401 549
95 550
158 552
452 554
301 555
281 558
451 560
420 561
246 564
305 565
206 566
384 567
258 567
131 571
499 572
50 572
15 573
68 574
478 579
412 580
136 584
412 587
184 588
173 589
525 589
149 591
108 592
474 593
221 593
7 597
185 599
94 601
141 601
148 602
358 602
491 605
411 606
268 608
346 609
63 611
509 611
343 611
534 612
311 616
156 617
412 617
440 617
82 623
537 625
508 626
84 630
211 630
490 631
533 635
190 636
168 638
3 641
353 643
485 643
27 643
391 644
553 651
68 652
508 653
428 654
214 656
50 657
89 661
446 662
552 665
417 668
521 670
419 672
46 674
423 675
356 679
271 682
22 686
38 687
426 691
155 692
58 692
415 693
496 694
270 694
402 695
161 695
69 701
395 706
390 707
311 707
402 710
256 713
522 715
157 716
32 717
443 717
85 720
366 721
435 722
259 724
406 725
181 729
237 729
306 734
152 735
107 737
214 740
250 744
524 744
11 745
292 752
508 753
450 754
291 755
286 757
470 758
14 758
326 759
269 760
380 760
362 765
323 772
429 775
194 775
356 775
126 775
120 778
203 778
258 782
116 785
192 785
400 787
280 788
180 790
333 790
399 792
465 793
163 794
62 795
36 795
445 798
347 798
375 799
425 802
124 802
223 805
481 805
379 805
426 805
307 809
249 812
453 814
427 816
10 818
225 822
408 822
180 825
392 826
395 830
70 835
137 836
369 836
404 838
361 839
311 844
12 844
274 845
382 847
187 848
283 848
445 849
417 850
340 853
271 853
35 855
189 855
374 855
404 857
115 858
435 859
377 862
487 864
382 866
33 866
228 868
33 870
405 872
79 877
271 878
195 878
472 879
464 880
294 881
243 886
159 887
17 888
117 889
105 889
54 890
86 896
382 896
250 897
158 899
500 903
15 905
370 906
184 909
46 914
318 916
394 916
556 919
495 922
349 924
462 924
394 929
244 930
467 931
76 931
382 931
500 931
172 932
323 937
468 938
537 939
529 940
310 942
151 943
302 943
333 943
