1000
139 1
797 3
946 3
59 6
81 6
643 7
612 8
369 9
470 9
582 12
952 12
223 15
784 18
64 19
790 25
98 25
425 27
809 27
877 27
516 27
285 28
796 28
589 30
568 31
804 32
359 32
719 33
258 33
619 33
584 33
455 33
886 34
42 34
409 34
78 35
400 35
86 36
378 37
81 42
699 45
545 46
519 47
251 50
359 50
64 50
328 52
140 53
680 53
774 54
353 55
839 59
685 64
576 64
826 65
619 66
187 67
105 70
270 71
548 72
953 73
926 74
255 74
907 77
741 78
114 78
598 78
1 80
122 81
427 82
480 83
193 83
941 83
391 84
954 86
565 88
556 88
249 89
786 90
478 90
935 90
281 91
862 92
274 92
358 92
669 93
898 98
100 98
861 98
924 99
720 100
979 101
503 102
602 104
69 106
946 107
962 107
989 108
182 109
392 110
79 110
12 111
976 112
684 112
936 113
19 116
905 120
560 121
413 121
112 122
879 122
914 122
14 123
328 124
112 125
589 126
393 127
850 127
751 129
452 135
261 135
571 138
972 141
109 142
219 143
505 146
136 146
525 147
617 150
336 152
566 152
397 153
817 154
238 155
101 156
306 157
367 158
381 158
630 159
726 161
37 162
391 162
656 162
674 162
339 162
61 164
967 166
204 166
892 169
572 169
564 170
303 170
927 171
191 171
395 171
694 172
61 172
981 173
110 173
959 174
181 174
27 174
502 175
684 176
563 177
3 178
173 178
925 179
637 181
111 182
145 183
767 184
714 185
54 186
900 188
586 191
479 191
10 192
437 192
591 193
928 194
301 194
870 195
522 195
330 195
445 195
492 197
291 197
67 198
223 198
203 200
783 202
350 204
20 207
220 209
836 209
728 209
74 210
622 210
97 212
723 213
355 214
442 216
119 217
478 220
937 223
235 223
560 223
910 223
691 224
858 224
294 225
397 227
629 228
178 228
953 229
95 230
866 230
877 231
566 232
79 234
546 235
982 235
271 235
723 235
987 236
117 238
416 239
26 239
381 240
558 241
781 243
641 243
242 243
678 244
781 245
18 245
902 246
648 247
581 248
932 248
739 248
419 249
336 249
157 252
811 252
936 255
719 256
248 256
809 257
680 259
194 261
482 261
362 263
831 265
768 273
9 274
535 274
497 276
314 276
874 277
448 277
33 277
769 277
942 277
952 278
779 278
160 279
362 279
197 280
890 280
670 282
597 283
141 283
334 284
229 284
339 285
916 285
902 286
870 287
259 288
374 289
154 291
598 293
571 293
347 293
98 293
457 296
18 296
555 299
272 301
389 306
613 307
338 307
712 309
851 310
701 311
870 311
482 312
970 313
990 315
198 315
619 315
649 316
177 317
591 317
220 319
313 319
453 320
582 320
746 321
347 322
934 323
935 324
852 324
435 324
509 327
207 327
316 328
639 331
359 331
434 332
751 332
134 332
593 332
917 333
21 333
509 335
816 337
962 337
632 339
969 339
769 340
435 341
769 342
884 343
444 344
767 345
986 347
767 348
8 350
828 350
661 351
636 351
166 352
526 352
920 354
720 354
169 354
356 355
862 355
194 355
478 355
556 356
639 357
203 358
318 361
556 362
176 362
1000 362
200 363
276 363
154 364
601 365
921 366
186 367
99 368
806 375
61 380
360 380
531 380
111 381
535 381
712 383
40 384
146 384
40 385
894 386
503 386
46 386
95 389
115 389
365 390
664 391
661 391
53 393
970 394
6 395
648 395
985 396
282 397
843 399
715 400
893 400
503 405
653 407
914 407
917 411
500 412
151 412
382 412
501 414
546 415
392 415
516 416
164 417
850 417
89 417
491 419
946 419
561 420
905 420
850 421
476 422
663 423
709 424
190 425
114 425
117 426
42 426
649 426
768 428
525 428
91 428
1 430
106 430
267 430
934 431
492 431
375 433
502 434
589 434
174 434
581 439
586 439
113 440
947 440
193 441
945 443
797 443
701 444
936 444
418 447
789 448
611 448
626 448
129 448
356 449
586 451
319 451
967 452
55 453
560 455
892 458
378 460
748 461
400 461
890 461
504 462
277 462
663 464
778 466
692 466
727 467
251 467
56 467
252 469
36 470
525 470
385 470
772 472
349 472
993 473
97 473
760 476
134 477
267 477
931 478
306 478
94 479
495 479
868 480
729 481
904 482
758 482
349 483
883 484
783 487
557 488
620 492
590 492
983 493
571 497
348 497
218 501
440 501
477 502
31 502
818 504
698 504
236 504
432 505
565 507
120 508
699 508
606 508
302 509
375 510
156 511
742 514
228 516
918 518
606 519
902 520
368 520
791 521
953 521
798 521
957 521
924 522
7 522
408 522
662 523
38 523
121 525
868 526
854 530
102 531
728 534
298 535
288 535
946 537
825 537
367 538
315 538
200 538
228 539
869 541
357 541
133 541
544 543
936 543
315 544
406 545
681 545
632 546
926 546
808 546
791 549
997 550
825 551
217 551
939 551
736 551
217 552
344 553
943 555
451 555
529 555
845 557
171 557
476 558
756 559
600 560
523 561
134 566
673 567
10 570
153 570
206 571
934 571
621 572
570 574
935 575
930 575
493 576
702 578
318 579
775 580
870 583
498 584
523 584
133 585
147 585
754 586
804 586
815 587
814 588
852 588
627 589
129 589
145 590
976 591
66 591
619 591
164 592
43 592
14 592
325 594
399 595
280 595
470 595
358 596
565 597
572 600
706 601
225 602
838 604
921 605
641 605
410 605
88 605
256 607
761 607
256 607
582 610
730 611
966 611
709 611
623 612
312 613
292 613
901 615
270 615
330 615
153 615
558 616
337 618
450 622
679 624
73 625
284 625
358 626
729 626
267 626
70 627
191 628
156 629
145 631
686 631
40 632
38 634
668 634
467 635
338 636
740 636
440 637
88 639
986 639
406 640
453 641
547 641
999 641
178 641
955 642
793 643
959 643
157 645
132 647
930 648
188 648
937 650
209 651
693 651
650 653
614 655
603 655
810 655
486 656
917 656
718 656
257 656
202 659
961 659
324 661
474 661
269 663
208 664
374 665
5 668
917 668
567 669
585 670
75 672
681 672
61 673
372 674
753 675
260 675
622 679
90 681
608 682
626 683
67 683
265 684
507 686
528 687
131 689
46 691
834 692
101 693
587 694
306 695
714 698
827 699
106 702
533 702
148 702
528 703
120 703
524 703
16 703
353 704
995 705
392 706
173 708
579 708
791 708
395 710
981 712
479 713
595 714
815 715
347 718
366 718
296 719
822 720
404 721
717 722
910 724
692 727
190 728
838 728
817 729
129 730
844 730
778 731
619 733
412 734
707 735
659 736
299 737
291 739
318 743
480 744
151 744
239 744
127 745
662 747
706 750
678 750
652 750
623 751
967 751
297 752
820 752
969 752
474 753
474 753
263 755
57 756
466 756
739 756
405 756
246 757
962 758
221 758
315 758
927 759
797 761
722 761
471 762
991 762
444 762
400 763
388 763
592 764
914 767
443 767
755 768
620 769
595 771
275 772
871 772
263 773
417 773
212 776
183 777
508 777
639 781
620 783
728 783
295 787
327 787
768 788
147 789
803 790
871 790
193 792
55 793
141 794
655 794
423 795
474 795
181 797
332 799
243 801
657 801
514 802
141 803
19 806
392 806
726 806
445 809
169 809
873 811
455 811
337 811
942 813
563 815
835 815
939 817
515 818
227 819
850 819
516 820
543 820
787 823
750 824
368 824
409 825
430 825
114 828
139 828
779 831
182 832
724 832
78 833
270 834
735 835
983 835
440 835
134 838
865 838
283 838
323 839
385 841
775 841
479 843
187 844
882 844
376 844
813 850
597 850
61 851
73 853
768 853
678 853
282 854
872 855
724 855
96 856
504 859
826 859
859 861
278 861
810 861
14 861
288 862
907 862
360 863
700 864
907 865
214 867
742 867
456 868
957 868
222 870
540 870
57 870
501 871
231 872
6 872
299 872
747 872
655 873
963 874
810 875
265 878
496 878
541 879
674 880
570 884
567 885
427 886
18 886
55 889
274 890
568 891
309 892
195 895
197 895
565 895
170 896
345 897
608 897
439 901
275 902
412 903
344 904
661 904
219 905
674 906
223 906
477 909
17 909
679 910
453 910
898 911
930 911
484 912
28 913
953 914
881 915
618 917
901 917
247 919
844 920
632 921
546 921
268 921
976 922
732 922
93 924
421 927
459 927
867 928
233 929
874 930
851 930
340 931
264 931
189 933
403 934
530 936
752 936
638 937
895 940
513 941
409 941
451 943
496 944
618 946
607 948
147 949
160 950
210 950
668 951
110 953
489 953
912 953
179 953
600 956
21 957
43 957
958 958
433 959
983 962
595 963
509 964
188 965
634 966
432 966
788 966
670 967
114 967
180 968
547 969
304 970
258 972
369 972
738 974
788 976
749 977
11 980
741 981
970 982
995 982
438 987
638 987
767 988
217 988
43 990
853 990
555 993
327 993
200 994
147 994
172 996
708 997
754 999
