560
337 1
411 2
188 2
626 5
798 5
675 7
530 8
94 9
37 10
3 12
167 13
741 14
306 16
72 17
180 19
785 19
667 20
233 22
117 22
768 25
36 25
338 26
279 26
217 26
380 29
707 30
658 30
220 30
164 32
611 33
611 33
522 33
239 34
785 34
497 35
713 35
396 36
496 36
487 36
136 38
277 38
603 40
321 43
653 43
465 45
399 45
243 45
292 47
227 48
285 48
566 49
19 49
736 49
547 50
42 53
347 55
206 55
739 56
388 56
540 56
759 56
24 57
629 57
484 57
461 57
234 58
554 58
1 65
12 66
737 66
49 66
349 67
162 68
448 68
284 69
50 70
380 71
756 72
237 72
738 73
432 76
207 79
552 79
157 81
139 82
34 84
172 84
707 84
50 88
609 90
559 91
144 92
127 92
612 93
763 94
610 94
655 95
403 95
224 98
478 98
174 98
500 100
748 101
246 103
90 103
226 104
622 104
121 104
288 105
307 105
428 106
147 106
545 106
579 106
142 108
240 110
464 111
702 111
84 112
369 114
137 116
519 116
235 121
748 123
718 124
581 124
699 124
337 126
483 126
548 126
268 127
688 127
202 129
745 130
120 131
724 132
441 133
750 133
706 135
100 137
220 138
16 138
508 139
335 140
730 142
91 142
448 144
33 144
337 145
286 146
85 146
686 147
169 149
792 150
113 150
286 150
201 151
725 152
159 152
500 152
532 153
87 154
124 158
475 160
781 161
621 163
589 165
256 166
372 167
510 167
316 170
91 172
293 173
388 173
646 173
448 176
185 178
735 178
43 179
523 181
638 181
775 182
710 182
485 182
399 183
397 184
568 187
470 187
257 188
342 191
388 193
729 194
533 194
685 194
167 195
157 195
425 198
381 199
3 199
396 201
249 203
794 204
513 206
575 207
160 207
149 207
670 209
703 209
410 210
368 212
331 212
629 213
7 213
591 214
654 214
680 215
618 215
407 215
784 216
221 218
130 218
430 224
275 225
261 226
782 226
373 227
510 229
544 230
750 231
18 231
474 232
506 235
209 235
477 235
564 235
365 238
167 238
600 239
149 240
401 244
79 244
189 245
340 247
281 248
130 248
539 253
729 254
722 255
648 257
484 257
527 261
88 262
33 266
565 268
170 269
352 269
596 270
739 274
308 276
19 276
93 278
414 278
728 279
528 279
209 281
57 284
490 285
258 285
505 287
383 288
528 290
639 291
515 292
681 293
375 294
251 294
310 297
91 297
797 298
565 299
773 300
707 300
197 304
173 308
310 309
745 310
193 310
465 310
574 314
651 314
713 315
399 315
2 315
779 315
94 317
356 318
569 319
65 319
684 319
331 320
781 320
419 321
387 322
396 322
483 323
20 323
17 324
76 325
570 326
321 326
64 329
451 332
682 332
19 334
515 335
622 337
70 338
428 338
459 338
193 339
398 339
142 340
482 342
595 343
702 343
144 344
34 344
323 345
761 347
48 347
757 348
757 348
674 351
712 352
239 354
25 355
319 357
458 357
453 357
104 359
117 359
123 364
330 364
543 364
4 365
687 365
732 365
647 366
523 367
110 369
444 369
753 370
311 371
69 373
620 374
411 375
215 375
584 376
81 379
780 379
599 380
716 384
522 386
569 386
35 386
202 388
248 389
484 390
198 392
310 394
285 395
505 396
587 397
294 400
787 403
557 404
408 406
104 406
548 409
640 409
266 410
415 411
255 414
173 415
152 419
787 421
320 421
553 422
717 422
212 422
77 423
590 424
179 424
53 425
591 426
99 427
705 427
642 427
492 428
713 428
544 430
208 431
616 433
731 433
610 435
92 436
491 437
569 437
547 438
212 440
732 440
220 442
443 443
649 443
360 443
32 444
612 444
310 444
304 445
473 445
649 445
545 447
359 447
735 448
675 449
529 450
494 451
731 452
582 452
252 453
286 453
200 453
461 455
328 456
510 456
428 456
210 458
124 460
786 461
602 461
181 464
502 465
76 465
251 466
569 467
242 468
34 468
184 469
708 473
93 473
38 475
338 475
12 477
769 477
284 477
670 477
368 478
647 478
462 483
94 485
244 486
278 487
178 488
107 489
796 489
653 491
60 491
441 495
379 495
441 496
768 496
448 498
661 499
610 500
314 501
721 502
573 504
301 504
356 505
283 505
708 506
759 507
277 509
775 509
598 510
797 511
726 511
503 512
446 513
787 513
680 514
111 521
598 521
169 522
183 525
290 526
102 526
729 527
686 531
85 532
648 534
522 535
202 536
491 537
164 537
628 538
690 538
721 538
338 539
715 539
481 539
136 541
147 541
710 542
356 543
322 543
795 544
607 547
778 547
501 549
132 551
73 551
227 551
533 552
7 552
590 555
315 556
534 559
585 559
664 560
474 560
688 561
375 561
297 562
306 562
785 564
348 566
427 567
277 568
451 570
25 571
745 571
764 573
641 574
478 575
246 576
448 577
411 579
161 579
624 579
278 580
159 580
156 582
635 586
237 586
73 586
365 587
147 588
490 588
216 588
