1000
220 0
75 0
258 1
271 2
975 3
512 3
176 3
575 4
882 5
65 6
683 7
7 8
647 8
367 9
506 10
357 12
440 13
928 14
953 15
430 16
80 16
990 16
774 18
890 18
823 19
724 19
113 20
503 22
31 22
210 22
368 23
482 24
619 26
846 26
887 26
892 27
36 28
917 28
422 29
609 30
17 33
119 34
621 35
24 35
700 35
980 36
812 38
683 41
512 41
284 42
332 42
616 44
755 44
527 46
683 47
586 50
541 51
978 51
852 52
76 52
92 53
782 54
398 54
938 55
318 56
264 56
523 56
724 58
599 58
232 58
937 60
582 60
170 61
935 63
747 63
868 64
493 64
978 65
943 66
919 66
726 67
513 67
565 68
450 70
151 72
342 72
509 73
725 75
548 77
806 78
413 79
985 79
80 79
179 80
176 82
582 82
708 83
785 84
572 85
125 86
512 88
813 89
809 91
660 92
115 92
902 92
601 94
987 97
266 98
894 99
31 101
893 102
125 103
271 103
108 104
923 105
496 106
357 106
764 106
248 106
715 107
55 107
291 108
90 108
201 109
888 109
517 111
940 111
983 113
335 114
506 114
802 115
463 116
782 119
98 120
527 121
788 127
663 129
177 131
878 132
998 133
868 136
226 139
780 142
41 142
429 142
449 143
829 143
33 145
168 145
37 148
40 149
752 151
832 154
474 154
665 154
942 156
882 157
166 157
576 158
424 159
607 159
669 160
856 160
430 160
98 160
365 161
980 161
806 162
113 162
98 163
616 164
971 166
180 167
766 169
958 171
795 171
555 175
803 176
518 176
145 177
571 177
862 177
26 177
119 179
409 179
684 179
391 180
67 180
28 182
724 182
349 184
919 187
38 188
520 189
497 190
89 190
994 191
461 192
701 192
155 195
179 197
963 197
103 198
458 199
902 199
82 200
570 201
164 202
334 203
802 203
651 203
941 204
394 204
234 206
249 207
218 208
306 211
9 212
321 212
203 212
548 214
458 215
623 215
826 215
254 216
123 216
659 218
429 218
555 218
716 218
982 219
737 220
681 222
287 223
648 225
77 226
963 227
590 227
877 227
352 227
231 228
636 228
469 229
688 229
571 231
220 232
558 233
366 233
260 236
393 238
628 238
150 238
70 240
606 241
176 241
111 243
327 244
543 247
764 248
81 248
514 248
161 248
705 248
142 249
346 249
467 249
645 250
240 252
152 253
60 253
442 254
145 254
228 254
852 255
680 257
243 257
519 259
943 260
262 260
926 260
161 262
766 265
561 266
385 267
871 267
983 270
494 270
6 270
35 271
198 271
113 272
545 273
71 275
946 275
36 275
661 275
142 278
68 278
698 278
17 279
608 279
589 279
305 281
493 284
382 285
747 286
164 286
546 287
415 288
409 291
767 293
654 295
774 295
634 300
616 301
753 301
363 302
429 303
768 303
856 304
789 304
764 306
541 306
712 306
301 307
147 307
81 307
234 308
657 308
820 309
262 309
841 311
983 314
289 315
392 316
322 316
370 316
369 316
223 317
740 317
593 317
157 317
154 318
987 319
107 320
124 322
517 322
728 324
860 324
573 324
445 324
717 325
903 326
61 326
525 327
301 333
537 333
607 333
364 334
6 337
731 338
979 338
976 339
11 340
24 340
739 341
97 341
172 342
909 342
79 342
772 343
376 344
558 344
559 344
309 345
523 345
697 346
600 346
923 347
231 348
67 349
719 349
891 351
480 351
204 352
513 354
175 356
599 356
362 356
222 357
917 358
607 358
513 361
221 363
195 363
734 363
453 365
580 365
325 366
852 368
17 368
147 370
82 371
59 373
6 373
769 374
906 375
689 376
435 377
933 377
417 378
657 379
108 380
178 381
657 381
198 382
479 382
611 382
603 382
946 383
655 383
435 383
605 383
375 384
642 384
457 385
254 386
125 387
339 388
327 388
112 388
286 389
17 390
203 390
313 391
505 392
714 392
853 393
612 394
837 394
532 394
171 394
897 394
931 395
314 396
412 396
639 397
825 397
141 398
827 398
199 400
787 400
667 400
899 401
717 403
46 404
286 404
910 405
35 405
899 406
386 406
576 407
7 408
375 408
556 410
291 410
684 411
38 415
292 415
238 416
368 416
916 417
165 417
399 418
657 419
445 420
106 420
250 421
608 422
206 422
905 422
743 430
217 430
3 430
968 432
453 434
746 434
256 437
106 440
360 444
106 446
106 447
772 453
425 454
963 454
496 455
496 456
293 458
558 459
64 461
140 462
78 462
114 463
162 465
410 465
293 466
726 466
188 467
559 467
247 469
247 469
529 470
948 473
763 474
911 474
721 474
548 476
771 476
7 476
153 476
906 477
178 477
235 479
352 479
140 479
939 481
495 481
186 484
852 487
332 488
712 491
88 493
646 493
151 495
544 496
162 499
890 501
507 501
777 504
240 504
469 505
462 508
164 508
370 508
693 511
483 511
256 511
180 515
104 517
774 517
121 517
343 518
382 520
722 525
174 525
209 527
185 527
643 528
329 529
12 532
81 532
244 534
353 539
558 539
136 540
923 541
661 541
934 544
107 545
912 546
25 547
836 548
58 551
307 551
299 552
826 552
94 552
573 553
204 555
76 561
549 561
899 562
875 562
775 563
658 565
646 566
167 569
19 569
575 571
556 573
723 574
797 574
562 575
658 576
663 576
575 577
319 578
177 578
857 579
712 580
169 580
286 585
12 587
797 589
911 590
39 593
476 596
865 596
498 596
819 598
145 599
673 600
340 603
825 604
282 606
396 610
500 611
620 612
459 612
49 613
632 614
487 614
780 614
227 615
876 616
801 616
302 617
310 617
182 617
495 617
512 619
335 620
17 620
848 620
524 621
876 622
601 622
1 623
923 623
791 626
967 627
986 630
39 632
178 634
498 635
668 638
701 638
29 638
952 639
205 639
408 642
655 644
34 645
150 645
500 646
161 648
213 648
230 652
715 654
226 655
338 657
687 657
657 658
447 660
549 660
226 660
785 661
38 661
190 662
458 662
540 662
573 662
73 663
532 670
39 670
435 672
412 672
345 673
937 674
547 675
144 675
133 677
957 677
312 677
749 679
731 679
674 680
147 682
869 683
621 683
681 684
374 684
786 686
531 690
962 691
183 691
450 692
281 692
246 693
529 693
375 693
359 693
738 694
970 695
218 696
352 696
454 697
261 697
442 698
548 698
829 699
828 699
279 700
103 700
12 700
941 702
668 705
784 705
710 706
101 707
613 708
713 708
574 709
435 710
157 711
261 712
930 712
119 712
159 713
499 713
476 715
79 716
799 717
10 723
627 725
550 725
924 725
884 727
695 730
462 730
908 732
899 732
725 737
221 737
53 737
143 739
401 739
660 741
713 742
45 742
579 743
75 743
893 744
374 745
952 745
885 747
278 748
982 750
258 752
362 753
524 754
191 754
808 754
794 754
914 754
162 754
550 755
803 755
572 756
172 758
57 760
686 761
839 761
308 762
492 763
700 765
468 766
839 767
215 770
836 770
124 771
831 771
78 772
11 776
784 777
972 778
709 779
667 779
258 780
99 780
588 781
924 781
932 782
722 784
694 789
13 789
546 789
733 794
196 794
672 795
521 796
707 796
910 796
517 796
132 798
232 801
908 804
817 804
470 805
552 807
904 808
507 808
956 809
362 810
204 810
598 811
974 811
728 812
878 812
617 813
662 814
361 814
199 814
711 815
207 816
137 816
357 816
705 817
153 818
882 818
952 819
777 819
880 820
277 820
323 822
336 822
763 823
245 825
122 826
733 826
1000 826
815 827
363 828
494 829
141 830
28 831
754 834
894 834
126 836
100 836
252 837
897 838
757 841
17 841
582 842
230 842
361 843
386 843
164 847
49 847
948 848
571 848
84 849
587 849
899 850
380 850
375 854
988 855
208 858
845 861
615 862
253 862
463 862
337 864
633 865
392 865
642 865
272 867
514 869
895 871
615 872
743 873
897 874
943 874
601 876
637 877
887 878
345 878
492 879
948 879
932 882
270 884
673 884
411 884
105 885
554 886
94 886
139 886
472 888
784 889
512 890
235 890
650 893
566 894
191 898
221 899
118 899
572 900
931 900
1 900
51 901
884 901
551 902
852 903
263 903
569 904
847 907
416 908
626 909
723 911
710 911
111 911
600 911
353 912
43 914
287 915
809 918
759 918
39 919
927 919
503 920
219 921
361 921
316 921
48 922
934 923
401 924
839 928
827 928
65 931
785 934
603 936
160 940
366 940
832 941
872 942
874 942
126 942
819 943
657 945
920 946
792 946
654 947
143 948
219 949
405 949
396 951
938 955
166 955
225 957
306 957
617 957
420 958
266 958
731 959
838 961
616 962
891 962
1000 964
180 965
167 965
689 968
198 968
122 969
309 970
870 971
166 972
408 972
198 973
552 974
862 976
653 976
307 981
871 981
997 982
460 982
697 984
511 986
922 987
408 989
136 990
384 991
719 992
209 992
704 992
24 995
542 998
451 998
803 999
