86
298 4
240 17
158 31
234 32
243 44
334 46
308 56
148 57
182 60
269 65
276 70
76 73
221 75
346 81
76 84
341 85
50 87
276 90
298 97
117 103
57 105
317 118
291 131
195 132
134 137
330 145
76 152
133 162
180 163
223 174
276 178
345 183
5 191
211 194
317 198
131 204
312 204
61 213
267 225
324 227
127 236
275 242
257 247
142 254
286 255
282 263
332 265
127 270
149 271
129 277
234 280
347 285
56 298
171 303
260 309
28 317
185 337
56 343
226 347
158 359
237 361
317 374
28 374
180 383
260 384
87 388
188 416
13 417
121 419
116 423
19 423
24 432
158 444
83 453
79 453
68 454
275 466
236 473
173 474
301 478
317 479
10 482
73 483
44 485
164 489
332 491
