647
481 1
563 1
116 2
51 4
525 4
849 7
774 8
380 8
627 9
825 10
16 10
543 11
3 14
520 15
537 17
142 17
934 19
274 21
702 23
214 25
823 28
99 29
137 29
95 31
134 33
681 34
728 35
81 36
748 39
58 43
517 48
691 50
989 52
707 53
226 61
176 62
214 63
249 64
766 65
307 66
218 68
722 70
320 70
94 71
315 73
692 73
457 73
752 73
702 75
786 75
225 76
346 77
178 77
982 79
813 79
591 80
236 88
226 88
237 92
349 97
931 97
871 98
845 99
888 100
416 103
409 104
430 108
971 110
60 111
826 112
362 113
507 115
944 116
939 117
253 117
504 117
896 123
607 127
676 127
533 128
528 131
140 132
933 133
169 135
126 135
648 136
190 138
299 142
676 142
948 147
411 151
868 152
84 153
670 156
245 157
446 159
356 161
9 162
426 163
185 165
719 165
367 166
111 168
253 171
982 171
618 173
608 174
218 177
523 178
878 178
807 180
222 181
647 182
242 184
927 187
145 188
53 189
308 191
371 192
235 193
224 194
306 195
475 196
767 197
205 197
782 199
302 201
97 201
986 203
356 204
689 207
452 208
428 210
302 211
992 211
982 214
466 214
756 214
975 217
682 217
212 219
586 220
94 221
363 225
573 225
35 227
566 227
787 227
884 228
553 229
420 231
926 232
973 232
966 232
550 233
762 233
867 233
249 236
371 236
577 238
830 239
832 239
27 244
833 250
612 251
416 254
638 255
759 255
145 255
29 259
862 259
904 259
256 260
462 261
918 263
867 264
51 264
392 266
21 266
219 267
279 268
581 270
716 273
997 274
230 275
15 275
465 276
776 277
239 278
357 278
67 278
37 281
688 283
90 285
495 285
69 289
906 290
771 291
788 291
866 292
64 295
182 296
930 299
12 300
31 300
915 301
552 302
532 306
366 316
46 317
170 318
718 320
260 322
235 324
16 324
921 324
383 325
542 325
799 326
600 329
814 330
477 331
464 332
26 337
85 340
690 340
71 341
514 341
952 342
529 342
850 343
472 344
514 346
369 346
933 346
187 346
896 347
883 352
414 353
540 356
902 356
613 358
629 358
217 360
169 361
292 363
219 365
699 365
180 368
507 368
689 370
814 370
608 371
905 372
90 373
815 374
996 374
523 378
839 379
166 379
270 381
14 383
61 383
650 384
476 386
674 387
701 388
524 389
206 389
947 391
878 391
584 392
542 395
775 397
858 397
708 401
318 403
454 403
267 404
657 405
199 407
80 411
479 412
967 416
301 416
293 418
351 421
734 423
103 423
648 425
80 427
412 429
50 431
762 431
525 432
43 432
222 433
879 437
754 437
306 440
790 441
839 442
235 444
71 444
246 445
612 449
422 449
997 451
953 455
682 455
714 456
268 461
506 469
349 470
676 471
778 473
568 473
335 475
383 476
602 476
890 477
433 477
400 478
494 484
571 490
75 490
262 490
883 493
779 493
618 494
806 494
626 497
565 503
520 504
641 506
29 508
509 512
74 513
911 514
917 519
130 519
208 523
479 527
69 531
438 532
673 535
680 535
150 535
262 535
48 537
199 538
291 538
259 543
693 546
976 546
38 550
877 552
227 552
93 552
492 554
163 555
959 557
913 563
160 563
810 564
778 571
308 573
633 577
346 577
988 577
69 577
134 579
810 580
3 583
837 583
485 584
974 584
729 585
247 586
682 591
657 592
653 593
783 595
792 596
289 597
280 597
478 602
645 603
230 604
488 609
668 610
343 612
315 616
495 617
535 618
140 619
260 621
598 621
908 622
497 623
351 626
174 630
812 630
388 630
536 632
944 635
263 635
909 635
942 637
878 639
861 639
732 640
355 641
133 644
572 646
416 647
979 647
557 650
486 653
784 658
916 658
497 663
98 665
496 668
837 669
13 671
394 671
977 672
936 672
933 672
601 673
768 674
303 674
238 674
948 674
29 674
885 675
324 675
198 677
898 678
840 678
560 681
649 681
318 682
396 683
750 683
326 686
681 687
31 688
704 688
963 689
522 690
829 690
263 696
564 697
215 699
167 701
488 702
978 703
695 712
65 713
73 713
187 714
12 716
355 722
401 722
756 726
960 727
819 728
594 728
619 730
823 731
671 734
256 736
520 736
866 739
656 746
915 747
214 748
835 748
678 751
381 751
278 755
495 759
486 759
759 760
896 760
302 761
711 762
252 762
762 764
414 764
29 764
711 766
651 767
958 767
298 770
661 780
315 780
44 783
710 783
683 783
544 785
991 788
580 788
608 788
444 789
908 790
738 791
559 795
309 796
886 799
965 799
678 801
20 801
147 802
138 802
2 803
352 803
832 804
153 807
401 808
293 808
166 809
569 810
759 813
304 816
251 816
93 816
94 816
6 818
937 818
71 821
133 826
806 833
437 834
751 839
395 840
707 841
77 841
623 844
303 846
616 848
748 849
79 850
696 851
245 852
473 853
920 857
952 858
70 859
83 862
908 864
714 864
99 866
640 866
173 871
63 872
77 872
445 872
401 874
107 876
936 879
964 881
825 881
354 884
187 885
683 885
130 890
285 890
570 891
339 891
129 891
466 895
993 895
256 897
230 897
873 901
535 903
145 903
179 907
738 908
222 913
321 917
237 917
142 919
997 919
928 920
367 921
116 922
443 923
856 925
744 925
824 925
711 926
944 926
618 929
784 930
961 930
618 931
438 935
333 936
436 936
429 936
140 937
194 938
616 939
501 940
422 940
555 941
466 941
784 945
115 947
943 947
30 947
603 948
933 948
149 949
624 949
371 951
621 951
630 951
856 956
367 957
164 962
638 963
322 964
418 964
887 964
936 965
271 968
452 969
456 973
524 974
370 978
187 980
601 983
953 985
270 985
462 986
199 991
270 992
553 993
391 994
361 995
286 997
618 997
