200
674 0
342 1
405 1
1 1
503 3
369 4
324 5
309 7
504 9
169 14
506 16
667 17
531 19
434 19
610 20
174 20
526 21
528 21
471 22
57 24
304 25
168 26
12 28
329 32
664 33
560 36
8 37
507 37
548 38
615 38
299 40
490 45
690 49
655 52
323 54
39 56
378 56
420 58
343 61
618 61
337 70
63 70
245 73
476 73
450 75
587 77
219 84
451 85
98 88
438 88
68 91
664 94
125 95
663 95
489 95
685 96
572 96
122 99
551 101
697 102
23 109
513 117
640 118
107 120
558 120
563 122
152 123
578 123
460 125
391 129
558 131
620 132
42 132
390 132
346 135
301 136
573 141
330 142
403 143
223 144
471 145
418 148
172 149
26 150
381 151
413 154
410 156
14 158
89 161
109 164
166 168
98 170
199 173
621 177
182 179
493 181
488 189
295 191
531 192
263 196
514 198
492 200
208 201
202 201
16 201
196 206
265 207
377 208
113 209
309 210
44 213
197 226
109 228
611 231
553 232
311 233
169 238
678 238
330 239
571 241
595 243
639 248
513 250
147 250
291 252
195 253
685 255
262 256
341 257
544 259
642 260
116 262
643 262
66 263
624 266
592 266
456 267
437 268
75 276
398 277
644 277
438 279
488 282
524 282
556 283
14 283
329 284
332 284
697 284
332 286
141 287
304 293
211 294
702 295
292 296
29 299
439 299
648 300
44 309
503 310
611 310
621 313
368 316
97 317
577 321
684 331
120 334
19 334
340 341
342 342
590 343
385 347
306 347
379 349
614 350
603 352
471 352
272 353
28 354
285 357
523 358
387 358
579 360
177 367
288 369
18 371
390 373
463 376
167 377
15 378
406 378
650 379
697 383
73 383
515 385
106 385
245 386
578 386
328 388
78 390
