783
161 0
14 0
171 0
193 0
99 0
142 0
253 1
16 1
147 1
56 1
173 1
122 1
234 1
26 1
140 1
143 2
132 2
151 2
262 2
143 3
230 3
34 3
169 4
255 4
24 4
169 4
81 4
63 4
161 4
270 4
89 4
94 5
126 5
18 5
86 6
78 6
113 6
128 6
52 7
228 7
46 7
201 7
239 7
39 8
117 8
92 8
50 9
248 9
206 9
66 9
42 9
250 9
217 9
154 9
79 10
101 10
231 10
191 10
118 11
36 11
62 11
215 11
229 11
148 11
187 11
41 12
126 12
273 12
230 12
92 12
205 13
148 13
54 13
139 14
157 14
138 14
9 14
104 14
271 14
15 14
234 15
267 15
218 15
181 15
118 15
143 15
114 15
71 16
112 16
173 16
273 16
207 17
240 17
20 17
77 17
219 17
163 17
131 17
234 18
197 18
105 18
247 18
139 18
71 18
65 18
68 19
110 19
122 19
69 19
132 19
246 19
74 20
81 20
216 20
112 21
42 21
239 21
246 21
224 21
133 21
137 21
230 21
175 21
107 21
74 21
203 22
103 22
182 22
38 22
225 23
254 23
263 23
195 24
104 24
120 24
149 24
204 24
148 24
146 25
120 25
253 25
150 26
182 26
177 26
36 27
99 27
44 27
182 27
200 27
209 27
196 27
111 28
271 28
194 28
27 28
231 28
234 28
236 28
184 29
10 29
139 29
159 29
96 30
129 30
34 30
104 30
112 30
267 31
27 31
163 31
272 31
203 31
52 31
179 32
151 32
121 32
15 32
220 32
62 32
69 32
136 32
130 32
241 33
206 33
135 33
123 33
105 34
254 34
62 34
124 34
178 34
239 35
9 35
37 35
216 35
239 35
272 36
246 36
251 36
245 36
34 36
54 36
66 37
6 37
223 37
100 37
67 37
223 38
94 38
97 38
126 39
193 39
96 39
47 40
226 40
268 40
266 40
190 40
48 40
260 40
137 40
257 40
242 40
68 41
273 41
33 41
91 41
133 41
11 42
243 42
21 42
26 42
65 42
107 42
160 43
264 43
260 44
262 44
161 44
224 44
67 45
66 45
5 45
8 45
241 46
145 46
247 47
240 47
132 47
88 47
97 47
47 47
16 47
207 47
254 47
193 48
243 48
4 48
151 48
89 48
158 49
93 49
90 49
172 49
31 50
235 50
161 50
191 50
115 50
71 50
231 50
72 50
241 50
251 50
205 51
105 52
75 52
55 52
147 52
18 52
133 52
184 53
97 53
273 53
51 53
73 53
226 53
94 53
88 53
109 53
144 53
5 54
66 54
266 54
188 54
190 54
134 54
206 55
142 55
200 55
100 55
114 55
153 56
4 56
211 56
192 56
166 57
71 57
77 57
265 58
237 58
13 59
171 59
250 59
165 59
259 60
125 60
223 60
144 60
255 60
180 60
24 61
11 61
230 61
191 61
68 61
19 61
55 61
79 62
114 62
90 62
117 62
28 62
69 62
71 62
146 62
161 62
242 63
113 63
262 63
168 63
20 63
216 64
140 64
13 64
159 64
116 65
21 65
238 65
250 65
96 65
167 65
78 66
249 66
155 66
119 66
84 66
3 67
119 67
208 67
35 67
194 67
234 68
233 68
239 68
150 68
2 68
232 68
60 69
268 69
268 69
38 69
118 69
148 69
109 69
197 70
14 70
170 70
262 70
65 70
216 70
26 70
82 71
193 71
36 71
234 71
62 72
114 72
30 72
253 72
266 72
209 73
49 73
239 73
257 73
133 73
84 73
125 73
204 73
138 73
196 73
57 73
5 73
100 74
64 74
25 74
201 74
57 74
207 75
141 75
5 75
224 75
157 75
43 75
242 75
181 75
6 76
104 76
44 76
87 76
254 76
164 77
199 77
108 78
216 78
39 78
61 78
42 78
27 78
146 78
263 78
73 79
214 79
168 79
193 79
50 79
151 79
115 79
39 79
180 80
156 80
144 80
173 80
259 80
47 81
268 81
56 81
254 81
181 81
91 81
18 81
124 82
105 82
153 82
239 82
55 82
21 82
272 83
259 83
266 83
73 83
156 83
147 83
26 83
258 83
137 83
210 84
234 84
231 84
16 84
203 85
260 85
271 85
222 86
161 86
114 86
235 86
40 86
230 86
42 86
116 86
219 87
193 87
124 88
247 88
36 88
236 88
46 88
216 88
137 89
20 89
191 89
64 89
190 89
144 89
187 89
66 89
123 90
3 90
74 90
264 90
152 90
37 91
174 91
162 91
163 91
236 91
141 92
183 92
106 93
21 93
149 93
31 93
138 93
136 93
250 93
234 93
170 94
179 94
37 94
266 95
46 95
108 95
49 95
267 95
40 96
251 96
219 96
170 96
105 96
180 96
139 97
245 97
166 97
83 97
77 97
30 97
186 97
249 98
5 98
122 98
271 99
157 99
182 99
268 99
243 99
91 100
69 100
43 100
41 100
71 100
248 100
266 101
226 101
68 101
78 101
211 101
30 102
145 102
15 102
111 102
66 103
188 103
124 103
156 103
239 103
48 103
247 103
192 104
126 104
272 104
266 104
6 104
219 104
16 105
210 105
10 105
220 105
101 105
235 105
116 106
9 106
49 106
241 106
107 106
258 107
174 107
123 107
67 107
215 107
33 107
184 107
272 107
258 107
253 107
252 108
245 108
93 108
91 108
181 109
57 109
154 109
31 109
224 109
228 110
151 110
196 110
67 110
200 110
11 110
255 110
78 111
107 111
257 111
175 111
126 111
156 111
19 112
14 112
127 112
117 112
103 112
246 112
4 113
131 113
50 113
3 113
268 114
184 114
188 114
219 114
82 114
206 114
163 114
96 115
94 115
272 115
27 115
196 115
166 115
177 115
163 116
17 116
262 116
255 117
29 117
8 117
157 117
228 117
65 118
71 118
53 118
44 118
87 118
168 118
190 118
94 118
119 118
74 119
146 119
32 119
31 120
144 120
120 120
271 120
154 121
35 121
177 121
127 121
268 121
69 122
156 122
144 122
247 122
241 122
200 122
176 122
175 123
49 123
168 123
238 123
191 124
111 124
214 124
15 124
18 124
232 124
3 125
193 125
88 125
207 125
138 125
210 125
97 125
116 125
187 126
200 126
136 127
204 127
52 127
200 127
38 127
82 127
155 127
232 127
152 127
155 128
183 128
199 128
181 128
250 128
271 128
1 128
127 129
180 129
157 129
122 129
62 129
125 129
48 130
170 130
50 130
223 130
136 130
253 130
246 130
219 131
184 131
89 131
234 131
7 132
82 132
72 132
145 132
133 132
235 132
12 132
168 133
117 133
204 133
251 133
124 134
223 134
187 134
272 134
110 134
20 135
97 135
235 135
20 136
180 136
150 136
204 136
92 136
195 138
221 138
97 138
184 138
87 138
73 139
148 139
164 139
25 139
126 139
239 139
232 139
234 140
153 140
31 140
64 140
115 140
247 140
166 140
125 140
10 140
246 140
79 140
116 141
88 141
273 141
147 141
166 141
242 141
