99
32 2
34 3
9 9
77 56
43 63
35 64
61 79
60 87
19 95
78 110
77 111
19 132
76 139
7 141
84 148
35 179
72 180
52 188
24 192
12 200
64 203
79 211
63 213
62 225
6 226
81 253
41 257
66 270
48 277
1 277
53 279
22 281
31 284
13 293
15 296
59 303
76 311
46 333
58 336
4 350
29 357
38 365
66 365
65 368
64 382
11 386
74 402
39 410
82 416
37 420
49 420
23 430
37 431
4 434
59 442
75 447
82 460
77 503
30 519
56 522
36 532
51 538
31 554
35 574
72 576
56 588
71 591
12 598
61 625
17 627
44 627
27 630
72 643
27 650
40 655
4 666
36 668
2 673
35 677
58 684
69 690
18 693
66 698
58 716
4 722
79 722
38 724
64 725
40 726
73 734
62 737
81 737
52 738
78 745
6 748
62 759
61 764
12 765
50 768
