601
655 3
952 3
411 4
715 7
148 9
622 11
235 14
541 15
727 18
42 19
846 20
370 21
648 23
728 25
479 27
797 29
216 30
644 32
206 32
205 33
775 34
375 35
838 36
941 37
607 38
333 40
818 42
560 44
250 46
317 49
496 49
953 52
240 53
700 59
855 61
261 69
247 70
421 72
269 73
643 75
987 75
46 76
923 77
244 78
486 82
628 83
938 84
734 86
27 86
721 86
108 92
327 92
928 92
748 95
978 101
712 102
101 105
6 106
880 106
717 107
983 109
673 111
285 112
402 113
522 115
220 116
923 119
347 119
336 120
504 123
197 125
917 127
909 128
158 129
721 129
848 130
559 131
783 132
773 133
645 134
188 135
948 136
511 138
400 138
559 139
363 141
929 142
41 143
143 144
846 145
217 152
735 153
908 153
219 161
956 164
435 166
933 168
614 169
5 170
290 172
771 174
428 175
124 176
131 179
193 180
367 182
246 184
44 184
736 184
806 186
653 188
779 189
397 190
278 191
969 193
520 193
290 194
98 194
503 196
863 200
212 201
971 206
986 210
252 212
215 217
739 221
826 223
818 224
496 225
868 226
475 226
174 226
68 230
574 231
863 235
102 241
189 249
925 253
748 253
712 254
699 255
957 258
822 259
994 263
584 265
157 265
464 266
491 267
131 268
497 270
921 271
972 272
741 277
292 280
148 282
182 284
358 284
602 287
131 287
543 291
346 292
539 293
39 293
613 294
560 295
814 296
932 296
482 297
301 297
167 297
992 299
18 299
131 299
341 300
918 300
244 301
341 304
965 304
664 308
365 309
167 311
958 312
433 312
85 313
18 314
950 314
57 318
203 323
33 324
772 325
340 326
940 329
152 330
954 334
405 336
579 336
281 339
671 340
827 340
911 343
39 343
365 345
439 346
110 348
489 348
781 348
854 351
274 352
966 352
71 355
648 358
595 360
320 362
837 362
338 363
20 364
559 365
607 365
963 365
164 366
937 367
357 368
895 368
540 371
678 372
137 374
753 375
608 375
663 377
889 377
491 382
47 382
551 382
917 384
961 385
297 385
881 387
898 389
861 389
1 392
875 392
317 392
752 393
321 393
441 394
49 395
515 396
926 396
558 396
91 400
458 403
518 403
164 408
828 411
429 412
610 417
458 418
610 420
462 420
377 422
883 425
910 425
573 430
352 430
620 432
104 435
549 438
149 443
401 443
575 443
370 444
367 447
212 447
191 447
996 448
93 449
234 449
856 456
487 456
606 457
676 457
451 459
495 460
480 460
599 461
126 463
502 465
520 466
122 466
239 466
894 467
381 467
677 469
351 469
340 473
5 474
297 475
170 475
814 476
752 476
348 477
729 478
717 481
53 481
624 484
320 486
392 494
330 496
544 498
997 501
796 501
95 501
126 502
883 502
210 506
26 509
707 509
81 512
770 515
472 515
794 518
288 519
277 519
693 520
154 520
815 524
518 526
741 529
14 532
568 535
328 538
943 541
521 541
810 541
681 542
582 544
534 545
426 546
581 546
479 548
664 550
338 551
718 554
644 555
620 557
59 560
821 561
157 562
968 563
771 563
443 564
518 565
779 567
439 567
661 568
18 570
438 573
362 573
198 574
722 582
348 585
255 586
298 593
485 593
87 593
570 596
666 598
555 598
534 607
448 609
220 610
537 611
541 611
650 612
179 614
900 615
756 617
629 617
896 618
995 618
592 618
368 620
417 620
9 622
730 624
966 626
428 628
128 629
694 629
372 633
748 634
831 635
65 635
401 636
89 637
726 637
764 640
289 644
877 645
236 645
475 645
717 647
842 648
896 649
571 652
662 654
516 654
390 654
161 656
55 656
23 656
36 661
114 662
87 664
331 670
712 671
110 672
715 674
109 674
772 676
684 679
338 686
441 690
698 693
286 694
230 696
644 697
916 699
617 699
181 700
483 703
741 706
119 706
32 707
104 708
673 710
695 713
971 719
119 720
314 725
270 726
804 726
524 727
53 727
425 729
978 729
670 730
498 732
445 732
293 736
810 738
567 739
879 744
433 748
974 748
698 748
149 749
201 752
825 752
76 754
873 755
473 755
204 756
800 758
615 758
663 760
48 763
156 763
980 767
18 769
89 776
42 777
831 779
107 781
748 784
110 790
376 792
64 793
499 796
367 796
464 797
857 800
908 800
661 801
662 801
534 802
351 803
881 807
648 808
174 809
905 810
382 815
213 816
447 817
204 818
795 818
593 818
180 819
497 819
104 825
501 829
189 831
824 832
897 832
131 834
574 841
835 843
550 844
735 846
511 847
50 848
742 849
920 853
852 855
941 856
608 856
162 857
468 857
423 861
164 865
694 870
418 871
389 874
612 874
676 876
200 877
944 877
789 878
11 878
627 879
548 879
116 881
116 881
360 885
531 888
903 890
704 891
814 892
341 893
879 895
763 897
477 897
628 898
938 898
195 899
640 899
987 902
152 902
825 903
37 907
132 908
204 909
175 910
407 915
317 915
965 915
522 916
639 916
865 918
89 918
76 918
731 922
548 929
83 930
9 930
80 931
797 933
252 935
901 935
664 936
664 938
604 938
737 943
400 945
335 947
863 948
395 948
301 950
105 952
78 953
119 954
387 955
204 955
518 960
423 962
275 962
425 963
941 970
568 971
209 974
203 975
877 978
520 979
450 979
632 981
479 986
884 989
139 990
348 991
436 993
780 1000
