165
137 0
42 1
18 3
163 4
56 5
74 6
44 6
51 7
42 8
91 10
143 10
46 13
71 14
61 15
161 15
7 16
22 16
17 16
164 17
3 18
8 18
136 19
83 21
120 22
103 22
48 23
1 23
55 24
151 26
129 26
118 27
78 28
165 28
120 31
83 32
20 34
30 34
27 35
68 37
7 39
137 40
115 40
154 40
110 41
7 42
14 43
96 44
16 44
140 45
6 46
84 46
54 48
137 48
75 49
26 49
13 51
84 52
18 52
63 52
6 54
11 55
60 56
146 57
32 58
142 58
16 58
116 59
27 60
20 60
60 62
93 62
31 63
41 64
138 65
113 65
128 66
95 66
148 67
16 69
114 70
110 71
51 72
112 73
3 73
76 73
84 76
109 78
12 81
143 82
41 82
132 82
81 83
118 83
154 86
158 86
29 89
26 91
38 94
130 94
98 97
62 98
76 99
159 101
29 103
17 104
87 104
18 104
73 106
48 106
9 106
35 107
37 107
41 108
21 108
61 109
6 110
68 110
38 110
53 111
160 112
98 113
80 117
53 117
113 118
140 120
132 122
44 122
46 122
157 124
28 126
57 130
160 130
17 131
83 132
57 134
52 134
62 137
73 138
116 138
153 139
40 139
157 140
3 140
131 142
56 142
8 142
107 144
132 145
32 145
95 147
139 147
105 147
43 153
163 155
111 156
30 158
106 160
159 160
100 160
57 162
160 162
128 162
80 164
120 167
37 167
