494
193 1
510 1
994 5
616 5
315 12
9 12
455 14
769 21
75 22
180 23
889 29
663 32
70 35
760 39
987 42
581 44
470 45
725 46
761 51
276 54
861 55
471 57
13 57
579 59
916 60
968 61
485 63
906 63
860 65
314 71
187 72
785 73
838 74
934 75
867 81
294 83
867 86
134 87
937 91
112 93
734 94
398 96
712 96
17 97
223 101
187 101
862 102
801 105
71 107
287 107
744 111
959 114
9 116
665 125
113 128
109 128
68 129
985 129
699 129
264 132
132 133
727 137
803 142
224 144
264 144
744 146
130 148
862 155
700 158
385 172
680 173
99 174
675 175
984 176
484 176
388 177
157 178
188 183
901 185
600 188
757 192
408 193
721 194
575 195
898 195
980 197
363 198
276 202
834 205
245 206
790 207
58 207
263 207
395 208
179 208
955 210
152 214
236 214
193 217
473 217
15 218
998 218
575 220
494 220
947 221
561 221
577 224
744 227
219 229
39 233
530 233
215 236
770 236
102 239
208 240
420 242
200 243
981 244
300 245
202 245
247 249
303 250
366 253
159 254
907 255
474 255
150 256
645 257
203 258
20 258
578 259
572 261
12 268
878 271
91 271
216 272
892 275
965 281
124 282
909 284
526 284
15 287
150 292
361 292
516 296
64 297
398 302
854 303
986 309
908 310
450 311
312 313
814 317
976 319
947 319
372 330
890 331
473 335
627 338
680 343
829 345
279 346
564 348
757 350
79 350
435 350
461 352
389 355
762 355
234 358
423 359
973 366
730 367
668 369
294 369
749 371
947 371
404 373
279 376
542 379
442 380
749 380
41 384
430 385
288 387
127 387
713 388
601 398
752 399
709 402
895 404
349 404
404 404
966 406
63 406
136 407
122 410
564 411
525 411
85 412
586 413
71 415
948 415
168 417
107 417
410 420
115 424
183 429
123 432
965 433
153 438
778 439
155 442
575 443
203 446
271 447
464 448
875 449
185 453
320 464
176 467
152 470
935 471
530 475
884 477
660 477
677 478
795 480
986 480
814 482
120 482
980 486
391 486
1 490
444 492
396 502
712 503
769 505
45 505
555 508
498 509
930 509
157 510
267 512
44 516
463 518
942 518
588 520
87 521
468 524
550 525
490 525
92 528
701 528
345 529
323 530
411 531
403 532
514 533
922 536
985 537
616 539
391 539
737 543
851 547
309 547
428 553
635 553
971 554
938 556
973 557
881 557
513 562
752 563
131 564
50 564
379 564
614 566
943 569
268 570
255 571
161 576
219 578
182 585
38 586
973 590
402 591
741 594
209 594
121 594
53 595
244 595
823 601
34 605
860 606
572 608
973 608
662 608
72 609
687 612
798 612
704 615
516 615
802 617
150 617
380 618
135 618
657 618
756 619
641 620
2 622
640 623
66 625
60 629
132 632
868 635
970 636
534 642
843 642
769 646
766 648
324 651
35 651
919 652
285 655
678 655
575 656
222 657
577 665
656 667
510 669
783 671
989 675
407 678
282 679
210 681
565 682
762 682
717 686
487 688
684 688
977 692
49 695
255 699
441 699
156 700
873 700
877 701
175 703
953 704
816 704
743 705
255 705
92 708
562 710
250 712
755 713
512 715
780 715
455 717
821 717
574 722
632 722
295 725
439 730
591 730
730 732
307 733
668 734
552 736
428 739
394 742
900 742
533 743
719 746
684 746
189 747
618 750
389 751
808 752
846 753
579 755
374 755
420 755
244 756
309 758
666 762
993 763
542 764
504 765
765 766
546 767
935 768
223 774
877 783
298 785
804 786
333 786
202 789
973 792
817 794
395 794
817 798
25 800
487 800
536 802
644 802
152 803
370 805
229 820
859 821
631 821
936 823
500 823
432 823
178 824
2 827
193 827
963 828
746 832
200 833
48 835
761 835
119 842
478 844
410 848
508 848
993 851
661 862
901 862
67 863
369 863
330 867
601 867
689 873
928 874
192 876
680 881
940 882
851 888
378 890
943 890
368 890
525 896
870 896
695 898
846 906
58 906
818 911
59 911
559 913
98 915
467 916
977 920
806 926
88 926
365 932
637 933
225 935
461 935
267 935
350 939
847 941
868 941
377 942
766 942
89 946
621 947
54 948
594 948
620 958
748 961
207 961
624 966
526 967
530 968
638 972
662 973
269 974
347 977
187 979
770 981
164 982
345 983
710 985
572 986
295 990
743 990
552 991
655 991
644 996
121 998
426 998
728 999
