834
232 0
888 1
619 1
713 3
51 5
390 7
356 7
649 7
307 8
699 9
758 9
591 10
807 10
825 10
882 10
455 10
581 11
30 11
117 13
642 13
123 15
453 15
27 16
744 17
773 17
232 18
604 18
276 19
828 21
210 22
122 23
734 23
258 23
865 27
49 28
747 29
876 30
541 30
583 30
752 34
409 37
117 38
554 39
324 39
628 41
202 42
508 45
47 45
27 45
882 46
344 46
866 47
554 47
36 48
394 49
239 49
790 50
48 54
119 54
11 56
469 57
462 58
527 59
129 59
182 59
535 63
270 66
349 69
742 70
170 72
503 74
167 78
251 79
96 79
142 80
512 87
432 87
616 88
358 88
3 88
426 88
185 89
521 89
399 92
96 93
772 94
68 95
733 95
536 96
563 97
265 99
413 99
35 100
592 100
357 103
591 104
17 105
382 106
666 106
863 107
817 108
257 108
218 109
590 110
806 110
844 111
808 112
200 113
510 114
412 116
548 116
326 117
466 120
157 120
630 122
909 122
407 122
734 122
495 123
907 125
163 129
208 130
197 131
239 133
446 133
283 134
16 135
135 137
867 139
707 139
327 139
299 139
672 139
354 140
108 140
512 140
674 141
438 143
269 143
371 143
378 144
439 145
94 146
229 146
793 147
499 147
754 148
616 151
856 152
338 154
19 154
464 155
487 157
140 159
337 159
212 159
613 160
584 161
290 162
275 162
119 162
73 162
674 163
649 163
556 163
618 164
562 165
506 165
87 165
98 166
232 166
664 167
465 167
413 168
462 169
154 169
608 170
37 171
45 174
851 174
358 174
105 180
475 183
464 187
395 188
779 190
226 191
261 193
858 194
660 195
598 195
356 195
198 199
732 199
650 200
793 200
523 201
763 202
735 203
770 203
412 205
601 206
71 207
53 213
388 213
82 213
522 214
255 220
884 220
620 222
162 222
406 223
23 223
498 225
54 226
103 227
543 228
722 228
163 229
477 229
863 229
605 231
661 232
712 233
616 235
817 236
328 236
607 236
445 247
733 249
189 249
739 251
20 252
285 252
18 256
753 257
79 258
298 259
237 260
832 260
842 261
105 261
357 263
555 263
310 263
372 264
696 264
896 265
570 266
553 268
769 268
847 268
574 268
517 269
727 271
894 272
789 273
167 274
461 275
531 277
506 278
875 280
869 281
541 281
419 282
166 284
279 285
607 285
884 287
451 287
867 288
299 288
68 289
5 290
39 290
448 294
501 294
409 295
472 296
55 296
893 296
630 297
283 298
746 298
465 298
220 298
107 298
215 299
261 299
342 300
541 302
74 302
423 303
739 303
650 304
732 305
507 305
859 306
25 306
591 307
14 309
101 310
847 310
684 313
450 315
434 316
379 316
816 316
416 318
395 319
353 319
700 321
304 322
611 323
259 323
58 324
742 324
15 326
905 326
844 327
846 327
358 330
573 332
251 332
455 334
728 335
413 335
259 335
17 336
613 337
540 337
871 340
138 341
178 346
346 346
476 346
773 349
422 350
480 350
340 351
160 357
662 358
520 361
435 362
712 362
384 362
71 363
217 363
644 366
863 367
167 367
254 368
713 370
335 370
302 371
137 372
599 372
281 373
71 374
668 376
283 379
461 381
399 383
612 384
669 387
827 388
334 388
680 388
684 389
134 389
787 390
398 390
684 391
844 391
889 394
895 394
694 394
373 395
895 395
253 395
455 397
49 399
717 401
136 404
833 405
358 405
6 407
619 408
522 410
311 411
43 412
274 412
745 414
243 415
223 416
732 417
870 418
816 419
212 419
331 421
807 421
664 421
361 423
10 423
783 424
716 424
129 425
598 426
768 427
35 428
884 430
745 430
476 430
631 430
774 430
180 431
430 433
318 435
470 436
707 437
739 439
650 443
229 444
118 445
687 445
767 446
658 446
460 447
16 448
672 449
785 450
122 453
477 453
443 455
66 455
350 456
746 457
471 458
152 458
743 459
849 460
91 462
549 462
189 462
50 463
170 465
573 465
870 466
563 467
731 469
468 472
746 472
573 472
723 475
115 477
50 481
372 483
541 483
123 483
362 484
456 484
130 485
786 487
107 487
298 489
300 489
769 489
398 489
513 490
239 490
431 491
468 492
729 492
329 493
513 495
430 495
397 496
253 497
81 498
732 499
885 501
428 501
168 502
269 502
382 502
617 503
640 506
285 508
215 508
60 508
856 509
719 510
757 512
110 513
202 513
258 514
803 514
279 514
433 515
480 515
749 516
664 518
333 518
499 519
460 521
229 521
865 521
393 522
471 522
275 524
503 526
542 527
459 528
511 528
840 530
548 532
853 532
69 533
121 534
553 534
536 536
35 537
163 537
207 538
849 538
518 539
468 540
797 541
636 543
820 545
93 546
203 548
802 548
463 549
454 550
470 551
731 551
71 553
21 554
150 554
241 555
418 557
789 557
219 557
898 557
536 559
261 559
336 561
136 561
439 561
893 562
608 564
603 564
722 564
108 565
340 567
639 568
15 568
509 570
907 570
592 571
134 571
432 573
187 573
861 574
78 574
382 575
880 575
504 576
617 576
860 576
481 576
780 577
117 578
426 578
129 579
722 580
350 581
205 582
464 585
443 586
62 589
621 589
192 590
316 592
684 594
217 594
676 595
79 597
844 598
858 598
197 599
291 600
600 601
847 601
753 602
474 603
11 605
695 605
5 605
760 606
177 608
808 608
538 611
798 613
313 617
524 618
379 620
181 621
818 624
412 624
843 625
446 625
340 626
816 628
835 630
715 631
8 631
342 634
541 634
288 635
502 638
470 638
21 639
647 639
517 640
464 640
347 642
430 644
573 645
41 646
185 647
758 648
383 649
661 650
645 650
209 651
381 651
579 653
453 653
403 655
850 657
51 658
828 658
753 661
891 663
232 664
701 665
693 670
345 671
862 672
818 672
436 673
594 674
107 674
293 674
483 675
779 676
508 677
358 677
863 678
877 681
355 682
434 682
29 683
155 683
321 684
376 684
837 684
330 686
816 690
902 690
659 691
647 692
78 692
452 694
190 695
467 697
624 697
178 697
13 699
440 699
859 701
431 702
888 705
338 707
672 707
357 709
851 709
213 710
284 710
657 714
898 715
416 715
660 715
731 717
879 718
268 718
686 718
96 720
604 721
529 723
52 725
40 725
455 725
691 727
39 727
873 730
383 732
319 732
639 733
775 735
690 735
720 736
410 738
849 738
560 738
160 739
523 740
269 740
465 742
763 744
571 744
476 745
608 745
507 745
181 746
187 746
395 747
112 747
402 747
858 749
193 750
334 751
727 753
321 753
178 754
268 757
825 757
160 757
422 758
33 760
779 762
150 762
909 764
491 764
176 766
68 767
867 767
505 767
183 769
24 769
70 770
39 771
478 772
632 772
155 773
382 777
6 778
57 779
454 780
311 780
535 785
262 786
354 786
354 786
405 790
588 791
748 792
266 794
389 797
527 799
463 800
823 801
82 802
416 802
800 803
619 804
865 805
217 807
80 808
92 808
687 810
196 811
125 815
56 816
323 816
142 818
384 822
214 823
690 826
303 827
627 827
321 828
244 828
186 829
889 829
183 830
716 830
25 831
628 831
501 833
408 834
777 835
489 836
18 836
215 837
426 837
796 839
612 840
867 841
676 844
150 844
640 846
561 847
572 847
640 847
632 850
461 850
399 850
857 851
61 852
641 853
10 854
730 855
159 856
681 859
853 860
672 861
369 861
673 862
498 864
467 864
54 864
