1000
804 2147483637
144 2147483637
766 2147483637
890 2147483637
773 2147483637
651 2147483637
544 2147483637
87 2147483637
148 2147483637
741 2147483637
961 2147483637
918 2147483637
637 2147483637
775 2147483637
311 2147483637
161 2147483637
559 2147483637
75 2147483637
559 2147483637
140 2147483637
579 2147483637
983 2147483637
684 2147483637
592 2147483637
602 2147483637
106 2147483637
765 2147483637
643 2147483637
522 2147483637
231 2147483637
972 2147483637
298 2147483637
139 2147483637
211 2147483637
288 2147483637
342 2147483637
877 2147483637
63 2147483637
703 2147483637
649 2147483637
722 2147483637
569 2147483637
34 2147483637
422 2147483637
370 2147483637
675 2147483637
998 2147483637
635 2147483637
914 2147483637
673 2147483637
281 2147483637
264 2147483637
387 2147483637
201 2147483637
849 2147483637
698 2147483637
332 2147483637
463 2147483637
511 2147483637
599 2147483637
37 2147483637
878 2147483637
117 2147483637
823 2147483637
242 2147483637
644 2147483637
238 2147483637
174 2147483637
924 2147483637
252 2147483637
893 2147483637
40 2147483637
894 2147483637
608 2147483637
557 2147483637
318 2147483637
498 2147483637
527 2147483637
246 2147483637
509 2147483637
78 2147483637
424 2147483637
591 2147483637
6 2147483638
172 2147483638
613 2147483638
238 2147483638
483 2147483638
160 2147483638
316 2147483638
465 2147483638
128 2147483638
745 2147483638
283 2147483638
666 2147483638
789 2147483638
528 2147483638
200 2147483638
41 2147483638
570 2147483638
217 2147483638
885 2147483638
639 2147483638
184 2147483638
331 2147483638
762 2147483638
690 2147483638
251 2147483638
349 2147483638
548 2147483638
135 2147483638
127 2147483638
309 2147483638
644 2147483638
249 2147483638
893 2147483638
860 2147483638
134 2147483638
998 2147483638
448 2147483638
155 2147483638
799 2147483638
904 2147483638
650 2147483638
469 2147483638
429 2147483638
201 2147483638
198 2147483638
748 2147483638
114 2147483638
865 2147483638
474 2147483638
73 2147483638
117 2147483638
845 2147483638
499 2147483638
768 2147483638
130 2147483638
651 2147483638
381 2147483638
417 2147483638
636 2147483638
776 2147483638
787 2147483638
561 2147483638
925 2147483638
658 2147483638
428 2147483638
484 2147483638
654 2147483638
926 2147483638
649 2147483638
14 2147483638
885 2147483638
628 2147483638
964 2147483638
607 2147483638
926 2147483638
55 2147483638
833 2147483638
769 2147483638
973 2147483638
758 2147483638
747 2147483638
688 2147483638
930 2147483638
501 2147483638
930 2147483638
77 2147483638
770 2147483638
450 2147483638
625 2147483638
82 2147483638
19 2147483638
955 2147483638
14 2147483638
589 2147483638
874 2147483638
917 2147483639
52 2147483639
351 2147483639
97 2147483639
558 2147483639
524 2147483639
188 2147483639
316 2147483639
667 2147483639
635 2147483639
894 2147483639
509 2147483639
162 2147483639
975 2147483639
667 2147483639
952 2147483639
410 2147483639
882 2147483639
982 2147483639
330 2147483639
272 2147483639
698 2147483639
992 2147483639
101 2147483639
212 2147483639
820 2147483639
814 2147483639
11 2147483639
159 2147483639
42 2147483639
155 2147483639
162 2147483639
841 2147483639
134 2147483639
338 2147483639
441 2147483639
637 2147483639
376 2147483639
324 2147483639
748 2147483639
300 2147483639
591 2147483639
200 2147483639
390 2147483639
538 2147483639
41 2147483639
628 2147483639
318 2147483639
510 2147483639
459 2147483639
957 2147483639
703 2147483639
371 2147483639
890 2147483639
862 2147483639
85 2147483639
342 2147483639
562 2147483639
21 2147483639
947 2147483639
490 2147483639
447 2147483639
826 2147483639
971 2147483639
253 2147483639
686 2147483639
796 2147483639
87 2147483639
116 2147483639
775 2147483639
245 2147483639
52 2147483639
989 2147483639
312 2147483639
984 2147483639
905 2147483639
574 2147483639
698 2147483639
203 2147483639
461 2147483639
573 2147483639
25 2147483639
150 2147483639
597 2147483640
705 2147483640
513 2147483640
403 2147483640
284 2147483640
403 2147483640
866 2147483640
250 2147483640
559 2147483640
522 2147483640
423 2147483640
640 2147483640
512 2147483640
496 2147483640
21 2147483640
887 2147483640
923 2147483640
867 2147483640
560 2147483640
357 2147483640
791 2147483640
451 2147483640
667 2147483640
785 2147483640
314 2147483640
204 2147483640
47 2147483640
64 2147483640
690 2147483640
640 2147483640
155 2147483640
85 2147483640
218 2147483640
422 2147483640
821 2147483640
762 2147483640
205 2147483640
333 2147483640
487 2147483640
710 2147483640
693 2147483640
9 2147483640
11 2147483640
56 2147483640
112 2147483640
315 2147483640
949 2147483640
10 2147483640
458 2147483640
354 2147483640
660 2147483640
423 2147483640
227 2147483640
865 2147483640
185 2147483640
292 2147483640
663 2147483640
692 2147483640
45 2147483640
405 2147483640
800 2147483640
609 2147483640
755 2147483640
455 2147483640
609 2147483640
838 2147483640
651 2147483640
756 2147483640
105 2147483640
11 2147483640
713 2147483640
314 2147483640
959 2147483640
968 2147483640
352 2147483640
832 2147483640
374 2147483640
51 2147483640
842 2147483640
691 2147483640
880 2147483640
30 2147483640
750 2147483640
916 2147483640
965 2147483640
327 2147483640
782 2147483640
709 2147483640
58 2147483640
18 2147483640
537 2147483640
210 2147483640
400 2147483640
679 2147483640
303 2147483640
943 2147483640
73 2147483640
565 2147483640
747 2147483640
855 2147483640
235 2147483641
927 2147483641
528 2147483641
528 2147483641
844 2147483641
700 2147483641
968 2147483641
424 2147483641
257 2147483641
631 2147483641
336 2147483641
476 2147483641
84 2147483641
570 2147483641
387 2147483641
548 2147483641
47 2147483641
204 2147483641
158 2147483641
256 2147483641
10 2147483641
465 2147483641
789 2147483641
849 2147483641
739 2147483641
321 2147483641
301 2147483641
923 2147483641
80 2147483641
817 2147483641
123 2147483641
266 2147483641
816 2147483641
659 2147483641
8 2147483641
75 2147483641
848 2147483641
665 2147483641
305 2147483641
683 2147483641
323 2147483641
604 2147483641
758 2147483641
847 2147483641
848 2147483641
2 2147483641
589 2147483641
227 2147483641
78 2147483641
390 2147483641
632 2147483641
498 2147483641
248 2147483641
904 2147483641
352 2147483641
69 2147483641
162 2147483641
99 2147483641
555 2147483641
182 2147483641
904 2147483641
116 2147483641
447 2147483641
678 2147483641
897 2147483641
768 2147483641
72 2147483641
586 2147483641
107 2147483641
377 2147483641
52 2147483641
494 2147483641
922 2147483641
971 2147483641
238 2147483641
767 2147483641
842 2147483641
914 2147483641
691 2147483641
507 2147483641
256 2147483641
925 2147483641
145 2147483641
668 2147483641
540 2147483641
387 2147483641
510 2147483641
672 2147483641
903 2147483641
426 2147483641
153 2147483641
556 2147483641
604 2147483641
117 2147483641
847 2147483641
514 2147483641
817 2147483641
121 2147483641
955 2147483641
160 2147483641
298 2147483642
160 2147483642
380 2147483642
224 2147483642
828 2147483642
977 2147483642
932 2147483642
71 2147483642
972 2147483642
797 2147483642
561 2147483642
876 2147483642
374 2147483642
225 2147483642
455 2147483642
951 2147483642
600 2147483642
206 2147483642
634 2147483642
304 2147483642
224 2147483642
983 2147483642
604 2147483642
858 2147483642
766 2147483642
173 2147483642
355 2147483642
468 2147483642
84 2147483642
121 2147483642
445 2147483642
56 2147483642
818 2147483642
84 2147483642
347 2147483642
869 2147483642
408 2147483642
882 2147483642
523 2147483642
124 2147483642
701 2147483642
634 2147483642
779 2147483642
485 2147483642
518 2147483642
246 2147483642
248 2147483642
571 2147483642
141 2147483642
340 2147483642
470 2147483642
258 2147483642
797 2147483642
980 2147483642
420 2147483642
98 2147483642
823 2147483642
441 2147483642
387 2147483642
227 2147483642
331 2147483642
321 2147483642
183 2147483642
396 2147483642
945 2147483642
165 2147483642
580 2147483642
242 2147483642
67 2147483642
61 2147483642
379 2147483642
745 2147483642
93 2147483642
391 2147483642
724 2147483642
132 2147483642
700 2147483642
760 2147483642
199 2147483642
959 2147483642
316 2147483642
614 2147483642
276 2147483642
131 2147483642
997 2147483642
486 2147483642
8 2147483642
650 2147483642
950 2147483642
882 2147483642
111 2147483643
952 2147483643
393 2147483643
545 2147483643
261 2147483643
255 2147483643
267 2147483643
531 2147483643
800 2147483643
422 2147483643
762 2147483643
178 2147483643
481 2147483643
129 2147483643
723 2147483643
679 2147483643
791 2147483643
765 2147483643
298 2147483643
899 2147483643
930 2147483643
48 2147483643
804 2147483643
551 2147483643
751 2147483643
591 2147483643
104 2147483643
933 2147483643
577 2147483643
541 2147483643
565 2147483643
804 2147483643
638 2147483643
876 2147483643
368 2147483643
517 2147483643
923 2147483643
130 2147483643
676 2147483643
353 2147483643
880 2147483643
890 2147483643
783 2147483643
238 2147483643
455 2147483643
245 2147483643
317 2147483643
468 2147483643
998 2147483643
814 2147483643
480 2147483643
68 2147483643
735 2147483643
845 2147483643
28 2147483643
2 2147483643
686 2147483643
974 2147483643
405 2147483643
250 2147483643
463 2147483643
588 2147483643
388 2147483643
928 2147483643
265 2147483643
751 2147483643
872 2147483643
707 2147483643
699 2147483643
328 2147483643
884 2147483643
522 2147483643
370 2147483643
882 2147483643
571 2147483643
147 2147483643
882 2147483643
432 2147483643
314 2147483643
971 2147483643
249 2147483643
273 2147483643
638 2147483643
69 2147483643
970 2147483643
624 2147483643
71 2147483643
763 2147483643
67 2147483643
344 2147483643
573 2147483643
920 2147483643
520 2147483643
370 2147483643
467 2147483643
137 2147483643
472 2147483643
233 2147483643
435 2147483643
780 2147483643
401 2147483643
553 2147483643
533 2147483643
261 2147483644
734 2147483644
295 2147483644
440 2147483644
56 2147483644
286 2147483644
237 2147483644
476 2147483644
994 2147483644
435 2147483644
705 2147483644
133 2147483644
767 2147483644
454 2147483644
779 2147483644
717 2147483644
275 2147483644
589 2147483644
299 2147483644
339 2147483644
871 2147483644
156 2147483644
192 2147483644
46 2147483644
64 2147483644
184 2147483644
5 2147483644
435 2147483644
168 2147483644
892 2147483644
417 2147483644
911 2147483644
340 2147483644
381 2147483644
974 2147483644
840 2147483644
709 2147483644
974 2147483644
778 2147483644
943 2147483644
583 2147483644
764 2147483644
775 2147483644
636 2147483644
503 2147483644
88 2147483644
854 2147483644
796 2147483644
269 2147483644
867 2147483644
78 2147483644
93 2147483644
917 2147483644
592 2147483644
502 2147483644
17 2147483644
514 2147483644
398 2147483644
834 2147483644
770 2147483644
300 2147483644
698 2147483644
638 2147483644
73 2147483644
113 2147483644
739 2147483644
29 2147483644
873 2147483644
505 2147483644
729 2147483644
516 2147483644
631 2147483644
911 2147483644
308 2147483644
357 2147483644
886 2147483644
423 2147483644
34 2147483644
996 2147483644
782 2147483644
427 2147483644
621 2147483644
268 2147483644
267 2147483644
585 2147483644
256 2147483644
173 2147483644
134 2147483644
100 2147483644
804 2147483644
96 2147483644
184 2147483645
965 2147483645
466 2147483645
699 2147483645
634 2147483645
416 2147483645
181 2147483645
690 2147483645
104 2147483645
974 2147483645
738 2147483645
5 2147483645
590 2147483645
43 2147483645
876 2147483645
7 2147483645
414 2147483645
55 2147483645
569 2147483645
717 2147483645
290 2147483645
666 2147483645
950 2147483645
163 2147483645
985 2147483645
52 2147483645
345 2147483645
565 2147483645
634 2147483645
480 2147483645
993 2147483645
456 2147483645
293 2147483645
264 2147483645
432 2147483645
711 2147483645
606 2147483645
324 2147483645
482 2147483645
124 2147483645
399 2147483645
233 2147483645
227 2147483645
228 2147483645
847 2147483645
904 2147483645
81 2147483645
259 2147483645
812 2147483645
570 2147483645
199 2147483645
101 2147483645
804 2147483645
6 2147483645
957 2147483645
807 2147483645
374 2147483645
116 2147483645
107 2147483645
486 2147483645
653 2147483645
957 2147483645
394 2147483645
213 2147483645
430 2147483645
781 2147483645
284 2147483645
783 2147483645
61 2147483645
138 2147483645
466 2147483645
433 2147483645
244 2147483645
817 2147483645
709 2147483645
763 2147483645
816 2147483645
665 2147483646
672 2147483646
354 2147483646
387 2147483646
327 2147483646
21 2147483646
463 2147483646
281 2147483646
835 2147483646
339 2147483646
895 2147483646
967 2147483646
585 2147483646
644 2147483646
915 2147483646
306 2147483646
737 2147483646
111 2147483646
6 2147483646
18 2147483646
628 2147483646
808 2147483646
308 2147483646
457 2147483646
268 2147483646
477 2147483646
159 2147483646
260 2147483646
386 2147483646
43 2147483646
170 2147483646
44 2147483646
181 2147483646
497 2147483646
74 2147483646
672 2147483646
215 2147483646
918 2147483646
621 2147483646
669 2147483646
436 2147483646
249 2147483646
770 2147483646
860 2147483646
281 2147483646
201 2147483646
739 2147483646
770 2147483646
731 2147483646
378 2147483646
261 2147483646
161 2147483646
113 2147483646
478 2147483646
87 2147483646
609 2147483646
78 2147483646
307 2147483646
325 2147483646
355 2147483646
511 2147483646
995 2147483646
74 2147483646
182 2147483646
366 2147483646
650 2147483646
130 2147483646
111 2147483646
605 2147483646
616 2147483646
346 2147483646
856 2147483646
896 2147483646
516 2147483646
641 2147483646
423 2147483646
532 2147483646
491 2147483646
661 2147483646
252 2147483646
773 2147483646
938 2147483646
322 2147483646
705 2147483647
309 2147483647
28 2147483647
635 2147483647
935 2147483647
138 2147483647
577 2147483647
441 2147483647
792 2147483647
834 2147483647
640 2147483647
425 2147483647
136 2147483647
953 2147483647
310 2147483647
713 2147483647
275 2147483647
608 2147483647
657 2147483647
484 2147483647
996 2147483647
771 2147483647
519 2147483647
341 2147483647
327 2147483647
801 2147483647
778 2147483647
792 2147483647
901 2147483647
59 2147483647
609 2147483647
178 2147483647
505 2147483647
930 2147483647
601 2147483647
224 2147483647
750 2147483647
464 2147483647
925 2147483647
971 2147483647
112 2147483647
165 2147483647
681 2147483647
632 2147483647
646 2147483647
618 2147483647
110 2147483647
622 2147483647
592 2147483647
297 2147483647
570 2147483647
752 2147483647
12 2147483647
614 2147483647
660 2147483647
955 2147483647
530 2147483647
622 2147483647
385 2147483647
632 2147483647
700 2147483647
352 2147483647
988 2147483647
764 2147483647
67 2147483647
972 2147483647
311 2147483647
437 2147483647
660 2147483647
835 2147483647
677 2147483647
412 2147483647
972 2147483647
267 2147483647
656 2147483647
595 2147483647
992 2147483647
63 2147483647
180 2147483647
861 2147483647
164 2147483647
716 2147483647
89 2147483647
778 2147483647
150 2147483647
943 2147483647
40 2147483647
628 2147483647
99 2147483647
794 2147483647
10 2147483647
344 2147483647
666 2147483647
305 2147483647
805 2147483647
