1000
223 1
756 2
3 2
44 3
526 5
640 6
910 6
145 8
489 9
295 11
443 13
367 16
790 16
733 18
792 22
772 22
228 23
399 23
388 23
715 25
846 25
581 26
50 26
947 28
461 28
78 29
744 30
919 31
888 31
411 32
628 32
811 33
58 34
673 35
543 35
166 35
405 35
757 36
657 39
411 39
183 39
178 40
756 42
168 42
641 43
287 44
233 45
688 46
985 46
333 47
238 50
716 50
913 53
177 54
930 55
79 56
846 60
778 60
207 61
841 61
401 62
464 66
633 66
817 67
285 68
600 68
412 69
398 69
720 69
412 71
264 72
639 73
538 74
888 74
888 75
88 76
115 76
794 78
810 78
174 79
281 79
986 80
172 80
761 81
76 81
48 81
812 81
199 82
926 83
294 83
610 84
761 84
770 85
797 86
489 87
762 87
248 88
515 88
100 89
3 89
28 91
821 91
205 95
869 98
716 99
346 99
965 103
596 103
300 104
910 104
697 107
924 107
742 110
299 110
743 111
737 111
450 111
532 112
573 112
394 114
44 115
679 117
767 119
750 119
29 120
618 122
519 122
35 123
208 124
255 124
679 125
197 126
362 126
527 127
860 129
571 131
289 132
874 135
943 135
186 136
40 139
782 140
374 141
162 142
778 142
179 146
115 147
604 147
34 148
290 152
760 153
137 153
476 153
818 154
662 155
945 155
431 157
692 158
882 158
128 161
477 162
908 162
340 164
541 164
140 165
104 166
30 167
401 168
801 168
269 170
736 172
815 172
770 175
250 175
631 175
32 177
878 178
404 181
85 182
808 182
479 182
467 185
495 186
575 187
507 191
998 191
761 192
320 196
810 197
931 197
238 197
175 197
622 198
833 198
763 201
580 201
177 201
199 203
206 204
608 204
925 204
420 209
123 211
256 216
239 217
409 217
418 218
992 219
254 219
821 219
139 225
967 228
207 230
435 230
798 236
650 238
362 239
329 240
733 241
229 242
868 243
627 244
315 244
374 244
577 245
757 245
864 246
281 247
815 247
633 247
795 247
440 248
566 249
136 249
420 250
639 252
920 252
572 252
194 252
399 253
903 254
47 257
128 258
166 258
354 258
575 259
220 260
351 261
866 261
442 261
676 262
229 263
444 263
67 267
180 268
973 272
81 274
296 277
78 278
518 279
142 282
119 284
713 286
635 286
962 288
302 288
76 289
565 291
311 291
938 291
937 293
926 294
203 294
210 297
734 297
622 298
963 298
899 298
462 298
755 299
481 301
708 301
702 302
639 302
185 306
774 307
939 310
488 311
90 311
653 313
336 314
820 314
205 315
301 317
295 317
672 319
405 319
34 319
891 320
415 322
368 322
584 323
29 323
404 325
838 327
782 327
128 327
166 329
776 329
546 331
761 332
320 332
619 333
373 333
872 333
991 334
45 336
38 337
600 339
27 340
782 341
594 346
389 347
223 347
671 347
297 348
700 351
186 351
213 352
929 352
505 352
950 353
175 354
309 355
265 355
100 355
115 356
499 359
369 359
710 360
660 360
850 361
193 362
344 364
392 365
381 365
803 365
612 366
437 368
392 368
436 368
568 369
179 370
471 370
733 373
153 373
709 374
749 374
647 376
375 377
109 377
508 377
69 382
553 384
246 386
8 386
967 387
231 387
752 388
104 389
12 389
370 389
150 390
464 391
840 391
746 392
636 392
87 393
670 394
59 395
690 396
938 398
673 398
976 398
895 399
455 403
998 404
242 406
873 407
896 407
330 408
497 409
254 409
851 414
430 415
855 417
229 417
1000 419
572 419
75 419
389 420
575 420
14 420
947 420
23 425
593 426
100 426
777 427
332 428
703 428
671 428
851 429
34 430
363 431
433 431
495 432
127 433
127 433
6 434
651 434
290 435
545 438
460 439
455 439
147 440
998 440
115 441
341 442
297 442
610 442
284 443
162 445
798 446
557 447
94 447
420 447
471 448
137 451
71 451
826 453
640 453
286 453
976 454
999 458
273 458
268 461
443 461
341 462
342 462
208 463
915 465
863 465
432 469
463 471
264 471
541 472
314 473
863 473
722 474
458 474
882 475
917 476
451 477
255 477
710 477
524 479
924 479
625 480
9 481
672 481
926 482
596 482
379 483
620 484
485 484
375 484
12 484
917 486
787 487
339 487
898 487
558 489
980 489
373 490
950 491
907 491
73 493
576 495
439 495
263 495
420 496
770 497
565 498
635 498
64 501
502 502
698 503
596 505
404 505
25 506
147 507
284 508
551 508
911 510
543 510
999 512
188 516
287 516
170 517
900 518
318 520
1 520
159 521
17 521
49 522
325 522
745 523
602 524
134 525
735 525
727 525
384 527
789 529
807 529
318 529
10 530
688 532
551 536
808 536
939 537
352 537
429 540
741 540
744 541
445 541
453 541
749 543
579 544
483 544
962 546
503 546
40 547
73 548
774 548
844 548
277 549
940 550
67 550
952 551
443 552
213 553
908 556
420 557
74 557
825 558
712 558
64 558
15 559
730 559
768 563
560 563
777 564
975 564
772 565
360 565
166 566
27 567
640 568
865 570
199 571
280 571
788 571
252 571
174 573
581 576
995 577
754 578
368 578
472 578
376 580
611 581
362 581
42 581
605 582
456 583
740 587
682 588
17 588
880 588
590 589
255 591
158 592
211 593
362 594
718 594
454 595
66 595
776 596
695 596
500 596
940 596
830 597
584 597
414 599
936 599
948 600
305 602
679 604
294 604
671 605
227 605
772 606
201 609
834 609
124 611
969 612
360 615
654 615
948 616
892 616
961 618
446 618
347 620
469 620
15 622
444 624
246 625
896 626
616 627
676 627
377 629
105 630
256 630
298 631
93 633
508 635
746 637
149 638
232 638
646 638
94 639
595 640
777 642
88 642
625 643
39 645
797 647
459 647
432 649
696 650
648 650
865 650
413 651
22 653
634 654
612 655
619 655
506 656
139 656
879 656
467 657
157 659
582 659
361 660
209 661
487 661
990 661
252 661
615 662
975 664
58 664
38 664
271 665
862 665
895 666
170 669
92 670
62 672
954 673
487 673
126 674
539 674
459 674
62 676
32 676
150 681
126 683
770 683
637 683
598 683
618 685
806 686
903 687
416 688
99 689
989 689
327 689
65 691
137 692
366 692
948 692
486 693
661 693
132 693
133 693
723 694
554 694
254 694
479 696
955 700
275 703
629 705
105 708
723 708
330 709
17 710
611 711
539 713
151 714
890 715
73 716
907 716
615 717
350 719
693 720
273 720
361 721
34 722
260 722
96 723
80 724
694 725
492 726
854 726
421 727
825 728
47 728
45 728
913 730
12 730
630 732
717 732
858 733
659 734
836 735
972 737
193 738
785 739
763 741
8 741
500 744
306 744
867 744
565 745
67 746
763 747
953 747
547 748
645 748
864 750
441 750
982 750
448 751
358 751
565 754
623 754
562 754
745 756
108 756
278 759
682 760
307 762
820 765
351 766
495 766
968 767
252 767
985 768
345 770
599 773
43 774
170 775
963 775
875 780
277 780
138 781
448 782
607 783
171 784
239 785
660 785
684 785
575 785
784 786
255 786
896 786
803 786
721 788
843 789
867 790
279 790
942 791
472 792
478 793
595 794
632 795
863 795
656 796
305 796
789 797
128 798
175 799
322 800
955 805
579 808
836 808
85 809
32 812
363 813
30 815
238 815
990 816
102 816
851 816
154 817
358 818
407 819
572 820
108 820
369 821
298 822
557 822
439 824
35 825
93 826
44 827
671 827
684 829
224 829
383 830
131 830
53 831
154 832
740 833
502 838
322 839
646 839
100 839
643 839
93 840
426 842
678 842
960 844
528 844
726 844
861 845
771 852
213 853
842 854
451 856
319 856
931 857
720 857
310 860
219 860
635 860
107 861
554 862
710 863
524 864
294 864
32 865
184 866
278 870
810 872
34 873
709 874
39 874
134 875
531 875
686 877
769 878
232 878
74 879
656 884
501 885
584 888
601 889
110 890
930 892
403 894
661 894
118 895
444 895
22 895
791 898
822 898
642 900
142 900
9 901
723 906
731 906
412 907
666 908
86 908
33 909
896 910
202 912
171 914
515 914
241 914
210 916
820 919
577 923
127 923
322 924
448 925
723 927
355 927
680 927
67 928
338 928
599 928
462 930
919 932
459 933
152 934
542 935
356 936
596 936
756 937
951 937
746 939
715 939
730 939
656 940
673 941
356 941
411 941
644 942
525 943
39 943
742 945
187 945
335 948
743 948
884 948
731 948
710 949
405 952
268 952
705 952
530 953
771 954
446 959
641 959
191 959
970 961
536 962
811 962
984 964
493 964
483 965
609 965
80 966
164 966
619 969
356 970
833 970
195 972
285 974
873 974
639 974
432 975
875 976
818 977
62 977
477 978
178 978
466 978
638 979
76 981
243 982
333 982
709 985
343 985
523 986
977 986
723 987
562 989
90 989
168 990
199 992
901 994
207 994
772 996
283 997
408 999
231 1000
809 1000
