152
89 4
86 6
3 13
98 14
116 14
14 15
95 16
55 24
149 28
2 28
25 28
150 29
68 35
103 35
97 36
84 40
108 45
39 48
12 48
106 48
13 53
106 55
62 58
101 58
113 58
54 61
125 63
99 69
112 70
39 77
105 78
70 79
21 80
144 83
25 88
5 91
76 95
102 95
53 96
34 98
4 99
23 99
65 100
2 100
4 101
152 101
10 102
43 102
99 103
11 103
57 104
76 105
51 105
20 108
99 109
17 110
109 121
39 121
86 130
89 134
52 137
125 138
121 138
130 139
52 140
45 141
14 144
54 144
134 150
103 152
88 157
93 157
88 163
58 166
31 166
146 169
47 172
124 174
41 176
85 188
42 189
20 195
63 195
77 197
55 198
33 198
52 200
136 200
52 201
37 204
71 204
88 209
138 213
87 213
76 220
57 220
96 222
93 223
96 232
29 233
51 239
86 244
60 246
44 247
14 248
54 250
134 252
101 257
79 258
109 265
71 267
80 269
100 271
149 275
40 276
28 276
26 279
108 290
145 292
13 292
123 293
95 295
147 295
61 296
134 298
116 303
45 306
86 310
107 310
103 311
75 316
28 320
111 322
117 323
22 327
145 327
66 329
152 335
118 340
52 341
112 342
93 343
57 348
109 350
8 350
24 350
80 355
65 358
57 362
72 362
29 367
63 367
