466
370 1
610 2
86 3
609 6
509 6
376 7
369 8
294 10
74 11
16 14
602 15
586 16
873 21
937 23
793 26
403 28
485 29
919 30
327 31
674 33
857 36
926 37
281 38
468 42
534 45
869 46
147 47
383 52
696 53
724 59
664 62
366 62
220 66
248 66
233 68
93 68
905 69
59 74
626 77
667 79
795 80
234 82
35 84
215 85
470 90
502 93
50 94
18 95
384 103
181 104
847 105
831 108
159 110
581 115
92 117
285 120
202 120
242 128
256 129
241 131
350 133
313 134
793 141
598 142
843 142
969 143
111 147
785 148
126 148
391 150
14 151
542 152
986 163
802 165
961 172
655 174
383 175
621 175
827 176
147 176
629 178
706 179
930 184
743 186
630 186
630 190
362 191
225 196
379 196
986 198
12 202
826 203
306 206
109 207
158 209
340 209
724 215
295 218
794 225
476 226
275 234
218 234
279 234
400 237
145 238
713 240
949 243
196 244
862 245
200 247
238 248
265 250
409 250
358 256
945 258
465 258
386 258
622 259
91 260
641 260
709 262
702 263
430 263
238 264
526 265
742 266
936 270
661 271
183 273
471 274
110 276
32 278
700 279
334 283
203 283
634 284
228 287
973 287
630 290
973 292
726 292
791 296
5 297
445 299
457 301
325 302
228 303
807 304
99 304
97 309
220 310
208 311
382 313
119 316
711 319
711 319
485 319
770 322
56 329
662 330
42 332
142 338
674 344
202 355
540 360
101 360
598 368
985 372
47 378
903 382
105 382
808 384
206 384
664 384
421 387
579 388
116 392
481 393
164 393
221 395
681 395
609 397
419 399
702 401
867 403
706 403
818 408
847 413
49 415
76 418
596 419
312 424
124 424
84 426
475 426
346 428
880 429
791 430
90 431
603 434
253 434
864 435
810 436
108 440
810 444
823 445
49 448
312 449
327 460
234 461
395 462
442 463
663 463
444 464
572 467
106 467
143 467
104 468
618 468
880 468
738 472
262 475
375 477
445 480
302 480
326 481
57 482
657 484
484 485
377 487
652 487
97 488
351 489
296 493
940 495
317 496
559 502
189 503
180 506
664 507
491 507
252 510
90 510
748 511
429 514
66 515
681 522
884 523
20 524
163 527
857 527
17 528
664 531
821 531
105 534
611 537
241 538
987 543
507 544
346 544
360 545
216 547
653 548
556 550
728 551
95 552
567 552
725 556
277 562
394 568
130 568
526 570
483 570
400 571
621 572
111 578
432 578
459 580
851 584
621 585
630 586
705 586
793 592
875 596
604 599
623 601
477 602
393 602
475 612
860 615
333 616
349 616
215 617
177 624
506 624
41 625
775 625
208 625
811 628
672 632
40 635
921 637
380 638
513 639
190 639
602 643
511 645
286 646
988 649
918 652
606 655
106 656
472 656
948 660
248 660
26 665
906 665
630 668
110 670
385 670
131 671
282 672
41 674
989 676
764 676
838 676
205 681
712 681
348 682
149 685
623 686
619 688
724 688
902 691
226 694
467 695
435 699
835 700
558 701
665 702
783 703
54 705
520 705
946 707
626 707
561 710
687 717
134 719
897 719
155 721
491 722
163 723
418 725
232 725
474 728
124 742
233 743
636 744
225 748
88 749
625 750
868 753
102 756
807 757
898 759
632 765
895 765
535 768
681 780
810 780
916 780
718 781
377 781
298 782
799 784
490 784
513 784
421 785
752 787
975 790
621 792
488 793
530 795
868 797
852 800
423 801
980 802
494 803
846 804
256 804
990 804
637 808
263 811
340 811
81 812
444 814
738 814
87 818
692 818
15 821
731 821
466 822
743 823
315 827
372 833
392 836
715 841
22 841
151 845
88 848
342 850
237 851
554 852
316 862
585 864
742 865
666 867
54 869
656 884
520 885
772 888
268 889
482 893
518 896
900 896
172 896
53 901
613 903
61 912
158 914
164 915
832 916
293 921
501 925
590 926
229 926
941 932
59 933
499 936
473 942
822 943
362 945
991 946
433 948
151 952
499 952
108 953
656 953
627 956
267 961
885 961
627 962
769 962
537 963
441 964
626 964
759 965
569 973
660 976
737 981
103 981
287 982
556 982
806 986
750 988
433 999
