618
917 2
2 2
619 6
483 8
606 11
162 12
551 13
777 16
773 21
855 24
77 25
967 26
228 31
625 31
360 31
994 33
377 33
367 34
965 36
985 36
888 36
170 38
22 39
908 42
507 44
317 44
547 50
35 52
563 52
524 52
801 53
176 57
139 62
415 64
870 65
704 65
407 67
72 69
980 73
821 73
264 74
370 76
440 78
521 79
464 80
704 81
309 84
689 85
608 86
815 86
247 89
212 91
50 93
427 93
716 97
589 99
928 102
55 105
552 106
522 106
513 108
757 108
658 108
833 120
443 123
742 124
229 125
450 127
213 128
130 128
37 130
507 131
643 132
703 132
89 133
847 133
525 134
798 135
593 136
111 136
102 139
858 139
214 147
153 149
644 150
86 154
606 155
762 158
478 159
932 160
641 160
509 165
843 167
395 168
893 168
262 169
38 170
501 172
867 175
84 175
392 176
713 177
275 184
87 185
354 185
869 186
394 188
829 191
168 192
969 194
270 195
32 197
420 198
499 200
751 203
387 205
651 206
677 207
511 210
716 213
611 215
591 216
294 218
17 219
441 220
835 221
56 222
580 223
984 224
770 224
293 225
180 225
26 225
916 226
274 228
339 228
874 230
191 231
532 232
302 238
840 238
749 239
518 240
270 240
865 240
446 242
945 243
669 245
590 246
383 247
472 248
469 254
229 258
713 259
399 260
749 262
290 263
809 266
252 266
118 268
284 268
496 268
653 269
286 270
147 271
609 272
466 272
685 274
545 275
63 275
729 278
423 279
103 281
758 281
540 283
648 286
710 287
645 287
110 289
114 290
194 290
663 290
861 290
673 292
262 292
508 297
62 298
938 300
607 300
953 304
835 306
866 306
282 306
645 309
607 310
715 311
175 314
476 315
3 319
568 324
116 324
592 326
67 326
305 326
98 327
381 328
688 330
59 331
974 332
747 333
445 334
482 334
18 336
848 338
606 338
806 340
741 341
993 342
335 342
271 343
156 345
189 345
139 345
335 347
206 351
824 352
885 352
616 357
711 360
847 361
168 361
512 363
450 363
146 366
169 367
774 367
357 369
530 374
916 374
992 375
609 376
396 377
197 379
300 380
547 383
426 383
196 386
772 386
158 390
126 394
473 394
529 396
199 396
303 400
779 404
218 404
962 407
58 407
84 410
990 413
678 414
70 415
47 418
351 420
833 421
967 422
442 424
108 426
781 428
86 428
443 428
276 430
499 433
808 434
13 435
761 438
571 439
452 440
535 440
343 440
687 444
89 445
79 445
410 446
154 448
268 450
891 452
566 453
130 454
420 455
647 457
674 460
694 464
332 468
536 473
947 474
770 476
424 477
219 477
691 478
353 479
308 479
16 480
282 481
488 488
430 488
9 490
700 493
942 496
404 497
406 498
346 500
580 501
897 502
164 504
828 508
315 513
871 514
433 516
811 517
254 518
955 521
743 526
150 526
338 526
223 531
128 533
784 535
300 537
418 538
130 539
470 540
819 542
83 543
141 543
616 543
865 546
346 547
36 551
249 551
460 552
568 552
28 552
734 554
408 556
780 557
994 560
830 561
630 565
782 568
830 572
752 572
487 576
569 576
544 579
120 583
815 586
531 588
554 590
14 594
629 594
181 595
151 595
964 598
25 600
548 601
228 602
597 605
146 606
652 606
129 607
379 608
984 610
231 610
763 612
561 612
85 615
964 615
911 616
18 622
761 623
198 623
256 628
662 629
184 629
451 630
113 633
529 638
424 639
150 640
196 643
50 643
302 644
11 644
581 644
264 645
880 646
740 647
840 648
410 648
36 652
439 654
901 654
494 656
129 661
380 661
656 663
936 667
327 667
115 669
205 669
838 670
894 670
667 671
489 677
951 678
229 680
668 681
952 682
825 683
872 684
830 684
434 688
935 692
155 692
178 693
313 694
407 696
749 696
524 698
66 699
776 700
23 700
164 701
142 705
768 706
151 707
229 711
681 713
764 713
537 715
917 715
256 718
7 718
780 720
551 722
73 723
238 725
66 726
524 728
211 728
498 734
712 734
314 735
726 735
228 737
609 737
791 741
550 742
336 745
857 746
997 749
833 758
53 758
203 760
832 760
438 762
8 762
487 763
951 767
968 768
897 771
517 772
155 773
41 775
449 778
304 780
570 781
23 782
877 782
118 783
788 783
659 784
631 785
850 789
644 792
397 793
994 793
657 793
898 798
863 798
419 800
53 802
298 802
975 806
716 807
384 814
553 814
716 814
170 816
176 816
170 817
6 817
768 819
104 820
759 823
789 825
227 828
879 829
914 833
513 835
404 837
545 838
329 839
886 839
608 840
598 843
160 844
835 844
544 845
336 846
354 846
805 850
597 855
285 856
315 857
442 857
55 857
823 858
161 858
355 859
865 861
545 862
660 865
757 866
237 866
324 869
442 870
243 872
556 872
88 873
995 876
987 879
595 879
842 879
598 882
236 882
529 883
871 888
805 889
202 890
229 893
21 903
458 904
554 904
752 908
759 912
705 912
218 914
476 918
901 918
294 919
170 920
419 920
3 921
785 923
261 924
607 926
954 932
893 933
928 935
503 935
954 938
173 938
586 939
682 941
691 941
356 943
999 943
408 944
860 945
959 947
373 949
47 950
462 950
235 950
681 951
94 956
184 956
651 962
353 962
892 964
835 965
281 966
779 966
573 968
959 968
640 969
344 969
493 970
932 972
414 974
876 975
485 976
257 977
576 978
936 979
716 980
845 985
397 985
116 995
12 995
887 995
94 996
766 996
484 996
938 997
936 1000
