151
967 2
190 3
788 18
906 27
360 36
782 42
834 49
254 59
745 70
96 82
251 84
472 101
490 103
90 108
710 109
705 134
150 135
259 151
97 155
910 165
470 166
82 175
588 189
756 192
546 195
537 227
664 229
336 230
145 232
542 233
964 251
565 263
1 275
508 289
475 293
688 293
960 298
630 301
65 304
765 319
939 322
437 334
868 339
469 345
751 355
188 367
772 368
332 370
220 376
314 376
229 377
643 378
274 379
791 379
506 383
878 384
396 386
81 396
396 401
409 409
471 424
474 439
568 444
44 458
130 460
79 461
616 471
393 472
284 479
253 492
183 503
486 504
531 513
759 517
868 523
170 527
495 531
844 550
651 555
500 561
982 582
857 585
768 592
74 594
83 605
537 609
215 619
436 622
938 627
480 627
36 636
171 636
462 644
33 653
761 677
775 682
739 690
969 691
558 694
663 700
238 712
615 715
385 728
361 737
451 739
462 743
549 745
167 764
9 773
516 779
226 779
222 788
865 805
411 812
697 812
475 823
94 824
552 825
610 827
322 835
280 838
280 843
352 844
592 851
69 853
220 858
75 861
106 862
937 864
848 864
719 867
230 871
308 871
175 873
952 877
285 885
526 920
337 925
396 927
839 927
167 932
474 940
416 941
691 950
595 954
755 954
973 955
652 965
679 974
542 978
133 993
