1000
774 0
840 1
742 2
53 2
193 3
871 3
866 3
326 4
76 4
731 6
848 6
39 7
187 8
28 9
157 10
449 10
875 11
182 11
153 16
470 18
885 19
32 19
919 19
556 20
275 20
936 21
987 22
172 23
782 24
790 24
353 25
532 27
948 27
998 28
653 30
189 31
383 33
207 33
310 33
448 35
895 37
682 38
765 38
507 39
912 41
150 46
582 46
556 47
10 47
485 47
557 51
417 53
138 54
910 56
627 58
562 59
199 60
932 61
178 62
523 63
388 63
586 67
367 68
969 69
956 70
787 70
968 71
102 72
474 73
107 73
349 77
920 79
486 80
85 80
206 82
554 82
507 83
926 83
339 84
313 84
644 85
245 87
232 88
716 88
142 89
194 90
143 91
435 93
266 93
244 96
336 98
233 98
259 100
278 101
146 101
420 102
203 103
679 103
909 105
11 106
713 106
626 107
714 109
95 110
473 111
439 115
107 115
997 116
126 116
632 117
381 117
278 118
977 119
15 120
993 121
251 121
625 121
132 121
786 122
899 122
695 123
726 125
842 126
438 127
239 129
89 129
103 129
619 129
642 130
706 130
47 132
352 132
944 133
966 134
467 134
39 135
856 136
763 136
595 137
666 138
824 140
577 142
585 142
489 143
414 144
438 144
465 144
332 144
251 145
254 147
322 148
391 150
300 152
422 152
215 156
823 157
694 157
2 157
31 158
414 158
511 159
53 160
48 162
466 164
249 164
456 166
829 167
699 168
656 168
133 168
246 168
724 169
258 171
383 171
464 172
857 173
183 173
608 174
916 177
123 177
618 178
949 179
387 180
304 180
504 181
94 182
646 183
903 184
756 184
922 185
533 185
606 186
812 186
118 186
730 187
282 189
637 190
493 191
609 193
374 195
827 196
985 197
75 198
191 198
239 200
439 201
39 202
521 203
439 204
193 204
231 205
140 206
337 207
206 208
197 211
950 212
233 216
606 216
854 219
457 220
535 222
50 223
303 223
112 225
543 225
21 226
3 226
685 227
176 231
128 232
133 233
909 233
975 234
356 235
236 235
263 237
807 237
23 239
461 239
603 240
58 241
666 241
540 242
465 243
892 243
746 247
937 247
470 247
62 247
220 248
791 249
335 249
88 251
625 251
908 252
167 252
455 252
627 253
668 254
107 254
412 256
896 259
461 262
656 262
554 263
533 264
945 265
487 269
172 270
999 271
58 272
828 273
876 276
470 276
788 279
134 279
273 280
808 281
939 282
63 283
181 283
794 283
228 284
547 286
261 287
782 289
803 290
695 290
8 290
302 290
518 291
392 291
162 292
655 294
260 294
40 294
827 296
46 297
318 300
417 301
286 301
79 303
858 303
840 303
966 304
43 304
229 306
7 306
842 308
457 310
322 312
759 313
172 315
8 317
316 318
169 318
464 320
665 324
835 325
617 325
498 328
673 329
877 330
819 332
415 336
872 336
161 337
464 339
628 342
443 343
6 343
749 345
303 346
554 347
696 347
273 347
797 348
69 349
218 349
388 349
456 350
540 351
369 352
739 354
139 356
58 356
994 358
885 361
85 362
468 362
523 364
112 364
417 364
731 364
538 364
772 364
482 365
876 366
305 366
181 369
220 374
211 374
368 374
487 375
33 376
88 379
315 381
32 382
913 383
549 385
905 386
74 387
160 387
199 391
500 391
524 391
349 393
786 393
186 393
138 395
379 395
287 397
913 398
191 398
65 399
870 399
777 400
321 401
550 402
569 402
292 402
547 404
463 405
257 406
469 406
127 407
298 409
296 409
972 410
287 410
67 411
360 413
386 414
462 415
292 415
804 415
65 416
963 418
217 418
104 420
271 421
776 421
941 422
775 422
724 422
900 423
350 423
864 424
965 424
402 425
755 425
360 425
853 426
600 426
281 427
83 430
78 431
567 432
621 432
443 433
33 433
400 435
272 437
797 437
368 438
22 440
300 441
558 442
313 442
398 442
989 442
190 442
358 445
418 447
455 450
390 450
531 451
636 452
304 453
481 453
817 454
578 454
451 456
431 456
508 456
734 457
753 459
14 461
360 462
883 463
606 464
467 464
347 466
440 468
389 469
576 469
242 470
583 471
135 471
626 472
6 473
839 473
791 474
670 474
781 475
676 476
636 476
289 477
296 478
692 479
433 479
922 480
153 480
650 480
358 481
623 481
277 482
347 485
448 488
771 488
25 490
442 493
382 493
541 495
898 499
303 501
179 501
647 502
419 504
386 504
105 504
325 504
745 504
428 504
870 505
780 507
715 508
54 509
161 510
66 510
369 511
150 512
724 514
385 516
908 516
896 516
271 518
909 518
785 520
772 521
485 522
623 522
337 524
132 524
276 525
55 525
180 526
695 526
793 527
171 528
72 529
742 531
614 532
495 532
295 533
560 534
48 535
932 535
853 536
501 536
624 537
129 538
252 540
746 540
686 542
169 544
508 547
872 548
483 549
455 549
388 551
861 552
24 552
739 558
763 559
119 560
618 562
363 564
193 565
593 565
757 567
833 569
470 569
684 570
645 571
876 571
703 573
332 574
399 575
618 575
662 575
84 576
209 579
830 580
350 582
686 582
950 583
62 583
221 584
115 586
677 588
931 588
65 588
7 589
164 589
23 589
801 591
756 591
892 591
18 592
714 593
754 593
456 593
615 594
999 595
145 596
918 597
601 599
978 599
111 599
720 599
622 602
664 604
105 604
330 605
889 606
827 606
437 607
899 608
265 609
864 613
514 614
675 614
734 614
30 615
576 615
500 615
840 616
542 616
425 617
106 618
857 618
432 618
738 619
17 620
386 620
928 623
19 624
19 624
887 624
770 626
582 627
747 627
966 627
667 629
789 630
735 630
258 631
139 631
914 632
349 633
959 635
972 636
457 639
389 640
923 642
378 643
165 645
473 645
333 646
404 647
718 647
296 648
316 649
598 651
331 651
601 652
25 653
758 654
224 655
378 655
745 655
940 656
726 658
241 661
27 662
160 662
450 663
862 664
368 664
963 664
345 666
943 666
647 667
797 667
980 667
81 668
378 669
17 670
897 670
907 672
111 673
214 673
443 675
750 676
974 677
848 677
466 678
809 680
611 680
20 680
727 681
253 684
751 688
731 689
583 691
690 691
489 692
294 693
585 694
367 696
521 696
133 697
67 700
503 701
198 701
305 702
893 702
390 702
151 703
846 703
107 704
530 705
597 706
500 706
567 707
561 708
97 710
191 715
196 716
521 717
502 718
612 719
533 720
763 720
72 721
877 722
95 723
538 724
891 724
452 724
551 726
436 726
63 726
11 727
897 727
318 728
996 729
870 730
672 730
914 730
70 731
818 731
267 732
875 732
806 735
497 735
255 736
284 737
91 738
945 739
1000 739
944 740
576 741
123 741
932 741
998 741
495 742
240 743
155 743
156 743
604 747
882 748
19 748
872 748
179 751
658 753
229 753
942 756
949 757
510 758
364 759
930 760
355 763
944 764
862 766
94 766
317 767
10 768
153 768
349 768
763 769
593 769
145 769
71 772
962 773
613 773
108 774
728 774
581 775
458 776
103 776
453 776
145 778
872 779
49 779
939 780
493 780
49 781
449 781
994 782
515 782
696 782
31 782
703 783
383 784
736 785
425 786
432 787
660 787
308 789
837 791
666 792
946 792
408 795
631 795
540 795
669 797
508 798
647 799
164 801
163 803
357 804
252 806
27 806
102 807
683 810
388 810
681 814
7 815
586 815
245 816
111 816
333 817
575 817
840 818
637 821
345 822
709 823
674 824
100 827
319 828
208 829
114 830
436 831
722 833
565 833
98 833
323 834
985 835
872 837
618 837
547 842
241 842
760 845
895 847
820 847
474 851
268 851
809 852
374 854
831 854
400 854
413 854
269 857
550 857
432 858
905 859
790 860
849 860
728 860
15 862
28 862
760 864
691 865
102 866
543 866
785 867
104 867
327 867
229 868
369 869
277 870
808 870
709 874
359 875
758 875
563 878
557 880
414 881
945 881
888 881
289 882
128 883
711 883
767 885
407 887
663 887
837 888
990 889
874 889
540 891
892 892
398 894
184 895
64 896
449 896
619 897
109 899
669 899
567 900
823 902
180 903
244 903
268 907
432 909
877 909
458 909
926 909
983 910
466 912
520 912
660 913
647 915
486 916
245 919
735 919
232 921
573 923
463 924
134 926
840 927
662 928
139 928
682 930
350 931
92 931
223 933
127 936
27 937
25 938
618 938
579 938
816 939
93 939
611 939
816 941
235 941
947 945
497 945
140 949
303 950
640 951
969 951
430 952
721 953
151 953
482 953
144 953
286 955
395 957
631 958
330 960
742 960
425 962
20 963
325 965
819 970
567 971
914 971
174 971
929 972
718 972
733 972
91 973
271 975
332 975
128 976
196 977
59 978
15 981
263 981
838 983
858 984
245 984
264 985
527 986
764 987
446 988
783 990
739 991
321 991
377 991
461 991
72 994
145 995
661 996
322 998
574 999
402 1000
