516
126 0
18 0
351 0
151 0
447 0
178 0
432 0
226 0
16 0
391 0
358 0
513 0
471 0
590 0
430 1
52 1
363 1
263 1
361 1
161 2
91 2
270 2
467 2
530 2
387 2
444 2
358 2
196 2
421 2
602 3
195 3
581 3
56 3
192 3
267 3
127 3
181 3
45 4
250 4
266 4
266 4
82 4
553 4
614 4
600 4
194 5
72 5
84 5
255 5
506 5
493 5
112 5
482 5
191 6
477 6
88 6
321 6
154 6
5 6
257 6
147 6
42 6
94 6
456 6
158 6
528 6
393 6
59 6
163 7
469 7
295 7
496 7
336 7
72 7
212 7
92 8
545 8
119 8
443 8
219 8
320 8
199 8
515 8
549 9
574 9
108 9
620 9
57 9
539 9
488 9
3 9
121 10
494 10
545 11
135 11
478 11
612 11
10 11
343 11
466 11
173 11
536 11
601 12
131 12
506 12
130 12
587 12
306 12
204 12
408 12
421 12
481 13
39 13
622 13
423 13
414 13
346 13
297 13
168 14
133 14
408 14
22 14
115 14
527 14
31 14
39 14
282 14
337 14
583 15
223 15
461 15
462 15
618 15
518 15
134 15
130 15
383 15
117 15
202 15
23 15
379 16
180 16
130 16
175 16
78 16
577 16
482 16
368 16
282 16
324 16
98 17
74 17
556 17
463 17
387 17
58 17
352 17
12 18
230 18
338 18
286 18
183 18
469 18
564 18
42 18
251 18
515 18
348 19
301 19
180 19
275 19
142 19
486 19
428 19
344 19
154 19
19 19
209 19
121 19
377 20
493 20
579 20
365 20
176 20
292 20
120 20
330 20
514 20
169 20
190 20
242 20
571 20
298 20
197 20
338 21
542 21
95 21
182 21
93 21
99 21
536 21
120 21
439 21
230 21
141 21
586 21
258 21
533 21
226 21
274 22
261 22
43 22
412 22
339 22
46 22
318 22
299 22
27 22
616 22
385 22
146 23
40 23
222 23
409 23
86 23
340 23
464 23
540 23
78 24
592 24
119 24
426 24
504 24
150 24
592 24
4 24
105 24
339 25
528 25
570 25
579 25
115 25
529 25
418 25
507 25
92 25
432 25
167 25
215 25
131 25
147 25
106 25
179 26
10 26
100 26
527 26
490 26
179 26
34 26
280 26
541 26
113 26
139 26
49 26
619 26
552 26
123 27
506 27
411 27
622 27
415 27
244 27
66 27
490 27
603 28
477 28
481 28
258 28
16 28
545 28
215 28
140 28
17 28
26 28
273 28
339 28
39 29
344 29
123 29
348 29
135 29
598 29
288 29
61 29
60 29
226 29
399 29
349 29
187 30
289 30
357 30
398 30
199 30
168 30
55 30
200 30
422 30
239 30
367 30
508 31
131 31
528 31
207 31
458 31
115 31
469 31
608 31
571 31
441 31
492 32
119 32
370 32
489 32
518 32
90 32
603 33
432 33
97 33
188 33
540 33
213 33
102 33
302 33
501 33
163 34
134 34
329 34
432 34
438 34
250 35
242 35
245 35
597 35
241 35
254 35
295 35
33 35
260 35
350 35
94 35
251 35
159 36
572 36
542 36
54 36
109 36
244 37
516 37
393 37
322 37
554 37
129 37
157 37
414 37
528 37
307 37
204 37
105 38
387 38
116 38
249 38
359 38
466 38
72 38
143 38
202 38
18 38
567 38
525 38
361 38
415 39
171 39
407 39
317 39
248 39
36 39
97 39
214 39
454 39
605 40
154 40
397 40
542 40
484 40
447 40
566 40
617 41
531 41
410 41
82 41
379 41
489 41
55 42
350 42
10 42
424 42
36 42
144 42
604 42
603 42
20 42
213 42
582 42
14 42
599 42
582 42
418 42
501 43
263 43
480 43
312 43
444 43
51 43
561 43
43 43
134 43
220 43
143 43
49 44
547 44
239 44
235 44
505 44
605 44
576 44
266 44
520 44
79 44
308 44
224 45
362 45
171 45
208 45
358 45
214 45
72 45
599 45
18 45
622 45
207 45
412 46
51 46
502 46
34 46
388 46
303 46
444 46
407 47
289 47
464 47
221 47
453 47
265 47
291 47
465 47
268 47
234 48
223 48
29 48
438 48
319 48
301 48
538 48
316 48
404 48
137 48
615 48
596 48
325 48
165 49
226 49
172 49
64 49
256 49
231 49
110 49
63 49
288 50
129 50
268 50
315 50
14 50
353 50
408 50
533 50
339 50
64 50
587 50
386 51
190 51
468 51
438 52
503 52
116 52
601 52
214 52
241 52
607 52
500 52
247 52
575 52
308 52
363 53
111 53
376 53
376 53
