1000
718 0
696 2
869 4
739 6
393 7
69 7
40 9
106 9
863 12
518 12
679 13
284 14
269 16
398 17
268 18
457 18
441 19
21 19
736 21
375 22
340 23
219 24
525 24
381 25
160 27
316 29
263 32
838 33
295 33
880 35
500 36
65 37
894 40
266 40
959 42
393 42
420 42
334 43
536 44
292 44
585 45
1 46
152 46
639 47
99 48
267 49
514 52
263 53
959 53
710 53
462 55
969 55
745 57
93 57
293 59
274 60
811 60
245 60
57 60
526 61
68 61
532 62
960 62
287 64
681 65
926 67
226 68
132 68
28 68
136 69
341 70
296 71
773 72
394 73
630 73
95 74
239 74
841 76
69 78
707 79
134 79
509 80
268 81
731 82
432 82
548 82
641 83
381 83
377 85
539 86
524 86
306 86
738 88
12 89
762 90
146 90
714 90
193 91
130 92
419 92
741 93
358 93
218 94
149 94
409 95
938 95
850 96
512 96
716 97
309 100
517 100
438 101
184 101
779 101
272 102
4 103
403 104
30 105
410 106
136 107
815 107
828 108
660 112
689 113
940 113
711 114
808 115
449 115
775 115
16 117
225 118
177 121
800 122
432 125
487 125
554 126
616 126
119 127
220 128
873 130
457 131
802 132
189 132
135 133
781 134
364 134
845 135
387 137
447 137
803 140
539 140
589 141
689 141
240 141
488 142
561 142
482 142
476 142
90 142
871 143
284 146
578 147
920 147
540 147
485 148
897 149
582 149
718 149
629 149
283 150
424 151
525 152
349 153
41 153
147 156
261 156
9 157
47 158
90 159
810 161
105 161
619 162
278 164
712 166
475 170
825 171
633 172
339 173
382 173
51 175
667 176
307 176
966 178
877 179
332 179
752 180
20 182
668 184
761 184
35 185
810 186
722 186
42 189
653 191
248 192
331 193
204 193
558 193
123 194
119 195
154 195
597 195
1000 196
636 197
614 199
858 201
915 201
23 201
549 202
66 203
404 203
553 204
293 204
954 205
189 207
219 207
602 208
532 208
420 209
282 210
234 210
226 212
872 213
372 214
255 214
765 216
305 218
659 219
602 220
601 221
552 221
257 224
59 225
39 226
783 227
411 228
214 229
806 230
194 231
985 234
278 236
999 236
559 237
912 237
219 238
799 238
813 239
291 243
47 244
703 246
323 247
234 248
629 249
644 249
25 250
850 253
640 256
660 256
708 258
602 258
960 261
264 261
235 262
124 265
484 266
689 267
291 268
399 270
475 270
952 270
825 271
357 271
939 274
762 276
753 280
947 282
547 285
51 286
725 287
760 287
798 287
235 288
425 288
548 289
805 291
740 292
896 293
849 293
921 295
196 295
916 297
335 299
182 300
732 301
636 302
398 302
794 303
294 305
32 307
638 307
518 307
791 307
258 308
824 309
565 311
311 311
630 312
627 312
210 313
200 314
788 315
678 315
14 315
60 321
745 322
654 324
140 326
858 327
488 327
447 327
110 328
871 328
388 329
594 329
531 330
646 331
813 331
962 331
601 332
211 334
161 335
422 335
251 335
245 336
140 339
219 339
279 341
524 341
410 342
135 343
602 343
74 344
898 344
513 347
168 348
407 352
62 354
912 354
389 355
127 355
913 355
454 359
458 359
397 360
406 361
286 362
511 362
557 363
106 363
101 364
481 365
470 366
798 366
170 368
207 368
399 369
128 369
935 370
28 370
423 370
765 371
889 373
313 373
303 374
595 375
864 378
994 379
484 380
980 380
356 380
285 382
865 382
59 383
518 384
518 385
478 386
723 387
792 392
537 392
78 394
514 394
953 395
212 395
207 396
468 397
310 398
978 398
893 399
849 399
217 400
402 400
442 401
59 402
448 403
212 404
77 405
303 405
333 405
162 406
691 407
902 408
49 409
355 410
580 410
40 411
937 411
54 412
375 414
979 414
509 415
962 415
325 415
362 415
549 416
413 418
318 418
551 424
359 425
314 426
505 426
300 428
190 428
906 429
482 430
124 431
897 432
204 434
852 435
525 436
407 436
223 436
444 436
432 437
237 438
784 439
71 440
968 442
452 443
578 445
37 445
242 446
796 448
852 449
274 449
294 455
56 455
499 456
96 457
133 458
483 459
955 460
176 460
784 462
768 464
361 467
12 467
756 468
317 469
605 471
667 472
84 475
668 478
256 478
588 478
25 479
984 479
576 479
226 479
94 481
718 481
682 484
359 485
616 486
982 487
262 487
5 491
647 491
173 492
900 493
657 496
998 496
280 497
983 498
997 501
378 502
285 503
854 504
153 504
630 505
131 507
430 511
436 512
393 513
904 514
167 514
938 515
565 516
521 516
292 517
133 518
505 519
377 519
301 521
789 522
133 524
915 525
546 528
391 528
609 529
796 529
795 532
467 532
196 534
53 535
660 536
716 537
435 537
40 539
118 539
988 540
803 540
186 542
69 545
846 546
216 547
446 548
713 549
290 550
689 553
291 553
24 556
979 556
812 557
785 558
338 558
912 559
44 561
187 563
426 564
315 564
336 565
245 565
157 569
513 569
38 570
980 571
366 572
219 572
525 573
904 577
753 577
35 578
904 579
496 580
184 582
343 584
532 584
184 585
549 585
955 586
347 586
76 587
299 587
111 588
782 589
824 593
356 593
960 593
57 593
569 593
55 597
917 598
282 598
499 599
222 601
296 601
78 602
450 602
234 603
597 604
605 604
510 606
401 608
332 609
399 612
664 612
684 614
221 617
219 617
120 618
600 620
879 620
495 621
626 621
418 622
244 623
411 623
354 624
470 624
997 624
786 625
905 626
395 627
403 628
822 629
786 629
114 629
640 632
716 633
498 634
189 634
509 636
9 638
730 641
247 642
802 643
395 643
945 644
801 645
345 646
4 647
878 648
526 650
925 651
867 653
237 654
475 654
809 655
551 657
296 657
454 658
412 658
601 659
88 660
555 661
698 662
389 663
102 663
618 663
613 664
607 664
239 668
967 671
335 672
563 674
71 675
147 676
193 679
957 679
846 680
846 680
331 680
715 681
489 686
480 687
465 687
481 688
290 689
997 692
649 692
473 692
765 693
60 693
611 695
170 695
683 696
427 697
749 697
611 697
827 699
835 699
848 699
670 701
97 706
711 707
662 707
552 708
596 708
709 709
90 710
521 710
161 712
46 712
988 712
822 713
125 713
79 713
461 714
98 718
981 719
946 719
35 719
686 723
406 723
349 725
39 726
37 729
142 730
301 730
597 730
503 731
617 732
818 733
920 733
839 736
986 736
722 736
433 737
734 738
37 740
175 740
566 740
897 740
327 741
211 743
763 743
403 744
334 744
496 744
384 745
584 747
270 748
618 749
605 751
208 751
237 753
12 754
671 756
763 757
437 758
248 760
703 761
718 762
330 762
544 763
596 763
741 764
209 768
884 768
151 768
798 769
445 772
821 772
234 772
724 773
423 773
151 774
165 777
940 778
446 778
373 779
170 780
724 780
87 781
464 781
627 783
239 783
44 783
103 785
540 787
198 788
924 789
400 790
456 791
236 791
507 792
822 794
307 794
106 799
988 800
504 800
509 801
339 801
51 801
948 801
21 802
158 803
350 803
598 805
373 805
138 806
643 809
333 810
985 811
394 812
958 812
205 813
784 814
54 815
914 816
270 817
948 817
392 818
106 818
237 820
746 821
345 822
480 822
117 822
627 823
380 826
610 828
821 829
530 830
757 831
195 832
740 833
400 833
912 833
677 833
722 833
86 833
267 835
256 836
651 837
940 839
861 842
201 843
9 846
367 847
987 847
894 847
268 848
368 850
535 850
514 851
815 852
931 852
111 852
213 853
94 854
546 855
379 856
716 857
759 860
633 860
663 860
958 860
734 861
578 861
603 861
783 862
121 863
512 865
370 866
733 868
18 870
710 871
442 871
106 872
237 872
134 872
31 872
107 872
329 872
491 873
126 874
149 874
979 876
42 877
446 877
981 878
737 880
531 883
196 886
173 887
208 887
425 888
617 890
943 890
598 890
981 891
430 892
47 893
93 893
737 894
971 894
875 896
430 896
132 897
575 898
863 899
503 899
49 899
846 902
912 903
635 904
671 905
220 906
891 908
150 910
44 911
574 913
861 913
303 916
100 916
330 917
283 918
653 919
846 922
487 925
616 925
999 926
880 927
14 930
663 930
468 930
617 931
540 931
972 936
626 937
853 938
541 939
188 939
388 939
563 940
351 940
934 941
424 941
493 942
242 944
676 944
826 944
320 946
677 947
117 947
790 947
213 948
127 948
462 949
64 950
368 951
995 951
162 952
326 952
185 952
793 953
313 953
261 955
87 957
41 957
45 958
853 961
222 962
966 963
92 964
312 967
2 969
878 970
755 970
366 970
358 971
542 971
370 972
968 973
874 974
225 974
669 976
307 977
653 977
125 978
423 978
118 978
682 979
663 980
902 983
185 983
597 984
483 984
597 985
432 989
962 990
49 991
267 992
833 994
394 997
311 997
580 998
799 998
262 999
