1000
549 2
132 3
191 4
870 5
499 7
621 8
917 9
99 10
35 10
243 13
39 15
68 18
307 19
724 19
522 21
821 22
275 22
215 23
771 24
324 24
214 26
264 26
979 27
819 27
476 28
719 28
78 29
180 30
137 31
738 32
906 33
181 33
507 35
807 35
596 35
425 36
260 37
202 39
340 40
743 40
508 41
527 41
596 41
810 42
14 43
938 43
631 46
763 46
894 48
11 50
334 51
304 57
849 57
203 58
413 60
783 61
680 64
710 65
638 67
280 69
210 73
37 74
747 74
931 74
123 76
700 77
166 78
493 79
129 80
437 80
912 80
843 81
611 81
621 81
1 81
182 81
127 81
965 83
73 83
696 83
638 84
770 84
832 85
752 85
207 87
865 87
447 88
904 88
826 88
36 91
567 91
439 92
457 92
839 92
403 92
275 93
973 95
271 95
265 97
884 97
298 98
887 98
520 99
908 99
470 102
291 102
32 103
775 103
440 108
43 109
609 109
460 109
139 111
926 111
935 111
24 115
933 116
582 116
634 117
794 117
951 120
889 123
174 123
544 124
838 125
514 126
73 126
527 128
366 129
720 130
791 130
242 131
656 132
496 135
278 135
559 137
781 139
962 139
664 139
476 141
57 143
991 145
428 145
476 147
15 147
630 148
855 149
507 149
320 151
580 151
132 151
841 153
572 153
512 154
245 156
960 159
700 159
600 160
310 161
11 161
556 161
47 161
114 163
617 164
418 165
525 165
208 165
109 165
238 167
356 168
70 171
269 171
831 171
523 171
845 172
147 172
477 174
665 174
195 176
740 176
817 178
251 179
424 179
584 179
113 180
198 182
827 182
488 183
750 184
687 184
904 184
481 185
886 185
27 186
598 188
941 191
945 191
794 192
14 193
661 193
536 193
159 194
211 194
675 195
347 196
694 197
454 201
370 203
194 204
398 209
823 210
237 210
897 210
271 213
398 214
281 215
233 215
574 219
254 220
795 220
413 220
600 222
137 223
501 223
593 224
315 224
322 225
140 226
8 231
124 231
954 232
975 233
106 235
504 236
365 237
626 237
421 240
187 244
365 245
968 245
204 246
876 247
111 247
658 248
201 248
79 249
79 250
321 250
232 251
891 251
337 252
905 252
881 254
460 256
363 257
734 258
497 258
413 259
253 259
802 259
684 259
324 261
712 261
606 261
389 262
285 262
933 262
104 265
791 266
677 267
26 267
525 268
940 268
458 271
965 272
972 273
454 273
4 274
35 275
498 276
608 276
921 277
239 277
297 279
255 279
392 281
681 283
434 284
688 285
35 286
478 286
782 286
576 286
722 286
665 288
124 288
560 292
322 292
463 292
581 293
746 294
562 294
895 295
703 297
857 300
277 300
342 300
1 302
788 305
58 307
840 308
959 308
545 309
829 310
92 310
986 311
310 311
679 313
366 314
812 314
473 315
326 315
250 315
576 317
110 317
957 319
588 320
344 320
336 320
16 320
338 321
385 322
859 322
991 325
429 327
254 327
787 327
373 328
198 328
643 329
351 329
86 330
578 331
456 331
59 332
54 334
986 335
578 336
496 336
208 337
768 338
665 339
175 339
198 340
674 340
226 340
575 343
841 344
676 344
281 346
572 348
372 349
716 350
114 351
391 351
596 351
696 353
712 354
927 356
283 358
6 360
259 360
802 360
348 361
382 362
885 364
681 366
138 366
801 367
101 367
731 369
171 370
470 371
294 372
803 373
312 376
383 380
661 380
40 380
283 381
953 381
107 382
566 385
85 386
159 386
136 387
383 388
330 389
405 390
758 391
463 394
376 395
477 396
909 396
334 396
973 397
907 398
138 398
335 400
617 400
712 400
21 400
12 401
221 403
605 403
845 404
318 404
985 404
874 405
387 406
887 407
965 408
762 408
300 410
66 411
792 412
215 412
408 413
738 415
977 419
991 420
472 420
274 422
367 422
123 422
566 423
628 423
64 424
46 424
748 425
934 425
585 426
655 427
490 429
750 431
523 432
272 432
655 433
199 433
966 436
489 436
569 437
70 437
251 438
838 438
809 439
367 440
390 441
797 443
667 443
635 444
534 445
680 448
531 451
134 455
602 457
529 457
942 458
94 458
717 459
813 461
869 462
508 466
892 469
614 469
657 470
881 470
952 471
564 471
845 471
272 472
260 473
206 474
156 474
364 475
143 478
172 479
417 485
445 486
446 488
517 488
868 488
844 489
312 490
765 490
55 492
966 493
253 493
42 493
131 493
204 494
540 494
842 496
776 497
610 499
909 500
130 502
226 503
559 505
166 506
46 507
900 507
105 509
23 509
690 509
375 510
91 510
241 512
303 512
334 513
418 514
384 516
599 517
300 517
345 518
1 518
55 519
580 520
278 520
988 522
318 524
573 524
24 524
355 525
783 526
458 526
419 528
649 528
224 528
874 530
90 532
372 533
458 534
369 536
674 537
25 537
441 538
414 539
43 543
372 544
289 545
21 545
922 545
404 546
273 547
254 547
621 548
613 548
633 549
645 550
443 550
981 550
692 553
642 553
702 553
116 553
238 555
317 555
808 557
319 558
110 560
141 562
884 562
628 568
282 569
945 570
41 572
725 572
879 573
960 574
341 576
390 577
854 579
834 579
786 580
699 581
66 581
351 581
419 581
666 582
653 582
910 582
981 584
286 586
135 586
805 588
905 588
885 589
672 589
648 589
217 590
970 596
812 597
807 600
448 600
647 602
118 603
448 603
382 603
196 603
556 605
110 608
97 610
106 612
266 612
941 612
326 613
866 613
983 615
128 617
276 618
567 623
30 623
831 623
434 625
915 626
150 627
687 627
601 627
290 628
876 629
680 629
24 629
804 630
231 630
269 630
249 631
569 631
206 632
86 634
350 634
868 635
3 635
620 637
411 638
667 638
306 638
945 640
827 640
54 642
974 642
643 642
647 645
833 647
527 648
387 649
843 650
658 651
743 651
508 652
238 652
674 653
514 654
454 655
740 655
722 657
282 657
331 658
791 662
565 663
688 663
508 663
395 664
85 666
916 666
989 667
410 667
148 668
950 669
157 671
575 672
469 673
769 674
913 674
667 676
120 676
685 679
899 680
660 680
276 680
204 681
823 681
598 682
22 682
421 685
789 686
425 686
773 687
174 688
715 689
271 690
602 692
76 693
147 693
131 693
309 693
445 693
80 695
115 696
865 699
855 699
532 700
187 701
712 701
942 703
382 703
179 704
254 705
796 706
15 707
756 707
105 708
994 709
35 712
655 712
822 712
215 715
978 717
43 717
869 718
786 720
571 720
219 723
573 723
403 724
740 724
626 725
552 726
257 727
194 728
93 729
289 730
881 730
875 730
171 731
533 734
448 735
869 735
700 737
920 741
362 742
417 744
473 744
527 745
43 745
9 746
573 747
198 749
858 750
293 752
891 752
1000 753
879 754
900 755
264 755
886 758
996 758
514 759
548 759
623 760
685 760
469 761
404 762
206 763
641 763
49 764
512 764
189 765
304 766
975 767
878 767
942 768
193 770
512 771
52 772
964 774
481 775
639 778
390 780
208 781
161 782
651 782
756 783
981 783
515 783
577 784
664 784
651 786
970 787
660 788
295 789
141 790
638 791
573 791
375 791
136 792
979 792
383 792
50 793
431 794
586 795
849 795
397 796
252 796
540 796
116 798
849 800
450 800
473 802
564 803
719 803
125 805
642 805
95 806
1000 806
640 807
451 808
687 809
694 812
478 812
344 813
107 816
680 817
533 817
354 818
872 819
590 819
875 820
280 821
764 821
498 822
439 823
555 824
471 824
266 826
773 826
910 827
773 828
735 829
694 829
985 830
535 835
789 835
193 837
725 837
770 837
3 838
582 838
191 838
159 840
445 844
545 844
550 844
772 846
63 847
544 847
271 849
636 850
182 850
250 850
736 850
695 855
922 855
703 856
387 858
852 858
604 860
580 860
822 860
426 861
268 861
544 862
738 864
466 864
814 866
362 866
816 869
909 870
130 872
618 873
548 874
448 876
196 880
652 881
218 883
309 885
905 887
649 887
363 891
342 891
654 891
657 894
1 894
690 895
48 896
841 897
474 897
126 898
595 899
652 900
244 901
843 903
772 903
271 903
980 904
720 905
415 905
108 906
53 906
286 907
430 907
366 910
245 911
676 912
485 913
443 914
832 915
551 915
264 916
393 920
868 922
993 922
680 922
176 922
284 923
834 924
85 924
647 925
594 925
135 926
322 926
784 929
970 929
623 930
579 934
581 934
991 934
374 936
840 936
596 937
343 937
28 938
210 938
322 940
90 942
149 942
602 944
315 946
831 947
815 947
313 948
117 952
830 953
964 954
829 956
422 956
342 956
861 957
72 958
422 962
199 962
749 962
31 962
920 964
329 964
131 966
48 968
207 969
264 969
576 970
678 971
963 975
869 977
147 978
602 978
670 980
940 983
163 986
613 987
2 987
241 988
704 990
186 991
443 993
707 995
419 996
504 997
185 998
437 1000
82 1000
