1000
835 0
528 2
590 2
760 2
718 3
418 4
615 5
427 5
325 7
499 7
62 8
737 8
98 10
412 11
806 11
55 11
466 12
776 13
36 13
493 14
500 14
393 16
314 16
113 17
305 20
796 21
383 22
602 23
655 23
418 25
239 26
4 32
416 32
760 34
222 37
539 37
909 39
419 42
101 45
167 45
450 48
999 49
768 51
205 52
324 54
512 56
29 57
752 57
247 60
135 62
189 62
175 63
627 64
493 65
16 66
664 66
451 69
23 69
133 69
474 69
411 72
37 74
95 74
969 75
735 77
829 77
871 78
718 81
663 82
270 84
539 84
249 84
937 84
344 84
535 86
220 87
241 88
694 88
531 88
232 88
172 90
854 91
147 94
960 94
239 97
377 97
702 100
894 101
886 102
377 104
657 105
689 106
273 106
493 108
470 108
778 109
29 110
653 110
130 111
128 112
57 115
970 116
934 116
5 116
918 118
509 118
80 120
275 122
403 122
331 123
392 124
325 126
4 126
759 126
178 127
815 127
674 127
506 128
401 130
177 131
15 132
281 133
85 133
850 133
966 134
778 134
618 134
431 137
114 137
131 141
584 141
899 142
326 143
799 143
163 143
961 144
514 145
699 145
923 145
101 145
260 146
679 148
58 148
76 150
66 150
333 151
797 151
490 152
661 152
18 157
328 158
244 158
111 159
142 162
713 164
733 164
742 165
528 166
544 166
466 166
912 167
365 167
439 171
946 171
683 171
430 172
423 173
780 174
777 174
964 175
79 175
23 175
415 178
866 183
804 184
612 187
768 188
968 190
205 194
9 195
425 196
688 198
636 198
637 198
339 201
787 201
56 203
579 204
128 206
435 206
429 209
695 209
652 211
309 216
288 216
870 217
329 217
405 218
472 221
348 221
663 222
467 224
975 224
358 224
386 226
817 227
305 228
744 228
851 229
66 230
20 230
474 231
484 233
503 234
775 235
129 236
930 236
661 236
704 237
117 237
194 243
318 243
407 244
55 247
880 249
714 250
503 251
489 251
875 253
289 253
251 254
405 254
378 255
274 255
358 256
36 256
359 257
956 258
616 258
464 260
185 261
839 262
323 265
740 266
840 266
226 267
452 268
65 269
861 270
941 270
94 272
992 272
500 273
16 274
988 274
297 274
482 277
984 278
732 278
945 279
551 281
339 282
499 283
604 284
132 284
362 284
69 286
470 286
447 287
903 288
354 289
731 289
226 289
464 290
202 291
446 292
977 292
423 295
788 297
153 297
80 297
608 299
761 299
151 300
21 300
155 301
913 302
472 304
302 307
901 308
430 308
193 308
9 310
769 313
910 313
192 313
934 313
44 315
83 315
738 315
580 316
19 316
61 316
445 317
538 317
161 318
328 319
459 319
216 319
465 321
853 322
283 325
432 325
842 326
748 327
79 327
455 328
683 328
423 329
475 333
28 333
349 333
416 334
937 337
360 338
288 340
11 341
802 342
271 343
309 344
963 346
308 347
677 348
383 348
731 351
209 351
514 352
237 353
859 356
335 356
67 356
266 356
612 363
364 363
968 365
822 367
428 367
561 367
709 368
690 368
632 369
375 370
632 371
896 371
639 374
819 374
205 375
755 375
446 376
282 377
61 377
275 377
641 377
897 378
705 378
619 379
590 380
602 381
907 384
142 384
552 386
362 387
719 388
619 389
756 391
335 391
219 393
399 394
868 395
569 396
251 397
747 398
50 399
781 399
474 399
15 400
872 401
947 401
152 402
470 402
457 402
156 405
867 405
536 405
256 406
708 407
888 407
566 408
604 408
921 408
166 410
677 410
10 411
851 411
220 411
711 412
952 414
560 415
139 415
995 416
416 417
433 417
104 418
448 418
394 418
803 418
614 419
262 421
519 423
38 423
411 424
127 425
283 425
894 426
715 426
924 427
574 429
77 430
962 431
386 431
936 431
87 432
165 433
625 434
418 435
766 435
399 435
108 437
436 437
83 440
623 440
535 440
944 440
288 441
862 441
498 442
889 443
368 443
626 445
682 445
926 447
998 448
79 449
377 450
279 450
981 451
82 451
440 451
538 451
774 452
622 452
130 454
966 456
53 459
514 459
616 462
951 464
743 465
731 465
974 465
353 466
724 467
975 471
795 472
519 472
273 473
218 475
214 475
97 476
862 477
402 477
306 478
209 479
289 480
262 481
540 481
57 483
306 483
922 483
690 487
475 488
762 491
537 492
54 493
829 493
735 493
790 495
306 495
993 496
712 497
904 498
514 499
133 500
780 503
214 505
849 505
788 510
581 510
53 513
837 515
727 516
403 517
137 519
703 519
620 520
471 521
31 521
814 522
910 522
348 523
633 525
12 525
811 525
48 526
594 526
9 526
369 527
1000 529
717 529
908 530
781 531
88 531
306 533
397 534
664 534
430 536
411 539
871 539
132 540
899 541
955 547
786 550
228 550
689 551
493 551
60 553
255 554
951 554
122 555
300 555
920 556
51 558
470 558
353 561
833 562
266 564
608 564
41 566
747 568
835 570
381 570
693 572
107 572
21 572
975 573
545 574
149 576
502 577
357 577
328 579
624 581
766 583
388 583
680 585
177 586
652 587
304 588
808 589
385 589
738 592
685 594
67 595
682 595
520 596
679 598
5 599
657 599
531 600
673 601
94 601
859 601
789 602
120 604
897 604
155 605
72 606
238 607
979 608
369 610
500 612
333 613
134 615
565 615
198 617
367 621
742 621
1 621
804 621
768 622
489 622
973 623
504 624
657 625
853 626
670 632
607 632
985 632
556 633
840 633
838 633
680 633
213 633
782 636
771 636
898 637
580 638
832 638
849 639
274 640
835 641
546 642
711 642
659 646
238 647
987 648
180 649
841 649
257 649
818 650
6 650
217 650
349 651
481 651
78 653
384 653
75 653
407 653
336 654
359 654
790 655
145 656
953 657
924 659
603 660
537 662
311 662
233 662
947 663
312 663
848 663
914 665
640 666
99 669
779 670
373 671
684 671
863 671
215 671
341 672
819 673
718 673
900 674
292 674
382 675
433 675
124 675
103 675
508 676
416 676
855 680
528 681
239 681
719 682
374 684
24 685
713 685
523 686
547 688
650 692
949 694
753 694
818 695
792 695
699 697
910 697
66 699
1000 700
639 701
397 702
347 703
127 703
806 705
630 705
979 705
13 706
821 706
962 707
944 709
817 710
482 710
990 710
358 712
766 712
456 716
257 716
364 716
840 718
321 718
973 718
314 719
576 720
1 722
908 724
405 724
775 725
923 726
92 729
128 729
344 732
833 732
147 732
705 734
41 735
959 735
262 735
801 735
259 736
858 736
794 737
485 738
653 739
452 740
428 742
155 742
891 743
161 743
899 744
694 744
958 746
967 746
453 746
834 747
582 747
834 748
744 748
950 751
894 751
308 752
499 752
362 753
442 755
866 755
401 755
785 757
517 758
793 758
491 759
651 759
778 761
511 762
802 762
895 763
472 763
983 764
34 766
447 767
937 767
267 768
731 768
685 769
918 772
26 773
853 773
932 773
261 774
736 774
916 778
444 778
765 779
185 779
211 780
417 781
780 782
157 782
851 783
493 783
756 783
199 784
227 785
190 785
918 786
875 786
995 788
48 791
139 794
932 796
96 796
605 797
584 798
922 798
89 799
950 803
687 805
191 806
650 808
516 809
48 810
997 810
747 810
178 811
615 812
772 814
812 816
935 817
334 818
626 820
890 821
191 822
290 822
921 826
255 829
923 829
897 830
618 831
925 832
475 832
680 834
380 835
192 836
621 837
875 837
584 838
928 838
238 839
562 841
430 841
72 842
506 842
956 843
840 844
199 844
239 846
75 847
959 847
872 847
302 848
236 848
77 850
732 851
438 852
513 853
537 854
232 855
908 856
333 857
18 857
740 859
781 859
64 859
606 860
177 860
417 860
801 864
560 866
824 868
337 869
729 871
491 875
289 875
655 876
891 877
105 879
504 881
952 883
281 883
61 884
196 885
494 886
317 887
853 887
349 888
40 888
230 889
648 890
375 890
736 890
265 891
589 891
488 892
287 893
443 896
204 898
287 900
619 901
465 903
389 904
658 904
907 905
314 905
126 905
200 905
201 906
273 906
802 909
941 910
791 910
297 910
942 913
793 917
927 917
881 918
300 919
813 924
80 924
258 924
762 925
939 927
43 927
96 927
928 929
232 929
307 930
862 930
644 932
84 934
329 935
916 937
313 943
440 943
220 943
284 943
378 945
637 945
625 947
968 947
797 948
591 949
524 950
899 952
204 952
45 955
724 955
732 956
693 956
832 957
426 957
287 958
356 959
400 959
32 960
928 961
165 962
779 965
562 966
611 970
469 970
944 971
729 971
649 971
814 971
947 972
812 974
680 975
482 976
700 976
217 977
922 977
996 977
792 979
415 979
260 979
917 979
406 979
130 979
225 979
86 980
958 981
101 982
423 984
856 985
18 985
501 985
444 985
583 986
391 990
480 992
557 994
96 996
865 996
885 1000
