614
134 0
228 1
185 2
101 3
292 3
83 4
191 4
247 6
61 9
145 10
41 11
42 13
171 15
274 15
263 15
204 16
215 17
104 18
20 18
205 18
238 20
255 21
178 21
188 23
89 28
322 29
99 30
334 31
42 33
125 35
187 37
171 39
183 39
128 41
104 42
191 43
75 43
78 43
7 43
243 44
143 47
53 47
324 47
236 49
242 50
292 51
13 51
155 51
282 53
44 54
174 54
55 55
134 56
187 58
316 59
294 60
2 60
146 61
240 64
9 64
252 64
231 64
92 65
177 66
309 69
233 71
53 71
269 72
187 73
20 75
118 77
167 79
191 80
131 81
195 83
35 83
295 83
103 83
332 83
43 86
107 87
151 87
257 89
243 90
66 97
176 99
263 100
59 100
106 107
145 108
75 108
112 108
324 112
173 112
231 112
220 112
236 113
305 116
88 116
303 121
119 123
25 126
290 126
87 129
149 132
286 133
228 135
33 140
131 141
25 141
127 142
195 145
63 146
264 146
126 146
207 146
219 147
280 149
218 150
61 152
18 152
57 152
234 152
92 155
271 158
77 159
160 159
112 160
333 160
313 161
210 161
13 161
26 163
185 166
262 166
278 169
73 171
333 171
179 171
284 172
26 173
96 174
202 175
311 176
45 176
185 177
29 178
152 178
175 180
100 183
199 183
153 184
276 185
284 188
137 192
32 193
205 195
257 196
176 197
49 198
93 200
252 200
26 201
207 203
191 203
258 206
228 208
295 209
279 209
312 210
133 211
289 211
224 212
172 213
25 213
103 213
326 213
286 215
230 216
196 216
14 217
90 219
106 219
22 220
17 224
104 224
284 231
109 231
31 231
167 231
148 233
257 234
146 235
317 237
11 239
296 241
321 241
84 245
292 245
61 246
218 247
162 247
131 248
244 249
286 249
44 249
57 249
222 250
148 251
126 251
267 252
116 253
60 254
286 254
94 257
312 257
49 259
227 260
138 264
166 268
13 269
182 270
199 271
157 272
183 273
39 282
174 282
76 284
315 286
220 286
202 287
223 291
138 293
18 295
124 295
35 297
15 297
260 298
75 299
13 299
124 299
82 302
238 303
293 310
207 311
213 311
132 311
79 311
167 311
109 311
66 313
108 313
43 314
91 316
60 320
243 320
12 320
152 322
181 322
248 323
305 323
59 325
290 325
105 327
245 327
278 329
281 329
225 329
80 332
207 332
56 334
77 336
137 337
227 337
88 338
105 339
270 340
202 341
78 341
304 345
107 346
83 346
170 347
214 348
132 349
8 351
201 351
233 353
325 359
217 359
140 362
8 362
73 363
142 365
78 365
78 365
45 367
5 369
3 378
265 379
317 379
82 381
106 383
100 383
299 384
39 386
279 386
20 387
306 388
251 390
168 393
90 393
288 394
175 394
171 394
172 396
297 397
155 398
260 399
313 400
7 401
30 402
254 403
199 405
238 407
291 407
52 408
329 409
149 409
91 413
333 415
28 416
252 417
198 419
225 419
200 421
188 421
102 421
202 421
98 424
326 424
137 426
118 427
30 427
6 428
183 428
90 430
230 431
22 432
57 432
249 433
303 433
192 434
261 435
135 435
220 436
158 436
121 436
316 438
309 441
58 441
243 442
283 442
74 442
121 443
40 446
318 447
265 447
326 450
225 451
15 451
50 451
31 452
75 453
246 454
139 456
5 456
201 457
4 460
85 460
92 462
109 463
60 464
80 464
166 470
289 474
144 474
76 475
236 476
114 476
210 478
78 478
222 480
150 481
99 482
178 484
92 484
150 485
320 485
269 485
71 489
137 490
211 490
210 492
45 492
11 495
228 496
167 499
270 499
147 502
154 502
172 503
245 504
104 504
303 507
312 509
227 512
9 514
64 515
316 516
188 518
196 519
304 524
134 526
216 527
324 528
215 528
37 529
209 529
112 530
95 532
313 533
222 534
36 534
261 535
17 538
76 539
23 540
82 541
294 544
295 545
197 545
5 545
180 547
290 547
255 549
114 550
202 551
55 552
184 556
268 556
324 557
109 560
62 562
329 563
93 565
198 570
13 577
171 578
59 580
96 580
208 581
231 583
30 583
137 584
2 585
300 585
228 587
328 590
299 591
41 593
80 594
156 599
243 599
330 599
318 600
320 601
54 602
318 604
250 606
69 607
229 607
139 609
281 610
253 611
4 611
169 612
183 614
19 614
332 614
333 618
68 618
241 620
195 620
258 620
178 620
151 620
82 623
207 624
139 624
208 625
10 626
59 628
9 630
201 633
313 636
278 636
200 639
95 640
115 641
87 642
213 642
318 642
286 642
200 646
198 650
123 651
105 652
278 653
272 654
308 655
155 655
11 657
230 659
306 660
103 660
126 664
181 664
302 665
14 665
56 668
254 668
245 670
228 671
43 671
105 674
51 675
147 675
285 679
332 680
220 681
188 682
58 683
326 683
198 683
226 683
192 683
65 684
91 685
313 686
324 686
242 687
177 688
172 691
290 692
295 694
22 694
112 694
242 694
243 696
56 696
181 699
264 700
193 700
218 701
265 702
163 703
149 703
320 704
184 704
203 705
145 707
135 713
64 714
292 717
329 721
113 724
233 724
181 726
300 727
146 730
124 730
137 730
133 731
232 732
51 732
187 733
35 734
304 736
74 737
76 738
223 738
87 741
109 742
281 745
206 748
24 748
15 750
293 751
252 752
142 753
120 754
260 754
2 756
31 758
28 760
204 762
186 764
54 766
85 767
258 771
231 772
14 774
212 774
