1000
906 0
964 2
83 2
605 3
532 6
698 11
717 12
235 17
901 19
914 20
707 21
331 23
299 24
351 26
964 26
957 27
796 28
516 29
959 33
616 34
920 34
998 35
482 36
909 37
95 37
782 39
232 43
310 43
800 43
343 43
964 43
644 44
312 45
948 46
772 46
359 47
357 48
848 50
270 50
780 51
184 52
68 55
643 56
537 56
304 58
636 59
126 60
776 61
813 62
485 62
978 63
492 65
665 65
888 66
815 68
30 68
497 68
334 71
768 71
462 72
363 72
209 73
90 73
110 73
876 75
309 76
54 77
472 78
530 78
583 78
90 81
842 82
640 82
977 83
726 83
22 85
554 85
512 87
188 87
789 89
710 90
640 90
527 90
20 91
683 92
983 92
615 92
617 93
969 93
884 93
953 95
955 96
964 97
926 97
738 102
318 102
935 104
923 110
144 110
23 110
501 111
249 111
376 112
242 113
888 114
171 115
978 115
932 115
28 116
592 117
319 117
123 118
944 118
11 119
515 120
788 120
821 122
153 123
897 124
186 125
272 125
583 125
486 126
119 127
973 127
637 128
652 130
112 130
696 132
899 134
67 136
487 136
76 137
742 138
655 138
725 139
210 139
293 139
982 139
806 142
7 143
480 146
292 146
206 147
789 149
243 151
703 151
177 151
855 151
699 152
451 152
598 154
818 154
232 154
689 156
390 157
99 157
22 157
10 158
716 159
325 160
22 161
320 161
13 162
821 163
582 163
593 164
478 165
331 166
516 168
43 169
738 170
660 170
204 170
455 171
312 172
721 174
774 175
814 177
637 178
291 179
951 180
658 181
578 181
773 182
667 183
602 183
263 184
854 186
232 186
470 187
343 192
889 192
970 194
25 194
102 194
490 195
6 196
91 198
994 199
805 200
931 205
976 205
219 205
805 205
65 206
961 207
809 207
639 208
425 209
459 210
388 210
300 210
13 211
93 213
359 213
168 213
810 213
64 215
274 217
219 219
214 220
652 221
983 221
328 222
426 224
163 226
338 228
848 231
88 231
654 234
516 235
59 235
987 235
433 236
340 236
795 236
72 237
606 238
916 238
149 239
874 239
112 240
307 240
978 243
711 244
149 245
824 247
56 248
73 250
40 250
393 251
886 251
706 252
686 254
902 254
649 254
715 255
16 255
697 255
851 256
734 256
837 258
386 258
718 259
576 259
289 260
431 260
6 260
967 262
971 264
778 265
435 269
406 271
444 273
461 273
971 274
87 276
125 277
329 278
62 284
133 285
870 286
573 286
853 286
234 287
121 287
761 289
426 290
743 290
325 290
572 290
992 291
746 291
941 295
957 296
469 297
443 297
619 297
973 297
819 298
239 298
866 299
540 302
836 303
535 307
507 307
100 308
992 309
642 312
232 312
899 313
386 315
128 316
55 319
448 319
549 320
594 320
90 321
756 321
881 323
530 323
438 323
205 324
97 325
561 326
573 327
324 327
320 327
450 328
522 330
936 331
325 331
889 332
270 334
838 336
632 338
804 338
116 338
234 338
294 339
277 340
129 341
165 341
551 341
600 342
539 342
127 345
708 346
801 347
194 348
565 349
582 350
309 350
36 351
184 354
928 355
557 356
841 357
5 358
644 360
835 362
811 363
940 363
152 364
103 364
808 365
736 365
428 366
828 367
409 367
670 368
905 368
266 369
836 369
100 370
146 370
824 370
127 372
151 373
602 373
604 373
360 375
704 375
575 378
905 378
149 380
737 381
331 381
261 381
914 383
139 384
311 386
598 387
33 388
976 388
937 389
625 393
954 393
123 394
671 395
622 395
135 399
404 402
862 403
82 404
975 405
624 408
731 408
952 408
622 408
936 409
133 410
70 410
54 414
668 414
347 414
656 415
857 417
766 418
969 418
944 418
410 419
939 420
988 421
753 422
44 422
679 422
443 426
184 429
858 429
189 429
195 430
266 430
945 433
52 437
175 437
708 438
544 439
492 439
234 443
82 444
987 445
60 446
686 446
231 448
599 450
670 450
8 450
514 452
522 452
625 453
400 455
93 456
335 459
357 459
276 460
683 460
253 461
904 461
18 461
181 463
280 463
886 466
448 468
509 468
817 469
949 469
267 472
668 474
483 474
343 475
4 475
450 475
255 479
700 482
38 482
919 483
976 485
207 485
678 485
285 486
615 489
589 489
903 489
119 491
800 498
754 499
30 499
830 501
409 503
473 504
275 504
352 507
653 507
452 508
61 508
521 509
727 510
472 511
245 511
542 512
583 513
10 514
132 514
889 514
780 516
567 517
243 518
599 519
419 519
835 521
500 521
39 523
182 523
658 524
999 525
892 531
757 533
819 533
512 534
548 534
531 537
10 538
722 539
831 541
410 543
121 544
797 547
978 549
444 550
307 551
218 551
101 552
901 552
58 554
519 555
57 555
233 556
257 556
651 561
428 561
488 561
349 561
22 562
289 562
990 563
703 564
262 566
253 566
883 567
921 569
878 569
265 570
691 573
789 574
453 575
940 576
699 576
617 576
935 577
669 578
297 578
570 579
453 579
177 581
11 581
62 583
970 583
57 584
947 585
177 587
216 587
662 588
830 590
473 590
961 592
983 592
205 596
203 596
815 598
221 598
588 599
478 600
611 602
896 602
812 603
412 603
174 604
622 604
225 606
972 606
330 607
249 609
617 611
456 612
969 613
979 614
348 614
726 615
301 616
60 617
586 617
634 618
641 618
683 621
865 622
562 622
15 622
374 624
532 624
890 625
882 625
262 626
813 626
987 627
673 627
194 628
565 628
105 630
130 630
765 630
53 632
320 632
980 633
788 633
637 635
355 635
17 635
644 637
291 637
273 638
872 638
367 639
669 639
470 639
7 640
49 640
812 642
80 642
280 642
217 643
330 645
227 649
567 651
756 652
620 653
33 654
637 655
725 655
876 655
728 656
172 657
10 657
625 658
669 659
420 659
882 664
996 664
63 664
466 664
260 665
589 666
14 668
4 668
761 670
569 671
834 672
187 672
408 673
459 673
173 675
654 676
731 679
836 681
692 682
406 684
949 684
475 687
983 689
929 689
564 690
582 691
182 692
73 692
786 693
158 693
108 695
355 695
366 696
886 697
429 697
857 698
162 698
126 699
346 701
163 702
910 702
494 702
700 702
403 704
717 704
671 705
249 705
578 705
554 706
926 707
684 709
446 709
923 710
896 710
745 711
583 712
825 712
426 714
928 715
718 715
799 715
512 715
697 716
611 718
217 724
850 724
687 725
66 725
815 726
903 727
367 728
476 730
172 731
429 732
650 732
804 735
994 736
239 736
322 738
503 741
791 742
8 744
380 745
632 746
804 749
531 750
138 750
860 750
214 750
515 752
278 755
1 758
865 758
389 761
418 761
881 761
389 762
754 764
337 765
821 766
638 766
364 767
193 771
58 771
743 772
405 773
48 773
665 774
606 774
909 774
780 775
999 776
377 776
760 777
841 778
303 778
634 779
727 780
3 781
321 783
780 784
909 784
821 784
565 785
342 786
253 787
150 789
474 791
197 792
640 794
651 794
491 795
604 795
63 796
187 796
473 797
494 797
690 799
19 801
508 805
496 807
763 808
818 809
605 809
381 810
890 812
99 814
111 815
987 816
46 817
169 817
491 818
179 819
778 819
509 820
137 820
703 821
732 821
318 824
508 825
463 825
540 826
247 828
583 830
608 834
130 836
774 836
88 836
672 838
754 839
644 840
266 841
284 841
47 843
728 845
183 845
959 848
319 848
122 848
222 849
220 849
936 850
483 850
432 851
487 851
239 852
932 852
242 854
18 855
991 855
473 855
404 860
625 860
108 862
832 864
762 865
248 865
90 866
858 866
291 870
294 870
690 870
24 871
61 873
39 873
190 874
270 875
892 875
110 877
414 877
916 878
185 878
537 879
395 879
727 881
563 881
305 883
658 884
479 884
527 885
268 888
715 889
26 892
884 892
10 893
852 894
900 895
841 895
969 897
444 897
861 899
54 900
463 901
814 901
953 902
797 902
500 903
198 903
781 904
491 905
525 905
872 905
545 906
608 907
95 907
729 908
749 910
418 910
605 911
266 912
505 913
834 916
992 917
954 919
720 920
500 920
712 920
698 920
187 924
145 925
44 928
783 929
148 930
778 930
679 930
373 931
972 931
725 932
36 932
872 932
769 932
560 933
923 934
841 934
602 934
606 936
439 937
752 937
169 938
718 941
285 943
320 944
244 944
535 944
326 944
257 945
69 945
694 945
883 945
357 947
996 947
397 947
867 949
234 950
291 951
379 954
100 955
804 957
524 958
369 958
303 959
108 959
502 960
499 961
357 962
113 963
973 964
429 964
290 966
877 966
768 968
381 969
805 969
365 971
982 971
758 971
853 972
857 972
417 974
405 975
700 975
958 975
563 977
80 979
511 980
446 980
991 981
844 981
141 981
659 983
916 983
52 984
500 984
697 987
430 988
84 992
708 994
126 994
854 994
63 995
708 995
261 999
238 999
