645
312 0
713 2
218 4
530 6
958 9
279 11
660 11
487 11
878 12
123 12
495 13
852 13
708 15
75 16
89 16
239 16
450 18
843 20
337 21
756 25
43 29
567 30
253 32
35 33
710 39
788 41
738 42
163 43
776 47
498 47
437 53
683 53
433 54
797 55
337 56
330 57
198 57
595 57
483 58
987 61
666 65
499 66
477 69
654 70
826 72
443 72
269 73
28 75
546 75
966 76
732 77
454 81
643 82
297 83
93 85
201 85
508 87
423 88
112 88
670 91
66 92
639 95
609 97
724 102
794 104
462 106
846 107
789 113
865 113
42 114
634 117
75 117
57 120
301 120
22 121
199 122
863 122
34 123
292 128
610 130
917 136
603 138
829 140
38 140
338 141
832 142
634 143
572 143
167 146
705 154
107 155
477 155
2 157
688 158
67 159
767 160
162 162
137 165
983 169
307 169
144 170
371 170
836 173
845 174
830 179
260 179
360 181
845 185
970 185
602 189
258 189
386 189
626 190
225 191
520 194
811 194
822 197
516 198
595 198
165 199
994 201
525 201
655 201
338 201
399 202
669 203
121 204
76 206
459 207
580 211
539 212
170 214
459 214
242 215
516 217
122 217
2 218
250 219
636 226
970 226
364 226
729 227
99 227
124 227
388 228
733 228
676 230
740 233
789 235
682 235
491 237
526 238
86 239
346 240
711 240
965 243
721 244
815 247
680 248
221 253
205 255
90 256
648 261
571 261
755 261
202 265
840 267
950 268
1000 269
779 272
658 272
817 275
363 276
956 281
118 287
605 287
352 294
970 295
855 301
812 302
877 302
786 303
258 303
164 306
874 307
267 308
403 309
891 309
1000 313
316 313
608 316
688 316
694 316
872 317
112 320
366 322
884 324
922 325
737 326
289 328
179 333
637 333
791 336
169 341
550 342
492 344
661 345
15 346
87 347
414 347
768 349
727 349
816 349
907 351
816 352
269 354
926 354
120 355
386 355
567 359
556 360
813 361
578 362
676 362
516 362
616 364
372 364
420 365
216 367
190 367
178 367
938 369
863 370
778 370
95 373
955 376
367 377
36 380
910 381
334 381
89 383
977 384
290 387
572 388
215 391
812 392
127 393
815 394
427 394
127 395
44 395
215 398
425 398
667 399
62 401
999 401
761 408
466 410
321 413
772 413
821 414
545 416
88 417
574 417
931 417
203 419
657 419
545 420
61 420
387 421
216 425
548 426
763 428
501 431
878 432
600 436
17 437
76 439
281 440
562 440
776 441
977 446
180 446
704 447
205 447
818 449
783 450
206 451
184 452
892 455
65 459
406 462
574 465
808 467
238 467
290 468
751 472
642 474
888 477
487 477
14 478
290 479
623 483
686 484
574 485
726 488
563 493
611 494
138 498
461 499
605 501
210 502
593 503
296 503
972 505
304 509
756 510
366 511
919 512
75 512
413 516
234 516
514 517
674 519
757 519
201 520
62 520
83 521
985 521
462 521
536 521
485 522
681 525
288 526
356 527
24 529
832 531
97 535
657 535
298 536
176 537
932 537
303 538
802 539
326 539
157 541
869 544
303 544
441 545
110 545
241 549
922 549
593 553
57 554
798 555
619 556
547 556
262 557
114 557
885 558
708 558
864 559
337 563
366 565
730 565
527 565
617 566
224 569
357 572
357 574
828 574
840 577
107 580
979 580
921 582
769 582
855 583
556 583
935 584
83 585
891 586
790 586
737 588
724 592
599 594
775 594
566 594
59 598
936 598
916 599
216 600
467 600
376 606
738 607
307 608
799 609
399 610
591 612
656 615
956 619
307 619
213 620
94 620
170 622
723 623
54 623
339 623
746 624
345 624
894 625
714 628
719 628
557 628
997 629
370 629
292 630
745 630
349 632
582 634
27 635
773 635
943 639
281 639
417 640
677 640
963 643
4 645
843 647
95 647
479 648
445 648
131 648
883 649
298 652
451 652
840 653
116 653
700 656
862 659
681 659
817 663
915 663
816 664
835 664
45 672
388 672
202 674
29 675
361 678
553 679
854 679
529 684
954 686
57 691
385 692
11 692
551 693
709 694
638 695
440 695
245 696
817 696
230 698
106 699
215 700
742 701
528 701
58 703
529 704
16 705
53 705
629 705
544 710
662 711
314 712
229 715
942 716
898 716
104 716
697 719
946 719
267 719
53 720
359 720
291 721
225 724
460 726
165 728
152 728
523 730
854 732
638 733
862 734
24 735
226 735
924 735
947 736
448 737
94 744
246 744
650 746
575 746
217 746
267 747
188 750
680 751
987 752
238 755
128 761
391 763
272 767
28 775
164 775
808 779
676 779
458 781
257 783
848 786
221 790
499 794
862 796
956 797
146 798
432 799
326 802
811 803
728 803
221 805
76 806
998 810
433 811
557 811
802 816
196 818
727 821
668 823
206 823
606 824
76 824
307 827
375 830
908 832
928 832
363 835
207 836
742 836
800 837
978 837
379 839
769 840
892 842
564 843
131 844
183 845
487 845
206 847
492 848
456 854
79 858
996 858
82 859
569 867
301 872
865 878
227 878
114 881
714 882
434 883
425 887
236 888
517 888
604 890
476 891
582 891
849 891
666 899
208 902
150 903
859 903
8 905
931 906
645 909
496 910
900 910
142 910
911 910
334 911
271 914
426 923
605 923
108 930
814 932
394 934
388 935
22 939
344 939
976 940
659 944
275 944
904 946
141 948
722 948
407 950
380 950
651 951
951 952
274 953
961 953
615 955
410 955
857 955
912 955
786 957
921 960
155 962
905 965
211 966
658 967
64 968
507 968
134 969
907 969
253 969
459 973
524 978
195 980
409 980
627 983
812 983
912 984
750 985
696 986
593 986
351 986
402 988
19 990
413 990
89 991
981 992
897 992
657 992
328 994
781 995
967 997
593 999
