665
786 0
352 0
114 1
694 1
361 2
695 3
651 6
634 6
402 12
556 13
78 13
664 13
670 15
648 17
295 17
556 19
720 20
245 21
34 21
576 22
163 23
219 24
254 24
802 27
99 28
120 28
170 29
533 29
720 29
664 31
785 31
208 32
546 32
608 33
473 33
2 33
845 35
463 37
43 38
73 38
472 40
417 41
126 41
3 41
867 42
843 43
264 43
865 44
819 46
93 46
69 47
177 51
780 51
250 52
769 52
842 53
303 53
563 53
120 54
541 54
291 57
632 58
858 58
420 59
233 60
101 61
318 62
468 64
765 64
790 64
664 64
522 66
374 67
85 67
712 68
768 68
265 71
633 72
250 74
123 75
110 77
138 78
745 80
481 84
459 84
232 84
142 84
780 85
637 88
412 89
526 92
574 93
60 94
411 94
685 97
771 100
304 100
32 101
10 102
135 102
548 104
663 105
638 106
40 107
89 112
712 113
289 113
868 114
625 115
353 116
699 117
284 117
537 118
634 118
559 119
5 119
819 120
240 121
305 122
417 124
8 127
527 127
615 129
358 129
815 129
552 129
78 129
607 131
690 133
218 133
516 134
91 135
16 135
291 139
419 139
537 141
510 142
242 143
785 146
203 147
185 148
630 148
375 150
683 151
601 152
106 155
580 155
80 157
844 157
171 158
454 159
162 160
517 160
588 162
741 162
520 163
255 163
565 164
679 164
758 164
236 165
635 167
871 170
595 172
480 174
143 174
613 175
55 175
159 175
736 176
516 177
634 178
597 178
409 179
50 180
838 180
3 181
366 181
528 185
418 187
200 188
556 190
313 191
797 191
276 193
42 193
869 193
810 193
343 194
555 195
41 199
606 200
634 200
647 201
690 201
88 201
80 203
138 203
396 204
627 206
124 207
522 207
809 209
823 210
145 210
419 210
825 211
199 212
802 212
541 214
228 214
753 217
158 217
400 219
381 219
626 220
504 220
221 221
175 222
856 222
532 225
259 226
561 227
49 227
800 228
200 228
4 229
598 231
853 231
254 232
789 232
748 232
715 232
654 233
32 234
293 234
424 234
91 235
97 235
399 237
465 238
759 240
107 240
364 240
526 240
171 241
221 241
630 242
191 242
208 243
533 243
246 249
540 249
251 250
443 251
853 251
757 251
189 251
247 252
145 253
373 253
379 253
785 253
767 254
324 254
482 254
362 257
331 257
483 257
651 257
53 259
138 261
445 262
52 263
24 265
599 266
767 267
838 267
36 267
225 269
2 269
284 271
388 271
549 272
713 272
460 273
717 275
525 277
835 279
517 281
420 283
624 286
506 286
661 287
555 287
182 288
295 288
523 289
792 292
407 293
766 293
699 294
850 296
342 297
11 298
132 301
202 301
65 302
11 302
777 303
130 303
38 303
764 304
723 305
533 305
422 306
79 307
502 307
33 308
252 309
662 310
498 311
207 313
317 313
213 316
587 316
632 316
611 317
252 317
474 318
540 318
106 319
590 319
549 319
93 320
486 324
181 324
637 326
104 326
623 326
158 327
557 327
185 327
16 327
704 329
495 330
677 332
67 333
732 333
633 334
768 334
421 335
621 336
143 337
711 337
210 337
253 338
813 338
278 339
399 339
430 340
768 341
557 341
682 346
351 347
14 347
816 348
71 349
800 349
534 350
735 351
780 352
486 352
471 352
645 354
461 356
248 357
176 359
36 359
412 362
444 362
794 362
638 364
715 365
135 369
818 370
529 370
636 371
813 371
767 372
489 372
475 373
187 373
585 373
867 375
713 375
832 375
38 375
848 376
441 376
239 377
421 379
436 379
402 380
819 383
277 385
732 385
711 386
631 386
109 386
52 388
316 389
513 391
430 397
118 397
607 397
141 398
128 399
718 399
89 400
321 401
481 402
739 402
364 403
588 404
734 405
9 405
110 406
603 409
349 410
505 410
438 411
25 412
580 413
664 413
636 414
748 419
21 420
540 420
100 420
133 421
32 422
592 422
762 422
614 424
25 425
390 425
106 425
519 426
569 426
817 427
160 431
598 433
733 434
638 438
173 440
204 441
58 442
157 443
3 444
235 444
126 445
679 446
547 446
703 447
754 450
811 451
27 452
651 453
49 453
832 454
214 455
678 456
215 458
99 458
294 464
631 464
336 465
467 466
326 466
702 468
229 468
577 469
803 470
26 470
301 470
779 471
773 471
839 473
660 474
397 474
26 476
282 476
51 478
310 479
1 480
711 481
440 484
35 484
744 484
102 484
743 485
401 485
280 485
323 489
420 489
386 490
136 490
302 490
105 491
283 492
97 500
383 500
749 502
739 503
369 504
184 504
848 505
868 507
735 507
248 508
331 508
623 509
27 510
785 513
836 513
577 513
201 514
615 514
572 515
598 517
74 517
718 518
113 518
713 518
421 518
191 519
517 521
163 521
419 521
453 521
854 522
379 522
546 522
734 527
310 527
555 528
775 528
225 529
582 529
62 531
396 532
822 532
460 533
732 533
607 535
597 537
477 537
366 538
148 543
381 543
821 544
673 546
834 546
786 546
369 546
563 547
838 547
752 549
88 549
585 549
836 550
569 550
515 550
836 551
411 552
631 553
515 553
525 554
845 555
691 555
575 558
549 558
20 559
243 561
771 561
645 562
811 562
589 563
581 564
226 565
730 566
720 567
648 567
288 567
563 568
199 573
374 573
376 573
62 574
17 574
535 574
625 575
213 576
38 577
410 578
173 579
670 579
150 580
718 581
741 581
817 581
717 583
379 584
524 585
465 585
13 586
126 587
704 588
75 588
754 590
729 591
107 594
56 594
2 595
629 595
341 599
228 603
379 605
701 605
789 607
269 607
317 607
634 609
206 610
69 611
485 611
364 613
333 614
539 615
145 618
859 618
752 620
324 622
329 623
509 624
515 624
286 626
595 628
841 629
684 629
314 630
242 631
540 632
436 632
786 632
74 632
175 632
471 634
864 634
262 635
531 636
283 636
76 636
518 636
