800
53 0
857 2
351 2
6 6
239 8
247 10
569 10
330 12
949 13
962 13
863 14
728 14
222 16
580 16
969 17
401 18
49 18
832 19
126 20
919 20
918 21
488 22
621 23
722 26
469 27
367 27
161 29
335 29
666 31
789 33
423 33
275 34
793 35
215 37
864 37
20 38
5 38
289 39
119 39
441 40
57 44
76 46
719 48
868 54
231 55
619 55
674 56
578 57
553 58
395 59
987 59
312 59
277 59
147 60
340 65
496 65
695 66
173 66
898 67
670 69
518 71
312 72
11 72
851 73
85 74
891 75
170 76
99 77
60 78
142 79
518 80
862 88
929 89
999 90
666 92
105 99
374 99
181 100
920 102
135 103
256 103
47 103
195 104
899 105
942 107
37 107
368 108
995 109
878 109
599 111
866 112
263 114
357 114
692 115
43 115
179 118
451 121
250 122
882 122
806 124
477 124
438 127
670 130
485 130
274 132
140 133
503 137
323 138
453 138
719 139
291 140
813 147
184 148
759 151
827 152
483 153
722 153
431 159
495 160
54 163
817 163
833 164
665 168
389 168
850 168
784 170
849 170
421 171
166 171
44 173
254 174
143 174
665 175
891 178
364 179
184 179
156 181
551 184
621 185
201 185
689 185
76 187
768 188
455 190
705 190
226 191
639 195
364 197
226 197
632 199
214 199
843 201
324 201
791 205
743 208
120 209
246 211
252 211
134 212
930 214
633 214
398 220
714 222
895 223
676 223
982 224
431 225
744 226
793 226
615 230
774 231
198 231
147 232
938 232
437 233
222 233
541 233
989 234
674 234
235 235
808 235
862 236
814 236
107 238
537 243
702 243
913 245
91 249
435 249
473 250
396 251
276 253
601 253
988 254
994 254
971 254
229 255
466 255
324 257
259 263
149 264
68 264
207 265
93 265
744 268
900 268
105 268
162 271
512 271
869 272
680 273
109 273
302 273
465 275
472 277
899 277
334 278
845 281
658 281
251 284
734 286
396 287
961 288
665 289
232 289
677 289
656 290
37 291
298 294
277 294
823 295
181 296
124 299
370 301
974 302
723 303
999 303
298 304
921 305
711 306
131 306
692 307
966 307
596 309
658 311
708 314
873 315
104 315
206 315
13 315
913 315
491 316
903 316
801 317
659 319
153 319
905 320
574 320
172 322
441 323
536 324
223 324
803 328
838 328
876 329
460 330
290 330
764 330
359 331
697 332
216 333
343 333
718 334
895 337
806 337
760 339
497 341
596 341
722 342
254 342
745 343
550 344
556 344
929 344
546 345
527 347
314 351
750 351
652 351
658 354
969 354
901 354
447 355
578 355
607 356
734 357
771 359
556 362
593 362
362 363
696 363
831 368
406 370
839 370
873 371
753 372
372 372
53 373
277 374
366 374
441 375
587 375
991 378
647 378
673 378
295 378
972 384
860 384
174 385
344 385
206 385
9 386
333 388
247 390
42 391
101 392
908 394
32 395
333 396
804 396
202 397
814 400
797 402
387 402
774 403
578 403
673 404
949 409
868 409
350 412
163 412
780 417
412 419
744 419
945 421
500 422
636 422
662 423
652 423
614 426
416 427
799 429
185 431
157 432
89 435
565 435
489 437
120 440
635 441
919 442
61 443
28 443
126 444
872 444
618 446
955 447
26 448
808 448
234 449
988 450
707 452
936 452
842 456
259 457
22 458
581 459
339 461
891 461
743 462
212 466
921 467
256 467
362 471
633 471
881 473
470 473
389 473
460 474
613 476
896 477
527 479
43 479
777 480
889 484
885 485
321 486
980 489
841 489
747 491
416 491
233 491
533 491
587 492
751 492
148 492
444 493
782 493
9 494
84 495
265 498
594 498
896 498
967 498
666 500
773 501
707 502
452 503
984 503
339 504
906 504
803 508
815 508
470 509
119 510
714 514
303 516
875 518
387 518
193 519
879 520
96 520
414 521
465 523
669 524
169 526
828 527
58 527
511 528
633 528
593 529
703 530
945 531
304 533
30 535
94 535
570 537
602 537
80 539
641 541
926 541
855 544
553 544
808 545
578 546
910 548
616 548
386 550
277 554
450 555
901 558
899 559
688 560
345 563
788 565
876 565
151 566
243 568
292 568
305 570
122 571
768 572
741 572
882 574
585 577
812 578
960 578
351 579
235 581
792 582
56 583
611 583
718 583
252 584
151 586
861 586
343 588
623 588
297 590
562 592
476 595
538 597
135 597
282 598
880 598
894 601
263 601
313 601
912 605
698 607
214 610
203 612
951 613
560 614
833 614
483 615
362 615
167 616
660 617
22 618
461 618
649 619
646 622
240 623
850 623
216 624
719 626
703 629
703 631
800 632
338 633
46 633
728 633
757 634
234 634
18 635
432 635
227 635
223 637
276 641
489 641
267 641
645 642
672 643
154 643
529 644
246 644
876 646
996 646
546 647
568 651
657 651
147 653
856 655
153 655
370 656
518 658
149 659
589 659
377 661
29 662
753 663
764 664
668 665
433 667
136 667
490 668
363 671
554 672
524 673
646 673
595 674
878 676
752 676
618 677
494 679
892 679
413 680
644 680
249 680
553 681
754 684
861 684
415 686
490 686
706 687
406 690
511 691
719 691
652 692
553 695
10 696
675 700
611 703
492 704
95 704
940 705
635 707
268 707
763 709
692 709
212 712
113 713
836 713
807 714
569 717
648 721
450 725
235 727
937 727
791 728
659 728
407 729
370 730
317 730
565 732
737 736
754 737
677 737
588 738
890 740
366 741
242 743
751 744
550 747
526 748
801 749
989 750
586 752
730 754
722 756
874 757
880 758
202 759
22 759
933 760
638 761
699 764
544 765
65 770
841 771
698 774
36 778
956 778
27 779
855 782
929 782
686 783
551 784
642 784
959 785
450 789
907 790
198 794
193 795
887 797
537 798
929 798
688 799
922 800
142 801
612 802
917 803
322 803
113 804
116 805
306 805
3 806
234 808
727 808
403 812
77 813
315 814
542 817
159 817
318 819
642 819
122 820
163 826
951 828
8 828
563 829
285 833
664 833
642 835
8 835
181 835
136 836
645 839
397 840
925 840
19 844
989 844
24 844
246 845
728 846
122 846
166 846
545 847
217 848
856 849
794 851
212 851
831 852
68 853
775 854
539 855
289 857
463 857
419 863
921 866
560 868
663 869
667 870
676 871
445 872
955 873
962 873
303 874
735 876
375 877
385 877
862 877
276 880
170 881
273 881
895 882
921 883
82 883
688 884
201 884
946 885
846 885
811 886
43 888
937 889
216 890
50 891
345 896
459 897
623 899
16 900
201 900
152 903
7 906
975 907
288 908
199 909
344 910
189 910
906 910
225 912
239 914
791 915
766 919
255 919
661 919
526 920
941 920
122 924
325 930
724 931
689 933
661 934
966 937
297 938
633 940
867 943
220 943
96 946
459 948
682 949
197 949
926 953
579 954
555 954
744 955
215 955
787 955
268 959
212 960
726 961
889 961
123 962
364 964
731 965
222 965
744 968
941 968
4 968
870 970
310 971
72 971
907 975
526 975
366 976
311 977
64 977
602 977
247 982
826 986
562 987
512 988
760 990
296 996
781 996
138 997
686 997
584 998
341 998
170 1000
