1000
620 1
555 2
670 4
186 4
847 6
8 7
11 8
785 11
765 12
215 12
893 13
775 13
258 13
400 13
675 16
845 17
28 17
544 18
214 19
354 19
287 20
368 20
515 22
380 22
174 24
744 25
883 26
437 26
745 33
759 33
998 34
3 36
633 38
54 39
980 40
207 41
924 42
275 43
857 43
316 44
398 46
870 47
244 47
933 48
875 48
133 52
57 57
448 57
333 58
699 58
548 62
61 62
376 62
418 63
735 63
521 63
321 63
505 64
797 64
37 66
671 67
388 68
918 69
732 70
668 70
990 70
107 70
264 71
850 72
630 73
204 73
744 74
470 77
245 78
756 79
348 79
164 80
569 81
697 81
999 83
820 84
454 85
511 86
540 86
465 87
728 90
77 92
335 93
795 93
3 93
27 94
170 95
522 96
275 99
130 100
837 100
467 101
598 101
778 101
402 101
713 102
814 104
130 105
292 106
445 108
315 108
822 108
169 110
804 114
661 114
894 115
312 115
808 117
298 118
67 119
627 122
151 122
937 122
581 123
818 124
574 124
165 125
471 125
384 127
606 129
885 131
467 131
415 131
802 131
642 131
812 132
98 132
713 137
568 137
187 139
454 140
474 141
820 142
945 142
175 143
504 143
511 143
373 148
346 149
806 149
416 149
434 150
113 151
492 151
173 151
741 152
138 154
645 154
659 155
644 155
627 155
349 157
657 157
405 157
410 161
561 161
369 162
204 162
499 163
802 165
357 166
390 167
976 169
597 169
322 170
626 170
879 171
871 171
115 171
732 172
702 172
96 173
450 173
744 174
36 174
931 175
398 175
404 176
973 176
106 176
982 177
717 177
112 178
176 179
824 179
903 179
478 180
204 180
7 181
186 182
54 182
893 182
145 183
840 183
935 184
607 186
147 187
924 188
732 188
584 189
7 191
144 192
397 192
148 193
389 193
569 193
339 194
332 196
684 196
295 197
797 197
303 197
892 198
315 199
691 200
8 200
648 201
468 203
655 207
75 211
750 212
872 212
400 214
314 214
117 215
674 219
230 220
917 223
656 223
194 224
758 225
244 226
801 228
153 229
906 230
561 233
163 234
377 234
459 235
474 235
217 236
355 239
893 242
885 243
24 243
718 244
246 246
14 246
761 246
82 250
723 250
132 251
358 251
965 252
861 252
734 253
705 254
94 254
880 255
71 255
226 256
313 257
555 260
971 261
139 263
807 264
221 265
812 266
646 267
466 267
663 267
584 270
597 271
157 271
713 271
85 274
441 277
18 278
782 279
963 280
214 281
616 281
214 282
274 282
59 285
907 290
444 292
915 292
498 293
466 294
849 296
780 297
28 297
887 298
475 298
439 300
443 300
373 300
722 301
61 303
518 303
325 305
893 305
692 307
39 307
938 309
890 309
373 313
62 314
503 315
760 318
656 320
621 320
345 321
133 321
642 321
298 323
828 323
683 324
115 325
648 325
930 327
931 327
633 327
112 329
583 330
39 331
396 332
928 335
508 337
666 340
307 342
433 343
37 343
148 345
47 346
83 347
163 347
406 348
900 349
982 349
113 353
98 354
738 354
601 354
335 354
660 355
8 355
13 355
744 356
732 358
406 358
163 358
344 360
131 360
595 362
560 363
474 363
695 363
377 365
447 365
596 369
206 370
81 373
918 378
340 381
907 382
310 382
372 383
800 383
982 384
601 387
888 387
858 388
988 391
938 391
839 391
132 392
6 392
313 392
587 392
775 392
444 393
298 394
189 394
11 396
308 396
784 398
189 399
741 400
233 402
522 404
956 404
793 406
13 409
252 409
589 410
454 410
456 411
449 412
645 412
261 412
296 413
694 413
441 414
688 416
411 416
271 416
603 416
495 418
128 419
543 420
466 421
81 421
280 421
709 422
781 422
662 423
610 424
148 424
303 425
657 428
772 430
180 430
260 433
591 434
64 435
622 436
248 438
777 439
742 442
659 443
666 444
37 445
337 445
258 448
884 448
592 453
828 454
778 455
80 455
305 457
207 458
939 458
284 458
218 459
7 460
349 460
744 461
111 462
925 462
442 464
257 464
700 465
865 465
880 465
573 467
956 467
827 467
862 467
203 469
845 470
474 471
923 471
494 472
937 473
942 473
164 473
973 474
961 477
112 478
225 479
990 480
828 481
718 482
767 483
990 484
358 485
509 485
255 486
864 488
483 489
498 492
563 492
10 495
2 495
108 496
206 499
818 499
99 499
706 500
284 501
163 501
78 501
842 503
506 503
137 505
968 506
821 506
181 508
34 511
110 512
218 514
486 514
293 515
911 515
640 516
264 518
141 520
280 522
69 522
115 523
320 524
609 524
269 526
718 527
334 527
273 527
280 528
127 528
696 528
848 528
142 529
878 529
103 530
530 531
56 531
856 532
988 532
647 534
85 534
528 535
251 536
976 539
815 539
501 540
911 540
874 541
391 542
579 544
95 545
793 547
496 550
745 551
225 551
564 552
433 553
497 554
83 554
360 555
182 557
554 557
980 558
147 558
501 560
676 560
275 564
172 565
593 567
392 568
131 569
217 569
249 570
506 570
366 571
163 572
804 572
801 575
39 577
55 577
839 578
252 578
707 579
425 580
74 580
788 580
743 582
343 582
66 582
284 585
671 587
544 587
495 588
781 588
732 589
171 590
348 590
930 591
807 592
5 594
931 596
366 598
954 599
174 600
939 602
620 603
113 605
593 605
95 607
775 609
690 610
111 611
920 612
854 612
912 614
624 616
20 617
223 618
421 619
707 620
194 621
205 622
349 629
994 630
351 630
856 630
51 630
138 632
445 632
985 633
999 633
873 634
275 637
950 638
910 639
468 640
85 641
424 641
669 643
551 644
848 646
749 648
655 649
737 649
424 650
913 650
770 652
640 652
569 652
814 652
652 653
132 654
158 654
803 656
291 656
276 659
113 660
573 660
304 661
219 663
849 663
301 664
387 667
696 668
918 671
776 671
606 674
127 675
40 675
281 677
555 678
418 678
587 678
125 684
758 685
347 685
205 686
886 686
606 687
841 687
247 687
692 687
421 688
353 688
540 689
659 690
500 692
209 694
280 695
374 695
226 696
991 697
410 701
709 702
758 703
622 703
900 705
921 706
467 707
275 708
754 709
944 711
87 714
18 714
435 715
697 715
849 717
141 719
336 719
429 719
676 720
680 720
360 721
768 721
786 723
305 724
616 724
536 724
240 724
652 725
277 725
436 727
479 727
824 728
634 729
826 730
796 731
359 732
926 732
407 735
627 737
414 738
366 738
833 739
4 740
60 740
410 742
911 743
304 744
664 745
931 746
545 746
1000 749
17 751
374 751
448 751
371 751
99 751
874 753
502 754
830 759
535 760
985 761
904 762
619 762
694 762
662 764
107 765
993 766
444 766
833 768
871 768
555 770
743 771
220 771
172 771
354 772
644 774
822 775
748 776
751 776
429 777
951 779
716 779
863 782
603 782
787 782
367 782
135 783
786 784
688 784
493 785
399 786
794 787
834 789
25 789
251 791
781 791
519 793
585 794
845 794
197 795
180 796
542 798
403 798
189 799
375 799
775 799
593 800
625 801
289 802
833 803
877 804
295 804
496 805
397 805
478 806
487 807
543 807
898 808
834 810
29 810
126 811
962 812
734 813
606 814
154 815
662 816
858 816
657 816
131 817
739 817
98 819
277 819
150 820
77 821
333 824
174 826
475 826
730 830
259 832
276 833
856 833
369 833
551 837
937 838
695 842
391 845
98 846
413 846
744 847
6 849
912 851
831 854
501 855
25 856
227 856
645 858
486 859
838 859
471 859
898 860
442 860
80 863
808 865
407 865
605 866
158 866
420 866
147 867
262 868
973 869
169 869
283 869
685 870
711 875
964 878
623 878
468 879
797 879
111 879
953 881
509 882
306 882
706 883
855 884
678 884
207 884
278 885
971 885
673 887
852 890
993 891
981 891
944 891
994 892
774 893
39 894
979 894
191 895
831 897
254 897
736 898
281 898
11 900
591 901
105 907
31 907
112 907
17 907
88 907
834 909
359 910
292 910
889 910
476 910
3 911
589 912
503 914
80 915
993 917
22 918
764 918
860 919
717 919
731 921
518 922
482 922
158 922
689 923
858 923
980 924
356 925
419 926
403 926
515 928
526 928
946 928
359 929
639 929
946 930
953 930
186 933
510 934
465 937
813 937
348 938
672 938
573 939
551 940
638 942
985 942
169 943
854 943
171 944
382 944
441 945
435 946
73 947
58 947
54 948
237 948
284 948
50 948
229 948
742 953
629 953
911 953
22 953
524 954
906 956
774 957
335 957
731 957
30 962
280 962
446 963
133 963
454 966
572 967
670 967
493 967
647 969
519 969
202 969
266 970
391 972
801 972
692 974
367 976
151 979
856 980
766 981
965 981
471 981
18 982
10 983
954 984
522 984
69 985
48 985
799 985
323 986
42 987
77 987
795 987
412 989
377 989
193 990
31 992
859 993
787 994
493 999
201 1000
715 1000
