921
858 1
432 1
147 1
366 3
792 3
417 3
64 6
200 6
288 7
100 11
483 12
139 14
844 16
110 17
891 17
151 18
754 19
452 24
285 24
106 26
782 29
613 29
956 32
918 33
725 34
465 35
470 36
164 36
211 36
788 38
732 38
473 39
443 41
292 43
921 45
285 45
820 47
580 47
180 48
694 48
79 48
46 49
653 49
81 50
179 50
241 51
478 51
389 51
589 53
104 55
714 57
293 58
332 60
351 61
400 62
233 63
381 65
884 66
866 67
346 69
508 72
602 73
370 74
121 75
804 75
405 78
59 78
920 78
817 79
48 80
423 82
150 83
537 83
151 84
724 86
810 88
162 91
795 91
496 91
317 92
759 95
907 95
829 97
552 98
946 105
301 106
461 106
199 107
525 108
663 108
66 108
740 110
321 111
866 111
53 112
984 115
384 115
551 116
457 117
643 118
993 120
528 121
448 122
464 122
945 122
606 123
631 125
13 126
493 126
128 127
847 130
455 130
289 131
85 131
449 132
730 134
390 135
608 137
365 139
983 139
525 140
798 142
166 142
511 145
95 147
848 148
143 148
378 148
434 149
276 149
683 149
572 152
122 154
437 155
258 155
54 157
476 157
815 158
288 159
744 161
393 162
56 164
888 164
254 165
272 165
444 166
780 167
218 169
635 169
837 171
550 172
969 173
40 174
2 174
734 174
237 176
549 178
990 178
786 178
888 179
750 181
799 181
381 182
69 183
874 183
559 186
79 186
895 187
77 187
102 188
707 190
959 191
128 192
435 192
212 192
12 197
510 197
603 198
561 201
982 201
654 202
580 202
570 202
501 203
448 205
342 206
29 206
374 208
247 208
534 210
257 210
272 210
715 211
110 214
744 217
584 218
8 219
845 220
891 220
631 223
25 225
59 226
241 227
782 229
443 231
587 232
865 232
958 233
94 235
416 237
545 237
50 238
498 238
554 240
716 241
221 242
526 242
128 242
518 242
401 244
371 245
580 245
181 246
911 246
998 246
25 247
56 248
291 250
470 251
96 251
498 253
720 253
844 253
599 255
171 258
157 259
760 261
484 261
14 262
970 263
992 263
692 264
198 265
872 265
168 267
542 273
498 275
162 275
599 277
396 279
602 279
910 280
339 281
94 282
331 283
47 283
69 284
296 284
479 290
283 292
523 294
453 295
662 295
782 296
320 296
18 297
673 298
758 301
650 301
135 301
622 302
191 303
317 304
551 305
641 305
839 307
660 307
4 308
779 309
378 309
407 311
926 314
318 316
392 317
276 318
539 320
327 320
67 320
247 321
981 322
247 323
847 324
130 324
415 325
838 325
2 326
849 328
293 329
750 329
454 330
61 332
855 332
841 332
894 333
235 333
810 335
449 335
534 336
675 336
544 337
55 337
249 340
593 340
370 342
306 342
816 342
720 343
991 344
65 346
566 346
558 347
968 347
546 347
474 349
277 350
613 350
386 350
46 353
249 354
336 355
791 355
461 355
316 357
72 358
763 358
524 359
691 360
562 360
727 361
124 361
411 362
509 362
98 362
980 364
894 365
92 365
962 367
513 367
241 370
254 371
80 372
698 373
197 374
334 375
813 376
121 377
85 378
770 380
349 382
100 382
602 383
389 385
801 386
242 392
448 392
883 392
246 392
895 394
210 396
504 398
838 398
450 399
212 399
404 400
116 401
855 401
869 401
882 403
256 406
130 406
526 408
59 408
575 409
907 409
235 410
179 411
260 415
671 416
448 417
496 417
503 417
519 419
497 420
535 421
296 422
220 422
899 423
739 426
592 427
170 427
72 431
955 432
929 433
459 437
408 439
5 440
565 440
960 440
865 442
278 443
934 444
538 444
738 449
384 449
487 450
747 451
830 451
588 457
625 457
817 458
869 461
117 462
730 463
507 464
295 465
114 466
220 467
946 470
828 470
513 470
320 470
724 471
664 471
687 472
593 474
147 475
699 475
637 475
968 478
360 478
750 479
51 482
68 483
304 483
475 485
639 485
413 485
936 485
723 486
208 486
602 488
662 489
318 489
71 490
801 490
189 490
132 493
445 494
682 494
611 497
489 498
280 498
965 498
338 499
598 500
402 500
657 501
68 502
714 502
321 503
9 503
132 503
99 503
395 505
999 505
715 508
108 509
631 509
395 511
46 512
195 513
189 513
778 514
175 516
135 516
867 517
134 518
898 518
498 518
838 519
128 523
464 523
726 524
571 526
429 527
241 529
223 530
268 532
425 535
536 536
61 536
304 537
573 538
421 539
667 539
565 539
125 539
879 540
684 541
194 543
852 543
528 545
483 550
684 552
294 554
889 555
979 555
623 555
976 556
222 557
859 557
462 559
187 560
487 560
329 562
850 563
92 564
727 568
668 572
182 574
728 575
460 577
429 578
577 580
373 581
239 584
515 584
419 585
81 587
208 588
273 589
801 592
676 592
715 592
722 593
833 594
759 597
601 598
499 599
1000 599
291 601
948 602
524 604
637 605
690 606
179 608
919 611
141 613
233 613
166 616
945 617
875 618
310 618
816 618
804 619
808 621
706 621
256 623
288 623
216 624
721 626
174 628
276 631
303 634
28 635
720 635
152 636
615 636
835 636
736 638
412 640
564 640
863 641
524 641
70 645
817 647
590 649
565 649
42 649
644 652
860 652
411 653
363 653
924 654
619 655
593 655
836 655
751 656
600 660
988 661
747 662
382 662
339 663
223 663
19 664
87 665
475 667
799 668
915 670
859 670
946 671
982 672
606 673
215 678
506 679
620 681
805 682
788 685
181 685
536 686
795 688
813 691
759 693
400 693
732 694
842 694
38 695
383 698
393 698
550 698
822 699
794 700
519 701
886 701
13 702
289 702
277 703
119 703
966 704
360 705
993 706
941 706
159 707
750 707
341 709
701 711
149 712
305 712
463 713
517 714
847 715
937 716
971 718
844 721
247 721
367 721
603 723
246 723
363 724
994 724
125 725
18 725
765 727
596 728
350 730
364 730
171 733
327 733
791 734
735 734
343 735
358 735
863 738
542 741
726 741
767 742
848 742
926 742
687 743
510 744
130 747
665 749
412 750
955 750
109 751
602 752
297 753
917 756
948 756
865 756
738 759
411 761
489 764
708 766
731 767
13 769
389 769
201 771
627 772
200 774
917 775
933 777
875 778
313 779
667 780
446 781
99 782
616 783
475 787
510 787
135 787
244 789
9 789
431 789
361 790
257 790
663 790
619 791
408 791
316 795
132 795
875 797
379 798
402 798
870 798
966 801
807 801
186 802
684 802
590 804
553 804
437 805
421 805
435 806
890 806
254 807
76 807
82 809
44 810
435 811
346 812
540 813
152 816
215 817
318 817
243 818
257 818
811 819
336 819
146 819
300 820
327 820
369 820
355 821
816 823
342 823
95 824
247 825
243 825
624 827
205 827
566 828
8 828
346 828
691 829
36 830
418 831
627 834
333 834
911 835
8 835
660 836
714 836
941 838
121 838
864 838
958 839
40 839
900 840
650 842
284 843
449 844
95 844
344 846
361 846
309 846
882 847
843 848
259 848
6 850
435 851
484 854
820 854
559 856
949 857
631 858
906 858
138 860
9 861
286 862
64 864
20 865
69 866
484 868
454 868
711 869
947 871
124 876
696 876
831 876
474 876
401 877
295 879
724 880
807 880
443 881
213 883
378 883
934 885
115 889
650 889
881 889
95 893
731 893
345 894
426 894
537 895
565 896
784 897
968 898
699 899
380 902
804 906
725 910
853 913
141 915
276 915
322 918
429 918
317 920
759 921
642 921
348 923
254 923
691 923
316 926
766 926
531 926
756 926
346 926
80 927
406 930
601 933
648 933
427 934
661 935
36 936
11 937
3 937
109 937
669 938
504 938
483 938
943 939
600 941
390 942
267 942
697 944
405 948
371 949
608 950
837 951
768 951
746 951
676 952
590 953
962 953
206 955
196 956
37 957
987 959
492 960
338 960
850 961
308 961
327 962
639 963
381 964
679 965
374 969
933 969
772 969
421 970
476 971
139 971
194 972
93 973
924 974
691 975
35 976
681 980
670 981
831 983
632 984
778 985
566 986
588 986
312 989
94 990
491 992
120 993
471 993
502 993
896 996
868 997
748 997
607 998
739 998
250 999
955 999
713 999
