1000
973 1
3 1
640 3
423 4
546 4
975 7
740 7
450 12
810 14
460 14
653 14
616 14
822 14
373 15
361 15
186 18
687 19
363 19
429 19
610 20
894 20
344 21
351 21
677 21
607 22
71 23
53 25
523 26
616 27
418 27
565 28
877 28
642 29
283 31
27 31
566 31
756 32
812 34
881 37
911 38
652 39
636 40
568 41
338 42
947 43
63 44
281 44
334 45
174 46
862 48
746 48
39 50
168 51
250 51
630 52
453 55
367 56
522 57
853 57
253 59
438 60
588 64
231 65
652 68
919 69
372 70
736 70
896 71
229 72
357 72
661 73
405 77
298 78
812 78
908 79
717 82
104 83
989 83
264 85
882 86
427 88
207 89
855 89
268 89
459 89
9 89
201 92
513 92
521 94
47 94
5 97
162 98
220 99
809 99
13 101
472 102
562 106
604 108
385 110
616 111
765 112
53 113
97 114
118 117
736 119
56 119
405 119
482 124
604 124
400 124
587 124
918 126
658 128
947 129
646 130
19 132
682 133
30 133
243 134
434 136
35 136
4 137
203 137
734 138
928 138
115 139
398 140
701 140
137 142
619 142
301 144
691 144
793 145
685 147
580 149
340 150
75 152
34 153
626 156
554 156
537 158
209 159
356 160
618 162
168 163
494 164
730 164
658 165
435 166
982 166
520 166
740 166
421 167
759 168
600 168
263 168
20 169
130 170
909 172
188 172
944 173
823 175
622 177
300 178
777 179
666 179
5 180
223 180
552 181
453 182
566 182
636 183
722 184
630 185
310 186
802 186
539 186
727 186
589 188
555 188
223 189
680 190
735 191
100 192
754 193
702 194
906 195
112 197
430 197
709 197
11 197
83 198
774 198
654 200
829 201
492 202
818 202
623 204
726 206
714 207
280 208
228 210
165 211
450 212
98 213
651 215
376 215
672 218
302 219
874 221
361 222
407 223
881 223
419 227
997 227
162 229
542 229
268 230
589 231
469 232
658 233
545 233
893 236
523 237
171 238
321 238
485 239
269 241
104 241
188 242
93 242
639 245
937 245
909 247
229 247
425 248
46 249
396 249
354 250
506 250
115 252
321 253
816 256
924 257
888 257
595 258
289 258
362 259
700 259
189 260
338 260
518 261
717 261
521 263
108 264
779 265
283 265
624 266
167 267
836 268
663 268
285 269
644 270
60 271
220 271
555 271
993 271
99 272
775 275
471 278
842 282
534 284
416 284
985 285
226 287
855 288
651 289
853 290
235 292
164 292
148 293
752 295
693 295
882 296
984 297
378 297
614 298
353 298
927 299
728 299
305 300
482 300
935 301
998 304
554 306
38 306
562 307
405 307
462 310
486 311
391 312
852 314
655 314
85 316
250 316
959 316
7 317
809 319
74 319
357 319
28 321
346 321
960 321
643 325
314 326
751 326
288 326
2 326
401 327
870 331
174 332
158 333
694 334
98 335
203 336
759 336
546 339
926 340
546 344
114 344
720 346
499 346
859 349
718 350
455 352
878 353
235 354
885 356
181 356
484 358
876 359
240 360
168 363
272 363
931 369
954 370
391 370
354 372
414 373
907 373
365 373
954 375
26 375
850 377
641 379
263 379
759 381
107 383
125 385
623 386
642 387
816 388
865 389
983 390
365 390
523 392
604 392
170 393
93 393
486 393
110 395
390 396
137 397
811 398
484 398
409 398
23 401
559 402
916 402
749 403
272 403
583 404
591 407
117 407
16 407
435 407
500 408
565 409
871 410
413 410
902 410
748 411
657 411
342 412
988 413
980 415
96 417
249 417
165 418
670 419
418 420
776 423
6 425
687 425
669 427
959 427
260 428
260 429
452 433
745 434
206 434
416 434
18 435
312 435
856 437
907 437
808 438
312 438
488 439
125 439
877 441
972 441
689 443
254 443
255 444
247 445
822 445
330 446
6 448
632 448
191 449
216 449
990 451
812 452
85 452
952 452
30 453
673 454
967 455
724 455
408 456
764 456
807 460
284 460
652 460
190 461
806 461
1000 461
17 462
248 463
983 463
790 463
857 466
942 468
445 469
901 471
454 472
354 473
696 474
503 475
261 476
57 476
321 477
764 479
677 480
550 483
954 484
578 484
604 484
226 484
73 484
648 484
890 489
375 490
788 490
872 492
910 493
897 494
813 494
854 495
92 495
946 496
252 496
40 497
199 498
595 498
654 498
679 500
843 500
83 500
826 502
443 502
39 504
511 505
693 505
840 505
726 506
708 508
313 510
704 511
678 511
925 512
136 514
767 514
567 519
648 520
822 521
515 522
343 523
896 524
484 524
693 526
569 526
243 529
101 529
34 533
661 535
779 537
61 537
715 538
643 538
560 539
420 540
323 540
764 540
13 541
881 543
497 543
207 543
983 543
882 545
244 546
773 548
643 548
439 550
293 552
335 552
74 553
85 553
710 553
851 553
544 554
541 555
382 556
650 557
58 558
318 558
285 562
421 564
395 565
434 566
421 566
433 568
234 568
792 568
658 570
646 570
804 570
603 571
587 571
290 572
321 572
728 573
781 575
44 576
343 578
480 578
487 579
157 579
796 579
321 584
465 584
694 585
223 586
238 589
895 591
958 597
382 598
970 599
424 599
899 599
230 602
341 602
683 602
306 603
598 605
511 606
600 606
94 607
694 608
1000 609
711 609
137 609
58 610
703 611
116 612
867 615
581 616
136 616
150 617
957 617
877 619
892 619
428 620
486 621
516 625
565 626
238 628
170 630
46 631
722 631
338 632
19 632
681 633
875 634
947 634
844 635
600 636
50 637
996 639
956 640
487 641
631 641
133 642
425 643
270 643
970 643
539 644
793 644
845 646
853 647
2 648
900 648
561 648
951 649
842 650
79 651
284 653
424 654
534 655
350 655
498 655
247 656
514 658
250 659
786 662
35 662
13 665
240 669
664 670
587 670
342 672
288 672
651 673
755 674
314 675
172 675
6 677
743 677
607 677
915 679
428 679
572 680
160 682
178 682
330 683
484 683
698 685
261 685
516 686
490 691
882 692
306 693
275 694
884 697
689 698
532 698
888 698
470 702
609 704
199 711
452 711
173 712
741 712
534 714
579 716
543 720
426 721
844 721
522 724
47 726
197 726
712 726
584 732
153 733
682 733
308 734
267 735
444 736
670 737
1000 737
948 738
863 739
315 740
17 740
742 741
830 741
898 742
737 743
243 744
751 744
917 744
586 745
525 746
591 747
291 747
844 748
126 749
604 749
593 749
715 751
461 754
921 754
60 755
197 757
870 757
436 759
509 759
775 759
638 760
748 761
265 762
58 762
726 762
499 763
78 764
91 765
68 766
46 767
301 768
975 770
121 771
628 771
166 773
922 774
680 774
756 774
537 775
382 776
851 779
100 779
788 781
398 783
947 784
684 785
39 785
612 785
266 786
331 786
636 786
458 787
970 788
967 788
199 790
836 793
917 794
149 795
242 796
654 796
180 798
626 799
432 801
279 803
828 804
22 804
665 804
499 804
94 805
397 806
543 807
832 809
948 810
180 812
831 813
468 813
13 814
368 817
79 818
739 819
457 819
469 819
316 821
668 821
895 822
549 823
914 824
494 824
506 825
44 827
554 827
106 828
367 828
374 829
696 830
132 831
13 831
280 832
451 833
373 834
603 835
858 836
333 836
215 836
391 837
772 838
291 839
380 840
359 841
521 842
159 843
847 844
496 845
724 846
860 846
17 846
443 850
380 851
419 851
819 852
944 852
856 853
796 854
290 854
494 854
557 855
59 855
927 856
477 857
722 857
979 857
218 858
92 858
214 859
481 859
925 860
577 861
94 861
788 861
302 862
558 863
57 863
760 863
43 864
75 864
885 865
477 865
433 866
617 866
134 867
161 867
487 868
457 870
432 875
642 875
648 877
687 877
115 877
802 878
550 878
232 878
353 879
66 879
599 879
730 879
923 880
548 880
674 882
429 882
117 883
584 883
923 883
280 883
173 884
403 884
57 885
120 888
294 888
983 889
429 889
423 892
289 895
880 895
490 896
585 898
218 899
392 899
435 900
961 900
711 901
272 901
777 901
128 902
932 902
889 902
395 903
324 904
184 905
125 906
885 906
414 907
733 907
386 908
852 908
722 910
556 910
284 911
587 914
773 914
313 914
602 915
89 915
534 915
261 915
25 916
984 917
482 918
376 918
267 920
134 921
808 923
156 923
561 924
669 925
864 931
552 932
663 932
650 933
852 933
199 933
458 933
833 934
452 934
327 935
738 935
566 935
315 935
435 936
580 936
873 937
794 939
180 939
281 941
59 941
706 946
579 946
489 948
169 948
514 949
286 950
722 950
128 950
54 952
827 952
384 955
714 958
244 960
136 961
425 963
123 964
935 964
239 968
253 968
828 970
433 970
771 972
380 973
263 976
67 978
724 982
987 983
534 984
305 984
571 986
903 986
489 987
333 988
242 989
853 989
84 990
281 991
289 991
778 991
54 991
33 992
449 993
366 993
796 994
109 997
84 998
795 999
