1000
561 0
172 1
685 1
191 1
887 3
818 6
774 7
187 7
668 8
83 8
12 10
927 11
710 12
652 12
289 13
626 14
8 14
966 15
152 16
598 17
770 19
468 19
920 20
175 22
767 23
501 24
226 24
917 26
602 27
882 29
738 29
928 30
547 30
81 31
649 33
458 34
807 34
546 35
649 37
857 37
884 38
984 39
607 40
535 41
913 42
580 42
739 42
651 46
337 46
782 46
81 48
173 48
635 48
419 49
211 49
191 50
513 50
146 50
802 51
424 52
781 52
41 53
181 53
675 54
500 55
806 55
324 55
817 55
255 56
852 57
364 57
736 58
51 58
685 60
854 60
943 61
636 61
805 64
570 64
9 64
164 64
110 65
265 67
550 68
601 70
415 75
721 76
95 77
257 78
907 78
327 80
295 81
901 82
416 83
363 84
459 85
132 87
983 87
588 89
91 93
114 94
590 95
109 95
531 95
264 96
928 96
54 98
79 98
45 99
280 100
656 100
247 100
226 101
323 101
291 101
41 103
547 103
638 104
580 105
626 105
43 105
286 106
534 107
566 108
810 108
678 108
74 108
272 108
234 109
320 110
733 110
814 111
429 111
406 112
449 112
299 115
148 117
605 119
887 119
741 120
199 122
31 123
528 124
959 124
346 124
477 125
631 129
660 129
307 129
908 131
462 132
493 132
948 133
685 134
338 136
50 136
87 137
198 137
443 138
437 143
662 145
794 145
89 149
536 149
646 150
392 150
386 150
160 150
142 152
591 152
104 153
927 153
997 153
761 153
887 154
642 163
172 165
779 165
438 165
562 165
794 166
719 166
249 166
170 167
287 167
759 167
692 169
270 171
182 172
797 173
621 173
26 174
276 175
123 176
771 178
899 178
971 180
682 182
569 182
757 183
926 186
168 187
538 188
829 188
668 189
384 190
771 191
628 191
243 193
544 193
409 194
865 194
570 197
801 199
257 199
597 201
454 203
458 204
555 206
185 207
360 210
482 210
683 212
657 213
255 213
917 214
359 214
93 215
474 216
683 218
606 220
776 220
865 220
655 221
992 221
441 222
91 223
765 223
934 224
792 227
619 227
831 229
232 229
613 230
462 233
287 234
148 234
44 235
38 235
92 236
512 237
448 238
188 238
872 240
376 241
721 241
458 243
816 245
755 245
18 245
839 245
82 246
699 246
128 246
891 247
856 250
138 250
107 250
666 251
671 252
624 252
663 254
190 256
963 256
136 258
506 258
225 258
880 259
230 259
488 259
952 261
138 261
752 264
703 264
63 264
210 265
333 266
352 267
184 269
453 270
48 270
746 271
802 272
712 274
322 276
485 276
428 278
545 279
333 280
786 280
965 282
195 282
808 284
354 285
224 290
703 290
787 292
279 294
77 295
864 296
764 299
937 300
698 301
638 303
669 304
287 304
483 307
462 308
703 310
795 311
49 316
771 317
837 318
607 320
764 320
763 320
171 321
355 322
526 324
52 325
543 326
993 326
907 327
259 329
126 329
119 330
80 330
13 332
819 332
17 333
883 334
855 335
574 335
142 335
583 337
11 338
132 339
37 341
945 342
248 343
428 345
844 345
474 346
249 349
239 350
51 351
789 351
122 352
191 352
134 353
845 353
938 355
332 356
10 356
448 357
771 357
552 359
247 359
926 360
166 362
216 363
267 364
316 367
469 370
150 371
504 372
507 373
803 373
240 375
401 376
648 376
706 376
717 380
353 380
98 381
5 381
366 385
412 385
139 386
157 387
398 387
580 387
745 388
501 388
460 388
830 390
838 391
20 393
317 393
442 394
155 394
299 395
693 396
199 398
322 400
975 400
375 400
37 401
872 402
229 404
395 407
532 407
6 408
907 409
202 409
264 411
39 412
414 414
16 416
303 416
329 417
441 418
208 418
256 418
459 418
416 419
32 421
981 421
968 424
856 424
827 426
457 427
925 428
487 429
339 430
237 431
341 432
197 432
776 433
741 433
562 435
365 435
43 435
502 437
369 438
656 439
211 439
554 439
630 440
859 441
526 441
933 443
344 443
764 444
280 445
803 447
88 448
835 448
430 449
935 450
889 450
993 451
839 451
445 452
663 455
94 456
210 458
975 459
128 460
564 460
499 460
864 460
305 461
92 462
312 462
12 462
286 462
200 462
698 463
678 463
685 464
670 464
475 465
725 465
708 466
862 466
810 467
218 467
531 468
678 468
200 469
975 470
222 470
621 470
605 471
93 472
397 472
323 473
974 474
19 476
312 478
129 480
783 484
551 484
119 485
125 486
894 486
487 488
778 488
303 488
838 490
473 490
835 492
759 492
901 494
466 494
683 494
302 495
485 495
929 497
975 498
489 498
778 499
546 499
834 500
932 501
512 503
643 504
614 504
958 506
646 506
653 507
98 510
659 512
199 515
871 517
936 517
103 517
998 517
910 518
906 520
319 523
891 523
237 524
144 524
957 526
973 526
911 526
691 531
950 533
454 533
609 535
717 535
613 537
108 539
970 540
278 540
60 541
838 543
819 544
70 545
491 545
569 545
862 546
505 547
933 548
343 550
829 550
779 550
436 551
750 551
319 551
239 552
507 553
346 553
187 553
809 554
899 554
173 554
383 560
983 561
887 563
530 565
908 565
661 566
376 569
848 569
683 570
419 571
475 571
588 573
595 574
598 577
499 580
531 581
7 581
502 585
673 585
264 588
629 588
140 590
777 591
790 591
996 592
758 593
265 595
726 595
105 597
556 597
486 597
811 599
577 599
161 600
387 601
289 602
37 603
333 604
778 604
452 605
240 606
291 608
505 609
528 610
857 610
768 612
535 612
2 613
842 616
64 619
440 620
268 620
845 622
141 623
881 623
810 624
44 624
976 625
881 625
154 625
234 627
553 628
296 629
39 630
464 631
596 631
572 633
970 633
172 634
653 635
606 636
635 636
62 637
19 638
778 639
519 639
44 641
397 642
577 642
278 642
360 642
316 643
716 644
855 645
962 649
362 649
22 650
349 651
359 652
141 652
952 652
741 655
256 655
202 655
216 656
394 659
213 659
575 660
439 661
193 663
831 663
644 664
345 664
403 664
910 666
153 668
460 669
595 669
528 669
982 670
631 670
66 671
97 674
432 674
972 674
104 675
906 677
165 677
592 679
753 679
587 681
874 682
540 682
721 683
912 683
9 687
663 688
858 691
682 694
212 695
103 696
839 697
392 698
134 698
935 699
985 699
916 699
129 700
313 701
391 704
3 706
171 706
521 707
388 707
66 707
471 708
828 711
334 711
22 712
932 712
790 714
165 714
82 717
167 717
189 718
881 719
989 720
236 721
778 724
982 724
659 726
330 726
705 726
735 727
495 727
640 729
253 734
262 738
442 738
337 743
709 743
981 745
452 746
725 747
223 749
257 750
331 750
631 751
937 752
357 753
284 755
577 759
151 759
304 760
942 761
539 762
899 762
119 763
375 763
901 764
292 767
849 768
29 769
448 769
763 770
595 772
994 772
354 773
926 773
783 773
559 775
77 776
996 777
588 779
787 779
277 779
671 779
90 779
9 780
320 780
670 780
815 781
839 781
902 783
477 783
802 784
80 784
930 784
665 786
107 787
694 788
603 789
722 789
452 790
904 790
848 793
408 796
498 797
581 797
112 797
832 798
904 798
709 798
410 799
675 799
609 799
598 800
381 800
423 800
20 800
618 801
568 802
849 802
973 803
747 805
722 805
402 805
617 806
895 806
30 806
472 806
359 807
103 808
321 808
566 808
192 809
735 810
776 814
37 815
385 817
507 819
479 819
32 821
378 822
409 825
204 826
396 827
562 827
62 828
948 830
437 831
436 832
860 832
968 833
450 833
476 836
998 838
823 840
377 840
127 841
921 841
227 843
804 844
639 844
388 845
489 845
542 845
308 846
936 849
585 849
127 849
758 851
35 852
506 853
252 853
405 854
26 855
282 861
687 863
296 864
26 864
618 864
181 865
81 866
777 868
936 869
441 870
45 871
886 872
882 874
454 874
826 875
865 876
464 880
271 881
363 883
115 888
292 890
130 896
772 897
81 900
176 900
766 901
704 901
567 902
162 903
277 905
602 906
398 906
620 906
882 906
399 907
236 908
830 908
433 910
34 911
660 912
941 912
269 915
266 915
557 915
113 915
800 915
610 916
124 916
420 917
938 917
222 918
641 919
991 922
723 922
971 922
969 923
477 923
162 924
812 924
615 927
648 929
578 930
635 930
205 931
880 932
968 934
603 936
981 937
370 937
704 941
884 943
238 943
372 945
505 945
829 945
290 947
262 947
272 947
601 949
586 951
514 954
459 954
220 956
611 957
363 960
515 961
573 962
631 962
214 962
97 967
578 968
780 969
509 970
483 972
599 973
701 974
540 975
116 976
120 978
742 979
30 981
668 982
866 984
383 985
188 988
221 988
441 988
899 989
269 990
761 990
721 992
515 992
802 993
986 993
351 993
93 993
579 994
174 994
399 994
71 995
70 997
451 998
188 998
693 999
