435
20 1
45 1
3 2
13 7
7 7
18 9
30 9
34 11
2 12
25 13
18 14
47 14
35 14
29 15
19 16
42 16
9 19
13 20
23 21
47 21
1 23
23 27
20 27
34 29
16 33
42 34
45 35
24 37
6 37
26 37
28 37
20 38
8 43
43 43
49 46
12 46
4 46
48 47
32 48
18 48
1 50
22 50
16 51
42 53
40 53
24 53
5 55
30 55
40 56
41 58
47 61
29 62
1 62
2 63
24 64
6 65
3 67
26 69
49 70
22 75
34 80
49 83
16 83
30 84
18 84
15 89
11 89
42 93
26 93
7 95
22 96
36 96
15 97
34 99
19 103
28 104
46 104
22 105
1 106
4 108
28 108
22 109
38 113
27 116
43 116
18 117
46 117
13 117
1 117
32 121
48 124
1 126
46 126
41 127
14 128
21 132
11 134
28 136
6 137
21 138
5 140
29 141
46 141
9 143
12 143
2 147
44 148
11 149
35 150
26 155
28 155
3 155
25 156
11 156
49 166
12 167
15 168
5 169
3 171
17 174
35 175
46 175
37 176
46 182
42 184
47 186
11 188
12 190
7 194
35 196
15 196
11 199
22 206
41 206
2 207
27 207
17 209
3 210
15 214
29 214
14 216
4 217
33 217
17 219
32 220
5 222
15 227
18 227
6 227
27 228
34 229
29 230
28 230
8 230
6 231
44 231
21 231
25 231
25 232
5 233
30 233
12 241
39 241
46 242
22 245
1 246
25 246
21 248
5 255
35 255
40 257
38 258
21 258
37 259
39 262
20 262
10 262
3 263
14 264
20 264
29 265
42 267
31 269
8 270
12 271
19 273
40 275
9 276
39 276
36 276
42 278
43 280
20 281
29 283
25 284
38 288
31 289
20 290
13 292
40 292
21 294
9 296
31 298
42 300
40 300
37 301
11 302
40 303
45 312
49 312
30 313
30 314
29 315
5 317
40 317
20 318
8 319
2 320
18 320
37 322
42 324
30 324
27 327
37 331
22 333
41 333
34 334
42 334
20 336
49 337
7 338
10 340
20 341
29 341
19 346
43 346
30 346
48 353
12 355
36 355
29 356
5 358
42 359
8 359
22 361
39 362
44 362
36 363
40 365
43 365
24 367
7 367
1 374
2 374
25 377
26 379
42 380
44 380
21 382
6 382
37 383
9 384
10 384
14 388
10 389
18 389
18 389
1 390
9 392
23 396
42 396
9 397
33 399
49 400
20 400
14 400
14 401
8 401
12 407
16 407
14 407
16 407
25 409
37 409
27 410
25 410
31 414
30 418
37 418
22 421
39 422
17 423
38 424
14 429
18 430
46 433
20 433
49 434
6 435
16 436
45 438
28 438
15 441
25 442
26 444
12 444
14 445
10 451
34 452
15 458
15 458
18 460
12 460
27 461
12 461
40 461
45 463
30 464
28 464
12 465
30 466
7 466
33 469
17 469
40 471
45 471
22 473
26 474
35 475
44 476
15 476
20 477
27 478
10 480
27 482
21 482
22 482
9 484
27 486
34 487
11 490
24 493
18 494
46 495
14 496
47 499
9 499
27 501
19 502
10 504
15 505
1 506
34 507
40 510
29 513
22 514
48 514
14 515
21 515
1 516
47 518
38 518
41 520
18 520
21 522
23 523
44 523
41 525
29 527
19 527
7 527
16 528
4 528
3 532
18 533
20 533
8 534
42 534
48 535
1 535
17 538
43 539
25 540
13 542
40 546
20 549
41 550
26 553
10 554
3 556
45 559
27 561
29 567
9 568
3 570
20 570
3 570
30 571
32 573
1 574
48 575
38 576
32 577
31 579
9 583
15 586
27 589
43 591
4 591
48 593
46 597
33 600
1 600
15 604
40 605
5 605
43 605
15 605
19 605
26 611
47 614
12 616
22 616
3 617
9 617
37 619
39 619
4 622
2 622
49 623
5 624
45 627
36 627
40 628
11 628
