1000
588 0
883 0
116 0
911 1
122 1
260 2
913 4
140 4
517 4
625 4
144 5
275 7
969 7
672 9
11 10
739 11
735 12
663 13
142 13
873 14
889 17
7 17
476 17
700 18
285 20
834 20
677 22
187 22
520 24
650 25
119 25
956 27
801 30
63 30
165 30
245 30
702 32
761 33
843 33
57 33
605 36
386 37
464 38
939 41
625 42
431 43
187 45
47 46
183 46
354 46
679 48
209 48
179 48
684 52
549 53
564 53
255 56
725 57
572 59
31 60
406 61
482 61
941 62
850 62
556 62
982 62
970 64
67 65
310 66
40 67
262 68
732 68
398 70
864 70
405 70
702 70
233 72
180 72
793 73
335 73
146 74
414 76
530 76
481 76
180 77
98 80
353 81
256 82
690 82
275 85
111 87
40 87
363 89
825 89
605 92
208 92
92 93
562 94
19 94
407 96
757 97
739 98
420 98
797 98
747 102
780 102
58 105
977 105
612 107
616 108
688 109
964 110
79 110
647 111
261 111
170 113
711 113
956 115
482 116
173 116
947 117
819 117
487 118
989 118
271 121
995 123
428 124
719 124
112 127
928 128
871 128
485 130
349 130
229 130
139 131
973 132
434 133
847 137
689 139
519 139
126 140
367 142
775 142
602 147
692 150
197 151
736 153
137 154
26 156
428 156
148 157
936 157
230 157
553 158
207 161
360 162
502 163
235 163
497 163
145 165
657 165
471 165
371 165
987 166
289 169
247 170
312 171
620 171
378 172
875 172
325 173
658 173
957 175
329 177
740 177
824 178
909 178
612 182
606 182
937 185
365 189
403 190
645 190
755 191
386 191
293 191
390 191
585 192
567 192
674 194
4 194
38 195
771 195
296 195
536 196
720 197
180 197
81 201
985 204
227 204
724 206
238 207
797 207
78 208
863 210
667 210
141 210
184 211
547 213
980 213
555 213
108 213
290 215
274 218
224 219
128 219
286 222
60 222
140 223
932 225
808 226
113 226
180 227
916 229
189 230
788 233
728 233
416 234
289 234
306 234
592 235
366 237
981 237
768 238
538 239
72 239
492 242
683 243
31 244
208 244
513 245
54 246
492 247
918 247
506 247
750 248
325 248
894 249
913 249
313 249
37 251
335 251
883 252
177 254
496 254
537 254
111 257
883 258
974 263
898 263
197 265
808 265
433 265
11 266
583 268
215 268
481 268
153 268
223 269
768 270
635 271
894 273
566 273
600 274
547 275
653 275
582 276
922 277
414 277
947 278
297 280
535 282
366 285
371 285
119 285
352 286
872 287
88 288
220 288
477 288
108 289
909 289
593 292
957 294
464 299
600 299
110 300
600 300
73 300
86 301
3 301
34 301
465 301
936 303
237 303
746 305
560 306
205 306
715 308
493 311
285 311
109 311
966 311
490 313
661 314
321 316
434 317
952 319
92 319
13 320
322 320
408 321
524 322
749 322
899 324
455 324
114 324
913 325
655 326
582 326
374 327
322 329
784 329
462 330
13 331
367 334
71 335
573 335
480 336
576 336
910 336
616 336
788 337
827 338
388 338
350 338
348 339
999 340
838 340
993 342
965 343
784 345
432 346
38 346
892 348
22 350
12 355
67 359
446 359
161 362
530 364
680 366
17 368
714 370
956 371
315 371
72 371
359 372
21 373
385 373
295 375
511 376
521 376
108 377
471 378
813 378
471 379
496 379
453 379
294 380
919 380
608 381
765 382
634 383
906 383
8 384
970 385
428 387
184 390
860 391
130 391
49 392
66 393
684 394
19 395
472 395
274 396
348 398
705 399
470 401
207 402
74 402
420 402
753 404
403 404
871 404
83 405
932 406
471 406
884 406
236 407
66 410
595 411
753 413
975 413
133 413
581 415
397 415
942 418
465 418
84 420
165 420
506 423
752 423
199 424
981 424
971 424
114 425
775 425
298 425
999 426
686 426
449 426
482 427
811 427
485 429
469 434
768 435
78 437
647 440
433 442
991 442
62 442
896 443
518 444
250 445
15 446
906 447
861 448
110 448
740 449
901 451
352 452
468 452
43 453
162 453
908 454
452 455
839 458
959 461
12 461
59 462
600 462
653 463
206 463
123 466
692 467
222 468
926 469
428 470
701 472
243 473
665 475
223 475
703 476
731 477
369 479
443 479
725 480
306 481
37 481
548 482
676 482
532 484
789 484
293 484
649 484
782 485
632 485
687 485
957 485
58 485
838 486
132 487
798 489
590 491
581 491
4 491
737 492
732 493
972 493
593 494
364 494
823 495
980 495
994 499
832 501
965 501
872 504
322 505
229 506
403 506
919 506
243 508
773 509
111 510
895 510
664 512
167 514
416 516
312 517
800 517
940 520
376 523
686 523
955 524
746 525
500 527
523 528
266 529
281 529
271 530
396 533
283 534
472 535
285 536
735 537
479 537
959 537
185 539
541 539
142 539
67 540
45 540
176 541
913 542
937 542
653 543
917 545
853 545
102 545
785 547
629 547
949 550
856 551
200 551
834 551
188 552
372 552
137 552
436 553
527 555
118 555
242 555
262 555
199 560
951 560
181 561
409 561
239 563
116 564
379 564
312 564
131 567
137 567
325 567
312 569
209 571
235 572
293 573
216 573
560 573
431 574
559 575
697 576
304 576
758 576
228 578
28 578
318 581
196 581
405 581
455 582
755 582
741 582
37 585
726 586
20 586
537 587
47 588
728 588
237 589
738 590
487 590
756 590
122 590
71 591
654 592
801 593
743 596
522 596
500 598
652 600
516 601
440 601
88 602
77 602
466 602
843 603
841 603
600 604
124 607
145 608
785 611
500 611
544 613
906 614
626 615
978 616
174 616
21 616
318 617
967 617
577 618
620 618
698 620
608 620
981 622
841 622
123 623
489 624
744 624
745 624
223 626
126 626
578 627
545 628
670 628
397 631
868 631
872 632
693 636
325 638
44 638
131 638
286 639
578 639
795 640
721 640
379 641
761 646
892 648
180 649
717 650
63 650
305 650
683 651
624 652
464 652
369 653
928 655
470 656
677 657
401 660
186 662
842 662
763 662
794 664
316 665
922 666
658 668
808 668
949 669
959 669
73 670
252 671
808 672
390 676
864 676
925 676
897 678
708 680
691 682
881 685
153 686
859 686
132 687
968 688
740 690
796 690
703 692
113 692
152 693
458 696
684 696
301 697
572 701
281 703
830 705
942 705
86 706
818 707
505 710
782 710
430 711
652 712
818 714
853 718
726 718
295 718
895 719
266 719
519 723
624 723
261 730
218 730
646 730
930 730
464 733
645 734
899 734
319 735
125 736
941 738
159 739
117 742
248 743
849 743
174 743
765 744
321 746
416 749
725 749
585 749
15 750
171 751
60 751
713 753
429 753
612 755
347 755
787 756
410 758
864 759
475 760
571 760
714 760
284 760
105 761
691 763
806 763
964 764
989 764
547 766
10 767
514 768
575 769
168 769
412 771
22 774
788 774
738 774
351 775
590 776
81 776
959 776
214 780
176 780
189 783
810 783
992 786
111 786
468 786
627 787
807 787
568 790
915 792
284 793
607 794
247 794
915 794
623 795
938 796
183 796
300 797
231 797
314 798
440 799
476 799
282 799
663 799
259 799
782 799
731 799
358 802
566 803
961 804
151 804
518 804
602 806
899 806
689 807
874 809
896 810
265 810
329 813
729 813
830 813
308 816
879 816
578 817
429 817
267 821
662 822
43 822
283 822
705 825
330 826
421 827
579 828
965 828
442 830
845 833
610 833
824 834
686 834
223 835
234 836
917 836
177 836
750 838
147 839
475 840
583 841
345 845
805 845
545 846
726 846
698 847
720 847
573 848
552 848
625 849
834 850
328 851
248 851
935 853
177 854
66 857
913 858
166 858
876 858
379 858
268 859
156 859
77 859
94 859
683 861
375 863
347 864
842 864
614 866
592 867
263 867
237 872
705 873
774 873
395 875
178 877
67 878
384 880
515 880
499 881
121 881
634 881
337 881
34 882
276 883
648 883
786 885
189 886
366 887
769 888
750 889
712 892
29 892
317 893
729 893
4 894
358 895
516 896
229 897
68 899
928 900
301 901
592 902
563 903
362 903
139 904
236 907
902 909
973 909
358 911
640 914
238 914
690 915
928 917
916 918
887 918
766 919
68 919
496 920
492 921
793 921
589 922
152 924
643 924
407 926
202 927
389 928
416 931
519 931
250 933
721 934
107 935
762 938
445 938
773 940
21 941
887 941
53 942
1000 942
999 943
694 944
526 945
800 946
706 949
101 949
317 951
868 952
800 952
479 953
182 953
485 954
96 954
533 954
941 955
281 955
661 957
872 958
922 958
380 960
155 960
326 963
531 963
778 964
20 964
877 965
187 966
585 968
41 969
778 970
471 970
424 973
295 974
615 974
210 975
999 976
294 977
853 977
18 979
218 979
943 980
323 981
149 981
325 983
49 983
635 983
662 984
744 985
9 987
625 988
116 988
527 990
832 992
595 992
126 997
159 998
874 999
72 999
