535
112 0
146 2
178 6
158 7
66 9
77 10
124 10
163 13
89 14
93 15
126 15
179 16
143 17
57 22
48 24
158 24
70 25
36 25
57 27
169 28
186 29
108 34
72 34
75 35
138 36
167 37
1 38
87 38
58 39
130 40
74 44
141 45
132 46
8 47
85 50
155 51
168 52
65 57
132 59
147 61
74 62
47 62
124 63
18 64
143 64
131 65
129 66
151 68
172 70
168 71
93 71
135 72
96 72
172 73
37 74
145 75
8 75
70 77
186 77
17 79
179 80
132 80
34 82
69 83
164 83
70 85
101 85
17 87
141 88
201 89
110 90
24 95
42 95
141 98
194 99
71 99
31 100
94 101
203 104
202 107
18 108
169 109
82 109
144 110
59 110
20 112
192 113
28 114
130 115
44 122
30 123
131 125
129 129
184 130
48 130
128 133
41 136
117 139
142 139
28 141
9 142
28 142
76 144
179 145
53 147
46 147
151 147
44 151
53 151
77 151
173 152
116 157
49 159
115 159
109 167
157 171
163 173
75 173
3 175
41 175
99 177
176 178
9 179
173 181
71 181
145 184
166 184
37 186
173 187
16 187
191 190
140 193
106 193
125 194
160 195
38 199
24 200
132 201
42 201
77 202
70 203
170 204
161 207
36 207
174 207
28 209
111 211
80 211
101 215
43 218
15 219
203 221
151 222
37 223
134 226
204 227
192 228
55 228
53 233
130 234
36 236
48 236
140 240
179 242
41 243
185 245
193 245
47 246
14 246
136 247
49 247
27 252
205 255
71 256
103 258
94 258
44 263
153 264
116 266
158 270
171 271
37 272
53 274
155 274
146 275
177 277
154 278
70 278
54 279
116 280
151 281
98 284
37 286
111 286
179 297
70 297
201 299
89 302
80 303
126 303
36 304
34 304
139 304
113 305
85 307
100 309
155 309
200 310
189 310
16 310
2 311
118 312
38 313
197 315
136 315
29 316
76 319
22 322
145 329
73 331
127 331
154 332
143 332
9 333
147 333
167 334
191 335
71 335
161 335
194 336
11 336
150 337
149 337
133 339
110 340
119 341
18 342
105 342
149 345
184 345
174 347
16 347
131 348
102 349
126 349
38 349
63 349
29 349
107 350
162 354
180 354
153 355
158 356
137 358
183 359
27 360
14 362
60 364
148 365
52 367
131 367
90 368
204 369
179 370
104 370
205 371
76 373
93 377
24 379
148 379
182 381
59 384
199 384
142 385
95 386
171 386
162 391
121 394
112 396
92 400
143 403
30 403
115 404
55 405
78 406
3 408
184 408
50 409
160 410
18 410
17 411
56 412
21 413
99 413
188 413
140 413
28 413
91 414
28 414
40 414
158 415
107 415
32 415
73 416
189 416
75 417
91 418
117 423
129 424
144 425
189 426
189 426
116 426
153 427
181 429
118 431
19 433
178 434
60 440
171 444
201 445
82 445
180 445
194 445
164 457
20 460
47 460
73 461
2 463
23 463
161 464
12 464
164 465
10 472
39 473
70 473
105 473
149 475
162 478
45 478
173 480
55 482
94 485
149 486
144 490
178 491
57 491
54 491
110 493
32 495
33 496
200 498
103 499
91 502
193 504
96 504
42 506
195 506
188 507
9 508
105 509
144 512
20 513
176 514
65 515
77 520
113 521
17 524
168 526
40 527
18 527
22 527
114 528
58 532
22 537
35 538
37 539
116 543
170 545
127 546
164 546
160 548
19 548
170 549
19 550
76 554
104 559
168 561
119 561
93 562
173 565
182 569
19 569
82 570
3 572
164 575
58 579
61 582
74 585
3 586
79 587
175 590
32 591
120 593
68 593
186 597
196 598
27 598
198 600
62 604
18 605
125 605
118 609
123 610
188 611
64 614
23 617
159 618
141 619
150 619
16 622
197 623
170 624
141 625
41 627
27 630
181 631
53 631
168 632
134 633
19 634
7 635
99 636
175 638
109 640
185 641
124 642
122 642
58 644
195 644
136 644
174 645
38 650
103 650
130 651
151 652
21 652
150 653
50 654
52 657
125 661
91 663
160 663
26 664
141 664
54 668
92 669
84 669
184 670
42 673
87 673
171 674
30 681
94 683
132 685
30 686
200 687
88 688
69 688
17 689
96 689
115 690
59 691
37 692
177 693
134 693
68 695
171 699
34 700
135 702
199 703
94 703
65 703
204 704
77 705
122 706
110 707
66 708
113 709
154 710
128 712
136 713
58 715
202 715
62 718
144 719
66 720
176 720
35 723
68 732
73 735
181 735
30 737
59 740
8 740
9 741
175 742
128 743
126 744
74 744
151 748
126 749
10 749
191 749
172 751
54 751
122 752
110 752
14 753
178 754
33 756
114 756
115 758
185 763
97 766
136 768
135 772
82 774
78 777
13 780
156 783
92 784
30 790
26 790
31 790
