1000
773 0
541 0
93 2
69 3
388 5
151 5
770 6
452 6
801 9
32 9
804 10
505 10
411 10
534 12
757 13
283 15
594 15
273 15
321 16
304 17
727 18
39 20
469 20
891 21
994 22
116 25
146 26
535 26
840 27
736 29
184 29
474 30
20 30
953 31
874 31
452 31
292 33
975 33
670 35
120 37
292 38
559 38
528 39
69 40
832 40
959 41
99 42
624 45
816 45
419 45
21 46
319 47
100 48
314 49
51 50
467 55
850 57
577 58
568 60
599 62
833 62
219 63
432 64
753 64
996 66
572 66
163 68
166 68
992 70
704 70
822 71
827 73
104 74
528 75
416 75
725 77
472 77
481 78
134 80
222 80
26 80
844 80
363 83
905 84
826 85
192 85
516 85
484 86
95 86
76 86
21 87
500 88
960 88
991 89
459 89
23 90
802 91
865 91
66 91
548 93
98 94
751 95
15 95
838 97
879 97
298 98
875 98
281 98
595 100
716 100
885 101
17 102
959 104
724 105
91 105
64 106
912 106
70 107
715 107
637 109
383 111
4 114
104 114
752 117
803 119
877 121
940 121
137 123
530 127
304 129
284 130
896 132
939 133
197 134
309 135
8 137
419 139
52 139
819 141
223 143
519 144
521 145
55 146
692 147
494 147
821 148
930 148
262 149
745 149
90 151
841 151
633 151
958 152
93 153
113 153
861 156
469 156
301 157
333 158
961 159
117 160
830 160
853 161
682 161
922 162
834 162
372 163
505 163
899 166
563 166
264 167
895 168
146 169
757 171
652 171
178 173
442 175
596 175
6 176
475 177
687 178
253 178
294 179
60 179
687 180
630 180
710 181
827 182
702 182
898 183
523 184
772 185
173 185
226 185
215 186
725 187
1 187
24 188
247 188
297 190
622 190
497 191
490 192
289 195
286 195
647 195
667 196
418 196
114 197
199 198
988 199
448 199
515 199
539 200
646 200
840 203
661 205
448 205
592 206
82 208
335 208
404 210
372 212
775 214
782 214
377 216
934 218
579 218
635 220
397 224
668 224
653 226
431 227
666 228
245 229
178 229
125 229
856 231
668 231
81 233
286 233
242 233
910 238
334 238
307 239
93 239
339 240
679 241
869 243
733 244
865 244
162 244
574 245
574 248
357 249
555 250
931 251
254 252
368 253
546 253
298 258
279 262
69 263
589 263
214 264
290 264
461 265
457 265
663 265
811 267
781 268
711 271
601 271
282 271
813 273
582 274
195 274
677 276
401 277
514 277
832 279
169 280
542 281
313 282
984 284
963 287
695 288
284 290
863 291
197 292
649 294
197 294
856 294
920 295
135 296
782 296
236 297
568 297
26 298
222 298
737 299
791 299
203 300
142 300
957 301
395 301
528 301
284 303
595 304
229 305
301 305
509 306
969 307
535 307
660 308
588 309
675 314
974 316
747 316
528 318
446 319
570 319
121 321
32 321
161 322
986 322
502 322
385 323
768 325
340 326
888 326
166 326
850 326
368 326
448 328
711 328
922 329
640 329
524 329
133 329
518 329
928 329
302 330
830 331
216 332
39 332
682 332
738 333
552 333
566 334
718 336
632 336
399 336
942 337
20 338
193 339
934 342
362 344
940 344
930 344
755 345
348 345
266 345
401 345
840 346
165 347
182 348
93 349
770 349
992 350
997 350
705 352
216 354
553 355
19 355
665 357
216 358
100 358
305 359
556 361
263 361
881 362
874 363
470 364
489 364
266 365
777 365
958 366
683 366
767 367
646 367
773 367
273 368
611 370
781 370
833 371
915 372
311 372
951 373
876 374
395 375
168 375
658 376
539 376
358 377
704 377
679 381
470 382
811 383
538 385
691 385
728 388
659 390
470 391
877 391
739 391
187 393
778 394
530 395
695 395
706 398
855 399
293 400
268 401
225 401
789 401
226 404
459 405
231 405
813 405
429 406
193 407
138 409
297 411
496 413
828 413
628 413
10 414
968 415
30 416
324 416
384 417
589 420
146 420
653 420
349 421
613 421
601 422
392 422
716 422
88 423
612 424
306 427
456 433
577 433
449 435
167 436
562 437
297 438
985 439
169 442
17 443
182 444
678 444
956 445
487 445
38 447
550 451
902 453
667 453
887 454
840 454
887 455
825 455
979 456
681 456
367 463
283 463
326 464
675 464
57 465
40 465
137 466
626 466
540 468
10 468
449 470
356 470
954 470
566 471
66 471
61 475
347 476
326 477
905 478
576 483
166 484
208 484
65 485
374 485
684 486
970 488
395 488
809 488
471 489
717 489
783 492
878 494
921 496
699 497
84 498
193 498
310 499
663 501
44 506
751 507
271 508
806 509
91 509
699 511
545 511
174 513
553 513
831 513
122 514
716 515
245 515
321 517
783 518
255 519
14 524
913 525
659 525
512 526
617 526
847 530
930 531
117 532
761 532
883 535
284 536
621 536
799 539
500 540
676 544
313 545
719 545
560 546
162 548
602 548
324 549
777 551
193 552
183 552
536 554
444 555
476 556
500 556
252 556
775 556
625 558
842 558
732 559
999 559
851 560
907 560
740 561
433 562
11 568
394 568
750 568
216 572
580 578
884 578
361 579
498 579
539 579
645 579
465 579
919 580
347 580
436 581
74 584
107 584
890 586
320 587
635 587
943 587
142 587
504 588
29 590
969 590
218 590
629 592
861 592
756 594
870 595
290 596
149 597
982 600
156 601
961 602
839 603
658 605
39 606
539 608
641 610
349 610
784 613
912 613
56 615
199 618
302 618
124 618
16 619
808 619
323 621
76 623
393 623
364 624
195 624
658 625
786 625
388 629
953 629
132 629
520 629
881 629
882 630
84 633
356 635
350 638
277 638
657 639
530 639
600 640
878 640
635 642
843 643
648 643
462 644
860 645
307 645
573 646
946 647
694 650
170 651
887 651
705 652
235 652
712 652
83 654
862 654
502 655
361 656
953 657
739 658
850 658
263 658
959 660
681 661
272 662
495 665
783 666
173 667
459 667
668 668
790 669
627 670
6 675
601 678
91 679
576 679
590 680
263 683
992 686
438 687
990 688
569 689
775 690
301 692
695 694
429 694
924 694
100 694
700 695
836 695
171 696
630 697
909 697
415 697
32 700
197 702
554 703
764 705
103 706
813 706
47 706
819 707
709 707
275 708
754 714
288 714
443 715
894 715
248 716
591 716
969 716
497 716
361 716
869 717
432 717
894 717
991 718
594 718
989 719
899 719
668 719
62 720
302 723
617 723
266 723
999 725
817 725
582 725
671 726
859 726
846 727
401 727
174 730
597 732
123 733
903 733
36 733
646 734
797 734
696 734
240 736
52 738
4 739
301 739
752 739
149 740
766 740
353 740
65 742
609 742
113 743
834 743
838 744
658 744
590 744
910 745
879 747
339 748
557 749
748 749
572 750
84 752
32 752
219 753
302 753
878 755
588 755
74 755
862 755
380 756
610 756
43 756
546 758
751 761
608 761
223 762
427 763
75 765
41 765
986 766
247 767
159 768
955 769
60 770
21 770
301 770
328 770
11 771
691 772
280 773
217 774
905 774
111 776
166 776
971 776
807 777
263 778
429 778
48 779
56 779
896 780
597 781
467 784
714 786
952 787
73 791
955 792
619 792
883 792
774 792
885 793
266 793
524 793
392 794
403 795
780 796
731 797
131 798
22 800
26 801
896 804
301 805
606 806
417 807
496 810
28 810
734 812
678 814
34 815
119 817
171 817
120 818
752 818
425 820
491 820
920 820
355 820
121 821
298 823
996 823
381 824
910 825
830 826
805 827
76 828
186 831
703 831
517 832
178 832
137 833
238 834
748 835
281 836
127 838
609 839
99 841
761 841
704 841
279 841
551 842
146 843
572 845
866 845
553 845
587 845
61 847
349 848
313 850
556 850
146 851
102 852
799 852
699 854
529 855
622 861
986 863
215 864
893 864
140 865
660 867
540 869
820 869
160 869
167 870
799 870
50 870
369 872
997 873
919 873
507 874
208 875
360 878
562 879
986 879
441 880
492 882
415 882
329 883
986 883
244 885
888 886
36 886
812 889
914 889
449 890
202 890
152 893
636 894
118 895
171 896
842 898
847 899
921 899
80 900
435 900
789 906
662 907
887 907
944 907
836 909
787 910
728 911
153 911
958 913
457 914
139 914
227 914
110 915
406 916
519 917
43 922
32 922
93 922
900 923
502 923
32 924
660 925
397 928
463 929
729 933
852 933
910 934
545 935
94 936
214 937
560 937
924 937
273 938
743 939
710 939
73 941
697 942
194 947
377 947
819 947
426 948
25 951
568 951
831 952
362 953
935 953
427 954
225 955
487 956
36 957
956 959
823 960
986 960
181 960
800 966
223 967
324 968
299 969
274 969
377 969
785 970
166 971
958 972
881 979
321 979
261 979
610 980
615 980
680 981
874 981
535 982
254 985
694 988
641 988
892 988
980 988
763 988
99 991
692 992
64 993
998 994
721 995
586 995
948 996
81 996
949 996
173 1000
571 1000
