1000
304 0
478 2
379 2
349 2
457 4
744 5
350 7
295 7
956 7
266 8
497 10
321 10
494 11
449 12
714 12
337 14
632 14
468 15
652 15
365 15
863 19
551 21
634 21
7 23
510 25
698 25
970 25
96 25
713 26
575 26
817 27
352 29
713 30
324 32
349 33
88 34
524 35
410 35
347 36
751 37
938 37
407 38
336 38
672 39
905 39
846 39
376 40
722 40
859 42
577 44
804 44
530 45
660 46
954 47
935 49
369 49
783 50
637 51
334 52
888 52
567 52
444 52
293 55
921 56
971 57
256 60
54 63
918 65
84 66
744 67
361 67
513 70
740 72
973 74
295 75
16 76
601 79
999 81
259 82
12 83
853 84
821 84
302 84
361 85
784 85
219 85
892 85
803 87
222 91
452 91
849 92
191 93
312 94
416 96
224 96
996 97
424 97
839 98
547 100
373 100
349 101
239 102
705 103
13 103
887 104
9 105
210 105
524 107
271 109
409 110
865 110
587 110
204 112
202 113
331 113
158 114
490 114
656 115
953 115
412 115
625 115
699 116
617 117
46 117
561 118
333 118
224 118
151 122
712 124
689 124
752 125
589 125
945 125
133 125
298 125
484 126
532 126
609 126
889 126
311 128
480 128
38 129
493 129
534 130
47 131
329 132
326 132
528 133
677 134
923 135
721 135
638 136
512 137
693 137
105 138
203 140
803 141
624 143
701 145
942 145
715 145
762 146
310 147
437 149
19 150
80 150
304 152
364 153
119 155
23 158
225 159
816 159
482 160
738 161
475 161
359 162
897 164
57 165
646 165
922 166
580 169
291 170
909 171
654 172
495 172
76 173
692 175
892 176
920 178
817 178
915 180
242 180
391 181
452 181
707 182
233 183
159 184
53 185
692 186
598 186
545 189
604 190
398 191
803 191
49 191
987 192
880 194
12 196
554 196
902 196
580 197
926 200
596 200
821 200
983 200
64 200
741 200
664 203
597 204
278 204
414 205
902 205
62 206
860 206
986 207
44 208
542 209
515 209
355 209
42 210
261 210
275 211
454 212
879 214
275 216
295 217
270 218
217 218
260 221
503 222
324 223
317 223
27 223
609 223
754 224
413 224
91 224
897 224
441 226
156 226
571 227
902 228
605 229
351 229
569 230
991 230
461 233
52 236
121 236
4 236
522 239
738 243
519 243
170 244
617 244
572 246
951 247
631 247
870 247
876 247
880 248
990 248
705 252
671 252
6 253
442 254
669 255
888 256
70 257
491 257
485 258
723 258
680 259
295 259
467 263
508 263
626 264
340 265
530 267
671 273
927 277
881 278
105 279
757 281
36 281
372 287
241 289
874 291
102 292
136 292
57 294
417 297
262 297
314 297
368 298
319 300
884 302
517 302
923 303
345 303
500 304
141 308
600 309
10 311
206 311
183 312
923 312
888 313
289 313
280 314
123 316
7 317
217 317
370 319
315 320
231 321
293 323
935 324
822 325
907 327
554 329
339 330
273 331
10 331
355 332
808 332
576 333
488 335
664 338
70 340
213 341
155 341
457 341
56 343
145 344
327 344
334 345
624 345
95 346
619 346
950 348
259 349
204 349
213 350
799 350
267 351
128 351
787 351
144 352
630 354
953 354
452 354
495 354
935 355
155 355
738 356
210 356
483 356
656 357
51 357
640 362
965 362
974 362
8 363
894 364
677 365
474 367
342 368
770 369
802 369
528 370
204 371
277 372
105 372
725 374
252 376
51 377
689 379
140 379
608 380
197 383
566 386
282 387
562 387
377 388
295 388
357 390
50 391
802 392
544 395
198 397
337 398
458 399
440 401
558 401
42 402
752 403
234 404
114 405
116 405
875 405
922 406
477 406
885 406
770 407
831 409
503 409
71 411
739 412
785 412
841 413
252 413
305 413
811 414
615 415
277 416
644 416
836 418
578 418
465 419
491 419
215 419
581 420
621 422
520 422
539 423
76 425
962 425
992 427
104 428
111 432
27 433
764 433
993 434
163 434
150 435
74 436
892 436
977 438
462 439
801 441
846 443
449 444
682 445
116 445
58 446
958 447
298 450
561 450
201 450
746 451
310 452
713 452
518 452
54 455
804 457
171 458
990 461
964 462
467 462
458 463
528 463
933 463
310 463
205 465
540 466
966 468
164 468
265 471
33 471
392 471
160 472
613 473
910 476
998 477
860 477
85 479
568 479
775 480
211 480
643 481
526 481
95 482
371 482
788 483
525 483
180 484
469 486
487 487
797 487
120 488
14 489
686 491
12 491
230 492
190 496
424 496
671 496
604 496
892 497
351 498
765 498
789 499
637 499
705 500
389 502
242 506
815 506
459 506
297 507
570 507
259 507
444 511
79 511
591 511
967 511
14 511
889 511
528 512
201 512
408 513
146 513
630 514
849 515
730 517
935 519
607 520
380 520
683 522
306 523
28 524
660 524
343 525
798 526
671 528
910 530
39 530
470 535
19 536
273 537
272 539
856 539
422 540
223 540
125 541
981 542
808 542
134 544
512 546
923 547
968 549
866 552
896 553
786 554
367 554
228 554
256 555
20 555
890 557
990 558
452 558
892 560
742 560
971 561
856 562
294 562
467 568
443 571
740 572
821 573
636 573
525 575
601 575
912 577
634 577
634 580
827 581
244 581
705 584
96 588
970 588
382 589
754 591
102 594
631 595
458 595
384 598
951 599
568 600
959 601
162 602
409 602
351 605
418 608
129 609
665 609
546 610
60 610
980 610
720 610
328 611
649 611
152 614
792 615
849 615
622 617
669 617
434 618
247 618
138 619
127 619
378 623
852 624
240 625
127 625
666 625
888 626
210 626
704 627
689 628
510 628
428 629
898 629
981 630
149 632
717 632
12 635
96 635
850 635
789 635
967 637
147 637
836 637
430 638
899 641
589 641
906 641
367 641
440 641
528 643
374 646
406 646
183 647
90 647
850 648
215 648
302 649
458 651
490 652
177 652
163 654
990 655
274 656
402 658
952 658
536 658
322 661
969 661
785 661
922 662
78 667
879 667
432 667
906 668
258 668
64 669
870 670
353 671
461 671
478 671
549 672
273 672
394 673
605 673
257 674
977 674
712 678
619 678
312 679
216 679
111 680
456 681
45 681
453 682
988 688
886 688
639 688
87 690
459 690
694 690
540 690
296 691
755 692
103 694
480 694
990 694
843 696
574 696
334 698
315 700
66 701
666 703
489 703
544 706
185 707
465 707
451 707
777 708
534 708
68 709
620 710
599 710
824 710
808 713
195 716
858 717
610 717
345 717
740 718
793 720
26 721
687 721
260 723
177 723
196 724
345 724
658 724
347 727
406 728
805 728
908 728
967 729
328 729
368 729
39 729
376 730
59 734
9 734
373 735
373 737
615 738
835 738
762 739
342 739
666 739
837 743
57 746
125 746
308 747
693 749
278 750
546 751
270 752
280 752
948 752
629 753
334 753
550 754
282 754
194 755
478 755
92 757
228 759
246 760
438 761
168 763
754 763
584 763
958 764
74 766
940 767
300 770
536 770
193 773
616 774
197 775
103 775
224 776
306 776
999 776
109 777
122 778
841 779
743 781
683 782
818 782
833 783
208 786
30 789
867 789
618 790
375 790
23 791
851 791
835 792
458 794
149 794
804 794
108 796
197 797
82 797
787 800
368 802
874 802
353 803
906 804
14 806
840 806
816 807
573 807
14 810
260 810
228 810
742 810
383 810
811 810
748 810
528 812
136 813
83 818
157 818
464 820
266 821
286 821
259 823
106 827
53 827
445 828
790 829
559 829
673 829
992 831
260 833
801 835
498 836
270 841
429 841
646 842
214 842
100 843
439 845
185 846
237 846
542 849
1000 852
837 852
120 853
756 855
234 855
488 857
808 860
217 860
292 861
192 862
984 863
477 864
153 864
71 864
298 865
845 865
478 866
825 866
953 867
838 867
23 868
751 869
547 869
156 869
661 870
747 870
148 871
436 876
114 877
761 879
251 883
725 885
596 885
217 888
404 889
250 889
546 890
310 890
856 893
711 894
253 894
930 895
266 896
125 897
38 899
487 899
29 899
133 900
988 900
409 901
429 905
849 908
642 908
405 911
696 911
88 912
669 912
202 913
761 920
19 921
736 921
887 921
134 922
808 925
670 925
318 927
414 927
221 928
799 929
650 930
822 930
699 930
907 931
960 931
52 933
875 934
76 934
696 936
201 938
499 940
301 940
276 941
348 941
327 945
345 946
811 948
61 948
712 948
157 950
226 950
592 950
985 950
173 951
734 951
816 952
977 952
90 953
525 955
319 955
275 955
321 955
361 957
833 958
543 959
857 959
230 960
420 960
365 960
296 964
381 965
839 965
819 967
638 967
834 968
878 969
906 969
537 970
386 973
574 973
576 973
461 976
85 980
114 980
399 981
898 981
148 983
533 984
75 984
900 985
340 985
98 986
911 988
713 991
493 993
826 994
655 994
733 994
114 994
317 995
772 995
110 996
414 996
426 997
119 1000
218 1000
206 1000
