1000
663 1
38 1
393 1
491 1
964 2
415 3
146 3
377 3
493 4
204 7
61 7
764 7
395 7
64 7
910 7
903 9
246 10
617 11
269 12
943 12
247 12
134 12
439 16
174 18
113 18
637 19
260 19
638 21
521 22
155 22
917 22
53 22
989 24
741 25
206 25
266 25
251 26
838 27
966 28
260 29
92 29
945 30
135 31
292 34
745 34
953 36
943 36
839 36
817 37
895 37
509 38
224 38
847 44
943 44
909 45
29 46
208 46
195 48
888 50
75 50
459 50
293 52
76 52
925 52
624 54
403 56
112 57
317 57
645 58
919 58
948 59
65 62
15 63
65 63
148 64
42 65
268 66
132 66
360 66
596 67
509 71
300 71
926 72
537 73
799 73
885 75
735 75
26 76
294 76
129 76
246 77
302 77
692 78
49 78
747 79
873 80
945 80
85 81
523 82
904 82
764 82
778 84
882 84
365 85
93 85
263 85
762 86
871 86
338 87
496 87
57 88
272 88
5 89
64 89
539 90
551 92
667 93
806 94
935 95
444 95
397 95
905 95
121 96
557 96
177 96
911 97
763 98
160 99
99 101
126 102
823 103
323 104
488 105
922 105
735 105
739 107
404 115
56 115
915 116
863 117
611 117
755 118
263 119
445 121
28 122
512 123
696 123
172 124
823 126
251 129
105 130
421 130
224 130
675 130
562 131
806 133
910 134
390 134
206 136
906 136
924 138
348 138
145 139
688 139
574 139
272 141
725 141
662 141
24 143
817 143
326 144
302 144
895 144
303 145
763 146
167 146
257 148
829 151
204 152
792 152
564 153
676 153
993 155
930 155
815 156
432 156
362 157
172 157
671 161
851 161
231 163
2 164
622 165
554 166
564 166
950 171
564 172
59 172
11 174
191 175
781 176
190 177
137 177
414 178
165 179
684 180
659 180
684 180
925 181
108 182
117 182
919 186
792 186
800 187
554 189
721 189
901 189
751 190
845 190
235 192
122 192
556 192
4 192
573 193
597 193
324 194
712 195
419 196
542 197
251 197
529 197
182 199
498 199
813 201
355 201
97 201
701 204
127 204
935 205
576 205
46 207
733 207
508 208
796 208
952 208
609 210
20 213
736 213
211 213
297 215
458 216
646 217
774 220
515 220
987 223
649 223
892 226
179 226
282 226
596 226
929 227
482 231
645 231
418 232
398 232
502 233
443 234
742 234
226 236
326 236
261 237
733 237
909 237
546 237
110 238
227 238
254 239
850 239
751 242
306 243
270 244
93 245
644 245
166 245
681 246
171 246
1000 249
452 249
525 252
502 258
859 258
269 259
185 259
899 260
495 260
4 260
645 262
592 263
594 265
512 267
766 269
430 270
757 273
457 276
938 278
256 278
750 278
746 279
275 280
167 280
590 281
509 282
481 283
65 285
835 286
123 286
264 286
775 286
588 287
158 288
236 288
423 289
418 289
876 289
268 289
875 290
330 290
981 292
357 292
684 294
805 294
82 294
318 294
267 296
229 297
291 300
632 300
883 301
320 302
469 303
409 303
847 304
752 305
886 305
145 306
306 308
933 308
61 312
222 315
379 316
762 316
524 316
612 317
836 317
815 317
815 319
982 320
911 320
956 322
902 323
8 325
339 328
743 329
471 331
541 332
94 333
775 335
600 335
548 335
471 336
767 337
379 338
890 340
531 340
881 341
322 342
318 342
927 345
879 345
878 345
34 345
335 346
468 346
587 347
434 350
45 350
446 351
666 352
698 353
511 354
458 355
296 355
25 356
364 357
55 358
275 359
979 360
880 362
82 363
841 363
30 367
333 368
246 370
379 371
201 372
186 372
475 373
290 376
970 376
72 377
29 378
34 378
166 380
234 380
456 380
179 383
731 383
537 384
268 385
168 385
653 387
935 387
297 388
47 390
584 391
87 394
97 394
557 395
574 396
833 399
259 401
342 402
479 403
507 405
674 405
454 408
223 410
753 410
488 413
530 414
664 415
486 416
196 419
81 419
484 419
330 419
624 420
642 420
85 424
900 424
154 425
411 425
317 426
483 426
670 427
345 428
139 428
545 430
633 431
896 431
145 432
201 432
752 433
823 433
715 433
567 433
237 434
351 434
254 436
354 438
615 440
13 442
992 442
772 442
193 444
281 448
885 449
343 449
29 449
668 449
216 450
990 450
899 451
891 451
652 451
887 452
935 455
91 460
43 460
532 461
812 461
296 461
357 463
341 467
516 468
810 469
695 469
670 471
220 472
966 472
868 474
214 478
125 479
27 480
930 481
95 481
447 483
300 483
264 485
761 488
285 488
443 488
13 488
289 490
938 491
479 493
47 494
338 494
986 496
707 496
215 497
102 497
39 498
562 499
677 499
464 499
951 500
913 501
313 502
815 502
674 503
799 505
528 505
415 505
562 505
10 506
213 506
837 508
95 510
194 511
748 511
74 513
249 514
398 515
400 515
425 515
1 518
686 519
173 520
554 521
348 523
412 524
735 526
208 528
322 528
707 528
973 529
670 530
352 530
107 530
254 530
41 530
144 532
472 532
376 534
975 535
431 535
910 536
371 538
476 540
958 540
676 541
59 541
71 541
877 543
983 544
298 544
350 547
911 548
648 548
750 550
115 551
944 551
133 552
177 552
715 554
750 555
506 555
812 556
91 556
363 557
121 558
752 560
650 561
15 562
884 564
139 567
427 567
460 569
891 570
950 570
954 570
177 571
226 573
771 573
410 573
700 574
782 574
592 575
502 578
471 578
499 581
793 583
195 583
338 584
125 584
692 586
747 586
379 590
832 591
352 591
300 592
194 593
165 594
339 595
746 596
186 596
238 598
895 598
244 600
781 605
164 605
545 606
768 606
332 606
263 609
344 610
773 611
499 611
115 613
676 614
140 616
349 617
569 617
335 618
653 619
87 621
851 622
138 624
195 625
47 625
87 627
46 627
81 629
762 630
25 630
261 632
436 633
611 633
68 633
522 634
483 635
673 639
205 640
420 640
161 640
125 641
881 642
844 644
427 646
338 646
277 646
367 651
801 654
15 655
562 656
53 657
584 657
955 658
187 659
26 659
204 660
424 661
487 661
270 661
241 662
767 663
547 671
99 671
502 671
997 673
36 675
937 675
889 678
93 679
83 683
407 683
128 684
588 684
780 685
152 685
682 686
543 686
899 688
243 689
73 690
309 690
660 690
646 691
213 691
34 693
124 693
363 696
297 699
646 701
800 701
496 702
93 705
140 705
193 705
58 705
694 707
849 707
339 709
111 710
878 712
611 716
606 719
718 719
992 721
406 723
459 724
933 724
141 725
166 726
619 726
859 729
774 732
863 734
441 735
207 738
352 738
770 741
60 742
314 742
283 744
657 746
951 746
509 747
494 748
903 748
684 748
311 748
486 749
889 749
774 750
757 750
237 751
232 751
614 752
135 753
389 759
44 760
927 760
257 761
927 761
783 762
257 764
108 765
42 767
57 770
77 770
438 773
986 774
405 776
577 776
227 776
705 776
447 776
268 776
160 777
37 777
835 778
131 778
775 780
243 780
777 781
661 782
100 783
60 783
123 783
516 784
998 786
133 787
268 788
155 789
272 789
212 790
854 790
936 790
533 791
847 791
235 792
327 792
760 792
221 793
949 794
313 796
866 798
188 799
717 800
424 802
926 804
883 805
773 806
265 808
272 810
748 811
53 813
903 816
606 817
513 819
152 821
318 823
633 828
886 830
748 831
380 831
131 833
917 834
945 835
512 837
739 838
844 838
832 840
220 841
702 841
959 843
740 843
873 844
804 844
895 844
226 844
848 845
905 845
193 847
667 849
484 850
18 851
904 851
713 854
364 855
377 856
477 857
279 857
148 857
456 858
26 858
845 859
321 859
104 861
845 861
67 862
285 862
85 863
103 863
46 864
57 865
552 866
192 867
203 868
641 870
442 870
868 872
558 872
16 873
440 874
215 879
442 880
117 881
496 882
857 883
844 883
21 883
446 890
524 891
972 893
807 893
445 894
485 897
869 897
719 897
642 897
531 898
394 899
853 899
224 901
936 901
812 903
938 903
33 905
818 906
841 907
40 907
241 908
982 909
935 910
627 910
421 911
437 912
853 914
660 915
675 915
247 917
526 918
576 918
401 920
236 922
628 922
318 923
165 924
776 924
922 925
673 925
573 928
729 929
915 930
334 933
600 933
636 936
659 936
39 936
110 937
33 938
373 939
510 939
353 939
119 939
324 940
483 940
109 940
147 942
320 943
306 944
916 947
284 947
909 948
665 949
659 949
482 952
844 954
443 957
545 958
728 958
698 959
145 960
677 961
754 962
130 963
768 963
94 964
132 968
130 968
33 969
696 970
131 970
817 971
411 972
789 973
265 975
277 975
51 978
507 978
806 979
647 980
600 980
859 982
248 985
640 986
671 987
14 987
159 988
230 988
550 988
378 989
755 990
226 990
73 990
918 990
572 992
230 992
222 994
719 994
517 995
527 995
30 996
222 996
551 998
254 999
905 999
