692
74 0
422 0
196 0
490 0
334 0
282 0
61 0
449 0
477 0
274 0
123 0
192 0
23 1
168 1
111 1
600 1
453 1
62 1
194 1
63 1
400 1
83 1
429 1
76 1
345 1
416 1
531 1
240 1
329 2
469 2
189 2
252 2
560 2
65 2
565 2
456 2
492 2
571 2
594 2
6 2
210 2
287 3
492 3
95 3
453 3
600 3
249 3
376 3
65 3
490 3
49 3
225 3
43 3
380 3
259 3
314 3
346 3
21 3
213 3
153 3
452 4
434 4
26 4
482 4
262 4
69 4
259 4
210 4
350 4
314 4
154 4
331 4
136 4
204 4
129 4
295 4
321 4
31 5
25 5
485 5
381 5
41 5
363 5
116 5
481 5
540 5
321 5
263 5
520 6
355 6
135 6
345 6
13 6
171 6
496 6
367 6
74 6
348 6
90 6
133 6
448 6
42 6
136 7
529 7
131 7
60 7
282 7
468 7
150 7
156 7
258 7
582 7
437 7
540 8
132 8
29 8
410 8
62 8
387 8
425 8
329 8
301 8
212 8
403 8
132 8
172 8
239 8
504 9
99 9
140 9
26 9
317 9
20 9
179 9
152 9
291 9
174 9
49 9
399 9
263 9
110 9
514 9
292 10
545 10
439 10
37 10
425 10
537 10
314 10
300 10
132 10
444 10
428 10
405 10
306 10
329 10
256 10
449 10
138 10
26 10
389 10
272 11
434 11
474 11
202 11
472 11
509 11
18 11
99 11
7 11
196 11
416 11
72 11
529 12
560 12
494 12
338 12
322 12
545 12
35 12
210 12
268 12
347 12
276 12
502 12
327 12
405 12
27 12
344 12
513 12
423 12
577 13
475 13
252 13
298 13
574 13
460 13
427 13
468 13
451 13
497 13
602 13
475 13
59 13
226 13
86 13
502 13
528 14
427 14
513 14
461 14
575 14
295 14
492 14
337 14
222 14
113 14
574 14
301 14
38 14
175 14
30 14
54 15
311 15
154 15
274 15
49 15
285 15
516 15
195 15
521 15
265 16
450 16
494 16
367 16
496 16
177 16
263 16
327 16
430 16
213 16
266 17
14 17
560 17
74 17
94 17
436 17
5 17
421 17
87 17
9 17
128 17
110 17
390 17
312 18
169 18
104 18
402 18
266 18
272 18
491 18
78 18
64 18
399 18
459 18
329 18
182 18
59 18
37 19
581 19
573 19
382 19
52 19
292 19
544 19
501 19
194 19
361 19
14 19
575 19
10 19
224 19
232 20
179 20
92 20
300 20
433 20
310 20
385 20
559 20
25 20
75 20
563 20
561 20
191 21
215 21
450 21
235 21
83 21
544 21
376 21
363 21
64 21
308 21
65 22
436 22
506 22
85 22
428 22
319 22
216 22
595 22
62 22
566 22
11 22
375 22
273 22
356 22
370 23
71 23
603 23
232 23
448 23
263 23
488 23
488 23
180 23
131 23
384 24
460 24
330 24
135 24
436 24
479 24
475 24
285 24
178 24
505 24
568 24
139 24
547 25
462 25
511 25
437 25
52 25
578 25
4 25
373 25
171 25
316 25
272 25
602 25
326 25
341 25
557 25
60 25
512 25
293 25
586 26
572 26
581 26
229 26
9 26
21 26
576 26
592 26
6 26
236 26
605 26
594 26
105 26
497 26
228 26
490 26
253 26
467 27
307 27
525 27
237 27
70 27
422 27
558 27
430 27
104 27
382 27
136 27
84 27
20 27
328 27
432 27
267 27
329 27
452 27
160 28
336 28
125 28
373 28
269 28
111 28
303 28
552 28
277 28
174 28
254 28
172 28
410 28
524 28
380 28
92 28
45 28
471 28
135 28
459 28
546 29
530 29
179 29
296 29
179 29
140 29
31 29
518 29
431 29
236 29
200 29
426 30
265 30
221 30
261 30
20 30
304 30
253 30
271 30
95 30
554 31
604 31
509 31
410 31
65 31
94 31
544 31
90 31
537 31
276 31
244 31
200 31
90 31
339 31
526 31
138 32
407 32
492 32
262 32
436 32
413 32
354 32
370 32
48 32
127 32
377 32
569 32
272 32
474 33
487 33
524 33
376 33
595 33
310 33
444 33
556 33
376 33
278 33
208 33
252 33
57 34
482 34
404 34
128 34
69 34
561 34
233 34
187 34
181 34
589 34
46 34
334 34
587 34
438 34
227 34
411 34
599 34
473 35
169 35
314 35
40 35
309 35
430 35
233 35
499 35
14 35
426 35
299 35
150 35
528 35
548 36
373 36
104 36
592 36
348 36
460 36
481 36
278 36
106 36
415 36
15 36
523 37
536 37
278 37
301 37
34 37
203 37
410 37
318 37
571 37
267 37
71 37
464 37
121 37
261 37
308 37
373 37
442 37
390 37
201 38
358 38
241 38
322 38
193 38
343 38
477 38
192 38
311 38
162 38
341 38
373 38
233 39
461 39
491 39
56 39
30 39
335 39
226 40
248 40
305 40
184 40
513 40
381 40
300 40
432 40
266 40
79 40
585 40
429 40
261 40
174 41
357 41
100 41
54 41
131 41
599 41
105 41
114 41
353 41
46 41
9 41
581 41
137 42
367 42
597 42
436 42
559 42
245 42
33 42
16 42
172 42
509 42
371 42
217 42
424 42
162 43
332 43
127 43
358 43
494 43
310 43
6 43
162 43
123 43
466 43
314 43
77 43
601 43
359 43
227 43
591 43
102 43
43 43
289 43
131 43
334 43
231 43
404 43
117 44
435 44
599 44
378 44
309 44
148 44
569 44
314 44
347 45
435 45
426 45
351 45
205 45
240 45
284 45
498 45
594 45
552 45
514 45
408 45
470 45
437 45
329 45
592 45
111 45
595 45
414 45
95 45
76 45
294 45
268 46
480 46
500 46
245 46
360 46
474 46
141 46
348 46
303 46
119 47
516 47
338 47
515 47
605 47
327 47
93 47
569 47
556 47
562 47
399 47
307 47
275 47
566 47
162 47
495 48
343 48
161 48
306 48
576 48
479 48
29 48
293 48
198 48
448 48
419 48
24 48
371 48
187 48
13 49
205 49
386 49
265 49
170 49
32 49
66 49
227 49
519 49
155 49
557 49
404 49
27 49
