871
305 0
951 0
331 1
810 1
809 3
207 4
291 5
330 7
826 7
233 8
745 8
900 9
436 10
171 10
576 10
869 11
1 13
102 15
258 15
820 16
198 17
607 18
905 20
464 24
728 24
346 25
376 25
534 27
418 31
878 31
899 31
213 32
152 32
330 33
209 35
430 35
651 36
835 38
727 39
134 40
626 40
812 41
165 45
875 48
435 48
753 49
376 50
499 54
733 54
898 55
561 56
999 57
649 58
864 59
501 60
57 61
452 61
77 65
826 65
45 68
751 72
712 74
612 74
594 75
702 75
93 76
533 77
106 78
784 79
263 80
660 82
779 84
468 85
144 85
779 87
235 90
795 90
82 91
544 94
680 94
388 94
479 94
825 95
949 96
97 97
767 98
106 99
739 99
759 100
869 101
11 102
284 103
963 103
961 104
900 105
612 106
563 106
639 107
657 107
91 109
356 110
794 111
776 112
190 113
157 113
281 113
560 115
940 115
632 116
807 116
867 118
815 118
99 118
569 119
831 122
67 123
938 123
175 124
454 126
328 128
217 131
22 131
514 132
177 135
788 138
409 140
495 142
383 142
470 146
711 147
480 148
751 148
241 150
840 150
307 152
699 152
184 153
446 154
738 154
880 155
976 155
398 156
95 156
837 158
164 159
243 159
324 160
466 161
265 161
316 164
557 164
109 165
975 167
244 168
243 168
936 171
22 171
834 172
57 174
83 174
671 175
103 175
731 176
681 179
339 179
117 179
619 181
353 181
92 182
269 182
586 185
51 186
67 190
708 190
137 191
205 191
7 191
83 193
605 196
900 198
716 198
106 198
36 199
280 201
914 202
601 203
639 204
587 205
700 207
395 207
838 209
40 211
996 213
7 213
613 214
724 216
185 216
416 220
707 220
283 221
357 221
705 221
176 222
648 227
937 227
26 229
427 230
334 230
119 231
185 231
692 232
661 232
93 233
873 233
941 234
853 235
551 236
670 237
546 239
428 241
810 242
691 242
762 242
321 244
578 244
576 246
2 248
393 250
552 251
87 254
820 255
626 255
4 257
254 260
834 262
945 262
498 264
114 264
836 264
833 265
637 265
458 265
394 267
717 268
463 269
215 270
34 270
243 273
392 275
728 276
456 277
860 279
632 281
237 283
69 283
185 284
453 285
316 285
715 288
257 289
654 292
635 292
261 293
667 295
97 295
44 297
889 298
997 298
859 298
903 299
598 300
401 301
696 301
495 302
748 302
161 303
982 304
215 308
482 308
337 310
541 310
659 310
750 313
947 320
547 322
314 322
918 323
285 325
59 327
595 328
148 330
418 331
332 331
909 332
336 332
338 333
218 333
506 333
543 334
983 335
528 335
295 336
403 336
490 337
748 339
787 340
8 341
292 341
160 341
366 341
199 342
813 342
290 343
982 345
603 346
2 347
50 348
688 349
389 349
59 353
129 353
565 354
600 356
878 360
407 361
751 363
110 363
89 364
289 365
594 368
709 368
544 368
187 370
537 370
177 371
917 371
115 372
349 374
288 375
527 375
121 377
517 377
990 379
468 379
769 379
901 380
774 383
165 384
319 384
416 384
418 386
361 387
24 390
328 390
458 390
180 392
313 396
671 396
48 396
20 401
46 402
544 402
277 402
416 405
738 409
889 409
346 409
754 409
355 410
510 411
867 412
128 412
187 413
267 414
853 414
520 417
381 418
553 420
677 422
193 424
302 433
334 435
573 436
803 438
572 438
790 438
27 438
651 439
632 439
688 440
353 443
184 443
322 444
365 447
943 448
49 449
526 449
815 451
157 452
395 452
762 454
573 454
17 455
174 456
690 457
59 457
402 457
925 457
690 459
972 459
162 460
728 461
174 463
316 463
918 464
576 464
372 464
572 465
50 467
458 468
85 471
370 475
87 476
399 476
375 478
567 478
686 478
540 479
514 481
555 481
93 481
423 483
340 487
918 488
177 488
953 490
519 490
355 491
41 491
461 491
391 491
389 493
508 494
714 494
887 496
515 496
601 497
810 500
256 500
18 502
366 504
984 506
714 506
484 507
362 508
199 509
555 509
622 510
129 510
796 511
141 512
466 515
855 515
413 516
320 517
666 520
169 520
709 522
27 525
247 526
202 526
927 527
541 527
451 529
805 529
367 530
830 531
922 531
406 532
662 533
312 534
16 536
975 537
49 539
386 539
339 540
404 541
38 543
438 544
178 544
508 545
276 546
78 548
797 550
693 552
996 552
511 554
716 555
868 557
596 558
815 558
290 559
363 559
503 559
467 560
271 561
558 561
489 562
161 562
957 562
841 568
869 569
284 569
615 570
570 571
997 572
420 576
387 576
437 577
349 579
179 579
89 580
863 580
353 580
433 581
18 582
166 583
290 588
582 589
121 590
313 592
78 592
266 593
480 594
574 594
377 595
410 595
723 600
50 604
967 605
719 606
345 606
678 607
519 607
648 608
742 610
817 611
991 611
234 614
601 615
915 616
14 616
459 620
321 620
517 621
721 621
500 622
712 623
885 623
682 624
189 624
911 624
482 626
334 628
698 629
485 629
662 631
888 631
863 632
131 633
567 635
359 636
49 638
244 641
683 642
202 643
213 645
846 645
27 646
57 649
551 651
806 651
532 652
685 653
825 654
237 655
809 657
55 659
154 660
574 661
940 662
473 662
771 662
267 665
529 668
565 669
488 669
940 670
113 670
466 672
683 672
126 672
697 673
199 674
119 676
398 679
26 682
710 687
994 687
680 689
878 689
315 690
320 690
671 690
159 692
105 692
351 692
789 693
205 694
946 695
148 695
790 696
617 697
631 697
233 699
939 701
868 702
568 707
425 708
441 708
315 709
122 709
758 710
185 711
686 712
123 712
341 713
307 714
6 715
492 715
438 715
336 718
54 718
276 718
55 718
887 719
867 719
252 719
963 721
539 723
113 723
123 723
62 723
9 724
698 724
542 726
195 728
447 731
415 731
124 734
55 735
784 735
247 738
822 738
721 739
223 743
646 744
901 744
636 744
584 745
66 745
648 747
972 748
309 748
969 749
758 750
27 751
447 752
271 754
684 756
871 758
97 759
75 761
402 765
324 765
192 766
197 768
678 769
478 770
111 771
49 773
185 777
580 777
390 777
630 778
993 778
8 778
608 781
222 787
332 787
626 788
516 789
575 791
184 792
194 795
379 795
219 796
205 796
284 797
75 801
211 802
556 802
860 804
69 808
66 808
941 809
102 813
231 814
712 817
643 819
546 821
733 824
522 825
164 826
887 827
197 828
709 828
786 829
822 829
167 831
941 832
891 832
540 833
922 835
733 836
820 838
275 838
182 838
387 839
134 840
294 842
111 845
686 846
814 847
35 847
568 847
124 848
300 848
312 849
521 850
894 855
784 855
196 857
732 857
803 858
279 859
231 860
597 863
21 864
449 866
385 871
859 873
634 873
656 876
906 879
472 881
735 884
292 884
830 885
326 885
384 887
435 887
642 887
755 889
698 891
327 892
913 894
705 894
346 896
141 897
662 901
1 901
597 902
407 902
880 904
276 904
939 904
536 905
467 906
426 907
371 907
180 911
709 912
321 912
516 913
310 914
302 915
758 916
46 918
705 918
318 919
355 919
437 921
522 921
773 922
853 922
929 924
4 927
295 928
817 928
578 930
555 930
514 930
127 935
54 935
823 936
441 936
537 937
646 938
241 939
646 940
750 940
219 942
124 943
334 943
295 944
241 945
204 945
373 947
208 949
889 951
696 955
651 956
73 956
924 958
967 958
903 961
583 961
216 962
510 962
195 963
639 963
874 963
116 965
628 967
635 967
582 968
121 969
785 969
653 972
294 976
878 977
989 979
877 981
781 981
883 982
670 983
305 985
508 985
475 985
570 986
969 986
855 988
751 993
111 994
732 994
432 995
258 995
166 996
363 997
156 1000
