1000
253 2147483637
66 2147483637
810 2147483637
178 2147483637
41 2147483637
239 2147483637
767 2147483637
829 2147483637
819 2147483637
897 2147483637
92 2147483637
401 2147483637
54 2147483637
312 2147483637
282 2147483637
340 2147483637
606 2147483637
687 2147483637
217 2147483637
761 2147483637
35 2147483637
43 2147483637
515 2147483637
208 2147483637
305 2147483637
199 2147483637
469 2147483637
181 2147483637
539 2147483637
176 2147483637
102 2147483637
158 2147483637
273 2147483637
489 2147483637
498 2147483637
192 2147483637
410 2147483637
502 2147483637
95 2147483637
4 2147483637
842 2147483637
314 2147483637
155 2147483637
358 2147483637
324 2147483637
526 2147483637
577 2147483637
650 2147483637
332 2147483637
420 2147483637
403 2147483637
704 2147483637
133 2147483637
445 2147483637
593 2147483637
536 2147483637
856 2147483637
830 2147483637
807 2147483637
96 2147483637
870 2147483637
131 2147483637
686 2147483637
27 2147483637
801 2147483637
434 2147483637
328 2147483637
2 2147483637
789 2147483637
440 2147483637
198 2147483637
388 2147483637
709 2147483637
947 2147483637
765 2147483637
347 2147483637
882 2147483637
730 2147483637
485 2147483637
195 2147483637
294 2147483637
85 2147483637
229 2147483637
434 2147483637
876 2147483637
141 2147483637
902 2147483637
428 2147483637
896 2147483637
642 2147483638
16 2147483638
211 2147483638
946 2147483638
206 2147483638
544 2147483638
304 2147483638
929 2147483638
266 2147483638
713 2147483638
186 2147483638
448 2147483638
96 2147483638
694 2147483638
775 2147483638
134 2147483638
888 2147483638
917 2147483638
657 2147483638
45 2147483638
301 2147483638
558 2147483638
896 2147483638
768 2147483638
780 2147483638
488 2147483638
384 2147483638
800 2147483638
210 2147483638
176 2147483638
745 2147483638
538 2147483638
878 2147483638
349 2147483638
979 2147483638
957 2147483638
245 2147483638
252 2147483638
867 2147483638
620 2147483638
73 2147483638
19 2147483638
980 2147483638
524 2147483638
714 2147483638
869 2147483638
210 2147483638
182 2147483638
345 2147483638
612 2147483638
191 2147483638
723 2147483638
100 2147483638
22 2147483638
724 2147483638
934 2147483638
424 2147483638
647 2147483638
849 2147483638
305 2147483638
717 2147483638
79 2147483638
639 2147483638
98 2147483638
794 2147483638
85 2147483638
209 2147483638
705 2147483638
905 2147483638
790 2147483638
8 2147483638
133 2147483638
851 2147483638
148 2147483638
756 2147483638
420 2147483638
532 2147483638
79 2147483638
360 2147483638
823 2147483638
191 2147483638
584 2147483638
820 2147483638
72 2147483638
225 2147483638
923 2147483638
970 2147483638
424 2147483638
797 2147483638
762 2147483638
537 2147483638
174 2147483638
989 2147483638
240 2147483638
109 2147483638
188 2147483638
258 2147483638
594 2147483638
836 2147483638
264 2147483639
281 2147483639
565 2147483639
23 2147483639
202 2147483639
149 2147483639
439 2147483639
632 2147483639
118 2147483639
741 2147483639
221 2147483639
252 2147483639
938 2147483639
35 2147483639
124 2147483639
290 2147483639
794 2147483639
705 2147483639
837 2147483639
541 2147483639
989 2147483639
135 2147483639
429 2147483639
488 2147483639
313 2147483639
39 2147483639
726 2147483639
357 2147483639
121 2147483639
152 2147483639
276 2147483639
644 2147483639
768 2147483639
324 2147483639
263 2147483639
879 2147483639
718 2147483639
524 2147483639
408 2147483639
932 2147483639
963 2147483639
44 2147483639
31 2147483639
807 2147483639
624 2147483639
641 2147483639
169 2147483639
928 2147483639
577 2147483639
519 2147483639
612 2147483639
208 2147483639
674 2147483639
936 2147483639
302 2147483639
27 2147483639
36 2147483639
283 2147483639
889 2147483639
519 2147483639
925 2147483639
297 2147483639
949 2147483639
330 2147483639
68 2147483639
338 2147483639
434 2147483639
775 2147483639
644 2147483639
19 2147483639
590 2147483639
301 2147483639
378 2147483639
902 2147483639
879 2147483639
112 2147483639
61 2147483639
1000 2147483639
932 2147483639
898 2147483639
801 2147483639
918 2147483639
985 2147483639
343 2147483639
653 2147483640
844 2147483640
529 2147483640
578 2147483640
244 2147483640
249 2147483640
926 2147483640
305 2147483640
51 2147483640
553 2147483640
940 2147483640
861 2147483640
278 2147483640
268 2147483640
825 2147483640
481 2147483640
371 2147483640
5 2147483640
118 2147483640
844 2147483640
628 2147483640
831 2147483640
963 2147483640
446 2147483640
573 2147483640
153 2147483640
177 2147483640
275 2147483640
738 2147483640
12 2147483640
985 2147483640
17 2147483640
435 2147483640
197 2147483640
502 2147483640
2 2147483640
303 2147483640
371 2147483640
685 2147483640
763 2147483640
260 2147483640
194 2147483640
523 2147483640
316 2147483640
587 2147483640
283 2147483640
84 2147483640
560 2147483640
115 2147483640
651 2147483640
465 2147483640
304 2147483640
502 2147483640
496 2147483640
516 2147483640
586 2147483640
534 2147483640
148 2147483640
678 2147483640
652 2147483640
985 2147483640
878 2147483640
120 2147483640
886 2147483640
22 2147483640
742 2147483640
466 2147483640
602 2147483640
607 2147483640
991 2147483640
617 2147483640
392 2147483640
651 2147483640
844 2147483640
644 2147483640
593 2147483640
819 2147483640
854 2147483640
804 2147483640
474 2147483640
500 2147483640
463 2147483640
593 2147483640
43 2147483641
82 2147483641
131 2147483641
465 2147483641
618 2147483641
732 2147483641
302 2147483641
746 2147483641
654 2147483641
724 2147483641
225 2147483641
778 2147483641
757 2147483641
60 2147483641
433 2147483641
832 2147483641
574 2147483641
573 2147483641
964 2147483641
971 2147483641
510 2147483641
337 2147483641
486 2147483641
160 2147483641
291 2147483641
517 2147483641
667 2147483641
227 2147483641
901 2147483641
47 2147483641
98 2147483641
535 2147483641
511 2147483641
37 2147483641
76 2147483641
590 2147483641
888 2147483641
355 2147483641
679 2147483641
869 2147483641
317 2147483641
426 2147483641
178 2147483641
237 2147483641
219 2147483641
581 2147483641
477 2147483641
518 2147483641
725 2147483641
773 2147483641
66 2147483641
746 2147483641
455 2147483641
657 2147483641
914 2147483641
439 2147483641
93 2147483641
572 2147483641
859 2147483641
487 2147483641
256 2147483641
25 2147483641
82 2147483641
269 2147483641
851 2147483641
975 2147483641
782 2147483641
585 2147483641
948 2147483641
759 2147483641
394 2147483641
235 2147483641
396 2147483641
855 2147483641
376 2147483641
930 2147483641
18 2147483641
333 2147483641
999 2147483641
570 2147483641
843 2147483641
772 2147483641
237 2147483641
832 2147483641
579 2147483641
36 2147483641
380 2147483641
408 2147483641
45 2147483641
493 2147483642
506 2147483642
136 2147483642
913 2147483642
742 2147483642
74 2147483642
702 2147483642
162 2147483642
373 2147483642
426 2147483642
104 2147483642
31 2147483642
737 2147483642
418 2147483642
2 2147483642
504 2147483642
34 2147483642
303 2147483642
907 2147483642
731 2147483642
288 2147483642
287 2147483642
563 2147483642
905 2147483642
856 2147483642
190 2147483642
300 2147483642
982 2147483642
824 2147483642
43 2147483642
122 2147483642
91 2147483642
162 2147483642
269 2147483642
845 2147483642
336 2147483642
527 2147483642
611 2147483642
754 2147483642
941 2147483642
964 2147483642
846 2147483642
670 2147483642
34 2147483642
364 2147483642
676 2147483642
923 2147483642
854 2147483642
830 2147483642
411 2147483642
500 2147483642
259 2147483642
301 2147483642
59 2147483642
214 2147483642
884 2147483642
74 2147483642
622 2147483642
270 2147483642
418 2147483642
869 2147483642
697 2147483642
253 2147483642
843 2147483642
557 2147483642
629 2147483642
810 2147483642
305 2147483642
373 2147483642
355 2147483642
251 2147483642
25 2147483642
914 2147483642
232 2147483642
849 2147483642
712 2147483642
629 2147483642
672 2147483642
987 2147483642
799 2147483642
844 2147483642
462 2147483642
793 2147483643
430 2147483643
127 2147483643
123 2147483643
865 2147483643
809 2147483643
18 2147483643
51 2147483643
449 2147483643
443 2147483643
353 2147483643
691 2147483643
426 2147483643
603 2147483643
383 2147483643
817 2147483643
33 2147483643
440 2147483643
899 2147483643
150 2147483643
761 2147483643
510 2147483643
899 2147483643
745 2147483643
808 2147483643
628 2147483643
373 2147483643
652 2147483643
42 2147483643
208 2147483643
257 2147483643
691 2147483643
179 2147483643
252 2147483643
533 2147483643
718 2147483643
227 2147483643
457 2147483643
765 2147483643
129 2147483643
748 2147483643
319 2147483643
505 2147483643
244 2147483643
247 2147483643
583 2147483643
82 2147483643
964 2147483643
118 2147483643
820 2147483643
357 2147483643
816 2147483643
53 2147483643
9 2147483643
777 2147483643
186 2147483643
951 2147483643
363 2147483643
494 2147483643
294 2147483643
130 2147483643
543 2147483643
407 2147483643
303 2147483643
342 2147483643
306 2147483643
106 2147483643
18 2147483643
723 2147483643
990 2147483643
722 2147483643
57 2147483643
108 2147483643
819 2147483643
115 2147483643
210 2147483643
342 2147483643
123 2147483643
992 2147483643
382 2147483643
968 2147483643
758 2147483643
618 2147483643
663 2147483643
861 2147483643
915 2147483643
14 2147483643
831 2147483643
235 2147483643
73 2147483643
577 2147483644
158 2147483644
790 2147483644
441 2147483644
534 2147483644
507 2147483644
327 2147483644
991 2147483644
163 2147483644
752 2147483644
732 2147483644
317 2147483644
722 2147483644
865 2147483644
703 2147483644
677 2147483644
750 2147483644
330 2147483644
708 2147483644
514 2147483644
784 2147483644
31 2147483644
574 2147483644
928 2147483644
380 2147483644
871 2147483644
584 2147483644
939 2147483644
758 2147483644
440 2147483644
489 2147483644
216 2147483644
551 2147483644
578 2147483644
788 2147483644
371 2147483644
84 2147483644
272 2147483644
633 2147483644
284 2147483644
140 2147483644
291 2147483644
112 2147483644
598 2147483644
925 2147483644
28 2147483644
842 2147483644
548 2147483644
171 2147483644
536 2147483644
644 2147483644
48 2147483644
669 2147483644
104 2147483644
441 2147483644
896 2147483644
668 2147483644
705 2147483644
5 2147483644
434 2147483644
472 2147483644
384 2147483644
992 2147483644
53 2147483644
312 2147483644
419 2147483644
294 2147483644
456 2147483644
3 2147483644
806 2147483644
609 2147483644
559 2147483644
108 2147483644
261 2147483644
407 2147483644
998 2147483644
106 2147483644
337 2147483644
722 2147483644
428 2147483644
561 2147483644
892 2147483644
761 2147483644
149 2147483644
390 2147483644
818 2147483644
789 2147483644
470 2147483644
47 2147483644
119 2147483644
825 2147483644
338 2147483644
769 2147483644
923 2147483644
518 2147483644
555 2147483644
263 2147483644
78 2147483644
408 2147483644
547 2147483644
83 2147483644
572 2147483644
565 2147483644
608 2147483644
516 2147483644
570 2147483644
433 2147483645
378 2147483645
544 2147483645
888 2147483645
435 2147483645
68 2147483645
66 2147483645
499 2147483645
692 2147483645
579 2147483645
404 2147483645
734 2147483645
70 2147483645
842 2147483645
553 2147483645
674 2147483645
199 2147483645
79 2147483645
850 2147483645
520 2147483645
186 2147483645
748 2147483645
864 2147483645
761 2147483645
704 2147483645
243 2147483645
597 2147483645
888 2147483645
787 2147483645
605 2147483645
65 2147483645
868 2147483645
192 2147483645
210 2147483645
517 2147483645
624 2147483645
995 2147483645
800 2147483645
161 2147483645
983 2147483645
906 2147483645
86 2147483645
662 2147483645
468 2147483645
463 2147483645
552 2147483645
297 2147483645
775 2147483645
930 2147483645
145 2147483645
29 2147483645
31 2147483645
201 2147483645
964 2147483645
220 2147483645
244 2147483645
536 2147483645
249 2147483645
707 2147483645
309 2147483645
452 2147483645
913 2147483645
46 2147483645
936 2147483645
666 2147483645
15 2147483645
474 2147483645
261 2147483645
884 2147483645
682 2147483645
308 2147483645
286 2147483645
540 2147483645
698 2147483645
589 2147483645
734 2147483645
34 2147483645
786 2147483645
957 2147483645
205 2147483645
923 2147483645
137 2147483645
549 2147483645
914 2147483645
857 2147483645
168 2147483645
560 2147483646
315 2147483646
959 2147483646
561 2147483646
304 2147483646
911 2147483646
151 2147483646
498 2147483646
558 2147483646
510 2147483646
432 2147483646
158 2147483646
479 2147483646
791 2147483646
205 2147483646
425 2147483646
230 2147483646
631 2147483646
474 2147483646
710 2147483646
830 2147483646
332 2147483646
317 2147483646
935 2147483646
599 2147483646
485 2147483646
189 2147483646
799 2147483646
72 2147483646
837 2147483646
784 2147483646
234 2147483646
204 2147483646
312 2147483646
190 2147483646
504 2147483646
284 2147483646
122 2147483646
96 2147483646
283 2147483646
147 2147483646
828 2147483646
997 2147483646
113 2147483646
500 2147483646
575 2147483646
886 2147483646
960 2147483646
340 2147483646
726 2147483646
679 2147483646
917 2147483646
553 2147483646
937 2147483646
806 2147483646
540 2147483646
265 2147483646
184 2147483646
407 2147483646
64 2147483646
217 2147483646
994 2147483646
268 2147483646
471 2147483646
628 2147483646
90 2147483646
635 2147483646
117 2147483646
371 2147483646
787 2147483646
251 2147483646
124 2147483646
966 2147483646
32 2147483646
188 2147483646
620 2147483646
61 2147483646
329 2147483646
776 2147483646
238 2147483646
279 2147483646
19 2147483646
662 2147483646
980 2147483646
682 2147483646
527 2147483646
736 2147483646
663 2147483646
388 2147483646
105 2147483646
742 2147483646
363 2147483646
959 2147483646
231 2147483646
154 2147483646
105 2147483647
503 2147483647
500 2147483647
82 2147483647
650 2147483647
840 2147483647
625 2147483647
241 2147483647
643 2147483647
331 2147483647
965 2147483647
572 2147483647
818 2147483647
309 2147483647
56 2147483647
171 2147483647
525 2147483647
158 2147483647
956 2147483647
644 2147483647
648 2147483647
912 2147483647
275 2147483647
100 2147483647
832 2147483647
633 2147483647
256 2147483647
359 2147483647
954 2147483647
16 2147483647
231 2147483647
557 2147483647
64 2147483647
985 2147483647
159 2147483647
917 2147483647
190 2147483647
170 2147483647
594 2147483647
868 2147483647
852 2147483647
956 2147483647
721 2147483647
36 2147483647
820 2147483647
393 2147483647
871 2147483647
627 2147483647
1000 2147483647
574 2147483647
745 2147483647
376 2147483647
479 2147483647
666 2147483647
965 2147483647
873 2147483647
220 2147483647
608 2147483647
242 2147483647
155 2147483647
965 2147483647
715 2147483647
264 2147483647
134 2147483647
373 2147483647
429 2147483647
129 2147483647
660 2147483647
718 2147483647
844 2147483647
192 2147483647
206 2147483647
976 2147483647
393 2147483647
57 2147483647
94 2147483647
878 2147483647
716 2147483647
517 2147483647
267 2147483647
177 2147483647
396 2147483647
595 2147483647
742 2147483647
677 2147483647
285 2147483647
168 2147483647
94 2147483647
953 2147483647
398 2147483647
586 2147483647
824 2147483647
283 2147483647
145 2147483647
126 2147483647
720 2147483647
232 2147483647
