821
49 0
599 0
257 0
414 0
214 0
127 1
639 1
278 2
368 2
503 2
103 2
241 3
192 4
456 4
229 4
124 4
452 5
546 5
678 5
180 5
135 6
423 7
276 8
249 8
427 9
420 11
343 11
135 11
83 12
710 13
133 13
760 14
615 14
114 14
544 14
760 16
32 16
341 17
321 17
209 18
537 18
211 18
617 20
304 21
59 22
674 23
157 26
542 29
211 29
405 29
549 29
34 30
36 30
49 30
441 31
80 31
256 32
480 33
504 33
606 34
284 36
81 36
424 37
37 37
208 38
696 38
587 39
394 40
192 40
116 41
655 41
188 42
396 42
642 42
531 43
437 44
549 44
366 44
256 44
466 45
662 47
743 47
331 47
252 48
215 49
321 50
108 50
622 51
494 51
143 51
759 54
492 54
74 54
686 54
479 55
163 55
315 56
144 56
117 56
338 56
648 56
653 59
23 60
531 61
546 63
52 63
551 67
147 67
216 67
605 68
4 68
228 68
50 68
720 68
564 68
135 69
41 69
48 70
320 70
555 71
594 71
154 74
415 76
122 77
669 77
450 78
672 79
668 79
419 79
343 79
58 79
284 81
14 81
622 81
571 81
342 83
607 83
665 83
603 83
719 83
371 84
80 84
212 85
74 85
526 85
47 87
750 87
626 87
87 87
362 88
283 89
332 89
43 90
663 90
219 91
625 92
225 93
642 93
149 93
18 94
49 94
185 95
369 95
6 96
584 96
109 97
347 98
113 99
580 99
238 99
462 100
699 101
685 102
393 102
131 103
616 104
541 105
180 105
550 105
443 106
417 108
460 108
402 109
582 110
423 110
652 110
445 111
185 112
418 112
26 113
758 113
723 114
2 114
685 115
748 116
707 116
463 117
712 118
533 118
616 118
304 119
386 120
8 120
682 121
627 123
671 124
375 124
502 125
134 125
212 126
437 128
72 128
486 128
100 128
132 128
338 131
262 131
104 132
334 135
287 136
175 137
469 138
525 140
343 140
87 142
657 143
69 143
399 143
583 143
290 144
66 144
585 146
137 147
715 148
585 150
19 152
157 152
16 152
534 153
262 154
54 155
511 155
157 156
348 159
363 161
123 161
621 161
201 163
488 165
563 165
689 165
341 165
423 166
215 166
302 167
744 168
12 168
573 168
275 169
139 169
746 170
385 170
158 170
529 170
405 170
599 171
677 171
413 172
439 172
648 174
455 174
233 175
298 176
400 176
583 176
698 176
687 177
514 178
177 178
276 178
398 179
449 179
262 184
320 184
735 184
184 184
490 185
199 185
75 185
373 186
452 186
426 186
35 187
300 188
760 189
427 190
734 190
96 191
43 192
167 195
201 196
122 196
195 197
545 197
507 197
372 198
615 198
368 199
503 199
530 201
71 201
117 202
699 205
704 206
735 207
517 207
148 208
45 210
542 210
262 210
280 211
576 212
117 212
625 212
453 213
322 215
474 216
572 217
183 218
119 219
237 221
250 221
522 221
459 221
462 222
205 224
172 224
582 224
580 226
99 227
19 227
661 227
638 229
678 230
309 230
362 231
602 231
749 232
598 232
417 232
713 233
728 234
678 234
72 236
79 236
689 236
599 238
761 239
138 239
181 240
622 240
55 240
177 241
348 241
694 244
343 245
518 246
442 248
496 248
23 249
214 251
113 252
748 253
667 254
321 254
339 255
34 256
469 256
562 258
168 258
645 259
228 260
733 260
419 260
708 260
150 261
314 262
127 263
614 264
182 264
104 265
382 265
453 265
39 266
283 267
367 267
294 267
32 269
327 270
554 270
88 271
527 272
291 272
267 272
99 273
172 273
391 276
493 277
227 277
380 278
143 278
44 278
434 278
140 280
353 281
496 282
444 282
118 284
333 284
352 284
300 284
205 284
14 285
122 287
589 287
437 289
403 291
175 291
562 293
457 293
652 294
732 294
215 295
135 296
692 296
475 296
629 297
680 297
478 299
197 300
393 300
641 301
191 301
66 302
194 302
661 302
168 302
658 304
619 304
347 305
692 305
628 305
412 307
560 308
533 309
125 309
568 309
595 310
613 310
456 310
760 311
583 313
593 313
394 313
695 313
619 313
93 314
236 315
540 315
250 315
445 316
541 316
4 317
318 318
43 318
472 318
425 318
190 319
433 319
499 320
148 321
592 321
567 322
477 323
298 323
205 323
538 324
292 326
374 326
575 327
647 328
568 329
274 330
662 330
446 330
236 333
493 334
723 334
312 335
156 337
599 338
374 338
33 339
248 339
498 341
493 343
473 343
660 343
85 345
215 345
363 346
105 346
165 348
615 348
126 348
502 350
617 350
218 351
586 352
54 352
11 353
61 354
231 354
582 355
387 355
370 357
280 357
551 358
202 359
741 360
182 360
289 362
332 363
432 363
762 364
444 364
699 364
118 365
546 366
637 366
400 367
351 368
401 368
316 368
750 368
437 368
357 370
650 370
269 370
713 370
158 371
653 374
6 374
735 375
28 376
279 376
372 377
545 378
242 379
101 380
476 380
215 381
288 381
208 382
137 383
142 383
246 384
282 384
692 384
39 384
565 384
537 384
474 385
399 386
727 387
559 389
728 390
488 391
609 391
243 392
569 392
105 392
531 392
605 394
131 394
435 394
474 395
266 396
137 397
98 397
327 398
39 400
172 400
266 400
255 401
173 401
490 402
245 403
679 404
622 404
681 405
370 405
336 405
9 405
628 405
241 405
634 406
711 408
131 408
185 408
124 408
167 408
343 408
89 409
253 410
276 410
463 411
513 412
523 413
24 413
191 415
647 415
372 417
761 418
480 418
692 419
740 419
47 421
178 421
434 422
376 422
233 423
349 423
379 423
367 424
579 425
77 425
514 425
142 429
239 429
563 429
233 432
407 434
404 434
283 435
380 437
116 438
113 438
413 439
679 439
138 440
505 440
554 440
731 440
575 441
621 442
45 443
676 443
96 443
327 443
166 444
275 444
6 447
665 447
623 448
600 448
327 449
124 450
750 450
738 452
581 452
517 452
450 453
437 453
19 454
616 454
745 455
478 455
536 455
120 456
456 456
469 457
585 457
429 457
3 457
524 458
430 458
610 458
583 459
297 460
109 460
337 461
175 461
464 462
56 462
390 463
687 463
402 464
178 464
704 464
360 465
735 466
143 470
175 470
388 471
141 471
96 471
429 473
707 474
521 475
513 476
295 476
50 476
216 476
382 477
663 477
201 478
303 480
153 482
541 482
47 483
105 484
679 485
212 486
94 486
53 487
443 488
248 488
228 489
48 490
434 490
209 490
76 491
21 492
659 492
614 492
422 492
211 493
419 493
142 493
444 496
576 496
430 496
659 496
643 496
440 496
430 497
237 498
411 499
16 500
153 501
46 501
267 502
18 502
376 503
671 503
16 504
262 506
75 507
20 507
211 507
203 508
48 508
345 508
117 509
349 510
493 512
381 512
547 512
511 512
625 513
157 514
108 514
270 514
588 515
190 515
518 516
568 517
352 518
368 518
79 518
76 519
608 519
415 519
468 520
315 521
538 522
605 522
64 523
28 525
503 525
480 525
204 525
63 526
407 526
357 527
753 528
129 529
234 531
310 532
60 534
598 534
639 535
663 536
43 537
661 538
35 539
726 540
418 540
751 541
330 541
3 542
469 542
476 542
172 544
755 546
138 546
342 547
126 547
232 548
10 549
