1000
501 0
907 3
313 3
876 3
692 7
824 7
951 9
65 10
198 10
453 12
163 12
657 13
940 13
768 15
273 16
768 16
578 16
17 17
880 17
854 18
97 19
261 19
645 20
436 20
369 20
136 21
588 22
295 22
323 24
687 24
573 27
41 29
512 29
114 30
513 31
415 32
180 32
831 35
233 36
946 36
21 39
538 40
906 41
4 42
98 43
511 44
685 46
348 46
618 47
846 47
334 48
743 49
39 51
756 52
258 54
839 55
386 55
100 58
957 58
313 60
729 60
83 62
445 65
675 65
24 66
643 67
543 68
833 71
587 73
30 74
896 75
781 75
996 75
421 77
457 80
666 80
233 82
251 82
171 83
608 84
292 85
723 85
456 88
281 90
693 91
646 91
474 91
114 94
7 95
572 95
129 95
392 95
530 96
371 96
654 97
109 97
285 97
463 98
99 98
713 99
43 100
254 101
600 101
304 102
53 102
938 104
834 105
863 107
577 109
586 109
919 109
309 110
698 110
34 111
498 113
846 113
895 113
874 115
363 115
520 115
96 115
716 116
612 116
461 118
298 120
429 123
856 125
608 129
719 130
649 131
469 132
927 132
912 137
950 138
743 139
528 140
897 142
714 142
889 143
141 144
940 144
993 144
753 145
15 145
722 147
240 148
290 148
41 150
72 151
396 152
878 153
500 153
975 153
13 154
125 155
610 156
603 157
801 158
909 159
328 160
846 160
321 161
487 162
419 162
687 163
410 164
788 164
616 166
794 167
914 168
397 168
327 168
894 170
775 170
776 171
683 171
922 172
783 172
519 174
972 177
135 177
618 177
322 178
892 179
384 180
969 181
915 181
577 183
624 183
403 183
963 184
958 187
597 189
86 190
539 191
323 191
521 191
656 192
874 192
80 192
37 193
491 194
336 194
225 196
74 198
168 198
24 200
375 201
417 201
737 202
701 204
566 204
209 205
945 207
779 208
733 208
819 208
789 210
577 210
65 211
640 212
81 213
189 214
680 214
628 215
260 216
495 217
263 218
344 218
110 218
563 220
443 220
351 221
847 222
698 222
381 222
702 222
596 223
628 224
243 226
940 226
506 227
993 227
417 227
357 228
515 230
477 230
81 234
477 234
875 234
244 235
272 236
120 236
99 236
518 239
347 242
346 244
38 244
808 244
146 244
946 245
511 245
535 247
184 249
994 249
571 250
119 251
906 251
92 252
166 252
417 253
199 254
783 255
782 255
909 257
123 258
247 259
658 259
96 259
681 260
811 261
979 261
844 261
600 261
585 262
532 263
214 264
3 264
355 264
902 265
564 266
49 269
43 272
429 272
630 273
280 275
328 276
261 278
928 280
645 281
424 281
483 282
31 285
894 286
159 286
498 287
205 287
748 288
960 291
273 293
908 296
677 296
981 297
898 297
998 298
757 298
66 299
559 299
282 300
672 301
497 302
468 302
533 302
425 305
921 308
877 308
263 310
826 311
315 313
310 313
291 314
444 314
211 315
455 315
429 317
738 320
848 320
939 324
895 326
587 327
967 327
347 328
684 329
134 330
5 330
875 331
198 332
756 332
124 332
580 334
987 335
272 335
87 335
218 335
147 336
114 336
588 337
139 338
892 338
206 341
41 342
514 342
916 343
846 344
416 345
843 346
107 346
753 346
158 347
391 347
716 352
545 352
806 353
157 354
364 356
58 356
43 356
623 357
94 358
213 358
16 363
591 364
56 365
186 366
279 370
66 372
134 373
354 374
508 377
718 379
276 380
830 380
837 381
788 383
257 384
385 384
742 384
757 386
20 386
450 386
524 387
889 389
540 389
120 390
959 390
217 392
764 393
670 394
866 395
91 397
278 398
769 398
453 398
9 398
280 400
802 403
985 403
887 403
649 404
149 406
406 408
77 408
223 409
568 409
888 411
728 411
49 411
319 413
161 413
679 415
269 416
691 418
293 418
343 418
652 419
635 420
869 420
239 420
543 425
789 426
802 427
322 427
386 427
999 428
99 430
780 433
270 433
776 433
46 437
571 441
118 442
704 443
756 444
81 444
382 446
975 447
865 448
170 449
163 449
232 450
487 451
797 452
685 452
43 453
763 453
847 454
725 454
822 454
997 455
203 455
374 455
686 456
538 456
854 456
870 457
997 458
277 462
179 465
226 465
886 469
346 470
710 472
244 473
785 474
243 475
617 476
159 477
309 479
716 481
414 481
44 482
145 485
489 488
59 490
167 490
857 491
610 492
444 493
955 496
984 497
366 497
110 497
815 499
851 499
343 499
976 500
729 502
869 503
39 503
596 505
364 506
772 507
374 508
85 509
889 509
159 512
225 515
893 516
128 517
447 518
120 519
399 519
247 519
845 519
954 519
527 521
506 521
919 522
95 523
271 523
692 523
733 527
234 528
486 528
15 529
655 529
389 531
955 532
117 533
47 534
6 535
285 535
878 539
253 539
320 540
125 540
121 542
257 542
140 544
63 544
494 544
384 545
38 546
289 547
169 553
756 553
855 556
498 556
726 556
578 557
460 557
428 559
492 561
659 561
791 562
50 562
570 563
822 564
361 564
201 566
742 567
659 568
903 569
625 569
516 570
395 571
297 573
27 573
272 573
862 575
992 577
774 577
710 579
478 580
335 580
647 581
32 584
728 585
644 586
886 587
399 588
373 590
79 590
417 590
153 591
209 593
689 594
990 594
225 595
242 595
190 595
998 596
995 597
154 597
513 598
806 599
86 599
666 600
757 604
355 606
787 607
879 607
948 608
207 608
87 610
132 610
835 610
416 613
781 614
946 614
641 615
515 622
195 624
239 624
556 625
735 625
129 625
982 627
475 627
251 628
734 631
844 633
713 634
80 634
826 635
617 636
943 636
792 638
425 638
670 639
420 639
191 641
263 642
333 642
334 642
307 644
399 645
938 646
994 647
648 647
187 650
256 651
673 653
200 653
75 654
653 654
272 656
357 657
128 658
714 658
184 659
959 660
992 661
494 663
846 664
460 664
202 664
897 667
284 668
243 669
979 672
662 674
286 674
954 674
903 675
419 676
600 678
887 679
842 681
119 681
404 682
279 686
534 686
449 688
614 690
125 690
722 691
294 691
578 692
946 693
246 694
462 695
707 696
481 696
436 696
897 696
168 697
649 699
525 702
366 702
936 702
108 703
395 703
602 703
297 704
411 708
649 708
473 709
116 710
586 711
412 712
121 712
655 712
787 714
308 714
785 714
621 716
425 716
8 716
564 716
1 717
539 718
710 718
675 719
431 719
941 720
16 720
507 721
794 724
78 724
100 725
218 727
515 729
149 729
216 730
813 731
210 733
815 733
658 734
541 737
312 738
676 739
495 739
431 740
749 741
438 743
17 746
139 746
604 746
260 747
422 747
599 749
499 749
198 751
419 751
959 754
994 754
467 755
757 755
162 756
358 757
38 757
551 758
864 758
504 762
520 762
592 764
394 766
106 766
707 767
288 767
320 767
124 769
941 775
767 777
62 778
737 780
348 781
512 784
899 784
118 786
614 788
594 789
698 789
988 791
657 792
655 792
562 792
1 793
197 794
487 794
483 796
499 796
675 797
581 799
775 801
241 801
86 803
218 803
457 803
255 804
144 805
258 808
601 809
208 809
835 812
549 812
477 813
330 815
643 815
150 816
352 817
269 817
444 819
162 820
665 821
299 822
665 823
250 824
422 824
411 824
965 825
11 826
326 829
232 830
850 830
623 830
175 831
819 833
100 834
589 834
808 835
240 838
75 838
827 838
621 840
668 840
757 840
219 841
326 841
547 843
849 843
238 843
224 845
870 848
66 851
53 851
773 852
439 855
400 855
383 855
265 855
184 856
94 856
561 857
415 860
447 860
930 861
186 861
901 861
335 863
220 863
126 863
972 864
721 864
589 865
276 865
353 866
865 867
860 867
93 869
149 871
445 871
756 876
434 876
365 876
811 880
683 881
434 881
106 883
364 884
257 887
18 889
821 891
455 891
658 891
272 892
516 893
598 894
777 897
51 898
69 900
484 900
814 903
686 906
945 906
933 907
747 908
354 912
988 912
795 912
395 912
871 913
882 913
18 914
613 917
300 918
29 921
85 922
561 923
328 923
996 925
157 925
44 926
5 926
20 927
797 928
692 928
300 928
851 929
605 929
999 930
15 930
694 931
814 932
828 933
676 933
133 934
731 934
191 934
333 935
779 935
671 936
751 937
152 938
140 938
141 938
291 939
581 940
845 940
105 941
39 942
790 942
600 945
233 946
715 947
45 950
534 951
225 951
244 952
970 952
364 953
205 955
280 956
666 956
367 957
822 958
942 958
360 960
958 962
757 962
160 962
91 963
804 964
779 964
486 966
229 967
200 970
705 971
807 972
936 973
885 975
977 977
726 978
532 979
900 980
380 980
232 981
178 981
178 982
16 983
209 983
456 984
719 984
604 986
436 987
396 988
356 989
627 990
535 991
332 992
618 994
229 995
636 996
388 997
170 998
710 998
463 999
267 999
358 999
