110
307 10
872 34
188 39
990 44
800 55
248 62
427 71
63 127
201 136
19 137
515 141
665 148
881 152
281 156
260 161
987 164
785 164
490 168
587 208
280 208
751 250
689 270
636 278
367 284
326 284
710 285
366 292
653 294
741 295
683 308
713 331
327 333
766 338
637 353
89 361
390 369
165 369
985 370
284 372
817 373
575 375
532 380
182 398
845 407
777 419
116 423
186 434
587 454
670 458
473 476
681 479
306 486
13 488
331 490
776 490
905 495
256 516
986 518
246 531
909 533
767 552
387 588
699 589
577 594
534 599
177 600
265 630
543 638
969 647
495 655
184 658
315 667
184 670
58 690
231 693
960 702
219 710
273 713
436 716
573 736
804 737
875 739
942 750
871 758
53 782
992 820
234 824
664 824
839 826
944 831
616 831
253 834
652 859
300 861
642 861
896 864
352 872
361 888
767 891
311 893
305 901
986 925
29 965
197 966
540 972
806 976
825 976
687 986
267 997
841 998
