87
717 8
635 22
448 36
546 45
475 82
168 83
680 90
234 107
184 124
807 129
816 133
787 134
439 137
96 151
57 160
638 169
201 173
825 173
62 195
520 198
800 200
88 215
256 231
449 257
541 273
648 274
802 275
617 281
926 284
421 288
531 296
823 308
191 315
435 321
189 357
151 370
107 383
708 415
924 438
812 444
190 460
222 486
943 500
706 516
964 521
48 550
997 563
626 577
666 587
36 596
539 599
28 623
665 624
200 633
573 636
140 647
686 656
663 668
145 680
873 683
617 725
621 727
405 728
607 754
105 760
354 767
411 777
88 785
945 789
329 797
850 807
465 822
573 831
905 836
812 869
341 872
35 900
603 932
688 940
678 948
330 950
229 963
535 965
625 967
935 975
862 980
940 992
