678
628 0
248 0
508 0
394 1
306 2
202 3
147 4
410 4
599 5
548 6
234 9
103 10
622 10
608 10
595 13
297 13
523 15
246 16
371 16
236 17
550 17
337 17
254 18
602 19
253 20
520 23
435 23
556 23
255 24
92 25
111 25
281 27
264 28
107 29
506 32
551 32
539 34
313 35
219 35
371 36
252 37
130 39
344 40
421 41
4 44
46 45
467 45
559 46
141 47
453 47
212 48
49 49
628 50
495 52
96 53
209 53
409 54
601 54
381 57
3 58
385 58
51 58
525 60
529 61
436 62
58 62
490 66
299 68
41 69
495 72
347 74
96 74
460 77
447 77
628 78
375 81
614 81
55 82
362 84
530 84
510 85
196 85
109 86
382 87
610 87
16 87
195 88
365 88
234 89
254 90
5 90
392 91
596 91
138 93
234 94
527 96
613 96
201 97
228 99
262 101
281 101
552 101
508 102
254 103
1 103
594 105
350 106
480 106
391 107
211 107
399 109
307 110
63 111
588 114
396 114
421 116
431 116
597 116
323 116
90 117
269 118
287 119
270 120
134 120
499 120
135 124
375 124
151 125
92 125
222 125
346 125
489 126
352 127
29 128
392 129
375 133
457 133
300 133
54 134
390 134
476 134
429 134
284 134
396 135
274 136
342 138
136 141
60 143
250 143
269 144
627 145
571 146
14 146
605 147
147 147
36 148
455 149
414 150
261 150
542 151
232 153
301 155
441 155
193 156
507 156
63 157
156 157
545 159
427 161
393 161
439 163
42 166
548 167
65 170
586 170
386 170
226 170
152 171
65 171
305 171
328 172
581 173
547 177
432 178
251 178
426 179
392 180
402 180
290 181
615 181
524 183
291 183
446 184
15 185
263 185
399 185
312 186
390 187
82 189
241 190
386 190
18 193
399 195
101 195
225 195
427 196
456 196
437 197
210 200
93 201
421 201
474 202
357 202
509 203
73 203
549 204
454 204
158 207
201 209
441 209
459 209
129 210
336 213
394 213
482 213
511 214
182 216
431 216
264 217
147 220
1 222
335 222
149 224
149 224
78 224
40 226
641 227
206 228
585 229
246 230
148 231
570 232
613 232
519 234
395 235
121 235
296 236
325 237
157 238
287 238
258 240
409 240
9 241
505 243
253 244
254 244
11 246
501 248
285 252
519 252
502 253
511 255
390 257
149 257
205 258
296 259
486 262
472 265
251 272
229 273
295 274
216 276
510 277
425 279
311 279
55 280
176 280
564 280
84 281
602 281
318 282
323 284
260 285
110 285
619 285
571 286
376 288
31 291
581 292
222 293
379 293
93 294
609 294
454 294
60 295
291 295
44 296
581 297
206 298
550 298
622 299
493 299
174 300
221 301
157 302
321 303
342 304
204 305
454 305
599 306
207 306
293 307
57 307
100 308
457 309
250 310
529 311
551 311
397 314
585 314
633 314
173 315
564 317
100 318
546 318
613 319
310 320
482 320
41 323
231 324
506 327
606 328
307 328
268 330
498 331
534 331
245 332
517 333
106 333
247 334
636 334
442 336
88 337
260 337
615 338
133 339
261 339
552 339
224 339
408 340
175 341
351 342
329 345
407 345
521 346
314 347
288 349
313 349
206 350
312 352
84 353
413 353
110 354
247 354
380 355
25 355
508 356
209 356
85 357
142 358
534 359
256 359
14 361
212 361
35 365
530 365
143 365
72 366
380 366
569 368
114 369
9 371
412 371
463 372
55 375
394 377
604 380
470 382
76 383
438 384
75 384
461 386
497 390
393 391
200 391
99 392
297 395
417 400
266 403
442 407
348 407
546 408
52 408
586 409
523 410
16 411
465 413
627 414
308 419
448 420
605 421
427 421
326 422
70 423
285 424
627 424
75 425
392 425
250 426
386 427
36 431
248 431
497 433
70 434
530 435
235 436
89 436
105 437
154 437
527 442
460 446
409 447
243 449
530 451
362 453
389 453
216 453
401 454
258 455
345 456
298 459
359 463
274 464
382 464
172 465
438 465
568 466
623 466
22 466
433 466
126 469
346 469
369 470
462 470
129 471
406 473
359 474
88 474
585 474
404 476
468 476
556 476
352 477
164 478
419 479
601 480
123 481
17 482
477 482
597 483
359 484
375 485
403 485
544 486
25 488
70 488
151 488
514 490
256 490
340 490
546 492
543 493
99 493
383 494
185 495
72 496
635 497
513 498
365 500
102 501
463 501
88 504
453 506
206 507
105 510
538 510
308 511
461 511
384 512
100 515
180 519
311 519
227 520
539 522
430 524
410 524
504 524
141 526
244 526
576 527
171 527
111 530
526 530
146 532
627 532
6 536
508 537
571 537
371 538
151 540
137 541
249 545
74 546
288 547
254 547
229 548
532 548
433 549
447 549
131 551
636 552
93 553
591 553
606 555
92 555
445 555
628 556
289 558
342 558
156 559
444 560
75 561
536 561
236 562
477 562
533 564
58 566
143 566
594 566
516 568
33 569
558 569
125 570
594 571
579 572
392 576
593 576
18 577
517 579
465 579
631 579
16 582
634 582
396 583
363 584
113 586
75 587
110 590
434 591
514 592
354 592
351 593
586 593
175 595
544 595
226 596
601 597
189 597
76 597
418 598
247 599
63 600
327 601
617 602
257 603
347 604
556 605
93 606
179 607
44 608
70 608
494 608
408 609
24 610
92 611
212 611
507 612
485 612
294 613
374 615
380 616
132 616
378 617
303 618
463 622
172 623
8 624
96 625
83 626
178 627
501 628
420 629
20 630
265 632
39 634
487 634
566 634
338 635
491 635
281 635
36 636
546 636
486 637
162 637
115 638
1 639
375 639
548 640
439 642
80 642
563 644
152 646
557 646
253 648
64 648
129 648
464 649
124 649
242 650
37 652
334 653
16 655
332 655
395 657
496 657
554 660
164 661
547 662
295 662
381 662
35 662
509 663
166 663
53 669
388 672
633 673
369 674
271 675
621 677
569 679
203 679
309 680
602 680
537 681
557 681
510 682
22 682
435 683
496 684
557 684
627 685
275 688
308 688
284 689
303 690
459 692
430 692
311 693
