682
563 0
234 2
458 3
811 4
72 4
201 6
559 6
826 7
241 9
767 10
790 10
131 10
829 10
878 11
605 13
928 14
538 14
214 15
616 15
649 15
875 18
508 19
810 22
643 22
635 22
558 22
298 23
165 24
187 24
500 25
193 26
585 26
697 27
121 34
739 35
819 35
479 35
664 40
871 45
860 48
385 50
977 50
248 51
266 52
96 52
577 55
372 59
543 63
344 66
434 67
974 72
656 72
690 73
64 75
338 75
564 78
865 85
431 87
357 89
778 92
927 94
118 98
928 98
855 100
876 103
101 105
766 106
404 106
179 107
764 108
292 108
866 109
69 109
366 109
985 110
904 111
472 112
165 116
827 118
521 118
962 120
366 121
243 122
771 125
781 128
250 131
865 132
726 134
347 134
425 135
822 135
857 137
215 138
717 142
274 143
178 144
304 146
6 148
34 152
493 155
667 155
283 158
155 159
120 160
480 161
602 161
697 163
903 164
63 167
30 167
147 173
798 174
614 176
57 177
895 177
265 178
69 178
799 179
649 182
95 183
924 184
688 189
364 191
634 192
52 197
876 197
833 200
530 204
109 204
963 204
627 205
883 205
650 207
370 208
571 209
171 212
249 212
106 216
859 217
563 219
765 221
98 221
327 225
898 225
574 227
631 230
539 230
178 232
999 237
516 237
418 238
450 238
673 239
967 243
600 245
838 246
290 248
321 248
930 249
432 250
444 252
232 253
141 255
162 255
212 256
866 256
570 257
547 259
994 259
905 260
807 260
93 261
246 262
131 269
233 269
449 271
132 274
79 274
882 275
972 276
541 277
947 279
179 283
167 286
433 286
461 287
37 287
157 288
602 288
305 288
924 290
703 292
557 292
692 293
97 298
200 300
821 300
881 301
963 305
838 305
599 305
642 305
414 305
888 306
89 306
811 306
214 307
461 310
258 311
69 312
178 314
734 314
402 315
450 316
58 316
661 317
818 318
442 319
384 321
67 322
945 322
762 326
126 329
523 329
430 331
269 331
388 333
394 337
847 337
162 339
564 342
166 344
210 346
963 347
416 348
101 348
440 349
1 351
78 351
911 353
710 353
670 357
647 360
64 361
834 362
74 363
19 365
609 369
350 373
478 373
992 375
432 375
246 376
399 376
772 379
378 381
943 382
913 388
508 390
564 390
926 393
770 394
198 395
893 395
424 395
715 397
310 397
876 398
966 399
973 400
547 403
652 406
122 406
826 409
42 410
846 410
48 410
501 413
210 415
875 415
361 415
774 415
620 416
278 417
886 419
800 419
926 421
549 423
862 425
82 426
86 426
213 426
108 427
106 429
649 429
146 429
450 430
111 430
529 431
463 431
132 433
774 435
313 435
436 436
427 441
949 443
528 444
154 444
291 444
733 444
322 445
783 445
403 447
798 449
101 450
221 452
211 453
869 456
16 457
250 460
331 473
599 475
774 475
221 476
396 477
665 480
442 480
333 484
552 484
321 485
164 485
217 487
130 489
475 491
579 493
343 499
166 502
696 503
27 504
575 505
898 505
972 506
835 509
922 509
307 510
300 511
471 517
990 518
213 520
98 522
477 523
839 529
728 534
130 537
605 537
561 537
782 540
249 540
640 541
471 542
265 547
891 548
979 549
530 549
992 549
982 550
632 550
286 554
218 556
156 556
862 557
142 557
978 559
833 559
647 561
210 562
67 562
882 563
677 563
116 565
113 571
76 572
744 573
362 576
89 576
724 576
180 578
21 580
623 585
343 585
87 586
720 586
453 587
297 587
101 589
198 589
412 591
695 591
175 592
769 593
136 595
955 596
632 597
818 598
662 598
228 602
740 603
633 603
985 604
525 604
140 604
766 605
980 606
369 606
213 609
452 610
676 612
141 612
903 614
457 615
11 616
884 617
580 617
284 619
402 621
369 621
731 621
80 622
506 624
256 624
310 626
273 627
958 629
639 634
794 635
942 635
593 636
334 636
997 637
262 638
218 638
304 642
832 644
657 646
236 649
39 649
668 650
384 651
503 651
146 652
66 652
623 652
554 653
767 655
862 656
971 659
887 659
788 660
422 662
308 666
872 667
985 667
360 668
832 669
597 669
222 669
582 672
668 676
769 676
440 678
402 678
116 678
224 680
553 682
751 683
680 685
832 685
182 688
58 688
80 688
134 689
330 689
742 690
43 690
355 690
567 692
67 695
282 696
77 698
280 698
265 702
60 702
485 704
19 707
265 707
781 707
618 710
813 710
943 713
976 715
717 716
136 719
633 723
110 723
811 725
426 725
727 726
856 727
239 729
119 729
827 731
209 739
549 740
851 742
430 742
729 742
698 742
262 745
934 748
828 750
272 752
142 758
705 759
438 760
615 760
810 760
763 761
76 761
829 762
411 764
617 765
279 766
696 768
459 769
203 771
384 773
941 774
660 775
157 776
558 777
497 778
133 779
167 780
94 782
381 782
70 783
822 786
935 788
549 789
52 790
675 791
522 791
743 792
54 792
523 793
61 795
58 796
949 799
95 799
979 799
194 800
457 801
221 804
670 805
647 809
367 810
933 811
403 811
487 812
318 812
939 813
211 813
279 814
327 818
758 819
365 826
599 827
276 830
381 830
325 832
244 832
156 832
548 834
8 836
882 839
942 844
548 845
354 847
566 848
195 849
22 852
990 852
830 854
755 856
572 857
913 860
321 860
294 861
480 866
804 870
628 870
248 872
499 873
850 874
199 874
107 875
214 875
754 878
606 879
112 880
535 881
841 882
616 883
356 886
913 888
696 888
505 889
838 889
795 890
345 893
858 893
613 893
927 894
741 895
168 898
500 899
49 904
48 905
941 905
479 906
195 911
398 913
772 913
909 913
773 914
158 914
704 917
982 920
583 921
822 923
288 923
121 924
691 925
674 927
522 929
900 930
430 930
706 933
725 935
975 936
354 939
723 940
274 943
892 943
640 946
947 946
763 946
447 948
860 950
723 953
788 955
19 956
86 958
170 958
4 961
678 967
659 970
659 973
663 974
701 979
389 980
526 983
853 983
768 983
357 985
15 986
656 988
440 990
135 991
331 991
47 992
750 995
