294
813 1
370 1
850 1
283 2
53 2
661 4
85 6
92 6
312 6
602 7
133 8
749 11
179 11
19 12
318 13
6 14
551 16
417 17
773 17
225 17
450 17
403 18
798 19
397 19
229 20
738 20
411 20
596 20
774 22
725 26
775 26
125 26
84 27
338 27
75 27
601 28
925 28
342 28
185 29
913 31
644 33
274 35
832 35
579 36
751 37
672 38
48 39
99 39
629 39
293 40
587 40
440 41
574 42
137 43
185 44
874 46
488 48
186 50
889 50
536 52
192 53
84 54
456 56
436 57
842 58
841 59
520 59
577 60
928 61
342 61
882 63
299 64
54 64
743 64
565 65
214 65
211 65
34 66
918 66
151 66
848 69
133 70
616 70
68 71
690 72
554 73
751 73
894 75
533 76
121 77
507 78
758 80
825 80
913 80
850 81
891 81
430 83
630 83
208 83
679 83
642 84
792 84
623 85
658 85
491 86
303 86
876 87
452 88
231 88
454 88
305 90
449 91
921 92
526 94
761 97
52 98
458 98
823 99
596 100
225 102
201 104
875 106
249 107
194 108
666 110
130 110
272 111
306 112
245 112
37 112
296 112
776 112
348 113
260 115
369 118
426 118
594 119
922 121
638 124
920 125
554 125
834 125
330 128
280 131
704 133
484 134
137 135
294 135
153 136
234 136
60 139
1 140
103 142
126 143
830 143
878 143
847 144
252 144
680 144
501 145
272 145
839 145
638 146
591 150
364 150
916 151
896 152
806 152
555 152
514 153
196 153
911 153
625 153
446 154
868 154
837 154
6 155
378 156
337 159
751 159
347 161
376 163
77 164
91 164
489 165
700 168
185 169
667 170
649 171
259 173
724 173
650 173
537 173
155 175
442 176
365 176
729 176
780 177
595 179
318 182
575 183
8 183
300 184
540 186
500 186
931 187
487 187
477 187
111 188
54 190
928 194
565 194
875 195
714 198
322 200
584 201
95 201
160 202
927 202
742 203
374 204
671 206
318 206
223 206
812 209
706 209
303 209
750 209
178 210
893 211
315 213
154 214
251 215
235 215
705 215
820 215
463 217
399 219
334 219
645 220
533 221
361 222
881 223
255 224
317 224
197 227
692 228
816 231
811 231
517 232
326 232
542 234
836 235
820 235
889 236
395 236
700 236
772 239
813 239
470 242
537 243
922 244
661 244
94 245
28 247
296 247
639 247
371 248
247 249
45 250
150 251
586 251
758 251
726 251
476 253
562 253
758 254
600 255
877 256
173 256
57 257
469 257
471 257
103 258
568 258
755 259
410 259
573 261
496 263
179 263
655 264
606 265
797 265
177 267
