847
917 0
672 0
953 2
73 3
544 4
339 5
924 7
596 7
564 8
786 9
433 13
588 15
333 16
507 17
406 17
423 17
125 18
755 18
819 18
165 19
589 22
94 23
28 27
851 28
942 30
960 30
63 31
346 33
952 35
879 38
844 38
7 39
306 41
383 42
769 43
100 45
172 45
850 46
333 49
557 51
84 52
970 53
900 53
450 55
787 55
241 56
350 56
784 56
907 59
421 61
694 62
757 64
684 66
605 67
833 67
901 69
332 71
576 71
212 71
172 73
358 74
98 76
103 78
946 80
635 81
831 82
365 83
606 84
80 84
832 87
324 87
828 88
445 92
27 92
900 92
675 93
414 94
585 96
637 97
206 97
593 98
156 101
137 103
259 104
780 106
522 110
498 111
686 112
704 113
490 114
193 114
73 115
948 115
520 117
238 119
936 120
550 121
704 124
588 125
267 125
36 125
746 126
300 127
135 128
326 128
381 128
59 129
524 133
820 134
762 134
629 136
200 138
852 138
300 140
500 140
935 140
854 141
290 141
284 143
908 144
157 145
427 146
480 148
263 149
818 150
507 150
962 152
275 153
620 153
211 154
479 154
609 154
410 154
791 158
775 159
843 160
978 160
418 160
970 161
769 162
1 170
12 170
754 171
25 172
875 173
695 175
452 178
897 178
605 178
498 178
97 179
713 180
734 180
704 182
222 182
492 183
962 183
171 185
986 187
119 187
179 187
45 188
935 189
210 190
404 191
40 192
847 194
34 196
90 197
638 198
451 198
147 198
87 199
554 199
715 200
197 201
38 203
384 204
659 204
304 207
621 207
99 208
577 208
22 208
399 208
839 209
982 210
864 212
962 214
781 214
698 214
946 215
647 216
341 216
31 218
949 219
876 219
125 220
242 220
758 222
259 223
122 225
304 226
418 226
344 230
751 230
378 234
8 234
336 235
778 236
464 238
242 239
169 240
192 240
35 241
452 244
292 244
113 246
127 246
772 246
887 247
921 247
431 248
431 250
149 251
655 251
698 251
243 251
424 252
910 254
135 255
186 256
715 256
903 258
724 263
601 264
981 264
37 267
948 270
17 272
628 272
289 273
799 273
784 275
477 275
486 286
670 289
520 290
973 290
184 290
559 292
650 294
155 295
579 296
317 296
813 297
84 300
99 300
756 300
210 301
428 303
193 304
933 305
713 306
258 308
866 309
743 309
777 311
169 312
430 313
928 313
525 314
389 317
804 318
204 319
803 320
870 323
30 323
296 324
410 325
559 325
879 325
697 329
217 330
183 331
890 331
841 332
316 336
483 336
305 338
18 339
650 340
850 341
876 341
52 342
1000 344
47 345
885 348
710 349
137 351
530 351
212 351
856 353
363 358
656 359
745 360
663 363
658 365
973 366
490 366
222 369
818 370
343 371
515 373
675 374
914 374
878 374
207 375
46 376
518 379
235 379
772 381
767 381
328 381
518 382
391 382
367 384
172 384
754 384
406 384
955 389
228 389
426 390
42 393
523 393
84 393
507 398
134 399
886 402
682 403
82 405
647 406
97 409
375 410
395 411
835 411
859 412
425 413
617 416
298 417
478 417
946 418
417 420
252 421
860 422
209 425
254 426
591 426
465 427
18 427
894 429
196 429
700 432
810 434
758 434
126 435
801 438
241 440
941 440
415 440
434 442
710 446
945 446
177 446
777 449
259 449
907 449
344 449
796 450
51 452
289 455
341 455
624 455
921 455
467 456
541 459
469 459
157 460
800 461
390 463
727 465
571 465
790 466
626 467
685 470
612 471
619 474
59 475
993 477
116 477
256 480
982 480
113 480
270 481
634 482
948 483
503 485
433 487
255 487
319 487
393 487
175 488
656 489
975 490
380 491
918 492
596 492
143 494
507 495
737 496
2 497
555 497
625 499
395 501
267 501
231 501
784 503
411 503
269 503
314 505
162 510
172 513
382 514
628 516
474 518
75 518
83 518
293 521
198 523
918 524
464 525
218 526
745 526
859 528
475 530
992 531
774 531
983 531
194 532
282 533
603 534
475 536
239 538
917 539
300 540
854 541
623 541
145 542
459 542
203 542
693 543
732 544
931 549
248 549
985 553
174 553
317 554
317 557
654 558
862 560
324 561
751 563
894 563
349 564
716 564
688 565
408 565
745 568
583 570
587 571
864 572
491 572
97 574
9 575
335 575
138 575
484 576
183 580
892 582
719 583
50 585
809 586
219 588
403 591
955 591
405 591
947 591
656 592
689 592
396 593
684 594
544 596
980 597
817 598
203 598
841 599
21 600
813 600
421 601
180 601
177 601
742 604
902 606
572 607
434 608
334 608
260 609
890 610
653 611
765 612
757 616
937 617
129 618
240 619
298 619
400 619
815 619
930 621
576 621
297 623
924 624
979 624
776 624
866 625
248 626
806 628
127 629
988 630
689 631
303 633
608 639
358 640
938 640
97 640
172 640
294 641
405 641
741 641
133 641
95 642
297 642
452 642
659 644
834 646
277 648
954 650
156 650
354 652
934 652
465 652
18 657
312 662
552 662
677 663
933 664
457 664
284 668
606 673
537 674
571 674
497 676
840 677
760 678
431 679
924 679
881 680
570 680
932 683
233 684
118 684
137 684
870 685
155 687
927 689
9 689
715 689
819 689
684 690
154 690
324 691
871 692
787 694
312 694
345 695
809 698
979 700
732 702
463 703
440 706
568 706
238 707
155 707
786 708
689 709
101 710
950 711
761 715
205 716
843 718
475 720
640 720
589 721
77 722
910 724
925 725
893 726
79 726
318 727
815 727
585 728
624 729
945 730
916 730
546 731
792 731
891 734
828 737
216 737
538 737
377 739
963 740
236 740
644 740
278 744
94 745
763 747
855 747
275 749
629 749
26 750
90 751
285 753
634 753
974 754
998 757
830 757
358 762
820 762
16 764
924 765
727 767
525 769
458 769
918 771
827 772
139 774
421 774
221 774
78 774
741 775
918 775
581 777
63 778
916 779
123 780
481 780
991 784
382 784
638 786
699 786
426 790
283 793
896 793
11 796
819 797
394 797
995 798
591 799
892 800
777 802
545 802
102 804
508 804
545 806
413 807
732 807
998 810
825 813
654 813
363 814
402 816
265 817
729 817
381 819
829 820
577 821
531 821
491 821
2 822
87 823
231 824
373 824
322 825
184 827
597 830
455 833
588 833
958 834
691 834
485 834
460 835
724 835
440 837
509 840
231 841
375 844
307 845
108 846
968 847
820 848
377 849
317 850
781 851
887 852
879 853
814 855
291 855
936 856
846 856
848 858
296 859
910 859
164 860
975 861
693 861
110 862
637 862
547 863
891 863
887 863
894 865
461 869
122 870
151 871
454 871
553 872
918 873
875 875
334 875
896 875
334 876
169 880
729 881
83 881
702 883
531 885
837 886
352 887
638 887
46 887
888 888
122 890
453 894
957 897
597 897
283 898
115 898
689 900
518 903
771 904
911 905
338 906
444 907
630 908
52 910
910 911
736 916
935 916
116 921
405 921
140 923
878 923
668 924
163 924
100 925
245 925
38 925
934 929
657 930
940 931
201 931
373 931
486 931
276 931
658 931
992 932
836 932
729 933
108 935
654 937
73 939
991 939
864 940
331 941
928 941
649 943
178 946
798 947
647 949
775 951
42 956
448 958
797 959
379 959
993 960
601 961
259 962
90 963
219 963
889 964
511 966
468 966
179 969
504 972
393 973
780 976
137 978
219 978
703 978
293 980
248 980
437 981
964 984
794 987
218 987
732 988
704 990
677 991
415 992
602 993
137 994
764 995
684 995
316 996
914 999
577 1000
874 1000
