253
304 5
930 15
347 15
704 15
814 15
302 16
550 22
706 23
664 24
317 26
285 29
80 36
850 49
258 53
681 53
673 58
443 58
353 63
768 65
938 66
201 89
378 98
367 110
95 116
136 116
891 119
871 123
459 126
408 127
619 128
361 136
860 137
68 137
897 138
312 140
243 142
566 143
245 146
117 150
870 152
347 155
409 158
725 158
87 158
351 164
339 165
79 168
369 170
717 174
438 182
946 185
338 186
267 200
429 201
62 204
533 205
865 205
368 207
384 215
293 224
472 227
969 227
52 229
378 229
613 236
632 249
114 252
778 254
670 254
514 257
937 262
758 265
701 269
104 270
257 273
636 276
901 284
784 288
460 292
775 297
469 309
386 314
52 315
411 316
113 317
869 317
268 317
607 322
843 330
64 331
986 332
436 340
270 341
970 342
816 343
998 352
424 354
323 354
639 356
992 357
609 360
756 367
462 369
277 373
435 374
406 376
963 385
491 387
213 393
551 394
772 395
173 396
809 400
882 408
308 409
339 409
606 413
187 424
891 424
620 428
575 441
19 443
579 445
167 446
899 447
83 450
148 450
867 451
432 455
428 456
23 476
322 504
835 507
34 512
900 512
72 522
818 523
198 531
830 533
646 534
888 537
209 540
588 545
582 549
867 555
968 557
99 557
129 559
87 568
247 570
74 582
563 582
574 589
971 597
622 598
660 612
57 616
107 617
16 623
966 629
185 630
655 639
334 639
353 640
367 641
519 645
893 647
458 649
817 649
490 651
652 654
842 661
803 671
816 673
582 678
919 686
502 688
268 688
742 688
664 689
494 695
440 719
486 719
623 725
751 738
989 750
239 752
448 755
656 758
958 760
693 761
913 762
912 762
494 763
881 765
540 767
89 775
111 776
214 786
33 786
426 789
508 789
350 792
827 796
163 815
501 821
326 821
931 821
169 822
163 824
118 824
466 825
909 828
25 829
969 829
764 833
468 838
210 838
769 839
932 840
11 847
916 850
115 852
266 857
664 862
763 866
419 867
595 868
329 869
155 872
821 878
662 905
445 914
60 919
458 921
588 923
289 926
999 938
858 947
141 953
32 956
765 959
600 963
500 967
727 970
752 973
929 975
241 977
353 988
997 991
410 994
827 998
477 1000
