917
562 0
189 2
59 4
575 4
5 5
345 5
814 6
653 8
926 9
308 9
349 10
83 12
797 12
940 14
329 14
605 15
507 16
328 16
336 18
199 18
207 18
932 18
247 19
680 19
937 20
9 21
61 21
202 21
751 23
732 24
468 24
524 25
884 25
459 25
243 28
599 28
662 30
373 30
728 32
248 33
837 34
543 34
316 34
728 35
649 35
775 37
187 40
525 40
167 41
42 41
871 41
331 42
712 42
891 43
202 43
871 44
504 45
68 45
540 46
818 46
588 48
915 49
7 49
78 50
636 51
747 52
880 53
266 54
218 54
266 55
598 55
151 56
83 57
577 57
759 57
754 58
676 58
256 59
931 60
732 62
508 63
376 63
56 63
784 63
131 64
638 65
231 67
86 67
241 67
237 67
357 68
247 68
579 68
841 69
670 69
720 69
277 70
41 72
143 74
609 74
327 76
446 78
809 78
937 79
674 79
477 80
483 80
685 80
848 82
640 82
794 83
409 84
19 85
854 86
916 86
447 86
837 87
493 89
374 89
408 90
676 90
914 90
374 92
808 92
491 92
106 93
161 96
943 96
719 97
637 100
171 101
355 102
95 103
383 104
193 104
140 105
89 105
273 105
430 106
328 106
375 107
17 108
12 109
413 110
140 110
914 111
297 112
20 112
941 112
360 113
599 113
43 113
804 114
457 114
873 120
552 122
10 124
776 125
521 125
200 126
234 126
673 127
150 128
522 128
257 128
54 129
65 131
83 131
722 131
329 133
443 133
145 134
374 136
148 137
376 137
110 138
706 138
253 138
663 140
750 140
191 141
333 142
474 142
477 143
631 143
186 143
58 144
531 144
615 145
332 147
38 148
108 149
622 149
68 149
441 149
909 150
520 150
417 151
213 151
535 152
8 152
762 153
579 153
767 154
11 155
852 156
396 156
857 156
127 156
108 156
809 157
24 157
419 158
428 158
553 158
544 159
715 159
493 162
889 163
149 163
518 165
349 166
570 166
861 168
11 168
717 170
683 170
726 172
397 173
150 174
229 175
124 175
741 175
941 176
198 176
672 176
840 177
379 178
513 179
775 179
218 180
268 183
536 183
785 184
649 184
331 185
545 185
93 185
474 186
718 187
929 188
48 188
808 189
923 189
546 191
909 191
290 191
503 191
616 192
510 195
536 195
29 196
493 196
26 196
300 196
942 197
669 197
777 198
68 199
222 199
759 199
841 201
221 203
677 204
839 205
70 205
232 206
748 206
757 207
348 207
298 210
786 211
264 212
118 212
150 212
548 213
407 215
524 216
141 217
42 218
607 219
874 220
448 221
396 223
477 226
1 227
562 228
764 230
579 231
767 232
880 233
932 234
901 235
696 235
843 237
440 237
628 238
252 239
485 240
407 240
790 241
895 242
100 242
201 244
592 245
644 246
783 246
249 247
743 248
777 248
332 250
151 250
229 251
65 251
452 253
889 254
491 255
417 256
123 257
305 258
249 261
467 261
223 262
529 264
294 264
477 266
172 268
682 270
9 270
445 270
52 270
593 275
436 275
384 275
917 275
765 276
117 276
486 276
535 278
675 279
677 279
475 279
291 280
619 282
101 283
476 283
416 283
696 284
435 284
559 285
26 285
266 285
252 286
845 289
269 290
425 294
35 294
723 295
441 295
131 295
933 296
61 298
811 298
156 299
99 300
87 300
931 302
576 302
393 302
554 302
616 305
562 305
267 306
9 307
208 308
39 308
153 309
844 309
631 310
911 311
91 312
247 312
769 313
26 315
496 317
790 318
686 318
42 319
142 319
67 320
271 321
601 322
68 322
926 324
85 325
327 325
834 325
934 326
268 326
22 326
203 328
29 331
92 331
797 331
25 332
535 333
672 333
275 334
815 334
798 335
259 335
835 336
698 336
899 336
217 339
831 339
908 340
106 341
323 343
290 345
618 346
417 346
27 349
221 349
238 350
350 350
77 350
775 352
858 352
618 354
123 354
732 355
321 355
458 356
121 356
128 357
942 357
141 358
89 359
552 359
761 360
778 360
120 360
239 360
894 362
434 362
866 362
489 363
276 364
868 364
253 365
63 365
199 366
500 368
844 368
680 368
751 368
556 369
223 369
785 370
416 372
73 373
299 373
871 373
141 375
234 375
826 375
362 376
508 377
550 377
4 378
883 378
17 378
548 379
623 380
136 380
733 382
251 384
573 384
492 384
409 387
77 387
238 388
276 389
914 390
668 392
703 392
249 393
519 393
905 393
853 395
472 395
206 395
407 396
217 397
926 397
923 400
445 400
916 400
926 400
562 401
101 402
5 404
262 404
631 405
902 405
828 406
666 406
703 406
544 407
317 408
832 409
166 409
127 411
433 411
430 412
748 412
233 412
81 414
517 414
228 416
184 416
861 417
781 417
749 417
685 418
146 419
716 419
863 419
676 419
118 422
100 422
10 422
809 422
290 424
906 425
41 427
461 428
470 428
263 429
814 430
399 431
578 431
705 431
231 432
647 432
848 432
850 438
479 439
927 441
482 441
263 442
189 442
692 442
459 442
247 442
693 444
379 445
520 445
788 445
365 446
894 448
619 448
387 449
568 450
227 450
247 450
595 451
220 451
190 451
806 451
419 451
292 452
919 454
179 454
934 454
555 454
362 456
579 456
775 458
869 458
207 458
918 459
786 460
814 460
29 461
156 462
436 463
729 463
880 466
869 466
287 466
239 466
649 466
663 467
67 468
809 469
809 469
846 469
860 470
893 470
826 470
619 471
735 471
894 472
377 472
909 475
66 476
189 476
234 477
931 479
686 482
503 483
57 483
784 485
447 485
293 487
830 487
793 487
929 490
454 491
518 491
189 492
114 492
35 492
811 493
741 494
21 494
389 494
129 495
659 495
722 496
350 496
412 497
56 498
842 499
316 501
545 503
513 503
345 504
180 504
778 505
676 506
494 506
377 506
166 506
743 507
216 507
136 508
812 509
913 509
4 510
46 512
919 512
113 512
162 513
923 514
619 514
909 515
147 516
352 516
366 516
361 517
588 517
325 517
394 517
786 517
620 518
654 519
645 519
77 521
481 522
794 525
661 527
662 528
210 528
828 528
468 528
881 528
881 528
669 528
357 529
889 530
854 530
274 531
341 531
175 531
742 532
246 532
938 532
821 534
890 534
241 539
512 540
757 540
736 541
306 541
617 543
62 544
201 545
547 545
169 546
97 546
47 546
738 547
689 548
186 548
733 548
543 548
124 548
160 548
566 548
698 548
202 548
847 549
142 552
104 553
8 554
418 554
770 554
792 555
803 556
285 558
665 561
244 561
228 567
208 569
634 570
440 571
941 571
433 572
100 573
114 573
894 573
931 574
698 574
49 575
379 576
45 576
315 578
187 579
570 579
389 580
16 580
809 580
790 584
204 586
364 586
36 586
803 586
703 586
558 587
467 587
177 587
360 587
272 587
895 588
249 588
727 589
534 590
490 590
697 591
710 592
215 593
74 594
940 594
911 595
574 597
9 597
164 598
403 598
681 598
151 599
684 599
658 599
458 599
159 599
206 600
860 601
733 604
664 604
797 604
48 607
227 607
214 609
592 610
917 610
203 611
660 612
72 615
442 615
529 616
880 616
786 617
816 617
406 618
288 619
107 619
235 621
405 622
936 622
62 622
821 624
149 625
629 626
717 626
614 627
720 627
605 628
624 628
765 629
208 630
692 631
28 633
221 633
563 633
293 634
55 634
608 635
101 638
881 638
153 638
15 639
365 643
528 644
186 644
374 646
612 647
728 647
481 649
596 649
665 650
178 651
150 651
899 651
767 651
81 653
507 655
931 655
172 656
429 657
262 658
677 658
217 659
934 659
95 659
698 660
866 660
793 661
54 662
64 663
448 663
187 663
836 664
67 664
855 664
147 665
161 666
46 668
896 668
117 669
790 671
91 671
554 671
419 672
763 672
33 672
895 673
938 674
836 674
877 675
329 676
61 678
318 679
708 680
174 680
927 680
828 681
120 681
192 681
666 681
241 681
573 682
779 684
291 684
790 684
259 685
832 686
726 688
22 689
650 690
358 693
581 694
198 695
373 697
834 699
279 699
921 701
169 701
672 702
569 702
300 702
652 703
305 704
66 704
910 705
908 705
