826
324 0
947 1
671 4
284 4
236 6
537 8
343 9
895 10
654 11
464 12
383 13
53 13
136 13
971 17
842 18
251 21
688 21
338 23
668 26
74 26
578 27
236 30
178 37
838 37
35 37
616 43
551 46
542 47
68 49
722 49
742 52
923 52
550 52
477 53
495 53
581 54
367 55
371 57
175 60
504 61
952 62
218 62
33 63
58 64
378 64
89 64
582 67
367 67
245 68
525 70
66 70
914 70
550 70
964 71
426 71
372 71
8 72
490 74
396 74
695 76
367 77
909 77
218 78
668 78
880 80
320 81
100 82
746 82
838 82
311 82
792 86
395 88
237 88
115 89
624 93
903 94
113 96
957 96
782 97
333 97
918 98
570 99
455 100
313 100
719 100
770 102
556 103
16 103
404 104
249 104
917 108
550 108
75 108
413 109
209 112
594 114
759 114
317 115
333 115
762 119
836 120
483 121
893 122
457 125
7 127
128 127
797 128
42 129
302 131
276 133
866 133
997 133
604 133
79 134
404 134
598 135
526 136
207 137
99 139
411 141
753 141
97 148
782 148
73 148
375 150
426 153
833 154
533 157
190 160
18 160
398 162
412 165
226 166
994 168
676 174
116 174
508 174
609 175
362 176
624 177
927 177
780 179
474 180
938 182
350 184
131 184
535 185
96 186
378 188
506 188
358 188
476 190
541 192
208 192
6 192
400 195
400 195
867 195
822 196
778 197
882 198
728 200
121 201
904 201
115 201
211 202
522 206
348 206
969 207
748 208
863 211
216 212
29 213
185 214
519 214
181 214
940 214
466 215
348 216
39 217
417 218
316 219
343 222
280 223
258 224
126 225
20 226
670 228
157 228
948 230
251 231
476 232
92 233
976 234
990 235
735 235
59 236
190 238
352 238
588 239
206 241
949 241
828 244
846 246
262 246
135 247
120 248
262 249
99 252
515 252
591 253
823 255
315 256
431 256
147 257
797 261
174 262
689 263
738 263
994 264
149 264
294 265
957 267
943 272
995 275
183 275
276 277
83 278
257 278
164 279
672 282
897 283
326 284
319 284
916 285
414 286
81 286
348 288
182 288
616 288
582 289
310 291
735 291
882 292
541 294
782 295
282 297
891 298
882 299
489 300
17 300
881 301
178 302
308 303
576 303
109 305
292 305
611 305
351 307
185 308
491 308
336 309
574 309
813 310
911 310
922 310
59 310
587 311
972 312
691 314
485 315
44 320
117 322
825 322
923 324
742 324
333 326
25 327
802 328
362 330
47 330
505 332
732 333
208 333
997 335
601 335
350 335
908 336
676 337
522 338
375 338
193 341
523 342
487 344
473 344
458 345
454 348
419 349
813 350
98 351
719 351
25 352
76 352
506 355
282 356
23 359
244 359
511 361
945 362
915 362
515 362
354 364
41 366
646 366
737 367
343 369
242 375
717 376
281 376
844 376
987 378
432 379
159 380
690 385
45 386
698 389
877 392
341 393
283 395
524 398
969 398
127 401
200 401
827 401
494 401
961 402
933 404
292 404
628 406
290 408
840 410
781 412
453 412
877 418
752 419
783 419
881 420
401 421
691 422
534 424
171 424
523 426
861 427
542 427
798 431
841 432
266 432
682 433
699 434
520 435
314 435
257 436
724 436
231 437
539 438
15 442
740 443
183 445
920 445
223 445
251 445
798 446
325 446
563 446
158 446
964 447
260 447
538 447
804 447
822 448
439 448
296 454
541 455
389 455
141 458
249 458
435 459
716 460
987 461
389 463
99 464
350 465
514 466
769 466
960 467
712 467
876 469
324 471
90 473
515 473
471 474
368 475
907 475
468 475
452 477
47 484
868 484
940 485
614 485
621 489
982 490
678 492
931 494
30 495
118 495
173 495
965 498
519 508
958 509
97 509
507 509
208 510
678 511
22 517
986 521
293 522
485 523
421 523
361 523
670 525
168 525
308 525
526 525
6 527
310 528
715 529
808 530
171 533
656 534
562 537
829 539
64 540
890 540
662 540
780 542
823 542
522 546
532 547
715 547
941 549
306 550
416 553
463 554
882 559
636 563
571 564
58 568
178 568
181 569
744 570
977 570
271 571
82 573
19 574
877 575
280 575
578 577
655 578
743 578
476 579
712 580
754 581
759 587
496 588
192 589
149 589
905 591
564 591
522 592
807 592
715 594
805 595
50 599
367 600
493 601
79 601
549 601
108 602
437 603
986 604
335 605
578 605
220 605
374 605
379 606
296 607
902 609
683 610
142 610
313 612
403 613
259 615
946 619
544 620
649 621
387 621
943 622
874 623
28 626
386 627
670 627
763 627
45 629
878 629
197 632
244 632
602 633
502 633
487 634
815 634
15 635
245 637
419 643
529 645
587 647
257 649
326 649
848 650
548 652
929 653
115 653
463 654
677 654
827 654
576 655
183 656
190 657
29 657
259 660
577 660
529 666
787 667
131 668
300 670
199 672
546 675
452 679
620 679
869 682
312 686
703 687
306 687
534 688
844 688
930 689
461 691
192 691
184 692
555 698
96 699
771 700
192 700
951 701
935 702
635 703
995 703
430 706
282 709
174 709
857 710
120 710
727 711
807 718
726 718
921 719
855 720
645 721
290 721
363 722
288 722
348 723
794 723
542 724
898 726
381 726
664 727
402 729
5 730
993 732
120 733
753 734
357 735
935 736
475 737
1 741
217 742
865 743
836 745
643 745
83 747
641 748
813 748
772 749
756 751
593 753
76 753
927 754
702 754
749 755
127 756
182 756
138 759
17 761
902 761
701 761
452 761
45 762
946 762
951 763
742 765
593 766
537 768
192 771
674 772
15 772
227 774
270 775
122 778
664 780
954 784
153 785
525 786
864 787
4 788
335 788
218 788
107 789
567 789
850 789
488 790
420 793
643 794
57 795
224 795
795 797
56 797
242 798
492 798
910 798
816 799
865 799
772 799
272 801
624 802
965 803
849 806
681 810
853 811
928 811
657 812
267 815
117 815
348 816
591 817
829 817
146 820
117 822
821 823
188 824
940 828
764 828
778 829
885 829
291 830
151 831
902 834
43 834
466 837
266 837
117 838
87 839
781 842
529 843
305 844
450 847
969 847
235 848
481 851
723 852
757 852
781 853
680 853
840 855
786 855
586 856
788 856
208 856
939 857
523 859
605 860
71 861
40 861
874 862
464 863
701 866
106 868
349 870
151 871
945 872
375 872
465 874
734 875
709 875
239 877
571 879
501 880
37 881
133 882
850 883
944 886
5 887
536 891
623 894
865 896
87 896
872 896
460 897
823 901
699 902
301 902
21 904
881 905
463 905
567 907
987 910
769 910
126 910
907 910
189 910
512 911
801 911
454 913
108 914
199 914
825 914
823 915
271 915
347 917
879 919
288 919
601 919
17 920
527 922
738 923
671 925
599 925
204 927
733 927
543 927
173 928
387 928
275 929
65 931
451 932
696 933
359 933
103 934
698 934
369 935
248 936
641 936
969 937
441 940
207 941
92 942
717 944
434 946
401 946
982 948
578 949
138 950
630 954
863 955
889 955
444 956
499 956
773 957
945 958
768 960
129 962
759 962
181 963
164 963
882 964
720 965
381 966
384 966
505 967
819 969
133 969
611 969
357 970
475 973
796 974
498 974
467 974
35 977
535 977
955 977
245 978
528 979
911 980
998 980
158 981
695 981
365 983
154 986
831 987
108 989
97 990
926 991
433 992
409 992
59 997
16 999
75 1000
