771
236 0
389 0
255 0
68 0
379 0
56 0
376 0
122 0
335 0
231 0
145 0
103 0
244 0
410 0
285 0
210 0
450 0
218 0
111 0
76 0
28 0
39 0
254 0
38 0
100 0
123 0
370 0
275 0
274 0
116 0
9 0
360 0
42 0
268 0
306 0
234 0
42 0
131 0
496 0
132 0
229 0
159 0
25 0
347 0
408 0
230 0
264 0
312 0
34 0
312 0
286 0
83 0
384 0
357 0
205 0
194 0
365 0
42 0
358 0
69 0
139 0
463 0
6 0
85 0
249 0
160 0
26 0
303 0
481 0
10 0
26 0
92 0
298 0
209 0
24 0
316 0
114 0
60 1
97 1
410 1
162 1
102 1
406 1
117 1
35 1
487 1
155 1
466 1
454 1
483 1
169 1
96 1
50 1
310 1
264 1
302 1
211 1
167 1
487 1
60 1
352 1
413 1
41 1
462 1
254 1
8 1
288 1
311 1
290 1
57 1
296 1
319 1
275 1
393 1
71 1
142 1
278 1
444 1
66 1
217 1
347 1
260 1
331 1
65 1
1 1
221 1
272 1
33 1
238 1
221 1
229 1
359 1
419 1
94 1
234 1
84 1
295 1
365 1
281 1
360 1
161 1
74 1
33 1
331 1
459 1
263 1
156 1
271 1
65 1
236 1
100 1
369 1
189 1
179 1
63 1
46 1
279 1
401 1
166 1
187 1
264 1
79 1
115 1
198 1
118 1
50 1
123 1
301 2
475 2
142 2
99 2
375 2
107 2
287 2
208 2
447 2
239 2
329 2
441 2
453 2
101 2
85 2
453 2
456 2
303 2
24 2
228 2
280 2
414 2
363 2
412 2
194 2
480 2
116 2
99 2
157 2
390 2
248 2
203 2
102 2
152 2
29 2
378 2
278 2
163 2
155 2
105 2
357 2
398 2
365 2
490 2
97 2
72 2
292 2
301 2
78 2
368 2
492 2
134 2
391 2
374 2
135 2
458 2
421 2
198 2
333 2
452 2
472 2
145 2
482 2
33 2
283 2
441 2
147 2
234 2
40 2
6 2
70 2
42 2
196 2
165 2
232 2
11 2
120 2
254 2
157 2
74 2
376 2
73 2
108 2
451 2
61 2
246 2
449 2
92 2
2 2
136 2
94 2
216 3
73 3
417 3
63 3
191 3
11 3
484 3
382 3
217 3
26 3
465 3
154 3
24 3
106 3
8 3
402 3
126 3
309 3
430 3
156 3
438 3
135 3
327 3
441 3
224 3
312 3
39 3
433 3
383 3
134 3
295 3
357 3
148 3
242 3
146 3
44 3
137 3
349 3
333 3
221 3
282 3
314 3
333 3
270 3
57 3
351 3
147 3
488 3
369 3
109 3
24 3
490 3
148 3
70 3
382 3
27 3
1 3
17 3
230 3
253 3
178 3
232 3
222 3
134 3
290 3
344 3
349 4
463 4
350 4
263 4
481 4
143 4
327 4
370 4
342 4
489 4
22 4
45 4
462 4
449 4
83 4
229 4
159 4
333 4
222 4
127 4
396 4
340 4
90 4
169 4
224 4
186 4
367 4
52 4
159 4
93 4
263 4
100 4
497 4
255 4
330 4
240 4
388 4
233 4
413 4
54 4
466 4
473 4
18 4
23 4
391 4
200 4
169 4
322 4
255 4
265 4
17 4
174 4
68 4
436 4
47 4
375 4
278 4
446 4
457 4
308 4
180 4
304 4
45 4
202 4
218 4
381 4
497 4
241 4
195 4
378 4
162 5
257 5
156 5
446 5
213 5
39 5
259 5
24 5
17 5
349 5
485 5
365 5
47 5
78 5
417 5
351 5
135 5
39 5
324 5
367 5
52 5
332 5
200 5
160 5
351 5
173 5
66 5
178 5
287 5
323 5
484 5
37 5
389 5
426 5
37 5
428 5
396 5
470 5
315 5
415 5
328 5
190 5
311 5
274 5
351 5
128 5
170 5
163 5
170 5
431 5
380 5
335 5
381 5
35 5
404 5
238 5
255 5
218 5
154 5
98 5
202 5
126 5
135 5
327 5
57 5
347 5
153 5
414 5
116 5
93 5
214 5
446 5
312 5
91 5
365 5
445 5
81 5
491 5
78 5
240 5
39 5
2 5
121 5
165 6
154 6
114 6
161 6
106 6
18 6
406 6
355 6
261 6
266 6
250 6
236 6
474 6
371 6
409 6
295 6
197 6
307 6
367 6
99 6
46 6
112 6
477 6
194 6
229 6
485 6
197 6
221 6
286 6
53 6
284 6
215 6
187 6
237 6
286 6
461 6
306 6
22 6
477 6
404 6
187 6
446 6
454 6
297 6
349 6
279 6
205 6
25 6
436 6
26 6
240 6
451 6
215 6
470 6
132 6
414 6
331 6
372 6
261 6
348 6
443 6
119 6
283 6
9 6
177 7
143 7
231 7
458 7
352 7
307 7
99 7
258 7
264 7
124 7
303 7
421 7
128 7
107 7
63 7
403 7
406 7
486 7
12 7
380 7
340 7
342 7
106 7
355 7
186 7
254 7
393 7
132 7
444 7
360 7
84 7
232 7
292 7
39 7
131 7
90 7
150 7
32 7
188 7
112 7
160 7
10 7
44 7
462 7
29 7
382 7
5 7
298 7
185 7
256 7
237 7
119 7
249 7
342 7
466 7
189 7
250 7
25 7
144 7
409 7
218 7
177 7
8 7
30 7
335 7
33 7
153 7
431 7
485 7
63 7
325 7
160 7
239 7
292 7
348 7
247 8
138 8
268 8
100 8
133 8
357 8
180 8
231 8
310 8
141 8
338 8
297 8
43 8
404 8
153 8
292 8
480 8
292 8
109 8
10 8
422 8
262 8
66 8
190 8
366 8
283 8
30 8
129 8
179 8
287 8
246 8
370 8
205 8
126 8
29 8
180 8
197 8
92 8
230 8
325 8
201 8
9 8
39 8
404 8
273 8
133 8
346 8
443 8
352 8
361 8
460 8
344 8
250 8
332 8
30 8
109 8
283 8
8 8
110 8
195 8
65 8
403 8
73 8
377 8
352 8
264 8
20 8
349 8
478 8
55 8
259 8
66 8
375 8
154 8
348 8
165 8
222 8
188 8
196 9
76 9
489 9
467 9
295 9
96 9
452 9
474 9
350 9
372 9
115 9
416 9
248 9
196 9
42 9
360 9
210 9
230 9
419 9
2 9
72 9
403 9
494 9
79 9
368 9
214 9
176 9
111 9
251 9
63 9
470 9
415 9
119 9
477 9
79 9
136 9
79 9
465 9
337 9
214 9
285 9
175 9
384 9
126 9
364 9
353 9
93 9
4 9
350 9
13 9
84 9
341 9
245 9
445 9
57 9
248 9
116 9
495 9
266 9
442 9
301 9
91 9
83 9
387 9
310 9
23 9
310 9
124 9
45 9
472 9
93 9
355 9
470 9
184 9
209 9
150 9
64 9
