838
654 3
103 4
126 8
290 8
803 12
552 12
186 14
334 14
355 18
423 18
515 19
451 21
16 22
131 24
49 24
936 25
117 25
121 26
514 26
345 26
32 27
339 28
115 29
323 29
190 29
837 32
204 32
891 32
330 37
765 38
178 41
665 41
856 41
510 44
244 44
129 44
97 47
918 47
800 48
830 50
635 50
931 52
405 52
290 54
98 55
323 56
664 56
745 56
119 58
941 59
956 59
127 60
202 62
31 62
422 62
3 62
30 62
74 63
567 65
984 65
11 70
853 71
676 72
822 74
100 75
55 75
54 76
772 84
562 86
80 89
505 91
159 95
809 96
699 96
735 96
76 98
1 100
232 100
873 101
538 102
897 102
659 103
258 104
386 104
478 108
70 108
507 108
914 109
858 109
647 111
835 111
11 112
204 113
219 114
144 114
759 117
645 117
830 118
549 121
524 121
766 122
605 123
818 125
270 125
878 126
605 131
575 132
103 137
342 137
466 137
860 138
58 140
197 141
415 144
944 144
194 145
345 146
189 146
911 146
467 147
469 147
941 148
340 148
173 150
619 152
102 152
108 152
495 152
649 155
999 156
456 159
242 159
551 160
379 160
848 161
735 161
408 164
97 165
840 165
134 166
163 166
481 168
292 169
304 170
269 171
215 172
158 173
594 174
459 175
341 176
696 178
803 179
201 180
58 182
752 183
725 184
747 190
336 191
304 191
704 193
105 194
446 197
199 198
187 198
997 198
729 200
32 200
558 202
150 203
636 203
874 204
159 205
346 206
440 209
764 213
526 213
211 214
344 216
335 216
301 217
127 217
268 218
455 219
681 221
613 224
494 224
956 224
682 224
490 226
749 228
307 230
351 232
357 236
690 236
31 236
71 240
136 240
648 240
419 243
353 245
216 247
643 248
567 249
47 249
551 250
838 255
241 255
648 257
2 258
319 259
739 263
538 265
550 265
395 266
671 270
323 271
146 271
344 274
282 274
366 275
424 275
550 277
85 278
651 280
688 281
621 282
853 282
872 285
234 287
716 288
304 288
108 292
12 293
926 294
977 295
436 297
1000 298
294 300
966 301
927 302
680 308
949 310
289 310
327 311
414 312
911 313
765 313
147 313
328 314
317 315
180 316
675 316
142 318
997 321
986 322
684 325
714 325
705 325
38 325
706 326
194 331
308 332
800 333
203 334
685 338
639 338
402 340
860 341
895 342
148 346
749 347
190 347
76 349
943 349
959 353
506 353
636 353
884 356
609 358
528 360
842 361
742 361
23 361
161 362
297 363
473 364
936 365
814 365
533 371
536 371
651 373
138 373
268 374
950 374
487 374
259 374
21 375
864 377
456 377
456 384
575 384
540 385
485 387
395 389
776 390
729 390
885 391
879 392
872 393
213 393
9 393
818 393
504 393
367 394
994 396
916 396
571 399
893 400
829 405
298 406
828 406
703 407
888 409
23 409
627 411
317 412
392 413
472 415
128 416
480 418
582 419
75 420
870 420
445 421
523 423
548 423
102 423
280 423
465 425
45 426
543 426
119 428
324 428
160 428
661 429
602 430
551 432
675 433
292 434
3 434
950 434
23 436
623 437
413 439
151 440
177 443
542 443
473 445
964 446
232 447
804 448
733 450
326 450
120 453
69 453
757 454
407 456
425 456
273 456
606 456
50 458
637 460
211 460
860 461
384 461
110 461
565 465
899 466
980 467
690 468
44 470
752 470
853 471
416 472
148 472
349 474
954 477
398 478
49 479
541 479
879 479
552 484
695 485
826 485
907 486
462 487
515 488
549 489
156 492
464 493
197 493
100 493
769 494
303 495
797 496
234 496
945 497
965 497
484 498
775 499
183 501
167 502
24 503
31 505
60 506
742 507
651 508
671 511
654 511
771 512
924 513
875 515
316 517
822 519
277 520
928 521
880 521
265 523
275 523
147 523
279 524
500 525
39 526
126 527
177 527
336 533
261 535
719 535
695 541
724 542
565 543
872 544
87 545
244 549
807 550
163 550
33 551
100 552
227 553
717 553
909 556
827 557
885 559
693 561
122 561
243 561
69 562
469 562
919 563
656 565
781 567
110 568
197 568
536 570
394 574
587 574
92 576
731 577
336 579
401 579
544 582
550 582
713 582
845 583
433 583
615 584
992 584
891 586
228 586
255 587
149 588
600 588
709 590
607 590
941 591
213 592
893 595
783 597
683 598
468 599
314 599
814 601
543 602
127 603
796 606
135 607
312 608
911 610
886 611
640 612
530 613
768 614
664 614
617 615
458 617
646 623
607 624
277 625
234 626
653 626
658 629
513 631
218 631
757 631
564 632
448 633
171 633
519 633
768 634
579 636
168 637
636 637
14 638
308 641
551 642
897 642
992 643
19 643
858 643
856 644
729 645
598 646
649 647
292 650
863 651
383 651
64 651
739 652
26 655
280 655
600 655
390 659
86 660
987 664
812 666
909 666
536 669
926 669
221 669
971 671
169 674
260 677
627 677
678 678
933 680
375 683
109 683
676 687
707 687
883 688
677 690
476 691
129 692
26 694
591 695
525 695
129 697
588 701
627 702
477 703
368 705
659 706
683 710
96 711
337 711
345 714
947 714
940 715
836 717
681 717
81 719
136 722
450 722
86 723
596 724
277 725
634 726
981 726
133 727
666 727
549 728
353 728
944 728
359 729
640 729
170 731
105 731
376 731
706 732
536 733
712 734
797 737
74 737
988 738
78 741
161 741
913 742
860 743
809 743
293 746
811 747
301 751
359 752
205 752
280 754
941 754
376 754
159 755
900 757
136 758
142 759
654 759
304 760
788 760
682 761
767 761
438 761
903 761
881 762
434 763
207 763
410 764
411 764
247 766
492 766
910 769
720 770
820 771
164 771
217 771
40 772
898 772
533 773
847 775
413 777
918 778
717 778
669 779
450 782
150 783
469 784
946 785
145 785
142 787
994 790
173 790
832 791
96 791
265 792
754 793
887 793
954 794
854 795
144 795
120 796
163 798
994 798
101 798
749 799
811 799
695 800
193 800
812 800
94 802
682 803
926 803
620 804
466 808
744 808
889 808
781 809
994 810
820 810
219 811
283 816
519 817
779 818
738 818
855 818
974 819
1 819
963 820
819 820
450 820
918 820
825 824
125 825
116 826
2 831
675 831
995 831
343 833
880 834
862 835
577 836
668 839
849 839
503 839
734 840
276 841
640 841
639 843
71 844
954 844
561 847
823 847
410 848
803 850
507 851
805 852
415 853
499 855
383 858
603 860
872 862
626 862
674 862
454 863
99 863
270 864
748 866
451 867
704 867
733 868
754 868
304 869
28 869
30 869
137 870
944 871
22 872
820 876
351 880
894 881
104 882
466 882
511 883
730 883
876 885
245 886
582 886
14 886
935 890
295 893
488 896
41 901
428 902
627 905
249 906
649 907
572 908
183 909
391 909
532 911
182 911
730 913
779 914
499 917
780 917
469 919
181 921
532 924
734 924
517 925
366 925
155 925
689 928
729 928
447 932
586 933
625 935
260 935
325 936
553 937
321 937
86 937
922 939
635 939
823 939
533 940
258 941
912 942
942 945
594 947
989 948
714 949
398 951
7 953
502 955
270 955
290 957
817 957
612 957
400 958
631 959
606 959
899 960
666 962
681 963
929 963
171 963
135 964
654 964
843 968
91 968
289 973
124 974
806 976
399 977
303 978
279 978
964 983
706 983
537 984
481 985
891 989
210 989
548 989
415 989
460 991
233 992
552 993
496 996
341 997
215 997
524 998
841 998
703 1000
