437
219 5
968 5
634 14
299 14
212 17
218 19
86 20
984 21
778 23
725 23
540 27
950 28
968 32
978 34
975 38
219 39
228 39
426 40
42 40
235 42
517 43
6 45
142 47
512 48
909 51
900 51
245 65
171 68
647 71
773 78
1 78
205 78
649 81
97 84
801 84
616 85
271 85
782 86
827 86
443 86
26 89
6 91
555 94
716 96
511 99
577 108
150 109
361 112
333 113
719 114
116 114
452 116
848 117
808 117
305 120
451 121
314 121
716 124
586 124
820 124
998 128
192 131
738 134
926 137
359 139
587 144
889 144
563 145
536 146
612 151
18 153
156 155
152 155
681 160
594 161
322 163
661 163
558 165
550 165
308 165
935 166
613 167
491 169
908 170
989 173
370 176
108 176
371 188
125 188
133 191
946 193
772 195
514 195
214 196
129 197
900 198
134 201
217 207
651 208
662 209
88 209
308 216
562 222
358 222
422 224
13 225
204 228
179 231
86 236
652 236
35 243
692 243
712 246
727 254
292 256
123 259
975 259
232 260
489 261
978 261
621 264
684 265
827 266
63 268
919 268
993 269
692 269
418 270
625 272
779 274
68 277
98 277
143 279
224 280
252 285
768 286
482 287
84 287
251 293
894 295
726 297
59 298
360 299
215 301
976 302
927 304
796 304
126 305
755 307
519 310
490 311
304 313
409 316
208 316
908 317
605 318
79 319
204 323
156 324
792 329
279 330
497 330
149 337
866 341
915 342
35 344
934 346
934 346
797 350
639 350
731 351
395 353
370 353
703 354
492 356
126 358
153 361
80 361
242 366
277 367
867 367
31 372
676 374
130 375
325 380
944 381
699 381
876 383
729 383
981 389
430 390
504 397
465 398
352 398
519 398
424 399
623 399
812 402
738 404
923 404
22 406
810 407
218 407
799 408
770 412
16 413
4 414
61 419
589 423
250 423
28 425
482 425
414 427
267 428
722 429
349 434
22 435
598 440
636 441
316 441
213 441
166 441
363 443
662 446
540 448
996 451
195 452
621 457
320 458
379 458
21 459
47 459
111 460
427 467
398 468
86 475
448 475
390 477
85 479
434 481
172 482
234 483
955 486
309 490
257 492
56 493
208 494
150 494
501 496
584 497
870 502
497 506
38 508
310 510
333 511
88 512
65 512
371 512
247 514
621 516
263 519
305 520
320 520
23 523
305 524
268 525
138 526
397 529
889 531
168 534
662 535
336 536
344 537
68 539
407 540
499 540
982 542
867 543
980 549
328 551
9 559
899 562
241 562
712 564
65 566
907 568
495 574
919 576
559 579
199 579
828 581
940 588
80 588
654 591
18 598
443 604
554 604
943 604
970 604
905 605
2 606
560 607
534 611
381 611
610 612
254 612
534 615
755 616
220 618
816 620
96 621
434 622
412 623
777 629
602 630
734 631
563 632
582 635
879 638
448 643
932 646
543 646
719 647
663 653
546 653
960 655
789 655
218 658
743 660
720 663
197 668
309 669
170 670
580 675
609 679
528 681
717 681
201 682
587 683
483 684
671 685
299 685
365 692
730 693
413 703
232 705
598 705
387 714
698 727
401 729
11 731
182 732
735 732
351 738
495 740
64 742
548 742
502 754
721 759
436 767
435 772
549 776
107 778
793 781
992 781
258 792
624 793
80 794
628 799
616 803
130 807
806 811
829 811
342 815
233 818
682 819
266 819
745 820
419 821
64 823
597 827
510 828
92 828
665 829
888 831
288 832
842 842
572 850
24 851
473 858
192 858
557 863
124 863
668 864
583 866
250 872
36 873
45 880
30 882
92 882
51 882
227 885
30 888
806 894
941 895
442 895
184 897
125 900
864 900
27 906
639 907
196 911
443 922
695 923
811 926
619 931
310 935
438 937
995 941
275 941
260 942
815 943
723 944
223 945
779 945
788 945
876 946
729 951
324 956
681 959
152 962
61 967
745 975
948 985
369 988
172 998
137 999
