395
264 0
50 5
249 6
159 7
724 8
537 9
827 16
585 16
40 17
817 17
206 18
848 23
20 33
386 34
510 36
262 37
464 44
943 45
166 47
282 49
385 50
944 52
184 53
485 56
764 57
279 58
857 59
753 60
60 61
926 61
615 62
876 68
145 69
313 69
753 72
923 76
255 81
997 85
463 90
646 92
121 96
963 97
509 99
437 103
317 106
247 107
605 109
933 110
677 119
964 121
936 124
861 125
236 126
714 130
67 132
703 134
862 140
506 140
640 143
758 145
322 147
962 148
105 152
661 158
740 159
328 160
216 168
362 172
479 172
654 175
835 175
825 185
521 185
865 197
236 217
40 221
347 221
659 222
259 223
414 227
687 231
494 233
669 238
661 238
451 243
248 246
260 251
169 253
825 255
108 256
975 258
730 259
758 261
745 265
632 270
524 271
628 276
630 279
160 281
554 283
558 284
968 290
702 291
682 293
584 296
331 296
331 298
447 298
9 299
576 300
87 307
9 308
386 312
338 315
931 317
68 319
193 321
699 322
525 323
23 325
287 326
60 328
677 329
626 333
38 335
403 336
535 338
51 347
184 347
60 348
479 349
850 353
435 355
481 357
215 359
562 359
428 361
29 365
486 372
286 380
698 380
369 385
686 386
281 387
268 392
293 393
215 393
236 395
11 400
588 403
987 412
591 413
546 415
961 417
403 422
755 423
867 423
400 426
476 426
223 429
151 430
489 430
790 431
927 431
412 436
721 437
391 442
165 444
309 448
641 449
455 454
263 457
754 457
585 461
507 468
480 468
851 469
401 469
779 470
313 471
725 477
34 478
979 480
703 481
93 486
339 487
281 493
225 494
512 497
636 498
323 504
559 504
554 504
412 505
565 511
945 511
826 512
927 516
760 516
452 518
649 520
220 520
242 521
333 528
394 531
61 537
502 538
602 538
487 541
757 543
122 543
119 546
616 548
819 550
312 551
435 553
640 553
92 559
637 562
930 562
825 562
625 563
89 563
6 564
939 572
446 575
957 575
286 579
48 579
890 580
6 581
721 582
453 586
371 588
587 590
792 593
147 597
932 603
947 604
163 604
958 606
610 607
861 609
576 612
212 614
532 615
570 616
159 617
914 617
970 619
548 622
225 623
208 627
447 628
453 629
35 633
556 635
995 637
69 642
766 651
453 653
738 657
31 665
597 667
865 668
738 669
967 670
977 673
728 673
127 673
326 677
518 677
455 678
982 684
372 688
560 688
552 688
961 695
762 699
175 703
746 703
249 704
495 705
959 706
368 707
123 708
662 710
638 711
715 716
831 719
274 720
259 724
731 725
64 725
951 725
587 725
179 727
454 730
890 731
302 736
637 737
406 738
326 745
719 751
126 753
985 756
21 756
724 760
561 761
560 765
923 768
546 770
447 775
581 776
75 782
331 782
306 797
945 797
955 799
506 805
435 809
500 810
339 810
686 813
239 814
29 815
147 817
947 819
365 824
812 827
327 828
732 829
454 831
381 833
166 836
995 838
560 842
205 844
711 845
959 852
568 852
662 865
437 866
231 870
665 870
664 871
779 871
604 873
597 881
451 882
916 889
738 891
323 891
358 895
648 904
53 905
30 908
24 909
94 910
652 914
902 916
874 917
708 922
200 922
816 924
500 926
885 926
471 927
238 932
993 936
242 938
545 940
306 942
389 946
309 948
172 949
433 950
213 952
734 952
900 956
805 957
848 963
762 963
247 965
588 966
831 969
58 975
672 981
18 986
314 988
38 992
729 994
323 994
201 999
187 1000
