1000
126 1
975 1
214 4
19 10
588 10
177 12
952 13
17 13
227 13
537 13
896 14
554 14
692 14
460 15
882 15
262 15
524 19
812 20
253 20
242 20
955 21
333 22
2 25
366 27
143 27
386 27
734 27
606 28
544 29
290 30
524 32
405 34
982 34
717 36
402 37
400 38
181 38
56 39
930 40
617 40
98 41
810 41
948 41
405 42
678 43
184 44
620 45
288 45
106 46
573 47
238 47
306 47
629 49
966 50
357 50
512 51
719 53
336 54
484 55
280 55
883 56
40 56
307 57
729 59
393 60
215 60
419 61
403 61
116 62
537 63
625 63
737 65
865 65
319 65
385 65
31 65
505 66
731 67
648 68
682 69
783 71
611 71
87 71
124 72
866 72
7 74
648 76
927 77
449 78
359 79
53 81
787 81
125 83
295 83
553 84
179 84
350 89
99 89
196 91
492 96
871 97
806 98
970 99
776 100
246 102
162 103
225 105
913 105
528 105
971 106
55 106
269 107
658 110
492 111
732 111
837 112
353 113
831 114
30 115
115 117
828 117
845 118
534 119
61 119
164 119
969 119
944 121
743 121
299 127
443 128
262 128
893 128
654 130
985 130
858 131
647 131
87 133
84 134
950 135
304 135
843 135
510 137
802 138
274 139
668 140
977 141
906 142
260 143
600 144
98 145
896 145
30 145
189 147
16 147
410 148
580 149
651 149
563 150
710 154
515 157
228 157
419 159
722 162
512 163
909 163
370 165
144 165
48 167
91 168
906 171
660 172
844 172
498 173
169 175
266 176
427 177
54 177
447 177
475 179
726 179
560 179
980 180
287 180
121 183
405 185
379 187
661 188
772 189
257 189
556 189
533 189
208 190
721 191
712 191
937 193
854 193
343 194
970 194
957 195
54 195
431 195
208 196
348 197
360 198
866 199
844 200
947 200
477 200
112 202
193 205
803 206
83 206
375 207
582 208
547 208
371 208
315 209
338 211
738 211
401 213
645 214
416 215
779 215
778 216
988 219
154 219
491 220
207 221
548 221
454 223
705 224
663 225
799 226
605 227
631 227
455 228
202 228
911 229
253 229
995 230
616 233
913 235
532 236
435 237
200 237
361 237
50 242
786 242
767 243
284 243
293 244
414 244
342 247
888 248
90 248
918 250
451 250
823 251
519 252
191 253
797 253
489 254
818 255
799 257
964 257
175 257
417 261
527 261
114 262
521 269
248 270
264 271
379 271
891 272
182 273
705 274
441 276
884 276
34 278
427 279
721 282
799 284
291 284
997 285
59 285
848 286
564 286
211 286
189 288
807 288
452 288
660 289
108 289
254 292
647 292
48 293
596 294
674 295
865 297
428 298
28 299
449 299
304 299
13 300
997 300
439 301
764 303
670 303
666 304
981 305
865 306
266 306
176 306
158 307
194 309
733 311
685 311
515 311
668 312
339 313
443 313
501 313
62 313
865 313
634 316
431 316
769 316
205 317
473 319
867 320
414 320
292 320
454 321
684 322
262 322
921 322
418 323
840 323
45 324
484 324
631 324
705 325
591 326
447 326
489 327
622 329
554 331
409 333
789 334
860 335
226 336
353 336
975 336
682 336
270 336
157 337
844 337
637 337
698 338
369 339
178 340
436 342
732 343
696 344
472 344
172 346
968 346
197 350
834 351
264 352
937 352
369 353
814 354
705 358
944 358
294 359
10 363
802 364
278 365
205 366
26 367
110 367
932 369
991 369
182 369
92 371
322 372
746 372
340 373
919 374
582 375
390 376
266 376
179 376
49 377
161 380
240 381
129 382
747 382
86 383
106 385
967 388
53 389
877 389
607 389
461 389
266 391
464 396
300 397
677 398
312 399
598 399
518 401
866 401
609 401
552 401
286 402
23 403
756 406
135 410
574 412
379 412
29 412
705 414
911 414
596 415
170 415
840 415
366 416
299 417
342 419
183 420
753 420
183 420
732 425
778 425
161 426
396 426
778 426
736 426
998 427
766 430
475 430
200 430
768 431
974 432
173 434
497 435
871 436
183 436
72 437
502 438
805 439
727 440
816 440
463 441
629 442
558 443
7 443
925 445
818 447
294 448
168 449
191 449
198 450
103 451
650 454
116 454
199 455
938 456
130 457
76 457
195 459
242 459
835 461
656 461
272 461
620 463
410 466
153 466
485 468
868 468
497 470
977 470
88 470
397 470
562 470
586 471
135 471
580 472
398 475
70 476
726 477
721 478
120 479
238 481
77 481
243 482
342 482
239 483
679 484
956 486
462 486
470 488
409 489
348 494
113 494
733 499
519 500
259 501
932 501
43 502
589 503
832 504
13 505
548 505
128 506
310 507
521 508
646 510
384 510
813 515
892 516
691 520
511 521
401 525
137 526
167 526
140 527
547 527
489 527
247 531
485 531
772 533
401 534
758 535
405 537
352 538
774 540
751 541
173 541
62 544
771 545
648 547
403 547
263 548
991 548
286 551
41 553
912 553
887 553
205 556
868 556
263 561
243 562
631 562
808 564
898 565
274 565
960 568
179 568
458 569
436 570
945 570
232 572
99 572
840 572
728 574
234 574
752 575
719 576
68 577
998 577
972 578
232 580
486 580
282 581
313 582
719 582
333 583
91 584
80 585
579 585
981 585
785 586
946 586
536 586
701 587
814 588
400 589
521 589
160 589
954 590
294 591
234 592
530 594
181 595
181 596
651 596
947 596
648 598
232 601
773 601
901 602
574 603
960 603
709 604
830 605
112 605
866 606
702 609
435 609
921 610
316 610
888 610
883 610
493 611
323 613
516 615
421 616
739 617
116 619
646 619
559 620
246 620
535 621
989 623
423 624
545 625
698 625
861 625
879 625
687 626
756 627
69 630
630 630
810 632
682 633
467 633
55 635
741 635
945 637
961 637
249 637
698 637
239 637
648 638
236 639
127 640
197 640
791 641
821 643
966 645
552 645
219 645
475 646
1 646
654 647
12 649
623 651
491 651
794 651
917 652
295 652
276 652
29 656
503 656
995 657
342 657
622 657
946 660
454 660
484 661
503 662
563 663
445 663
83 665
120 666
291 666
60 667
536 669
962 669
41 669
847 670
976 670
979 671
304 673
785 674
988 674
566 674
98 675
856 675
592 676
222 677
393 678
240 678
180 680
20 681
51 683
739 685
149 686
902 689
831 691
669 692
121 696
166 696
352 697
500 697
393 698
144 698
230 699
834 701
399 703
40 704
706 705
303 705
706 705
822 707
803 708
59 709
131 710
719 710
422 712
576 717
655 718
884 718
789 721
537 722
787 723
727 726
422 727
876 727
27 727
924 728
792 729
240 731
539 732
850 733
590 736
53 737
185 737
389 738
480 738
332 739
445 740
243 740
46 741
340 742
151 742
769 742
802 743
121 744
769 746
300 747
142 747
585 748
455 748
958 749
378 749
727 751
165 752
374 754
681 756
983 756
887 756
661 757
659 757
455 757
532 758
422 758
305 759
615 763
703 764
938 765
112 766
392 767
421 768
321 770
421 771
606 772
632 773
290 773
929 775
907 776
725 777
459 777
769 779
763 780
328 780
670 781
148 782
364 782
113 785
256 785
863 785
404 786
225 788
479 788
267 790
823 791
508 791
419 791
566 792
163 793
673 793
475 800
653 800
517 800
551 802
240 804
191 804
119 804
484 805
584 806
969 806
174 807
389 809
662 810
472 810
403 811
152 811
357 811
992 813
803 818
727 820
605 821
39 821
500 822
839 823
676 824
579 824
309 825
787 827
293 828
572 830
325 830
778 831
711 831
605 831
783 832
233 832
704 834
863 834
13 837
837 838
403 838
1 840
235 841
924 843
975 843
897 843
439 843
894 843
626 844
351 844
145 844
734 844
309 845
192 845
707 846
630 848
963 848
302 849
230 850
202 851
438 851
787 851
719 853
81 853
171 855
451 855
335 858
613 860
627 863
5 864
59 865
97 867
139 868
11 869
820 869
107 871
196 872
729 876
402 877
487 878
830 880
44 880
29 880
991 881
966 881
600 882
770 883
406 883
55 884
672 884
413 887
46 888
766 889
298 890
983 890
404 892
800 893
767 894
912 896
829 896
654 898
774 899
13 899
122 900
420 900
139 901
303 902
211 902
276 902
443 902
907 903
165 904
207 906
484 906
410 908
278 908
96 910
618 912
719 912
278 913
994 914
582 914
309 918
946 918
281 919
591 921
868 921
831 922
571 923
366 923
690 931
367 932
435 933
102 934
763 934
556 935
596 936
51 938
61 940
973 940
832 940
963 942
228 943
592 944
768 945
835 946
998 949
141 950
275 951
693 951
151 951
227 952
163 954
197 955
968 955
275 957
784 958
854 959
895 959
478 960
680 962
42 963
744 965
650 966
895 968
70 968
238 969
613 970
568 973
592 975
660 977
645 978
199 978
440 978
258 978
410 979
618 980
735 980
323 980
520 981
101 981
858 981
455 982
254 982
323 983
425 983
760 984
859 985
310 986
128 989
117 990
127 994
766 994
281 994
539 996
