331
61 7
310 8
254 9
576 12
319 20
143 22
893 23
513 25
449 26
210 29
703 36
51 39
997 39
466 46
416 49
290 54
150 55
392 55
743 58
203 58
274 58
440 63
644 64
592 72
79 78
253 80
53 86
380 86
954 91
255 94
386 97
954 98
505 103
291 107
661 111
920 120
154 123
456 128
941 137
221 137
119 140
624 141
713 142
428 148
650 151
290 151
537 160
964 162
81 163
643 165
307 166
388 170
948 171
537 172
463 173
143 174
427 174
861 174
791 177
276 178
124 179
435 180
277 185
736 187
921 191
379 199
607 204
956 213
909 215
200 220
378 221
816 221
804 227
153 229
1 241
758 246
714 248
293 249
311 251
510 260
700 261
827 261
760 262
562 263
850 266
551 276
294 281
921 281
100 285
47 293
936 296
458 299
839 299
290 300
15 301
520 316
974 318
15 319
812 319
241 319
821 320
84 322
96 328
239 328
140 329
815 334
642 337
556 340
852 341
969 342
336 342
757 353
14 354
400 356
148 356
848 361
918 362
748 372
226 372
442 372
467 372
19 378
539 380
557 382
412 383
623 384
641 384
685 389
705 392
695 393
352 395
313 396
180 401
238 402
391 404
120 407
139 407
925 409
996 418
581 423
943 423
940 427
488 428
994 432
126 433
575 435
947 437
711 442
463 443
114 454
964 455
261 460
426 470
142 472
14 474
426 475
984 478
622 479
489 479
304 483
674 484
861 486
322 486
676 488
107 493
881 496
246 499
38 499
935 502
155 504
234 504
332 505
771 508
235 509
624 513
750 514
861 518
34 518
35 521
691 522
610 523
306 529
57 539
407 541
394 543
986 548
677 555
265 558
735 559
585 562
55 565
302 572
758 573
451 575
764 575
263 575
366 577
316 579
4 581
366 582
71 586
356 587
592 588
921 592
619 592
743 593
828 596
778 599
718 599
799 604
353 609
365 612
393 613
62 616
241 621
941 624
594 626
320 630
769 632
988 635
809 641
742 642
165 642
581 646
73 648
673 653
77 655
332 657
474 664
718 669
983 672
359 672
859 674
424 691
282 697
350 697
49 698
743 698
999 699
333 702
305 715
204 716
253 718
339 721
31 722
739 726
549 728
922 729
327 729
82 734
551 736
59 740
854 741
177 743
586 744
555 745
577 745
407 747
398 749
704 749
995 751
370 754
532 755
205 757
932 760
173 773
449 774
354 778
470 783
521 792
47 794
515 803
510 807
707 813
605 813
105 816
534 816
758 820
783 822
195 823
824 834
463 840
285 841
395 854
546 856
440 857
293 858
841 863
28 864
601 868
148 876
884 878
481 879
267 882
740 887
938 889
386 893
214 898
851 898
855 898
103 900
894 902
520 906
168 909
891 916
8 922
38 924
505 926
433 934
425 935
2 937
378 941
727 943
401 946
937 953
787 957
116 960
521 963
892 964
731 964
708 967
871 968
342 971
879 981
937 982
147 987
88 989
333 991
745 991
198 996
605 999
