615
125 1
52 2
625 3
879 6
640 6
53 8
216 10
698 11
947 12
271 12
401 15
389 16
494 21
62 22
14 25
612 27
182 29
592 29
160 30
923 30
23 31
814 31
275 34
230 35
581 35
72 36
193 38
670 38
208 39
979 40
883 46
431 48
789 49
979 49
717 53
624 54
411 54
559 55
806 56
175 56
268 56
485 63
677 63
806 66
183 70
132 71
491 72
500 74
887 75
402 75
391 76
555 77
38 81
128 82
843 82
511 82
547 87
205 92
13 93
621 95
94 96
366 97
529 101
617 102
623 102
276 105
962 107
670 110
765 112
720 113
234 114
431 116
587 116
974 117
968 119
562 122
231 123
222 124
875 126
378 126
362 130
187 132
343 133
436 134
220 135
950 135
941 136
443 136
61 137
631 137
483 138
255 139
296 139
143 140
179 141
533 141
341 141
233 145
2 146
874 148
401 152
47 155
144 156
556 157
936 157
689 159
414 161
135 162
998 163
866 164
367 165
404 166
328 166
389 167
690 173
333 176
315 178
356 182
342 183
486 183
769 184
794 186
193 192
404 199
859 200
541 207
965 208
920 216
733 222
309 222
350 222
222 222
173 223
601 224
448 225
652 225
972 225
997 226
999 227
940 228
775 228
48 229
390 232
197 232
311 233
361 242
892 245
502 246
578 247
400 248
231 248
411 248
847 250
680 251
836 252
754 252
782 254
986 256
948 257
25 263
214 265
118 266
592 268
267 268
678 269
873 270
637 271
261 271
781 273
398 275
433 275
299 276
409 278
184 278
220 282
215 284
171 286
152 287
615 287
254 288
343 290
425 292
67 295
700 295
954 296
300 296
874 297
322 298
826 300
863 302
201 303
270 303
382 303
594 304
682 305
449 308
904 309
905 309
153 310
818 312
763 313
586 316
949 319
672 325
642 327
546 331
485 331
676 332
41 334
289 338
719 339
533 343
775 345
214 347
117 348
501 348
595 356
425 358
183 360
178 362
710 362
371 364
23 365
455 366
136 368
243 369
957 369
214 373
955 373
161 376
675 377
969 377
147 379
213 382
370 383
759 388
956 392
858 392
519 393
514 394
3 394
503 397
493 399
651 400
210 400
152 402
875 404
573 406
182 409
867 411
777 414
728 415
886 416
813 421
712 422
692 423
14 428
960 431
689 431
31 434
258 434
969 436
73 436
492 439
90 440
821 442
380 442
101 443
695 444
515 447
13 448
364 452
101 452
278 452
782 454
629 458
525 460
537 463
758 463
418 468
259 470
999 471
867 471
291 474
495 475
331 479
877 480
180 481
822 482
299 486
30 487
546 488
947 494
657 496
267 496
781 500
385 501
106 502
625 504
398 508
96 511
758 511
408 512
612 512
830 513
132 513
846 514
423 518
438 520
691 521
248 523
3 524
8 525
333 526
33 527
463 528
911 529
921 530
693 530
24 532
388 532
556 535
772 535
970 539
164 540
240 540
252 541
531 541
891 542
132 545
193 545
457 546
323 547
736 549
151 549
850 553
653 555
453 560
426 561
431 561
90 563
647 563
190 564
504 566
95 567
863 569
684 570
660 571
374 575
164 575
257 576
719 576
161 578
704 579
272 582
280 586
909 592
941 592
363 594
700 596
283 597
555 600
927 601
179 604
49 605
88 608
255 609
267 610
932 612
886 613
185 613
109 617
510 618
943 620
323 621
972 623
550 623
579 624
612 625
931 629
78 630
176 631
754 632
580 632
988 636
668 636
952 638
554 639
403 642
481 642
938 645
97 645
713 648
383 648
430 649
258 652
829 652
569 653
712 654
865 654
545 657
762 658
336 661
79 667
539 668
305 669
483 677
316 677
562 678
659 679
837 684
666 684
330 686
63 686
209 687
688 687
318 688
90 689
668 690
588 690
290 690
919 691
216 693
34 695
738 698
213 698
517 700
498 701
87 704
219 709
961 710
64 713
814 713
527 713
466 715
491 719
324 720
759 721
29 724
382 728
650 728
37 730
802 731
944 733
129 734
729 735
502 735
55 736
207 739
806 743
892 746
986 747
545 748
203 751
189 751
770 752
75 753
825 753
297 753
432 753
313 755
664 759
60 760
273 760
388 762
265 763
320 766
585 768
993 770
500 770
461 773
589 773
397 775
277 777
363 777
854 777
738 778
215 778
899 779
96 788
533 790
626 794
20 794
302 802
905 805
967 807
218 808
860 809
208 811
930 813
914 815
582 816
707 818
715 818
96 818
253 821
812 821
885 821
97 821
269 822
740 824
946 826
528 829
60 831
691 833
913 833
111 833
881 836
862 837
788 839
335 840
585 840
390 840
622 843
775 844
173 845
742 848
143 848
985 848
553 850
557 851
863 852
799 852
184 854
862 854
488 855
915 856
226 857
466 858
274 858
443 860
780 862
786 864
655 865
127 867
95 869
721 870
363 871
684 871
644 871
821 872
437 873
959 874
514 876
721 876
613 892
246 893
392 893
765 894
968 894
186 894
985 897
884 898
777 899
570 899
777 900
268 903
597 906
183 907
789 917
838 919
176 920
874 921
924 922
662 924
745 928
898 928
510 928
717 929
323 929
930 930
707 930
216 931
702 932
996 932
965 936
239 936
582 943
522 943
319 945
638 948
654 948
796 950
92 951
257 952
326 956
588 957
416 958
15 960
701 962
139 964
771 966
18 970
274 971
245 974
512 975
919 977
128 979
437 980
555 980
486 982
178 985
506 985
588 985
422 986
287 986
549 986
582 987
134 988
7 993
728 994
864 995
289 995
58 996
805 998
