748
105 0
809 1
498 2
661 2
276 3
590 4
345 5
52 7
859 9
496 12
197 12
480 12
458 13
214 14
43 15
724 15
459 16
191 18
999 18
635 19
455 20
866 25
580 25
572 25
772 26
832 27
872 27
18 28
654 28
882 29
61 33
417 33
82 34
570 34
662 36
202 37
642 44
887 50
752 50
386 51
704 52
602 54
9 54
697 55
382 56
416 56
277 56
551 57
372 59
126 59
960 60
381 61
80 64
625 67
355 68
8 68
576 70
41 71
89 72
143 74
733 77
470 78
728 78
962 79
739 81
380 82
529 84
80 85
521 85
502 87
789 90
551 91
752 93
213 94
294 94
495 96
320 97
988 97
744 99
619 99
939 100
136 100
896 100
108 100
509 101
259 104
271 105
12 106
92 106
324 111
574 111
762 111
161 113
244 120
382 122
553 126
731 126
128 128
311 129
174 130
269 131
374 133
695 133
340 134
489 136
740 138
66 142
451 142
518 147
418 148
141 149
433 152
365 157
650 158
199 158
487 159
834 159
37 160
689 161
689 163
118 165
972 166
600 167
221 169
478 170
411 170
477 172
865 175
895 175
346 176
933 178
152 179
261 180
723 183
12 186
489 187
347 187
425 190
88 191
222 195
290 197
685 198
49 199
96 199
792 199
462 200
657 202
707 203
508 206
822 207
443 209
472 210
793 211
234 212
954 214
403 216
271 217
780 217
662 220
390 223
958 223
565 224
781 225
71 226
289 226
599 227
635 229
138 230
501 230
635 233
233 233
267 234
193 235
712 236
70 237
52 240
610 240
505 242
4 242
595 243
766 243
532 245
742 246
374 247
828 248
951 248
520 249
185 249
164 252
290 253
837 256
629 257
332 259
754 259
329 261
662 263
308 264
80 265
213 265
929 265
360 267
857 267
736 269
399 270
614 270
627 270
473 275
425 276
263 280
767 281
34 282
992 286
863 287
501 290
314 290
644 291
190 293
151 294
403 296
786 296
224 299
828 299
563 303
130 304
884 304
191 307
334 307
89 308
253 308
812 309
999 316
565 317
931 317
583 317
175 318
293 318
873 319
224 320
627 322
478 324
448 325
172 326
317 327
264 327
133 328
377 330
715 332
862 333
903 333
528 334
992 338
693 338
304 338
212 338
54 340
421 341
763 341
34 345
357 346
96 347
361 347
733 347
104 348
126 349
58 349
683 351
405 352
80 353
504 357
796 359
736 360
666 361
815 362
910 363
796 366
593 369
489 370
279 370
143 372
766 373
431 374
916 376
760 378
303 380
563 380
948 380
422 381
89 382
592 383
626 384
958 385
270 386
690 387
617 389
207 389
269 393
874 393
168 395
268 395
870 396
298 396
312 398
891 399
505 399
817 399
422 400
651 401
793 404
833 404
637 405
590 406
739 407
474 410
432 410
683 410
326 411
630 412
684 413
686 416
938 417
547 424
506 425
248 427
999 429
304 431
870 433
163 433
200 434
48 434
517 434
886 438
121 440
617 440
289 442
840 444
199 444
68 449
750 451
674 453
778 456
744 457
229 457
257 458
701 461
379 465
216 467
649 469
18 470
803 470
856 471
882 472
840 474
280 476
544 477
976 479
17 479
285 479
860 479
592 482
767 484
92 484
653 487
58 488
740 488
854 489
783 491
824 492
428 493
848 494
624 496
879 499
119 500
891 500
388 500
968 502
777 502
74 505
599 505
284 507
467 508
644 508
832 508
468 509
261 509
60 516
526 518
932 518
915 521
419 522
72 525
614 525
4 526
344 530
568 530
928 533
693 536
837 538
437 538
168 542
355 544
916 545
383 545
611 546
65 551
585 553
380 554
948 555
842 561
447 561
812 562
482 564
856 566
378 568
976 568
814 569
818 569
620 569
306 570
704 571
584 573
31 573
631 575
351 575
224 577
739 580
571 582
841 582
966 583
941 584
745 584
810 585
170 585
194 586
762 586
856 587
917 588
902 589
668 592
465 592
142 594
721 596
85 597
199 600
158 600
761 601
304 602
815 607
974 607
239 607
403 610
9 612
165 614
548 616
420 617
880 618
846 618
248 619
856 620
726 621
183 623
780 623
409 624
831 624
527 627
592 629
64 630
248 630
921 632
613 636
215 636
653 636
71 637
539 639
994 640
867 641
660 643
302 644
967 645
977 651
225 652
451 655
824 656
791 660
956 660
547 661
404 661
371 663
34 666
430 668
355 668
673 669
788 672
751 674
506 674
581 676
224 677
832 678
118 679
42 681
284 682
152 684
745 684
31 687
94 687
931 687
426 690
843 694
836 695
76 697
195 698
632 700
867 700
92 700
921 700
842 701
441 701
510 702
237 703
297 705
398 708
979 708
605 709
211 711
475 712
602 712
433 712
39 713
699 714
587 714
54 714
930 718
274 719
336 721
148 723
266 725
670 727
762 728
793 729
119 730
411 730
941 731
990 732
168 734
536 734
774 735
402 737
12 738
582 739
226 739
927 739
572 740
718 740
423 741
934 743
355 744
867 745
873 747
84 748
592 750
742 750
191 751
314 753
917 753
897 755
660 755
566 757
617 759
715 761
96 761
756 764
837 764
318 765
558 769
491 770
73 771
512 772
530 775
306 775
637 778
364 779
366 780
250 781
62 783
503 783
249 786
250 786
714 787
687 787
977 787
232 790
681 795
256 796
153 797
616 797
473 798
422 799
29 805
142 806
696 808
153 811
35 811
579 812
792 814
869 815
670 816
502 816
46 816
623 819
807 819
423 820
664 820
517 821
319 822
485 823
68 824
202 825
784 827
693 827
326 828
467 828
97 829
920 829
136 830
717 831
633 833
278 833
575 836
549 838
625 840
30 844
864 847
569 850
96 852
501 852
37 854
281 855
412 857
817 859
907 859
154 860
22 862
924 864
856 865
457 868
515 873
660 873
309 874
817 876
766 878
140 879
899 880
800 880
868 880
290 881
595 882
68 883
178 885
274 885
539 888
801 889
361 890
744 891
999 891
846 894
604 894
568 896
655 896
135 896
649 897
227 898
526 900
557 900
608 901
156 902
239 907
687 907
650 907
730 908
998 910
847 911
317 911
519 911
950 914
255 914
843 915
317 916
497 917
365 917
555 918
930 920
768 920
92 922
719 922
144 923
443 925
887 926
742 927
384 927
981 928
591 930
299 931
629 932
205 934
26 935
296 939
740 940
642 940
62 941
530 941
891 942
771 942
489 942
145 943
906 943
466 944
270 945
874 946
37 947
882 948
739 948
461 949
895 949
769 951
715 952
41 953
812 962
382 963
237 965
71 965
127 968
499 968
777 969
852 971
307 974
710 978
406 981
266 981
75 983
80 983
912 988
177 988
323 991
68 992
170 994
251 996
631 997
408 1000
404 1000
