361
173 0
488 0
860 1
398 5
89 7
673 7
549 14
710 19
940 20
59 21
915 22
572 23
459 24
908 26
811 28
216 29
503 31
725 37
77 49
88 49
21 55
799 60
360 60
258 62
985 69
550 69
23 73
469 77
182 78
375 81
124 81
891 82
382 85
265 89
343 89
865 93
666 96
949 97
526 100
577 101
275 107
709 116
250 116
532 117
237 120
979 125
616 129
796 129
928 137
672 137
134 142
533 144
136 152
821 153
45 155
28 156
706 166
536 166
538 167
190 168
456 170
680 171
300 179
747 181
835 190
821 190
759 190
499 192
747 192
462 192
5 194
827 197
124 198
111 202
138 207
407 208
177 209
612 209
959 212
898 215
452 219
679 220
26 221
865 221
404 222
628 224
279 227
744 228
521 229
749 231
778 238
311 240
803 244
827 244
376 245
117 245
985 248
528 250
799 254
163 254
886 254
840 256
455 257
186 258
947 261
427 269
75 273
885 274
279 277
346 277
670 278
37 280
190 284
855 285
756 285
949 289
588 291
358 300
14 303
273 305
902 306
588 306
874 312
44 314
449 320
696 322
866 322
968 322
540 323
152 327
611 333
683 334
425 334
752 338
794 338
2 347
516 348
414 348
791 356
826 364
705 368
869 371
738 375
597 384
434 389
115 394
773 398
946 402
329 406
754 407
916 414
804 418
171 421
187 421
929 422
101 429
888 430
328 433
356 434
914 434
901 437
354 437
897 437
136 443
465 443
554 443
579 449
928 452
221 454
485 454
374 457
231 459
968 460
303 461
168 463
550 464
807 466
677 467
253 469
932 471
95 472
404 476
978 477
328 477
300 482
661 483
321 486
221 487
455 490
828 495
744 499
20 501
553 507
916 509
99 509
485 512
938 514
126 515
919 518
785 524
175 528
921 534
218 535
554 537
585 540
317 541
437 542
830 543
181 545
292 546
794 547
544 548
50 554
737 557
612 560
143 566
970 573
461 575
724 591
617 595
816 600
957 600
407 601
855 602
782 607
947 609
894 609
264 610
893 612
967 612
575 625
281 625
897 628
787 637
845 641
663 643
575 645
121 646
681 648
725 648
739 649
11 664
486 668
851 669
583 675
694 679
636 679
182 682
853 684
12 685
483 686
767 689
844 692
136 692
126 697
384 701
163 710
60 712
105 714
665 716
5 716
76 718
355 718
321 722
96 724
482 724
314 726
967 732
141 734
127 736
104 739
315 741
691 742
658 749
952 752
196 753
473 756
650 757
398 765
930 765
871 766
700 770
246 777
369 780
23 782
713 788
312 788
231 789
191 790
162 791
563 791
55 798
752 800
699 800
163 800
310 813
219 818
902 819
755 819
593 822
650 823
467 823
269 825
528 827
685 831
904 831
553 831
498 848
30 848
63 849
410 856
739 856
974 856
102 857
942 857
993 862
207 868
159 872
442 873
909 875
17 876
937 882
452 882
888 882
208 883
164 889
749 890
746 897
401 902
630 908
449 910
734 910
505 917
452 919
517 919
333 921
371 921
579 922
843 929
136 935
599 935
853 936
32 936
661 938
450 939
325 948
422 952
110 953
281 956
6 960
501 962
34 963
370 974
376 974
880 978
381 984
2 985
883 987
562 990
162 992
679 998
