699
608 0
371 0
125 0
749 0
604 0
415 0
683 0
690 0
196 0
594 0
237 0
528 0
149 1
328 1
517 1
383 1
76 1
349 1
521 1
588 1
746 1
639 1
329 1
352 1
253 1
631 1
620 2
389 2
40 2
175 2
217 2
77 2
20 2
623 2
194 3
756 3
573 3
540 3
395 3
373 3
662 3
39 3
420 3
94 3
566 3
294 3
346 3
264 3
140 4
408 4
259 4
269 4
687 4
580 4
389 4
668 4
241 5
257 5
239 5
455 5
131 5
482 5
314 5
330 5
200 5
506 5
350 6
119 6
753 6
451 6
76 6
601 6
618 6
142 6
137 6
148 6
174 7
340 7
657 7
103 7
44 7
355 7
458 8
152 8
314 8
363 8
172 8
517 8
281 8
86 8
404 8
539 9
82 9
233 9
743 9
294 9
112 9
354 9
38 9
135 9
430 10
119 10
344 10
274 10
336 10
264 10
388 10
502 10
497 10
466 10
725 10
545 10
569 10
35 10
648 10
439 10
712 10
400 11
655 11
228 11
110 11
379 11
380 11
185 11
414 11
489 11
653 11
688 11
571 11
55 11
83 11
258 11
407 12
464 12
183 12
705 12
148 12
124 12
45 12
693 12
618 13
396 13
240 13
291 13
559 13
164 13
489 13
286 13
189 13
756 13
644 13
244 13
664 13
96 13
322 14
631 14
181 14
632 14
31 14
576 14
421 15
1 15
176 15
611 15
143 15
557 15
429 15
48 15
41 16
11 16
553 16
114 16
479 16
285 16
101 16
635 16
639 17
685 17
402 17
704 17
342 17
665 17
143 17
502 17
673 17
170 17
81 17
274 17
240 17
460 17
266 18
687 18
730 18
243 18
139 18
574 18
366 18
742 18
643 18
34 18
401 18
424 19
21 19
703 19
508 19
467 19
387 19
417 19
54 19
210 19
258 19
213 19
31 19
51 20
45 20
285 20
681 20
711 21
304 21
61 21
577 21
467 22
480 22
670 22
399 22
95 22
719 22
369 22
17 22
427 22
56 23
475 23
347 23
413 23
677 23
507 23
314 23
629 23
616 23
70 24
659 24
240 24
559 24
539 24
154 24
549 24
743 24
470 24
484 24
416 24
187 25
186 25
16 25
17 25
396 25
689 25
400 25
463 25
755 25
34 26
17 26
325 26
32 26
180 26
499 26
258 26
756 26
143 26
553 26
478 26
135 26
565 27
139 27
345 27
134 27
749 27
175 27
451 27
90 27
432 27
601 27
464 27
79 27
16 27
675 27
613 28
103 28
113 28
510 28
379 28
533 28
334 28
535 28
654 28
19 28
573 28
655 29
498 29
483 29
507 29
402 29
113 29
48 29
319 30
190 30
475 30
557 30
191 30
289 30
132 31
128 31
589 31
193 31
59 31
67 31
620 31
315 31
81 31
130 32
173 32
302 32
300 32
680 32
462 32
277 32
82 32
759 32
478 32
343 33
535 33
624 33
283 33
81 33
236 33
381 33
220 33
299 33
170 33
270 33
450 33
319 34
593 34
627 34
639 34
278 34
262 34
82 34
128 34
269 34
617 35
419 35
275 35
122 35
110 35
601 35
224 35
101 35
467 35
646 35
605 35
487 35
154 35
536 36
318 36
183 36
562 36
307 36
408 36
519 36
383 36
26 36
52 36
577 36
217 37
197 37
20 37
246 37
510 37
196 38
301 38
734 38
153 38
135 38
402 38
85 38
289 38
165 38
335 39
741 39
758 39
607 39
12 39
687 39
249 39
155 39
728 39
69 39
346 40
584 40
196 40
386 40
676 40
291 40
318 40
500 40
420 41
212 41
659 41
225 41
288 41
548 41
405 41
15 42
246 42
698 42
44 42
475 42
68 42
393 42
95 42
457 42
462 43
230 43
376 43
164 43
400 43
317 43
542 43
229 43
569 43
717 43
424 43
369 43
672 43
663 43
66 44
681 44
696 44
728 44
298 44
8 44
44 45
675 45
661 45
476 45
306 45
348 45
727 45
127 45
460 45
659 45
64 45
689 45
152 45
41 45
673 45
758 45
56 45
248 46
73 46
608 46
702 46
356 46
224 46
572 46
717 46
325 46
512 47
341 47
537 47
228 47
414 47
125 47
151 47
299 47
145 47
673 47
136 47
455 47
620 47
192 47
218 47
516 48
642 48
756 48
514 48
395 48
457 48
266 48
201 49
264 49
46 49
206 49
445 49
579 49
477 50
108 50
198 50
497 50
759 50
441 50
559 50
418 51
236 51
240 51
733 51
631 51
592 51
688 51
70 51
365 51
300 52
638 52
742 52
237 52
756 52
179 52
546 53
509 53
320 53
707 53
275 53
127 53
482 53
333 53
416 53
200 53
382 54
419 54
217 54
505 54
64 54
614 54
443 54
105 54
192 55
720 55
58 55
16 55
393 55
223 55
199 56
709 56
126 56
655 56
51 56
565 56
584 56
604 56
723 56
272 56
243 57
586 57
119 57
21 57
292 57
544 57
11 57
391 58
184 58
739 58
468 58
591 58
73 58
531 58
420 59
300 59
229 59
289 59
580 59
482 60
730 60
598 60
361 60
660 60
571 60
559 60
317 60
223 60
608 61
401 61
560 61
313 61
362 61
204 61
82 61
523 62
193 62
600 62
674 62
219 62
70 62
89 62
391 63
579 63
383 63
358 63
276 63
377 63
476 63
95 63
285 63
91 63
327 63
481 63
203 63
277 64
22 64
299 64
570 64
5 64
88 64
694 64
158 64
417 64
327 64
592 64
369 64
338 64
637 65
489 65
629 65
120 65
572 65
642 65
173 65
427 65
22 65
542 65
434 65
736 65
343 65
29 65
648 66
155 66
574 66
507 66
14 66
358 66
199 66
272 66
713 66
250 66
656 66
185 66
229 67
305 67
118 67
215 67
474 67
189 67
183 67
65 68
313 68
417 68
235 68
106 68
348 69
322 69
413 69
261 69
579 69
102 69
397 69
617 69
11 69
185 70
528 70
117 70
180 70
158 70
742 70
299 70
747 71
214 71
475 71
656 71
650 71
570 71
229 71
419 71
143 71
281 71
84 71
220 71
181 71
228 71
225 71
145 71
321 71
711 72
229 72
100 72
387 72
751 72
683 72
119 72
395 72
197 72
