860
637 0
183 2
347 3
768 5
525 6
356 9
997 10
392 10
559 10
703 11
131 14
935 14
292 14
145 15
247 15
245 16
276 17
150 18
311 19
769 20
583 22
882 23
534 23
907 25
54 26
933 32
21 32
90 33
317 33
576 33
260 34
519 34
843 36
10 36
375 37
417 37
134 39
824 40
989 40
350 41
162 42
524 42
277 44
535 45
764 46
426 47
446 48
835 50
855 53
820 54
645 55
865 59
881 59
165 60
206 62
899 62
201 63
336 63
946 63
379 64
243 65
30 67
528 71
578 71
975 76
13 77
520 78
66 79
278 79
549 81
571 82
949 83
318 85
750 85
15 86
851 87
743 87
801 89
25 89
985 94
884 95
152 96
663 97
4 98
905 99
312 100
921 100
987 103
712 103
752 103
933 104
855 104
414 105
90 106
443 106
78 107
527 108
397 108
704 111
366 111
394 111
467 112
813 112
264 112
816 114
828 116
572 116
897 118
592 119
587 121
168 122
586 125
342 125
571 127
944 128
20 130
918 131
60 132
828 133
381 136
740 136
290 137
505 138
873 139
343 141
183 141
382 145
641 146
955 147
875 147
35 150
912 150
563 151
882 151
394 152
143 152
519 154
589 155
418 155
283 157
481 157
162 157
854 161
381 162
858 166
474 166
310 167
680 167
733 172
397 174
104 174
689 175
742 177
51 177
156 178
893 179
679 180
696 180
14 182
970 182
925 189
747 190
865 190
106 190
5 191
776 194
609 196
907 198
262 199
187 199
952 200
810 201
926 202
983 204
328 204
483 205
25 206
632 207
563 208
954 209
215 211
179 213
502 213
99 217
928 217
884 217
582 218
73 218
908 219
730 220
175 220
529 221
86 223
406 225
871 225
861 227
508 227
193 228
334 230
795 231
910 233
18 233
743 234
665 234
165 237
273 237
977 239
692 240
978 240
277 241
791 242
461 242
996 243
873 247
911 250
60 251
842 252
597 253
751 253
481 254
519 256
844 257
347 257
462 258
928 260
700 260
365 260
354 261
119 261
682 262
747 262
229 262
198 263
141 264
455 265
673 270
430 270
745 271
331 274
838 276
27 278
31 282
880 282
718 284
22 284
56 284
649 286
457 288
205 289
72 290
390 293
909 293
643 293
215 296
710 296
7 296
233 297
114 300
751 300
943 301
562 302
114 302
656 302
450 303
33 303
414 305
861 305
260 306
927 306
448 308
210 309
358 309
604 310
372 311
591 312
868 313
865 313
789 313
479 314
304 316
946 317
727 317
829 318
212 318
764 319
216 320
637 321
705 324
956 324
759 324
975 327
806 328
486 329
158 331
993 332
660 333
915 333
367 333
271 333
893 334
686 335
418 335
367 338
878 338
334 342
691 343
343 343
730 344
663 344
72 344
931 346
853 346
558 350
961 352
431 352
674 354
32 354
282 359
770 361
311 362
788 363
826 365
409 365
371 365
594 367
332 367
124 369
75 370
571 371
517 371
847 373
936 374
995 375
826 376
495 376
583 377
490 377
23 378
92 380
989 380
65 381
324 382
545 382
140 383
592 385
258 386
636 387
199 387
362 391
480 391
345 391
32 393
773 394
108 402
90 403
380 403
15 404
455 404
10 404
187 405
693 405
28 405
9 407
443 409
917 410
884 411
12 411
884 412
144 413
567 413
103 413
810 414
823 416
233 416
854 418
127 419
339 419
839 420
440 420
814 421
949 422
442 423
753 423
795 424
198 424
537 424
994 425
132 425
692 425
182 426
650 427
890 428
360 430
582 431
735 431
655 431
437 431
730 433
282 435
435 435
996 436
38 436
941 438
26 439
397 439
731 440
336 440
856 441
545 442
93 442
652 445
489 446
722 446
414 447
203 448
72 451
126 451
521 452
1 454
737 454
885 455
15 458
670 459
186 459
306 459
401 461
558 461
387 461
747 462
371 463
626 463
552 465
91 465
411 466
588 468
980 469
591 469
680 470
883 470
836 470
148 472
990 474
266 474
455 475
622 475
904 476
694 476
844 477
499 478
578 479
204 483
314 483
909 487
852 488
515 489
526 489
279 494
883 498
223 498
209 498
339 498
112 499
306 500
745 500
165 503
221 504
961 504
817 508
116 511
166 511
706 512
433 513
238 513
669 515
195 517
437 517
693 517
918 519
420 519
429 519
719 519
866 519
171 522
774 523
206 526
810 531
169 532
586 532
4 534
377 535
183 536
242 536
971 536
713 537
793 538
502 540
222 541
915 542
764 543
67 544
560 546
194 547
843 547
994 549
847 550
304 551
84 552
674 555
152 556
775 557
251 558
557 558
159 558
560 559
188 559
834 560
598 561
787 561
750 562
42 563
366 565
876 566
390 566
42 567
233 567
128 568
676 569
550 570
817 570
841 571
553 571
147 574
442 576
941 578
171 579
276 579
759 580
715 580
851 581
303 581
88 584
857 585
825 587
44 588
431 588
744 589
309 589
157 590
22 590
123 592
260 595
51 596
21 597
95 600
517 601
10 603
69 603
692 605
631 610
708 611
561 612
595 613
293 613
116 614
823 616
374 617
595 618
68 618
788 622
683 623
568 623
80 623
744 624
442 626
362 629
277 632
426 633
382 634
105 634
886 637
431 639
435 640
73 641
322 642
234 642
173 642
477 642
105 646
825 647
221 647
617 650
149 652
745 656
19 656
675 657
174 661
553 661
451 662
135 664
489 668
722 668
554 668
326 668
357 670
684 671
796 672
452 672
332 674
168 677
43 678
370 679
230 681
886 681
758 684
711 685
521 686
499 687
856 688
697 688
382 692
127 693
70 693
685 693
444 696
2 696
634 697
298 697
394 699
937 700
550 701
515 704
11 708
689 709
491 710
809 711
685 714
934 714
260 716
820 719
854 721
514 723
278 723
98 724
372 725
255 726
380 728
605 729
578 733
382 733
752 734
482 735
995 735
558 736
784 737
835 737
178 737
594 738
484 741
969 744
549 747
330 748
642 750
29 753
266 755
416 755
59 756
303 758
950 758
534 761
980 767
343 768
340 768
282 770
775 773
951 774
114 775
987 779
813 781
624 785
942 786
290 787
346 789
751 790
702 792
433 792
482 792
975 793
223 793
210 794
492 795
818 796
192 797
777 798
928 799
57 801
183 802
416 803
61 803
172 804
359 804
112 808
74 809
127 810
759 811
642 813
564 814
792 814
563 815
53 816
428 816
662 818
505 818
421 818
234 819
234 821
117 823
313 823
169 826
974 827
131 827
532 828
711 831
645 832
267 833
856 834
35 834
919 836
979 838
219 838
101 840
825 841
249 843
114 845
543 846
357 854
641 855
483 855
2 858
669 858
69 859
723 861
995 861
177 862
900 864
317 865
273 866
603 867
566 869
159 875
256 875
651 875
347 879
426 883
804 884
608 886
855 887
63 888
7 888
246 894
268 897
604 898
444 899
937 900
352 902
777 903
370 904
922 905
841 905
679 906
455 906
80 907
221 909
84 911
714 912
605 912
951 913
440 914
511 915
62 915
30 915
914 916
396 917
862 918
536 918
736 919
642 920
419 920
335 921
177 922
706 926
305 927
70 927
528 928
508 928
799 930
942 932
635 934
394 939
273 941
216 942
74 942
640 945
73 945
971 946
47 946
313 948
752 952
540 954
672 954
756 958
278 959
655 960
211 962
457 964
568 964
277 965
494 965
105 967
817 967
569 967
514 968
132 968
448 969
506 971
19 971
644 972
424 972
441 973
519 974
479 974
447 974
521 975
793 975
429 975
541 977
259 978
613 979
235 979
554 980
98 982
366 984
975 985
859 985
734 985
891 986
487 987
709 987
412 989
667 989
668 992
219 993
543 993
793 995
681 995
369 997
48 997
131 998
881 998
338 999
626 1000
