1000
187 2
958 2
39 7
454 7
820 8
294 9
53 10
275 11
570 11
847 14
436 17
798 18
76 20
786 26
570 27
653 29
358 29
311 30
291 32
409 32
300 33
523 35
640 35
937 35
235 36
257 37
213 38
579 41
922 43
97 44
891 45
995 45
879 45
512 51
470 51
385 51
209 52
97 55
173 55
790 55
902 56
932 57
370 57
585 57
954 58
454 60
882 60
947 62
993 63
466 65
318 66
208 66
166 66
931 67
809 67
660 68
433 68
120 69
299 71
181 72
46 72
27 72
344 73
267 73
878 75
549 77
235 78
903 80
580 80
524 84
855 84
438 84
286 85
100 86
429 87
333 87
247 89
435 89
669 90
666 93
465 93
24 93
449 93
444 94
622 95
63 95
488 97
527 98
887 98
558 102
379 103
785 104
362 105
669 107
176 107
45 110
619 111
297 113
624 118
774 119
885 119
615 120
399 122
360 122
990 124
227 125
190 125
966 126
960 127
954 127
343 128
925 129
492 132
501 132
987 132
906 132
75 134
309 135
484 135
833 137
140 137
743 139
420 141
603 141
730 142
240 142
917 142
805 142
505 144
258 145
667 146
605 146
502 146
81 147
556 147
56 147
937 148
693 148
275 148
782 148
889 149
25 149
171 150
832 150
892 152
231 152
366 153
696 153
622 154
637 155
825 156
866 158
104 158
179 158
112 159
865 160
248 161
140 161
141 161
575 161
83 165
309 165
874 166
152 168
257 169
642 169
927 169
138 169
741 170
218 171
659 171
593 171
215 172
559 172
652 173
996 174
10 174
620 174
693 176
726 176
916 176
631 179
604 179
658 181
50 181
108 181
742 182
579 185
866 185
74 186
287 186
316 186
169 187
137 189
41 189
779 192
412 193
446 193
697 193
375 194
618 194
993 195
647 197
739 197
33 199
138 200
927 201
692 201
726 213
915 214
704 214
881 215
950 216
616 217
883 217
810 218
680 219
373 221
430 221
873 221
581 222
542 222
422 223
869 224
566 227
985 231
474 232
9 235
230 235
650 236
591 236
355 236
326 237
351 237
616 238
259 239
33 240
853 240
111 241
136 241
442 241
104 242
626 243
585 243
694 243
155 244
210 248
578 249
45 250
346 250
725 251
557 252
578 253
62 254
358 254
592 255
222 255
35 258
791 259
401 260
108 260
576 260
415 260
710 260
623 261
55 261
176 262
464 263
54 266
694 266
196 267
225 268
333 268
729 269
574 270
83 271
256 273
641 274
490 277
430 278
983 278
815 279
225 283
782 284
295 286
848 288
989 290
912 290
221 290
946 290
674 292
85 293
23 293
588 293
310 294
465 295
649 296
606 296
438 297
875 297
159 297
852 298
81 299
91 299
220 301
154 301
434 301
318 301
946 303
348 304
703 305
670 306
970 308
383 309
472 310
196 312
144 313
712 315
801 316
340 317
778 317
653 317
31 317
885 318
293 318
159 321
584 321
749 321
64 322
691 323
816 324
902 325
251 326
471 326
488 327
867 329
109 330
646 331
688 332
199 332
577 332
276 333
714 336
353 337
651 337
765 337
937 339
982 339
189 341
47 342
163 342
830 342
761 343
582 343
125 344
256 344
906 346
701 349
517 350
352 351
944 352
905 352
930 354
654 355
109 356
522 356
920 356
447 357
262 357
79 358
123 359
847 362
361 364
989 367
900 368
163 369
313 370
139 371
321 372
528 374
291 374
319 374
706 378
104 378
729 379
780 380
350 380
40 381
640 381
596 384
630 389
802 389
864 389
896 390
275 390
497 391
37 392
359 392
238 392
456 393
667 393
373 393
378 395
125 396
27 398
351 400
1000 402
477 402
21 402
733 403
741 403
464 403
140 404
363 404
692 405
711 405
959 406
420 406
723 408
639 409
408 412
205 417
531 418
545 418
613 419
357 424
802 425
551 425
873 425
776 426
697 428
408 428
442 430
234 430
838 431
35 431
372 432
638 433
615 436
964 437
654 438
406 438
192 438
412 439
581 440
764 441
314 442
891 443
83 443
629 443
20 444
731 444
319 445
190 445
312 449
824 451
574 452
774 453
263 454
452 457
245 458
397 459
507 461
868 461
508 465
202 465
301 466
228 467
256 468
846 469
962 469
962 470
4 472
24 473
296 477
86 478
166 478
654 480
80 481
352 481
625 482
658 483
838 483
784 486
59 487
564 487
361 488
693 489
368 490
133 492
642 492
648 492
792 492
506 493
792 494
126 497
9 498
254 501
226 502
455 502
351 505
330 506
209 507
901 509
260 512
92 514
859 514
675 515
892 517
240 518
512 518
21 518
261 519
530 519
278 523
950 523
75 524
765 525
390 527
60 528
115 531
165 531
348 533
82 533
665 533
198 536
440 536
588 537
165 538
113 540
151 540
482 541
667 541
389 542
228 542
325 544
118 545
839 546
631 547
494 548
354 550
697 552
858 553
106 554
884 555
158 555
894 557
747 557
984 557
25 558
581 559
431 559
595 561
579 562
369 562
849 563
849 568
148 569
269 570
856 570
407 571
213 573
110 573
218 575
839 576
569 576
304 576
460 576
881 578
738 578
257 580
86 581
58 582
822 582
73 583
107 585
490 587
559 588
147 588
3 589
100 591
25 592
91 592
336 592
321 593
419 593
841 593
602 596
152 596
716 596
743 596
895 598
788 598
955 599
991 600
180 601
714 601
583 602
483 602
865 602
564 604
89 605
874 605
758 606
255 606
144 606
43 609
360 609
106 610
832 610
215 610
396 612
288 612
230 613
477 614
691 615
930 615
25 616
535 618
6 619
656 621
583 622
64 623
949 625
169 626
272 627
318 627
308 630
958 632
524 632
590 633
250 634
267 634
794 634
229 634
848 635
711 635
775 636
931 638
161 640
471 640
768 642
867 644
156 645
449 645
339 646
331 647
587 648
191 650
877 650
824 651
156 652
633 655
479 658
624 658
659 659
637 660
883 660
381 660
266 660
684 661
915 661
918 664
13 665
920 666
793 667
333 667
848 667
94 667
333 668
875 668
513 669
966 669
811 670
501 671
410 672
187 675
275 675
151 675
195 678
687 679
203 679
727 681
777 681
792 682
668 682
556 683
328 684
976 685
722 686
916 687
553 688
142 689
736 689
781 690
725 691
175 693
914 694
506 694
157 694
466 695
849 698
990 700
450 700
16 700
803 700
911 704
918 704
550 707
240 708
275 708
822 710
892 715
597 715
751 717
600 717
714 720
667 721
39 723
588 723
146 725
128 726
587 726
433 728
68 729
990 731
655 736
863 737
869 738
102 739
650 740
86 741
868 742
1 743
523 746
358 747
749 748
87 749
215 749
806 749
3 751
18 753
866 753
213 753
425 754
959 755
69 757
986 759
612 759
675 761
75 762
167 762
807 763
661 764
236 765
61 766
821 766
64 767
579 768
360 769
557 770
624 772
38 773
966 774
638 774
962 778
603 780
599 782
434 784
648 784
959 784
27 785
168 786
472 787
269 787
777 787
117 788
392 788
780 788
976 789
284 790
555 792
880 792
93 793
388 795
222 795
98 796
153 797
3 798
974 798
698 798
233 798
268 800
567 800
634 801
221 801
635 801
683 802
678 802
706 802
113 803
785 805
275 807
83 808
263 809
987 809
992 811
295 811
567 812
829 812
311 813
720 813
563 814
250 814
38 815
939 817
706 818
160 819
167 820
989 820
890 821
254 822
576 822
722 826
576 828
160 831
800 832
575 832
541 832
305 833
563 833
82 834
751 835
268 836
106 836
423 840
272 840
521 841
994 842
672 842
682 842
43 844
472 845
637 847
983 847
800 850
137 851
414 852
511 852
324 852
306 853
756 854
765 856
439 856
835 859
799 861
809 863
962 865
181 867
540 868
117 868
133 872
35 873
465 874
735 876
588 878
720 878
952 878
651 879
788 880
618 880
192 881
232 881
519 883
277 883
999 884
270 884
306 884
630 884
972 884
628 885
420 886
693 886
243 887
139 888
30 889
872 891
319 891
759 894
360 898
774 898
764 898
164 898
296 900
999 901
511 901
591 903
256 906
193 907
317 908
8 911
191 911
763 912
86 912
298 912
530 913
539 913
3 913
99 913
3 914
823 915
937 918
307 918
261 921
281 921
898 922
961 923
447 924
270 924
147 929
699 930
669 930
454 930
805 931
202 932
343 933
637 935
125 935
138 935
299 937
466 937
161 940
580 940
190 943
778 943
365 945
224 945
70 945
708 948
856 948
147 949
26 949
864 949
65 951
400 951
260 952
984 955
543 955
722 956
220 956
3 958
453 958
925 958
723 959
262 961
823 961
313 962
912 962
489 964
601 965
148 967
661 969
480 969
240 970
599 971
70 972
271 974
107 974
864 977
654 978
336 978
768 982
123 984
264 984
274 986
985 986
311 986
684 987
570 987
7 989
242 990
666 991
649 992
306 992
936 992
253 992
693 992
945 993
548 993
682 994
361 995
634 995
24 996
332 996
145 996
512 997
629 998
447 998
834 999
930 1000
