1000
73 1
220 1
686 2
459 2
658 4
446 4
901 4
570 4
535 5
551 5
331 7
768 9
395 11
306 12
361 12
497 13
646 14
247 15
281 15
391 18
239 19
403 19
4 20
582 20
28 21
478 22
710 25
731 25
538 27
369 27
333 29
985 30
231 30
711 31
488 31
504 33
648 36
985 36
120 36
986 37
381 38
688 39
455 41
377 41
33 41
541 42
565 44
751 46
581 46
190 47
607 47
652 47
196 51
395 53
267 54
271 55
727 55
1 57
326 59
348 59
42 60
113 62
122 63
778 63
30 63
264 64
516 64
431 64
864 65
415 66
442 66
316 67
491 67
874 69
522 69
570 72
332 73
59 73
861 73
549 74
333 74
839 75
408 75
47 77
449 77
414 78
700 78
324 79
195 82
327 84
345 85
963 86
617 89
795 90
471 90
644 90
771 91
615 91
47 92
419 92
93 93
628 94
186 94
947 97
290 100
508 103
343 106
751 107
373 108
673 108
733 109
372 109
343 110
492 110
962 110
970 111
750 111
570 112
531 112
359 112
784 113
832 113
989 114
781 115
733 115
88 117
217 118
40 118
469 121
582 121
187 121
33 121
364 122
323 124
915 124
198 126
880 129
534 131
249 131
385 131
126 132
450 136
156 137
988 138
217 138
34 139
647 139
517 140
579 142
465 142
208 143
184 143
202 143
279 143
444 144
522 144
715 145
420 145
725 145
689 146
281 147
600 147
344 150
245 152
617 153
351 153
336 153
799 154
157 154
170 154
706 155
938 156
819 157
565 157
474 157
843 157
481 157
513 160
859 160
260 161
252 161
508 164
561 165
150 166
193 168
864 169
964 169
480 173
257 174
488 176
809 176
647 177
552 177
367 178
486 178
446 179
736 181
878 181
101 182
514 184
785 187
320 187
695 189
77 190
427 190
282 190
529 191
585 194
229 195
295 196
794 197
564 198
650 198
783 198
438 199
65 202
512 203
955 205
738 206
149 207
420 208
390 209
909 209
255 210
746 211
12 211
288 212
852 213
881 217
980 219
935 220
41 220
496 220
379 221
618 221
410 222
631 222
167 222
599 223
330 224
739 226
965 226
391 226
771 227
129 228
969 229
429 229
182 229
123 230
980 231
28 232
886 233
884 234
830 234
104 234
405 235
14 235
141 235
269 236
508 237
237 239
533 240
182 240
620 240
831 246
498 248
160 248
200 249
558 250
425 250
490 250
833 253
225 254
531 256
784 260
296 262
791 262
174 263
50 264
568 264
629 266
476 268
35 272
689 274
58 274
639 275
165 275
899 275
277 276
875 276
898 278
65 279
289 280
236 280
751 281
933 281
188 283
817 283
120 284
993 284
448 286
253 286
655 287
189 287
26 288
48 288
915 292
931 292
42 294
113 294
306 295
149 295
650 295
560 297
688 297
228 298
398 298
828 299
843 303
86 306
843 308
62 308
542 308
473 309
400 310
564 311
953 311
652 313
941 313
467 316
945 316
190 316
894 316
255 317
205 318
645 319
216 319
504 324
873 325
323 326
231 327
22 327
882 327
417 327
215 331
99 333
135 333
573 335
553 337
467 339
515 339
813 340
73 340
756 341
409 343
157 343
128 343
541 345
874 348
579 348
360 349
562 349
495 352
646 353
641 353
426 354
726 354
296 355
146 355
980 356
108 357
809 357
330 358
2 359
966 359
5 362
717 363
911 363
838 363
222 363
199 364
434 364
546 367
775 368
990 370
324 371
388 372
40 373
76 373
797 373
726 377
345 378
990 380
512 380
131 381
757 382
342 383
888 383
280 386
252 387
11 388
367 389
474 391
200 391
982 395
618 395
568 397
112 397
496 398
98 400
205 400
115 402
791 405
143 405
609 406
715 406
655 407
117 407
402 408
191 410
50 411
169 411
331 412
210 412
412 413
808 414
40 415
536 416
208 416
538 417
104 418
892 418
108 419
294 420
376 421
70 421
848 423
956 423
669 424
607 426
856 428
584 429
523 430
460 431
965 431
284 432
700 432
788 432
454 433
597 433
669 433
571 434
811 434
710 435
465 435
409 435
530 436
474 437
823 437
744 438
776 438
145 440
646 442
9 443
544 443
339 446
740 446
423 447
170 448
365 451
405 451
589 451
926 451
399 452
598 452
790 454
516 454
720 455
498 455
715 456
138 457
993 457
927 463
693 465
554 465
993 467
387 469
401 470
645 470
958 471
982 473
688 474
228 474
871 474
660 474
337 476
165 479
991 479
779 480
198 480
292 480
222 480
398 482
160 482
559 483
747 483
520 484
240 485
242 485
623 488
668 488
829 489
986 492
924 493
453 494
862 496
15 496
718 497
957 498
734 498
836 498
596 498
86 499
712 501
134 502
64 504
612 505
429 506
766 507
429 507
442 508
905 509
289 509
521 511
313 511
637 511
382 512
597 512
251 512
228 512
891 512
245 512
818 513
786 513
347 513
448 515
570 515
956 517
717 517
900 518
725 520
366 521
512 521
691 523
259 525
285 525
209 528
252 528
150 528
965 531
810 533
862 534
778 535
181 536
267 537
478 542
129 543
420 545
200 545
952 546
539 546
57 547
815 547
449 548
946 550
760 550
682 552
32 553
823 553
285 555
324 555
346 556
266 557
210 558
557 561
893 563
647 563
601 566
39 568
476 570
561 571
45 572
100 573
495 575
82 577
294 578
888 579
424 579
2 580
40 581
744 581
29 581
392 582
121 583
930 590
192 590
660 591
145 591
952 592
33 596
599 597
537 600
898 602
104 602
145 605
312 605
836 605
705 606
992 607
569 608
23 609
633 610
453 612
207 613
952 613
66 613
458 614
219 614
297 614
710 615
113 617
703 617
859 617
91 618
910 620
436 620
205 620
859 623
642 623
75 624
970 625
485 629
357 629
530 630
311 630
838 631
766 632
202 635
117 636
473 637
924 637
411 638
343 639
865 640
498 645
484 646
586 646
878 648
678 649
68 649
423 650
903 651
485 652
564 654
325 654
333 655
443 656
228 657
778 664
695 668
801 668
376 669
779 669
183 671
168 673
370 674
762 675
725 675
163 675
4 675
222 675
269 678
589 678
387 680
946 680
521 681
555 682
423 682
841 683
297 683
858 683
547 684
540 686
492 687
645 687
827 688
412 688
901 689
868 691
910 692
116 692
353 694
359 695
912 695
324 696
432 697
783 698
544 700
835 702
510 704
349 705
208 706
773 707
170 708
190 708
962 709
168 709
292 709
866 713
314 714
632 714
388 714
753 715
833 716
782 717
271 717
240 718
421 719
424 719
176 719
523 720
915 721
95 722
146 723
492 723
815 725
683 726
521 727
410 729
690 730
818 731
254 732
137 732
99 733
196 733
530 734
551 734
568 736
374 736
460 736
251 738
989 739
518 741
826 741
992 741
153 741
58 742
449 742
987 742
131 744
459 744
166 745
973 746
96 747
452 749
418 749
772 751
579 752
299 752
424 752
1000 755
386 755
618 756
816 757
894 759
202 760
912 761
502 762
516 763
998 763
400 767
567 767
273 769
22 770
573 771
479 771
329 772
25 772
585 772
471 773
99 773
639 773
541 774
832 774
400 776
14 776
839 777
702 778
86 779
220 779
754 779
954 780
16 780
548 781
305 783
118 784
47 788
648 788
488 789
102 791
601 791
852 793
965 794
775 797
477 799
590 800
83 801
210 803
466 803
705 803
56 803
418 804
242 805
335 807
804 808
217 809
889 809
153 810
999 813
333 813
201 814
97 815
123 815
590 817
956 818
908 819
67 820
110 821
664 822
817 822
610 823
940 824
386 824
151 826
477 828
413 828
166 829
935 831
811 832
401 834
319 835
205 835
783 836
197 836
134 838
660 839
242 843
32 846
338 848
230 849
968 849
521 850
922 852
750 853
57 853
201 856
291 857
721 864
373 864
343 864
142 865
986 865
240 867
623 871
124 871
719 874
203 875
10 875
588 875
791 876
761 877
969 878
896 878
634 879
986 879
893 880
969 881
7 882
489 883
120 884
340 886
300 888
104 890
399 891
395 892
925 895
865 896
226 896
246 897
804 897
116 899
623 903
256 905
83 906
199 908
511 908
408 908
863 910
744 911
285 912
717 915
605 916
237 916
459 917
839 918
159 919
625 919
229 920
977 920
842 920
475 921
861 925
591 926
745 927
927 929
973 931
270 932
622 933
248 933
156 934
591 934
253 935
435 936
470 936
278 937
486 938
930 939
555 939
842 939
165 939
513 939
514 940
568 940
212 943
749 944
763 945
855 945
791 946
159 947
38 948
431 950
636 951
521 952
972 952
730 955
264 955
921 956
170 957
95 958
727 959
116 959
940 959
833 960
173 960
251 961
699 961
910 961
236 961
24 962
298 965
517 965
606 967
922 967
420 968
264 969
640 969
679 969
412 969
977 971
440 972
414 976
553 978
489 979
508 979
89 982
440 982
301 983
905 983
465 985
968 986
518 988
342 988
598 989
694 989
791 991
339 992
815 995
405 995
219 996
918 998
