75
961 4
878 13
883 15
399 29
294 44
822 50
591 58
731 74
739 95
624 101
285 105
159 115
818 153
508 174
754 178
298 191
589 195
624 200
588 205
554 228
620 249
814 270
953 273
658 286
303 288
625 296
532 297
725 304
693 310
430 311
604 325
139 372
137 389
983 404
147 410
717 462
373 489
653 493
495 494
791 548
235 555
224 563
336 570
395 576
233 580
434 623
54 636
596 642
762 646
868 685
938 723
668 738
985 747
460 760
48 766
289 769
678 770
142 798
743 825
860 826
753 827
591 841
986 910
441 911
965 915
605 917
157 919
106 925
989 929
376 952
342 963
909 968
418 969
306 975
610 980
