1000
28 0
315 0
963 1
279 3
104 5
398 6
129 7
918 8
505 8
614 9
443 9
186 10
568 14
680 14
411 16
361 16
495 18
199 18
567 18
296 19
752 20
532 21
93 22
710 23
74 24
299 24
527 25
578 26
644 26
458 27
557 30
977 30
480 31
405 32
355 32
201 35
83 35
559 35
173 37
129 37
743 38
918 39
525 40
749 40
471 41
263 42
395 42
515 43
455 44
516 46
357 47
301 47
540 47
130 48
771 49
967 50
598 50
841 50
772 50
242 51
141 53
279 53
836 55
238 55
376 55
158 56
514 56
66 57
15 58
89 59
482 59
737 60
261 60
441 61
494 62
507 62
311 66
996 67
999 68
844 70
5 70
823 72
787 73
124 74
807 75
567 76
695 76
901 77
879 77
455 77
982 78
744 79
501 81
707 83
533 83
948 83
626 84
454 86
247 88
728 91
793 92
548 93
621 93
786 94
767 94
508 97
279 98
172 98
687 99
255 99
803 100
256 101
800 102
854 103
812 106
73 106
529 106
691 108
148 111
907 113
920 114
69 114
233 117
185 119
687 120
342 121
625 122
230 123
975 124
200 126
434 128
974 128
595 129
257 130
930 132
713 133
853 133
790 134
482 134
291 135
317 137
558 138
915 138
27 139
492 139
791 139
59 141
13 145
585 146
347 146
661 147
4 148
492 149
489 150
474 150
450 150
317 151
357 151
510 152
516 152
162 153
988 155
721 155
253 156
673 157
396 158
481 158
794 159
725 159
189 160
605 160
161 163
662 163
923 164
355 164
523 165
805 165
794 166
272 167
912 167
1000 169
585 169
728 169
233 169
148 170
972 173
637 173
675 174
774 175
203 175
604 176
744 176
101 178
50 179
44 181
368 181
945 182
686 183
809 183
828 184
906 184
15 184
257 184
391 185
808 185
67 186
334 186
971 187
857 189
498 189
232 190
96 192
963 193
898 195
944 197
583 199
866 200
193 200
944 200
117 202
258 203
351 203
521 205
845 210
988 210
872 212
222 214
113 214
853 214
801 218
617 218
496 219
428 219
504 219
223 219
620 220
22 223
638 224
797 226
42 226
875 226
334 227
548 230
257 231
461 231
204 232
365 233
599 233
351 233
206 236
277 237
388 241
750 241
157 242
720 246
547 247
847 249
976 251
494 253
26 254
319 254
448 257
721 257
685 263
758 263
344 266
679 267
313 270
754 271
529 271
776 271
984 272
582 272
909 272
26 274
624 274
739 274
718 275
196 275
951 275
658 276
951 276
364 277
553 279
287 280
14 281
627 281
556 282
508 284
692 285
144 286
683 287
919 289
22 290
175 290
63 290
235 290
309 291
263 294
790 294
723 295
508 296
183 296
809 297
577 299
780 299
993 300
146 301
140 303
46 304
521 304
669 305
333 307
226 308
457 308
898 310
705 316
224 316
799 316
515 321
703 322
424 322
11 323
472 324
19 324
658 325
996 329
419 329
972 329
449 330
387 331
18 335
209 336
315 336
875 336
942 336
30 338
554 338
870 338
96 338
658 338
485 338
344 339
295 340
85 340
308 341
853 342
442 343
102 344
153 344
227 344
853 344
466 346
144 348
525 348
794 349
651 350
268 354
356 355
870 356
858 356
736 358
803 361
937 361
455 363
134 363
46 363
433 364
802 364
329 364
751 364
791 365
235 370
457 370
156 373
976 375
337 375
672 376
645 379
192 382
673 383
94 383
50 383
429 384
719 385
81 386
49 387
217 389
518 390
35 392
189 392
706 392
221 392
764 395
366 397
385 399
722 399
643 400
278 401
737 401
702 404
204 404
711 405
36 405
298 406
130 408
758 411
441 411
302 411
952 412
374 414
616 416
518 416
484 416
14 420
752 420
150 421
181 423
578 425
589 425
600 425
392 427
850 428
170 428
704 430
760 430
54 431
265 431
276 432
471 433
18 433
517 435
87 436
452 436
189 436
578 437
489 440
28 441
815 443
480 444
432 445
90 445
393 446
624 448
596 448
643 449
219 449
417 450
622 452
828 452
618 453
452 459
550 460
973 461
202 462
327 462
941 467
134 468
135 469
303 469
556 470
165 471
692 472
387 473
535 473
57 473
253 474
252 474
724 474
952 475
403 475
540 477
753 477
517 477
402 478
452 478
796 481
348 481
515 481
72 482
555 483
766 485
972 486
993 487
942 487
152 488
55 488
744 489
34 491
111 491
972 491
418 494
254 497
652 498
385 498
308 498
817 499
852 502
704 502
655 503
174 504
880 507
567 507
128 507
346 508
151 508
767 509
728 509
26 509
626 511
280 513
710 515
392 515
806 515
773 516
562 516
883 517
623 518
440 519
866 519
121 519
532 521
562 524
404 524
237 524
725 524
114 525
900 528
422 529
929 529
186 530
292 530
669 531
610 531
121 531
808 531
345 532
676 532
960 534
907 536
657 536
989 540
917 540
614 541
426 542
894 543
937 543
746 546
826 546
889 546
211 546
669 547
249 548
302 550
625 550
228 551
529 553
810 553
246 553
60 554
950 555
495 555
536 555
434 556
810 558
82 559
24 559
567 561
653 563
871 563
536 564
266 564
885 564
390 564
638 565
127 569
42 570
755 570
571 570
658 570
942 572
72 572
501 573
476 574
66 574
970 575
11 575
850 575
80 576
357 577
792 577
26 584
192 584
108 585
317 587
481 589
792 589
939 591
630 592
762 592
908 595
619 596
661 598
73 599
260 601
162 603
251 604
60 605
518 606
373 607
691 608
573 608
699 609
740 610
738 610
275 616
409 616
822 617
985 619
733 620
152 620
793 622
336 622
493 624
38 625
356 625
815 630
354 632
878 632
815 632
714 632
577 632
55 634
142 634
307 635
572 636
515 640
455 640
707 641
296 641
413 642
356 643
281 644
35 645
846 646
99 646
489 646
523 646
440 647
613 649
441 649
536 650
460 650
585 650
311 650
732 652
321 652
361 652
767 653
497 653
516 654
121 654
463 655
360 656
859 656
234 658
184 659
450 659
867 659
489 661
740 662
199 662
650 662
385 664
950 666
768 666
795 667
617 667
176 667
414 669
952 669
459 669
170 669
608 670
406 670
519 671
837 671
861 674
545 674
261 674
444 676
169 676
1 677
30 677
612 678
55 678
223 681
405 681
770 682
28 683
950 684
883 686
773 687
33 687
802 687
560 689
155 690
56 690
201 691
540 691
255 694
115 694
672 695
792 695
634 696
920 696
902 699
786 700
169 701
489 701
802 701
470 702
899 703
251 705
155 708
53 711
955 713
990 714
973 715
837 716
434 717
132 718
642 723
972 724
225 730
683 730
893 730
455 732
668 733
339 737
719 737
846 737
768 738
686 739
640 739
590 740
976 740
437 742
624 742
974 743
689 745
210 747
63 747
49 748
707 749
263 749
923 749
220 752
182 752
550 752
402 753
943 755
242 756
276 756
459 760
26 762
575 762
311 765
71 765
964 765
671 765
126 767
395 768
500 769
652 770
588 771
470 774
402 774
169 775
46 775
65 775
679 775
568 775
667 776
505 776
657 778
466 780
209 780
691 780
849 781
357 783
907 786
167 786
673 787
863 788
48 790
694 791
282 794
687 794
127 794
812 794
403 795
361 796
857 797
286 798
756 799
230 800
156 801
162 804
451 805
574 807
820 807
21 807
898 808
566 809
250 809
935 810
723 811
332 811
998 812
270 814
975 814
131 815
775 816
808 816
220 817
58 818
301 818
771 819
777 821
122 823
284 825
480 826
489 826
903 827
430 831
508 832
876 832
722 833
143 834
525 836
350 838
675 838
967 839
253 840
55 840
191 841
697 841
702 842
876 843
242 845
211 846
440 847
176 847
907 848
67 851
420 851
487 852
636 853
912 854
29 857
706 857
711 858
241 861
591 861
170 863
152 863
181 864
3 864
895 866
782 866
107 866
918 867
47 867
170 868
242 869
937 871
450 872
302 874
534 875
695 877
717 878
374 880
57 880
906 882
867 882
907 882
412 886
858 887
966 887
636 888
618 889
116 891
135 891
444 893
396 893
69 893
486 898
671 899
840 900
389 900
966 900
480 902
728 905
489 905
402 906
109 906
779 908
879 908
353 910
963 911
485 913
204 913
957 913
666 914
330 914
589 917
916 918
59 919
242 919
465 920
311 921
454 922
413 924
488 924
67 926
378 927
617 928
770 928
55 929
980 930
567 931
120 932
745 933
799 933
615 933
908 934
318 935
370 938
118 938
425 939
539 939
973 940
808 941
360 942
605 943
157 945
387 946
406 948
15 949
339 950
106 950
156 951
932 951
967 952
330 952
851 952
547 953
362 953
514 954
354 955
673 955
958 956
366 956
442 957
71 957
790 958
330 962
994 965
597 966
223 966
113 967
834 968
794 968
974 969
728 972
340 972
347 975
563 975
201 977
877 979
699 980
476 980
424 982
970 984
292 984
945 985
449 987
480 987
373 988
613 988
451 990
785 991
865 991
260 992
467 994
959 995
452 998
597 998
608 1000
