875
970 0
811 0
35 0
579 0
634 0
256 0
84 0
506 1
150 1
315 1
448 1
672 2
663 2
246 2
37 2
910 2
767 3
586 3
474 3
741 3
919 4
106 4
836 4
214 4
303 5
310 5
736 5
914 5
13 5
453 5
221 6
518 6
696 6
20 6
322 8
813 9
154 10
634 10
957 10
532 10
120 10
941 10
740 10
383 11
824 11
183 11
890 11
594 11
550 12
855 12
465 12
301 12
418 12
118 14
578 14
255 15
314 15
537 16
138 16
863 16
171 16
6 17
888 17
89 17
242 17
464 17
780 18
363 18
620 18
972 18
368 19
79 19
179 19
822 20
365 21
708 23
40 24
492 25
85 25
285 25
34 25
251 25
47 26
790 26
757 26
521 27
743 28
677 28
646 29
571 29
535 29
724 29
701 29
786 30
54 30
463 31
148 31
497 32
315 32
128 32
897 33
187 33
754 33
785 33
57 34
770 35
695 35
470 35
265 35
169 36
106 36
97 36
439 36
597 36
193 37
945 37
488 37
349 37
615 38
259 39
405 39
960 39
501 39
868 40
200 40
483 40
850 40
878 41
224 41
268 41
902 41
272 41
44 41
774 41
856 41
221 41
43 42
119 42
472 42
612 42
508 42
485 43
708 43
934 44
203 44
665 45
421 45
389 46
657 46
628 47
516 47
413 47
82 47
23 47
147 48
166 48
969 48
596 49
782 49
498 49
749 50
440 50
408 50
425 50
457 51
829 51
720 51
730 51
729 52
218 52
6 52
256 53
912 53
927 53
554 54
701 54
638 55
502 55
31 55
345 55
425 55
739 56
387 56
473 56
808 56
634 57
74 57
663 57
296 58
264 59
231 59
491 59
710 59
702 60
763 60
950 60
448 60
444 61
418 62
228 62
345 62
165 62
12 62
184 63
498 63
640 63
143 63
964 64
82 64
543 64
940 64
348 64
386 65
163 65
190 66
748 66
732 66
546 67
260 67
616 68
467 68
565 68
543 68
917 68
42 69
147 69
470 70
936 70
830 70
268 71
71 71
842 71
881 71
781 71
102 71
15 71
850 72
146 72
620 72
682 72
738 72
259 73
54 73
887 73
157 74
685 74
288 75
790 75
804 75
511 75
91 75
974 76
185 76
876 76
526 76
24 77
205 77
960 77
608 78
138 78
593 79
254 79
973 80
29 80
768 80
192 80
483 80
157 81
914 81
909 81
373 81
928 82
767 82
844 82
59 82
46 82
52 83
179 83
56 84
411 84
823 84
368 84
112 85
457 86
785 86
214 87
568 87
587 87
872 88
166 88
724 88
688 89
762 90
607 90
523 90
296 90
379 90
476 90
573 91
461 91
877 91
773 91
109 91
33 91
765 91
131 92
482 92
769 92
20 93
669 94
658 94
937 94
323 94
234 94
337 94
252 94
47 94
599 95
204 95
910 95
906 95
959 96
518 96
32 96
255 96
862 97
920 98
554 98
5 100
244 100
428 100
814 100
155 101
380 101
493 102
227 102
773 102
343 102
898 102
62 102
705 102
236 103
222 103
47 104
173 104
355 104
789 104
352 104
449 105
56 105
238 105
750 105
310 105
921 106
354 106
475 106
147 106
808 107
289 107
472 107
790 107
870 108
849 108
247 108
591 108
84 109
835 110
114 110
718 110
42 110
598 111
541 111
831 111
932 111
854 111
473 112
707 112
815 112
866 112
21 112
412 113
558 113
463 113
498 113
469 114
262 114
498 114
225 114
580 114
499 115
107 115
125 115
528 116
974 116
319 117
313 118
47 118
487 118
899 118
476 119
890 119
716 119
877 119
154 120
339 120
853 121
874 121
927 121
711 122
858 122
519 122
231 122
799 123
340 123
824 123
829 123
961 123
963 123
298 124
956 124
327 124
382 124
182 124
382 124
877 125
869 125
183 125
28 126
898 126
307 127
322 127
577 127
494 128
956 128
111 129
750 129
598 129
569 129
795 130
57 130
823 130
38 130
718 130
58 130
836 131
533 132
218 133
330 133
616 133
56 133
467 133
830 133
129 134
916 134
839 134
131 135
619 135
693 135
767 135
408 135
143 136
863 136
537 136
936 136
230 137
764 137
335 137
40 137
672 137
842 138
122 138
448 138
347 139
637 139
121 139
730 140
827 140
921 140
122 140
825 140
99 141
713 141
231 141
492 141
251 141
609 141
938 141
272 142
50 142
507 143
246 143
960 143
368 143
442 143
310 144
926 145
583 145
981 145
492 146
880 146
167 146
184 147
345 147
563 148
728 148
707 148
825 149
466 149
906 150
119 151
488 151
625 151
185 151
792 152
137 152
124 152
227 152
181 152
162 152
234 153
580 153
819 153
472 153
807 154
216 154
751 155
717 156
929 156
278 156
248 156
182 156
587 156
265 157
630 157
187 157
88 157
306 158
481 158
110 158
715 158
291 158
130 158
705 158
212 158
662 159
382 159
108 159
234 159
598 159
146 160
81 160
19 160
1 160
943 160
238 160
345 161
656 161
961 162
62 162
680 162
633 162
542 162
152 163
833 163
268 164
906 164
778 164
259 165
747 166
844 166
148 166
919 166
495 166
214 167
68 167
292 167
840 168
484 169
798 169
882 169
212 169
652 169
593 169
570 170
73 170
196 170
457 170
72 171
348 171
219 171
978 172
139 172
799 172
724 172
189 172
775 172
891 173
874 173
337 173
465 173
459 173
341 173
253 173
39 174
685 174
155 175
149 175
231 175
785 175
259 175
174 175
733 176
450 176
170 176
354 176
28 176
608 176
381 176
125 176
524 176
451 176
563 177
827 177
284 177
34 178
100 178
166 178
349 178
956 178
832 178
248 179
433 179
864 179
223 179
887 180
546 180
165 180
52 180
291 180
202 180
620 180
462 180
791 181
399 181
678 181
712 181
528 181
15 182
822 183
467 183
549 183
923 183
10 184
605 184
141 184
686 184
619 184
492 185
669 185
53 185
51 185
856 185
905 186
63 187
50 187
533 187
935 188
914 188
131 188
863 188
623 189
69 190
170 190
743 191
18 191
384 191
839 191
776 192
39 193
822 193
913 193
723 194
488 194
166 194
542 194
73 194
35 194
645 195
143 195
105 195
687 195
313 196
627 196
649 196
481 197
28 197
509 197
111 197
676 197
12 197
782 197
245 198
173 198
773 198
492 198
759 198
427 199
89 200
202 200
543 200
546 200
674 200
324 200
161 200
286 200
842 201
928 201
305 201
568 202
971 202
353 202
469 202
170 203
286 203
499 204
380 204
247 205
620 205
20 205
543 205
267 206
960 206
559 206
295 206
298 206
387 207
379 207
183 207
965 209
917 209
414 209
840 209
684 210
34 210
381 212
519 213
808 213
816 213
951 214
155 214
583 214
169 214
406 215
506 215
329 216
526 217
367 217
205 217
457 218
122 218
254 218
513 219
745 219
738 219
876 219
339 219
784 220
357 220
649 220
926 220
866 221
112 221
922 221
729 222
878 222
89 222
159 222
364 223
142 224
266 224
695 224
464 224
798 224
96 225
5 225
402 225
103 225
977 225
407 226
470 227
315 227
112 229
58 229
961 229
436 230
696 230
530 231
427 231
369 231
536 232
825 232
356 232
158 232
524 232
747 233
182 233
294 233
188 233
628 233
284 234
49 234
479 234
688 235
408 235
690 236
83 236
687 236
476 236
433 236
698 237
753 238
184 238
701 238
520 239
841 240
11 240
610 240
291 241
557 241
323 241
773 241
522 242
770 242
72 242
505 242
431 242
119 242
467 242
140 242
435 242
178 243
514 243
264 243
583 244
722 245
738 245
879 245
669 245
635 245
920 245
228 245
580 245
225 246
575 246
257 246
246 247
751 247
522 247
120 247
700 247
901 247
122 248
545 248
542 248
581 248
836 248
439 249
221 249
445 249
218 249
968 250
326 250
722 251
716 251
557 251
