1000
931 0
221 0
656 4
969 7
770 8
529 8
479 10
425 14
978 15
354 16
147 18
697 18
584 19
469 20
396 21
710 22
787 22
991 23
767 25
534 25
873 25
847 27
664 28
971 29
168 29
742 31
780 32
469 33
900 35
581 35
867 35
12 36
306 37
873 37
710 37
23 38
174 40
54 40
730 40
659 40
31 42
898 43
829 43
248 44
817 44
416 44
659 44
368 46
556 47
608 47
119 47
240 47
628 47
685 49
356 54
971 55
381 57
55 58
686 58
332 58
350 59
609 60
961 60
173 60
155 63
820 63
452 64
236 65
988 66
529 67
524 68
978 68
36 72
956 74
505 74
29 74
598 76
866 76
942 77
113 77
613 77
720 78
355 79
882 81
755 83
784 84
838 85
884 85
990 86
759 87
938 87
826 88
869 88
333 90
768 90
41 90
752 91
480 93
471 95
71 95
23 96
683 96
180 96
947 97
947 97
853 98
47 101
960 102
693 104
590 105
392 111
618 112
951 112
778 113
725 114
245 115
754 115
761 117
49 117
139 117
570 118
442 118
458 118
79 121
44 122
682 123
731 123
762 124
419 124
370 128
264 128
29 129
157 130
621 131
89 131
752 132
949 132
57 134
958 134
631 136
197 136
487 137
306 137
537 138
310 139
534 140
424 141
14 142
198 143
857 144
666 144
365 144
246 144
753 145
429 145
425 145
633 147
893 149
582 150
186 150
328 151
463 151
465 152
743 154
273 155
622 155
610 155
89 156
605 158
253 161
254 163
720 164
841 164
327 165
437 166
900 167
147 168
260 169
795 169
737 169
909 171
215 172
753 173
887 176
104 177
236 177
196 178
48 180
216 180
259 181
242 183
423 184
282 186
342 187
80 187
226 187
939 188
802 190
161 190
495 190
188 191
691 192
679 192
614 193
401 193
165 194
204 194
787 196
931 200
617 200
171 201
34 203
715 203
59 204
736 205
130 205
458 209
542 211
458 213
869 213
309 213
525 214
652 216
871 216
414 216
849 219
770 220
846 223
152 223
934 224
418 224
851 224
944 228
126 229
620 229
656 230
48 230
233 232
185 234
119 235
687 235
516 240
954 240
614 243
735 244
938 247
705 248
316 251
850 251
457 254
129 255
939 256
36 256
55 257
552 259
7 261
25 262
983 262
436 262
335 263
412 263
496 266
256 267
897 267
106 268
814 269
918 269
310 271
314 272
323 273
446 274
866 276
462 279
146 279
704 281
269 282
260 282
518 283
904 285
338 286
181 288
112 288
530 291
918 291
839 295
675 295
594 299
808 299
294 302
927 303
173 303
511 303
428 304
228 304
355 305
598 305
268 306
941 306
924 307
187 308
59 311
54 311
837 311
100 312
1 312
160 314
142 317
234 318
438 319
408 321
949 321
417 322
46 322
870 323
15 324
993 324
252 324
373 324
884 324
293 327
763 328
31 328
436 328
235 329
869 331
329 331
407 332
340 333
237 333
780 333
754 337
359 338
348 340
726 341
584 341
568 342
151 343
531 345
419 346
505 347
682 347
964 348
513 350
127 350
175 350
339 352
953 352
905 353
687 356
482 358
339 358
719 359
218 359
605 359
147 361
216 364
872 365
281 367
240 369
913 369
362 371
411 371
65 372
105 372
990 372
748 373
909 373
979 375
9 376
967 377
401 379
162 379
93 380
103 380
846 381
484 382
33 384
315 386
942 386
107 386
474 387
682 387
947 388
804 388
741 388
197 388
999 390
11 392
178 392
572 393
553 395
858 396
67 397
884 398
318 398
381 398
49 399
747 400
361 401
533 401
464 402
589 404
533 404
337 406
213 407
349 408
387 409
649 409
505 410
607 410
843 410
640 411
500 411
408 412
295 412
178 413
176 414
642 414
454 415
904 415
798 415
67 417
966 417
216 419
202 420
338 421
995 421
805 421
46 421
73 422
242 424
723 425
794 426
69 428
544 429
928 429
776 430
736 431
89 431
901 433
195 433
22 433
92 434
904 437
460 437
33 438
529 441
770 441
671 441
904 443
794 445
201 445
820 447
6 447
259 448
528 449
352 450
920 451
520 453
992 453
906 454
709 455
478 455
822 456
151 456
540 458
716 462
410 462
453 463
985 463
394 466
703 467
458 468
588 468
123 468
311 469
307 469
459 469
451 469
533 470
742 472
518 472
212 473
34 473
67 475
157 477
788 477
609 479
685 479
771 479
92 482
321 485
534 485
224 486
184 487
748 488
349 490
911 491
343 491
536 491
829 492
557 492
808 495
112 497
776 497
166 497
56 498
750 501
278 501
655 502
169 503
161 505
816 505
541 505
24 510
847 510
313 512
82 513
348 514
789 515
172 515
490 517
272 517
538 517
230 518
765 519
151 521
652 523
988 524
890 524
549 525
556 525
383 526
721 527
60 527
650 529
726 529
244 530
676 530
404 531
747 531
826 531
187 532
508 533
42 533
91 534
583 534
59 534
489 534
904 536
727 536
367 539
119 539
408 540
899 541
789 541
837 541
132 542
822 542
826 542
203 543
987 543
750 544
137 544
998 545
251 545
31 547
494 550
749 550
825 553
193 554
672 555
416 557
817 558
25 560
551 560
830 560
18 561
416 562
214 563
709 565
621 565
661 567
912 568
711 569
720 573
160 574
631 576
218 577
949 577
144 578
5 581
823 582
425 583
614 584
652 586
189 586
154 586
517 587
590 588
640 589
387 589
440 590
853 591
531 591
519 592
43 593
211 593
349 593
858 594
97 596
470 599
81 602
942 602
548 603
884 604
484 604
688 609
650 609
30 611
285 612
637 613
588 613
115 614
645 619
976 619
937 619
241 620
448 621
974 621
369 622
661 624
172 624
486 626
106 626
552 626
877 627
243 628
268 629
336 630
247 632
683 633
308 634
570 636
331 639
240 642
971 642
472 643
772 644
115 646
241 647
754 648
532 649
683 649
61 652
943 653
572 653
478 653
322 654
445 654
754 654
846 654
793 655
223 655
885 657
236 658
288 659
277 660
17 661
657 661
74 662
74 664
290 664
618 666
161 666
107 667
683 667
888 667
787 671
780 673
293 673
375 674
593 676
389 676
517 683
851 683
374 683
727 684
721 687
645 688
485 688
184 688
672 690
28 691
630 692
875 692
321 693
631 694
742 694
821 695
595 695
992 695
837 696
653 697
138 699
166 700
875 700
606 703
594 705
991 705
161 708
176 708
920 712
455 712
453 714
731 715
451 715
60 717
609 717
150 718
98 718
224 720
318 720
250 721
852 722
111 723
828 723
586 724
283 727
117 728
821 730
847 731
752 731
170 732
530 733
279 733
319 735
694 736
603 736
897 736
799 736
227 737
636 739
488 740
903 740
662 740
767 741
825 742
963 742
13 746
381 746
375 746
427 748
602 750
946 750
331 750
857 750
91 750
925 751
17 751
239 754
632 755
156 755
142 757
163 757
77 758
548 759
291 759
296 760
989 760
216 760
744 760
537 760
523 760
167 762
766 763
59 763
433 763
208 764
829 765
38 765
630 767
982 767
692 768
357 769
649 769
816 769
118 771
476 771
227 772
158 773
850 773
556 774
618 775
688 775
556 775
205 776
668 777
1000 780
860 781
544 781
178 782
788 783
899 783
456 784
633 787
303 788
321 790
394 791
391 791
205 792
474 793
599 794
589 796
563 799
635 801
440 802
189 803
952 805
96 806
479 806
174 806
49 806
52 807
430 808
81 811
625 812
824 812
867 812
98 814
615 815
716 816
223 820
811 820
71 821
433 823
213 823
895 823
72 824
293 825
926 827
92 828
606 828
207 831
165 832
493 832
266 833
731 834
129 834
269 837
7 839
452 840
331 842
88 845
170 847
930 848
696 848
288 849
603 853
979 853
755 853
107 856
710 856
368 856
79 856
131 857
818 859
426 860
69 860
748 860
349 862
783 862
460 864
224 864
941 867
909 867
438 869
988 869
858 875
945 875
101 876
303 876
507 877
651 877
140 878
518 879
102 880
539 880
625 881
722 885
524 886
233 891
432 893
80 895
767 896
909 896
701 896
848 897
54 900
18 902
433 903
385 905
877 905
711 906
524 906
464 907
479 907
682 908
339 908
436 908
791 908
746 912
110 912
334 917
310 917
42 918
878 919
753 921
883 922
194 923
200 925
244 927
876 927
957 928
536 929
397 930
634 931
320 931
463 932
983 932
326 934
799 934
173 935
498 935
134 935
614 935
121 936
361 937
306 940
532 941
13 942
617 942
846 944
863 946
226 947
347 947
436 948
981 948
618 949
792 949
762 949
989 951
703 952
989 953
310 955
440 956
566 957
656 958
931 958
954 959
721 961
74 961
146 963
224 965
485 965
527 967
974 968
630 970
6 970
81 971
448 972
448 972
939 972
437 973
919 973
848 974
862 975
921 975
932 975
967 975
620 978
444 980
82 980
431 980
552 981
946 982
414 983
376 984
733 988
260 990
505 990
85 991
431 992
338 993
476 994
799 995
155 995
257 996
578 999
347 1000
