996
526 0
57 1
120 2
333 2
207 2
233 3
436 3
418 4
101 5
184 5
532 5
256 6
259 6
230 6
210 7
305 7
427 7
3 8
360 9
117 9
369 10
412 11
50 11
374 12
109 12
260 12
160 14
192 14
467 15
464 15
270 15
293 16
418 16
442 16
374 17
20 17
261 18
487 19
501 19
344 19
186 19
254 19
304 21
472 21
455 22
295 22
137 23
370 23
10 24
285 24
121 24
79 24
78 24
267 25
199 25
177 25
251 25
514 25
159 25
24 26
426 26
290 26
454 27
395 27
382 27
248 28
320 28
129 29
71 29
273 30
461 30
526 30
13 30
421 30
288 31
395 33
404 33
419 33
354 33
227 35
412 35
80 35
269 35
451 35
98 36
67 36
364 37
334 37
525 37
279 38
31 39
408 39
396 40
382 41
552 42
374 42
39 42
197 43
344 44
310 44
264 44
505 45
75 45
145 46
164 46
173 47
80 47
316 47
441 47
13 48
358 48
459 48
407 48
483 49
557 49
65 50
370 50
214 51
499 52
176 52
364 52
305 52
321 52
293 53
32 53
517 53
484 54
106 54
537 55
540 55
209 56
71 57
35 57
99 57
86 57
29 58
133 58
134 58
542 59
273 59
136 59
273 60
353 60
465 60
217 60
93 61
13 61
178 61
436 61
530 62
446 62
208 63
424 63
222 64
486 64
270 64
272 64
383 65
91 65
13 67
175 67
551 68
210 68
436 69
541 69
480 70
11 70
174 71
3 72
129 72
485 73
103 74
120 74
76 76
88 77
468 77
280 77
17 77
227 78
86 78
64 78
140 78
28 79
532 79
29 79
120 80
89 81
15 81
550 82
393 83
40 83
279 83
106 83
397 83
149 84
9 85
438 86
516 86
478 86
193 86
367 87
13 87
549 88
190 88
295 88
396 88
328 89
218 89
19 90
254 90
183 91
209 91
217 91
362 92
416 92
92 92
290 92
353 92
555 92
36 92
141 93
415 93
264 94
229 94
166 95
130 96
135 96
530 97
492 97
362 97
327 98
92 100
543 100
22 101
514 102
331 102
404 102
212 102
503 103
310 103
61 103
526 104
417 105
282 106
226 106
124 106
72 106
218 106
93 107
158 108
107 108
557 108
484 109
454 109
51 110
322 110
362 110
376 110
306 112
481 112
556 114
166 115
253 115
124 115
459 116
291 116
309 116
542 119
110 120
454 121
535 121
318 121
385 122
30 122
279 123
105 123
373 124
304 125
36 125
338 125
59 125
197 126
366 126
318 127
168 128
210 128
517 128
447 130
462 130
124 130
543 131
402 131
483 132
97 133
264 133
92 134
77 134
211 134
39 134
361 135
99 136
455 136
7 137
459 137
465 137
49 137
552 137
227 137
421 138
95 138
342 139
240 140
419 140
236 140
380 140
97 141
284 141
472 142
165 143
334 144
557 144
438 144
69 144
23 144
401 145
67 145
180 145
332 147
549 147
115 147
212 148
392 149
199 150
107 150
239 150
102 150
182 153
354 153
547 154
466 154
72 154
268 155
537 155
216 156
493 156
73 157
475 157
444 159
195 159
271 159
536 160
53 161
431 163
10 164
187 164
80 164
483 164
132 166
108 167
351 167
375 169
411 169
272 169
227 171
43 171
446 173
101 173
142 173
4 175
555 175
235 176
359 176
404 176
51 176
243 178
323 179
387 179
77 179
51 179
259 179
322 179
253 180
182 180
551 180
320 181
511 181
387 181
509 182
394 183
473 184
429 185
220 185
301 185
297 185
348 186
250 186
467 186
74 187
247 187
20 187
204 187
383 188
547 188
127 189
483 190
226 190
556 190
97 191
82 191
367 192
238 192
228 193
62 194
53 194
427 195
331 195
53 195
79 195
447 196
193 196
23 196
197 197
101 197
95 197
339 198
391 199
347 199
236 200
256 201
404 201
377 202
26 202
539 202
144 203
399 203
86 204
75 205
415 206
84 206
191 206
325 208
530 209
130 209
200 210
372 212
545 213
555 213
273 214
238 214
34 214
484 215
43 216
91 216
112 216
2 217
109 218
392 219
119 219
530 219
490 220
87 220
116 220
178 220
293 221
179 222
310 222
334 222
299 224
460 224
52 224
269 225
414 225
306 226
251 227
387 227
536 228
325 228
40 228
68 228
13 228
448 228
376 229
503 230
159 231
468 232
139 232
279 232
256 232
365 232
249 233
67 233
332 233
222 234
126 234
544 236
322 236
38 237
238 237
251 238
12 239
261 239
20 240
524 240
92 241
540 242
23 243
220 244
438 245
332 245
407 246
292 246
488 247
369 247
246 247
361 248
373 248
149 249
170 250
196 250
522 251
56 251
43 252
147 253
232 254
362 254
105 255
502 256
277 256
442 257
105 257
547 257
325 257
320 257
163 257
531 257
281 258
222 258
393 259
464 260
264 260
49 261
469 261
204 262
166 262
75 263
284 264
320 264
257 264
507 264
214 264
59 264
556 265
71 266
1 268
445 269
285 270
224 270
276 270
320 271
259 272
39 272
19 272
171 272
197 273
340 273
452 273
452 274
461 275
128 275
267 276
73 276
154 277
491 278
258 278
321 278
70 278
228 279
474 279
215 280
258 281
100 281
281 282
254 282
63 283
316 283
168 284
474 284
123 285
76 285
492 285
183 286
50 288
82 288
102 288
25 289
67 290
292 290
311 291
288 292
336 294
231 294
353 295
145 295
191 295
547 296
90 297
429 297
274 297
404 298
365 298
321 298
265 299
519 299
528 300
538 301
341 302
27 303
492 303
211 305
42 307
123 308
319 309
144 309
367 309
307 310
503 311
102 311
522 312
216 312
302 312
444 312
134 315
46 315
332 315
167 317
81 317
62 318
40 318
130 318
334 319
208 319
71 320
98 321
388 321
444 322
158 323
501 323
219 323
366 325
70 325
516 325
78 326
257 326
20 326
450 327
120 327
549 328
532 328
141 328
10 329
302 329
178 329
260 329
451 329
232 329
275 332
147 332
358 332
212 332
85 333
456 333
414 333
433 333
460 335
265 335
288 335
264 336
159 336
311 336
41 336
229 336
542 337
352 337
356 338
221 338
497 339
392 339
458 339
470 339
241 340
407 340
216 340
128 341
454 342
309 343
361 343
520 343
350 344
37 344
73 345
517 345
207 345
273 346
94 347
210 348
520 348
238 348
148 349
344 349
521 349
303 350
432 351
470 351
159 351
344 352
81 352
518 353
141 353
305 354
167 354
310 354
29 355
470 355
380 357
247 358
283 358
20 358
424 359
513 359
321 359
82 359
372 359
251 359
392 360
315 360
203 361
455 361
540 361
130 361
273 361
347 361
197 362
500 362
540 362
499 362
438 364
237 364
319 365
23 365
217 366
239 367
192 367
221 368
4 368
37 369
266 369
453 370
209 370
421 370
474 371
64 371
262 371
220 372
328 372
313 374
470 374
98 374
495 376
63 377
539 377
65 379
236 379
550 379
105 379
130 380
351 380
9 380
384 381
497 381
244 382
183 382
27 382
156 383
314 383
527 384
328 384
187 384
55 384
262 385
415 386
347 386
557 386
201 386
280 386
248 387
196 388
178 390
41 390
367 390
179 391
426 391
375 392
43 392
190 393
90 393
342 394
349 395
442 396
347 396
512 397
42 397
280 397
492 398
357 398
100 399
356 399
338 399
7 399
37 400
514 400
481 401
416 401
367 401
176 402
77 402
74 403
301 404
96 404
176 405
68 405
84 406
234 407
403 408
461 408
201 408
492 408
336 409
328 409
72 409
247 409
276 410
453 410
468 410
199 411
20 411
440 411
423 411
91 412
128 412
38 413
142 414
226 416
501 416
293 416
295 417
11 418
29 419
78 419
160 419
183 420
71 420
160 420
450 420
511 420
272 420
296 421
235 421
470 422
418 423
92 423
292 423
366 425
528 425
184 426
555 427
15 427
174 428
47 428
532 429
151 430
195 430
212 431
458 431
101 431
420 432
378 433
73 433
507 436
438 436
332 436
215 436
269 437
92 437
235 438
536 438
209 440
38 441
298 441
52 442
223 442
260 443
477 444
233 444
466 444
266 445
289 445
142 446
81 446
396 447
65 447
3 448
187 448
124 448
7 449
455 449
463 449
544 450
90 450
304 450
241 450
227 451
307 451
252 451
419 451
434 452
526 452
367 452
326 456
316 456
85 456
286 456
209 457
33 457
352 457
289 458
8 459
188 459
191 460
111 460
170 460
428 460
208 461
227 461
52 461
222 461
405 461
473 461
543 462
114 462
468 462
76 463
216 463
23 464
170 464
307 464
521 464
134 465
267 466
233 466
550 467
420 468
39 468
486 468
309 468
467 468
104 468
119 469
190 470
540 470
103 472
142 472
288 472
321 472
161 472
120 474
76 474
311 474
398 475
302 475
18 475
243 476
90 476
459 476
349 476
483 477
144 477
159 478
515 478
43 480
325 480
383 480
143 480
481 480
401 480
367 480
334 481
