461
115 3
15 6
962 10
871 11
690 12
649 14
58 18
850 18
61 18
22 19
803 24
161 25
595 30
959 30
110 32
435 33
379 35
831 36
830 37
956 37
579 40
515 42
928 45
852 46
192 49
477 58
185 61
841 61
529 65
499 66
287 66
946 67
981 76
794 82
258 89
366 90
283 90
440 90
280 91
855 95
735 97
606 100
317 100
767 101
514 101
549 101
630 107
736 108
157 108
205 108
869 111
726 114
999 116
509 119
134 125
522 125
685 128
412 129
793 135
149 137
570 137
572 137
374 137
543 145
785 145
823 149
246 150
270 152
996 154
832 156
29 158
804 162
823 164
792 165
597 166
137 167
530 169
47 171
671 174
738 174
396 175
615 180
635 181
80 182
807 183
893 183
247 184
421 190
189 193
700 193
69 201
881 203
882 203
848 203
819 204
426 206
542 210
906 220
646 222
149 223
83 223
375 224
815 226
682 227
219 227
439 228
450 232
750 232
485 235
724 238
635 244
824 245
630 246
561 247
938 247
359 250
641 250
11 252
371 253
280 254
93 259
645 261
684 269
850 274
232 275
516 277
913 279
545 285
248 285
64 287
990 287
916 291
102 291
473 292
754 293
956 296
835 297
265 299
366 299
370 301
818 302
631 303
543 305
79 305
814 308
793 313
834 318
43 324
79 326
696 328
978 329
609 329
48 339
531 339
596 341
166 341
430 341
424 346
413 348
846 348
123 349
548 354
312 356
468 356
786 358
620 361
433 362
63 363
257 364
945 364
706 364
757 366
680 368
791 373
801 373
76 374
436 377
508 377
118 382
699 386
378 391
288 397
883 398
942 400
796 401
988 406
312 406
155 407
497 407
733 409
811 409
771 411
146 417
253 417
921 419
835 422
123 429
775 429
315 430
637 435
477 436
37 438
672 438
266 439
111 439
392 439
657 440
424 447
545 447
211 454
852 456
340 456
175 457
837 458
457 460
701 464
35 466
28 466
781 471
88 476
745 478
58 480
174 481
263 483
12 484
212 490
556 491
564 491
636 491
885 493
20 495
411 497
423 500
476 501
355 507
672 508
746 513
791 515
228 517
144 519
284 521
195 526
603 529
662 529
42 532
333 534
228 535
104 540
72 543
10 543
827 544
553 545
68 546
845 549
422 549
731 549
380 552
552 554
655 555
588 566
430 568
171 569
232 570
218 575
889 576
809 580
734 580
597 580
97 581
761 582
890 582
908 583
324 590
23 590
783 595
125 596
525 598
660 598
504 600
593 600
348 602
280 605
502 606
506 622
956 624
20 624
895 626
57 628
427 629
830 632
629 634
966 640
593 640
989 644
82 650
285 652
630 658
667 660
589 661
425 662
527 664
184 665
922 665
713 668
17 670
672 673
46 674
101 676
57 677
279 678
100 679
859 681
102 685
924 690
390 692
942 693
545 694
592 696
279 696
45 697
961 700
519 702
222 704
444 705
400 707
993 707
622 710
772 710
902 711
854 712
624 715
617 719
15 720
282 721
420 723
999 729
561 731
337 732
805 732
1000 733
353 733
981 734
683 737
954 738
453 739
719 744
623 744
792 745
701 746
842 747
93 751
980 752
444 752
546 756
343 756
989 756
23 757
821 757
457 758
517 758
449 758
58 763
808 765
851 765
330 769
506 769
492 771
506 771
174 773
846 773
638 773
738 774
869 779
507 780
802 781
518 785
922 787
502 795
195 795
658 795
287 797
115 798
278 798
762 800
593 800
511 801
6 803
733 805
748 806
375 806
483 808
156 814
120 815
49 817
209 820
265 823
346 827
340 827
965 828
585 828
580 833
918 833
130 836
360 839
604 844
440 851
180 851
557 856
180 857
582 860
44 864
659 868
791 875
320 878
443 879
924 884
166 891
482 892
125 895
622 900
822 900
652 901
653 902
570 903
550 906
228 907
434 908
833 908
280 912
155 917
960 920
936 923
74 923
776 925
849 926
650 927
629 928
666 930
505 935
480 936
331 942
685 943
421 952
165 954
790 954
579 955
983 956
404 961
99 967
397 968
455 978
856 980
98 982
57 983
961 984
718 985
393 986
211 989
967 990
434 994
969 997
