1000
922 0
347 0
624 0
143 1
69 2
472 2
155 2
377 3
448 6
463 6
311 7
192 7
436 9
326 11
39 12
248 14
599 16
247 18
729 19
851 19
415 21
847 22
80 22
652 22
340 24
204 24
388 24
975 24
298 29
732 32
813 32
446 33
617 34
286 34
499 35
208 36
708 36
434 37
972 37
559 37
80 37
288 39
151 40
742 40
656 41
2 41
25 42
469 43
570 43
567 43
513 44
638 45
510 46
536 46
577 48
330 49
863 49
963 49
173 50
697 50
171 52
556 54
866 54
810 55
729 55
254 55
190 56
631 59
572 61
786 61
162 61
580 63
399 63
809 63
804 63
474 64
968 65
951 65
289 66
989 66
522 67
789 67
939 67
587 68
123 70
509 71
61 71
687 73
751 75
384 77
867 77
391 77
355 78
98 78
4 81
23 81
317 82
228 82
728 82
356 84
158 87
710 90
548 91
218 92
911 92
165 92
146 93
235 95
113 96
552 96
4 97
532 98
568 99
115 100
782 101
830 101
147 102
672 102
532 103
880 104
335 104
245 106
188 106
75 106
495 107
857 109
880 109
344 109
768 111
105 111
913 113
843 113
48 117
528 120
590 120
156 120
559 122
303 123
130 125
412 126
488 127
154 127
296 130
144 131
878 132
295 133
18 133
955 134
821 135
485 137
550 137
948 138
533 140
280 141
49 141
701 142
687 142
569 143
499 146
474 147
88 147
174 150
564 150
95 150
79 151
759 151
397 152
673 155
164 157
89 157
480 157
919 158
755 158
838 159
314 160
791 160
143 166
784 167
528 167
62 167
834 169
275 174
209 177
701 178
955 179
141 179
228 179
535 182
47 184
635 185
187 187
280 187
600 190
478 191
277 193
520 193
609 194
960 194
922 195
238 196
137 198
929 198
82 199
958 199
641 201
947 201
462 201
924 202
137 203
159 204
758 204
228 205
297 205
895 205
585 205
950 206
175 207
394 207
594 209
276 211
644 212
445 213
772 214
334 217
606 218
519 219
561 221
225 221
518 222
950 223
103 224
921 225
651 225
552 225
840 227
379 227
49 228
302 228
4 228
649 229
861 229
596 230
93 231
657 231
780 233
869 233
975 234
686 235
911 237
759 239
121 242
957 242
920 242
559 243
881 244
145 244
891 244
91 246
253 247
673 248
590 250
395 250
744 251
325 252
97 252
68 253
681 255
654 255
868 256
539 256
324 259
735 259
984 260
961 260
235 262
231 263
156 264
219 264
757 265
470 265
85 265
68 266
829 266
927 267
920 267
104 270
739 270
914 272
909 272
996 274
515 274
353 274
957 274
46 277
327 277
665 277
156 278
483 281
894 282
681 282
735 283
64 284
898 286
360 289
264 289
810 291
663 291
931 292
931 294
888 294
291 294
864 295
41 296
715 299
195 300
794 300
141 300
931 300
628 300
328 302
75 302
868 303
64 304
360 306
497 308
974 309
858 309
97 310
151 310
379 311
610 311
511 312
390 312
222 316
318 318
738 318
898 319
278 319
623 320
203 321
938 322
340 324
908 324
366 324
123 325
620 325
716 326
569 328
105 328
933 332
534 332
349 333
268 334
137 334
482 334
351 335
188 336
552 336
289 337
824 337
828 340
550 340
890 341
235 342
137 342
175 343
752 343
889 344
328 345
959 345
750 346
577 347
436 349
217 350
711 351
675 351
516 352
62 354
246 355
38 357
414 358
413 359
770 361
687 361
368 361
205 362
763 364
694 364
523 365
608 366
752 368
9 368
571 368
228 368
769 369
511 369
967 370
222 370
915 371
214 372
29 377
188 377
69 380
551 381
564 382
746 386
62 388
718 392
329 393
253 393
926 397
492 398
967 398
297 399
882 401
164 402
134 403
25 404
942 405
183 406
598 407
734 407
64 408
252 409
788 409
893 411
167 412
655 412
221 414
356 415
854 415
352 416
265 417
29 419
624 419
707 419
362 420
61 420
273 422
781 424
814 424
495 425
180 426
726 427
457 430
32 431
677 433
228 433
808 434
712 435
708 435
841 435
587 436
180 441
674 443
795 443
204 444
850 444
925 445
503 445
987 446
394 447
922 447
266 448
363 450
84 450
674 451
769 454
534 454
324 456
18 456
313 458
950 459
720 459
510 460
180 460
685 461
178 462
478 467
460 467
115 469
801 470
1 470
176 472
355 474
849 477
526 479
128 479
167 479
10 480
654 480
359 485
125 486
481 487
301 487
525 487
657 488
239 490
967 491
868 491
639 493
366 495
585 496
919 498
175 498
241 500
785 501
629 501
267 502
467 503
931 503
417 504
371 505
741 511
649 511
71 513
429 515
180 516
852 517
72 519
345 519
456 520
269 524
641 526
938 526
259 526
768 527
987 527
854 529
383 532
192 534
136 534
76 534
369 538
822 540
845 541
655 542
169 543
198 543
675 543
227 544
962 545
318 546
717 547
773 551
274 551
493 552
793 552
511 553
842 554
578 555
745 555
333 556
956 556
254 556
917 557
430 557
341 558
802 558
79 560
548 560
868 560
460 561
382 561
884 563
711 563
230 563
952 566
589 566
529 566
455 567
150 567
762 569
62 569
957 569
748 570
278 570
555 571
936 572
911 574
366 575
581 575
852 577
389 577
754 577
495 579
372 580
570 581
817 581
512 581
936 582
356 582
187 583
329 587
153 588
271 588
767 588
342 590
1000 590
830 591
562 591
993 594
362 594
294 597
71 598
208 598
139 599
152 602
859 603
253 605
1 607
929 609
329 609
464 609
921 610
838 610
543 611
730 611
338 612
392 615
930 615
63 615
687 617
926 617
210 617
264 622
225 622
407 623
150 624
820 625
68 630
871 632
509 632
481 632
979 633
940 636
484 637
344 637
633 638
5 639
697 639
97 639
709 640
368 640
304 641
418 641
19 641
312 641
529 642
422 645
431 650
148 651
299 652
309 652
711 653
532 654
949 656
945 657
56 658
590 659
698 659
250 660
981 663
559 664
517 664
182 665
129 665
642 665
335 666
899 667
42 676
869 677
757 678
750 678
430 678
77 679
701 683
364 683
787 684
988 684
978 685
812 685
236 685
319 687
988 689
845 690
357 692
858 692
121 692
245 697
920 699
279 699
672 700
242 700
646 700
674 702
359 702
113 702
577 703
590 704
180 705
759 706
873 706
909 706
763 707
414 710
46 710
678 712
616 713
605 713
938 714
4 715
594 716
413 716
617 717
304 717
616 717
855 718
795 719
602 720
688 721
651 721
771 721
169 723
404 723
613 723
163 725
243 725
191 726
22 726
224 727
364 727
154 728
701 728
510 729
83 730
748 731
644 731
6 731
841 732
84 734
341 736
822 736
844 736
415 737
335 739
957 739
110 740
943 741
206 741
447 741
514 741
540 742
646 742
528 743
866 743
180 745
380 746
604 747
307 748
909 750
535 752
979 752
726 753
275 753
736 754
567 755
20 758
565 759
747 759
281 761
526 761
352 762
1000 763
865 764
894 764
466 765
597 765
700 766
198 767
573 768
92 769
482 769
805 771
660 772
615 774
974 775
658 775
126 775
490 778
370 779
474 779
90 782
184 782
818 783
455 783
868 784
920 785
98 785
229 786
244 786
602 786
767 788
597 790
539 791
260 793
329 793
191 793
951 794
183 796
282 797
205 797
974 799
55 801
357 804
756 805
349 807
330 807
561 808
81 809
670 810
102 810
18 812
971 814
528 815
456 815
154 816
646 817
713 817
992 817
486 818
815 819
403 819
12 822
355 823
517 824
764 825
521 826
233 826
452 827
394 829
838 829
802 829
591 830
16 836
124 837
492 839
769 839
935 841
856 841
559 842
852 843
808 844
513 846
451 847
673 850
689 850
496 851
264 852
686 852
889 853
325 853
4 853
350 854
545 854
456 856
523 856
23 857
175 857
579 858
562 861
608 862
7 863
266 864
279 866
29 866
982 867
881 868
5 868
61 874
260 875
726 878
787 882
602 885
200 886
882 889
561 890
108 891
479 891
463 894
281 895
922 895
774 895
844 895
818 896
547 897
323 897
244 897
507 900
893 901
459 903
537 903
162 903
854 905
734 906
719 909
876 910
733 912
689 913
469 913
568 915
895 916
17 916
37 917
939 917
949 918
531 918
706 918
807 920
429 921
87 922
312 922
932 923
144 924
51 924
825 928
981 930
229 932
64 933
597 935
886 935
460 936
562 936
699 937
563 939
593 939
324 939
438 946
364 947
401 948
402 949
861 952
307 952
408 953
757 954
190 954
809 955
124 955
177 956
896 957
98 957
757 958
6 959
860 960
131 960
757 963
243 964
651 964
119 965
343 965
808 965
955 966
359 966
435 966
550 970
695 973
483 973
599 973
885 974
113 974
949 975
325 975
381 975
873 976
487 976
618 978
850 978
282 979
100 980
862 982
226 982
194 982
425 984
804 984
225 985
335 985
47 986
70 986
114 988
882 989
722 990
819 990
387 991
709 991
373 992
26 994
628 994
378 994
913 996
703 999
