685
735 0
924 3
167 4
827 4
457 14
923 14
869 15
149 16
799 16
66 19
745 20
739 24
879 26
277 26
651 27
929 28
265 31
596 31
147 31
169 32
554 34
886 34
949 35
727 36
181 38
217 39
296 39
945 39
898 39
183 40
945 42
229 43
311 44
911 47
798 48
65 49
861 56
326 57
44 57
674 58
960 59
833 61
34 61
551 63
674 64
181 64
281 68
139 69
763 71
629 74
1000 80
815 82
530 82
296 83
984 84
511 84
63 87
319 88
613 89
388 90
857 91
356 92
621 93
372 97
171 97
187 99
93 102
420 103
179 103
421 103
400 104
665 106
579 106
679 107
831 107
360 109
8 111
159 114
305 115
791 118
159 122
545 123
670 124
450 124
90 126
301 127
161 127
752 128
168 129
581 129
570 132
972 132
554 133
760 139
562 140
906 141
61 142
698 143
8 145
889 148
661 148
922 149
123 152
770 152
284 153
356 153
844 156
55 157
430 157
510 162
627 163
84 164
22 165
688 165
258 168
272 168
372 169
469 169
866 170
494 171
247 174
473 176
332 177
519 180
630 180
734 182
537 183
695 184
926 186
516 189
341 193
557 193
569 194
864 195
541 195
947 195
432 197
482 199
338 206
796 208
30 208
605 209
343 209
819 217
847 225
946 225
154 225
764 226
828 228
541 235
72 236
441 237
852 238
267 239
20 240
60 242
450 242
956 243
50 244
6 246
191 248
289 250
423 250
689 253
347 255
343 257
659 258
855 258
139 258
130 258
426 263
174 263
54 264
238 266
895 266
622 267
330 270
889 270
78 273
870 275
20 279
38 280
591 283
105 283
114 284
768 287
241 289
988 289
662 292
52 293
617 295
504 296
364 298
550 300
686 302
68 302
743 302
102 303
719 303
458 305
270 305
909 307
970 310
672 310
263 314
575 316
111 318
785 324
4 326
684 327
433 329
784 329
425 330
286 332
895 332
869 333
676 333
187 334
371 334
855 335
530 336
142 336
769 336
580 338
610 338
561 341
681 342
773 342
32 342
736 342
645 345
628 347
264 348
770 348
392 351
998 351
978 352
374 354
867 355
565 356
247 357
36 357
142 358
269 359
385 362
204 362
792 364
345 365
294 366
621 366
419 367
28 368
689 368
770 369
361 369
705 371
726 372
707 372
17 374
537 376
984 378
744 381
360 382
732 387
918 387
616 390
604 392
864 393
996 397
207 398
373 399
896 399
986 400
49 401
18 404
112 405
419 407
77 408
352 409
272 409
167 410
155 410
254 411
327 411
773 412
831 413
688 415
962 415
787 415
400 417
595 417
321 420
838 421
57 421
878 422
545 422
356 427
813 428
992 429
999 430
99 432
138 434
869 434
321 434
66 434
99 436
64 437
735 439
934 440
456 441
200 443
28 445
537 445
231 446
450 449
268 453
533 454
492 454
468 454
697 457
311 458
734 458
297 460
133 460
738 461
198 462
608 462
949 463
8 464
479 464
99 464
664 465
548 465
174 466
675 466
753 470
527 471
577 473
509 478
155 481
429 481
313 483
28 483
914 484
781 485
177 485
428 487
793 489
339 489
631 489
231 490
718 492
242 493
966 494
208 495
922 495
326 495
799 501
392 502
363 503
490 504
748 506
167 508
318 509
48 514
746 514
576 515
864 516
397 517
323 518
673 519
171 520
628 521
753 521
578 522
652 525
819 526
977 529
510 530
286 530
659 531
745 532
967 532
908 533
714 533
225 535
23 543
77 543
671 544
995 546
885 547
793 548
277 548
306 549
941 549
857 552
400 553
840 554
778 557
722 559
786 561
642 562
716 563
532 564
212 564
787 564
339 566
504 566
642 566
568 567
137 568
509 568
220 571
436 574
509 575
720 575
839 575
342 577
68 579
237 580
189 582
14 583
196 587
955 587
912 588
337 589
435 590
358 592
467 593
234 600
842 601
747 607
679 607
694 607
717 607
395 610
808 613
940 614
196 614
716 615
925 615
171 615
130 617
914 618
974 618
888 620
376 621
224 621
411 622
16 625
70 626
888 627
639 627
933 629
596 629
303 629
342 631
531 635
419 636
404 636
291 636
789 637
741 638
683 640
530 641
331 642
755 642
174 643
123 644
239 645
737 648
690 648
317 648
750 649
664 649
307 652
597 654
110 655
317 655
806 656
180 656
138 656
163 657
847 661
993 661
477 664
248 665
230 667
215 668
353 671
512 672
359 675
520 677
440 681
862 682
571 684
104 684
876 685
740 685
281 685
638 688
588 689
539 689
916 691
92 692
307 694
48 695
426 695
870 698
72 700
942 700
891 700
299 706
479 706
440 706
202 707
447 708
491 710
474 711
443 711
115 713
864 715
684 718
153 718
237 718
727 718
317 718
206 718
279 719
288 721
571 723
275 724
847 726
338 727
440 727
98 728
503 731
247 731
37 731
992 732
327 733
795 733
83 734
657 735
700 737
92 739
830 742
792 743
929 745
791 746
856 746
841 748
272 748
936 753
141 754
932 756
70 758
925 760
298 761
388 765
911 767
356 768
919 768
380 769
307 773
32 778
894 781
37 782
417 783
158 784
381 784
276 784
375 787
96 792
971 792
94 795
332 801
1000 804
332 805
472 805
586 806
121 806
416 807
962 807
454 808
137 810
488 811
727 812
793 813
133 815
560 821
491 821
111 825
511 827
689 827
998 829
217 829
69 831
23 833
703 836
700 837
337 843
402 843
765 844
902 845
664 846
692 846
583 848
675 850
115 853
939 862
638 863
646 863
285 866
787 868
230 869
317 872
786 872
756 876
506 877
188 878
772 879
923 882
648 887
894 890
329 890
622 890
640 895
440 895
387 895
38 895
232 897
718 899
223 901
176 907
144 908
471 908
979 910
127 910
251 910
338 912
505 915
304 916
485 918
919 918
487 920
396 924
716 926
768 927
868 927
286 929
544 929
240 933
893 935
610 939
401 941
265 942
50 944
970 947
305 948
492 949
267 950
935 951
312 952
86 953
12 958
995 959
416 961
79 962
212 963
689 963
693 965
532 969
705 970
767 970
38 976
294 979
501 981
382 981
199 981
298 982
142 987
271 988
748 995
614 996
