844
28 0
16 0
49 1
36 1
49 2
37 2
51 2
18 2
23 2
57 2
2 3
63 3
22 3
57 4
4 4
49 4
46 4
58 4
34 5
40 5
30 5
57 5
31 5
28 6
61 6
8 6
66 6
3 7
47 7
16 8
34 8
20 9
52 9
71 9
44 9
50 11
43 12
18 12
57 12
54 14
26 14
11 14
6 14
45 15
67 15
23 16
8 16
10 16
44 17
54 17
50 17
41 17
28 18
31 18
23 18
39 19
60 19
20 19
46 19
64 20
36 20
17 20
38 20
5 20
10 21
61 21
8 21
38 22
31 22
22 22
18 22
41 23
30 23
67 24
61 25
55 26
16 26
19 26
2 27
65 27
57 27
5 28
35 28
21 28
44 28
42 28
30 29
5 29
23 29
34 29
53 30
18 31
27 32
59 32
2 33
28 33
45 33
36 33
33 34
2 34
57 34
38 34
58 34
27 35
43 35
71 35
51 36
67 36
53 37
8 37
31 37
7 37
51 37
50 39
66 39
42 40
62 40
56 40
45 40
26 40
10 40
62 41
52 41
59 41
24 41
66 41
6 42
71 42
40 42
41 42
33 43
69 43
52 43
71 43
3 44
44 44
15 45
72 45
38 45
70 45
7 46
37 46
27 46
6 46
6 47
34 47
7 47
69 47
9 48
9 48
72 49
36 49
69 49
17 49
46 49
30 50
26 50
10 50
3 51
10 51
40 51
70 51
8 51
52 52
65 52
29 52
70 52
16 52
48 52
9 52
41 52
72 53
14 53
47 54
21 54
44 54
14 54
36 55
59 55
54 55
40 55
21 56
44 56
55 56
16 57
34 58
72 58
44 59
32 60
72 61
64 62
70 62
72 63
39 63
23 64
53 64
63 65
23 65
45 66
25 66
8 67
32 67
35 67
43 68
70 68
56 68
27 68
29 68
65 68
38 69
65 69
68 69
30 70
27 71
43 72
62 72
48 72
56 73
11 74
49 74
62 75
58 76
6 76
19 76
36 76
71 77
10 77
53 77
36 77
52 78
27 78
30 79
34 79
26 79
15 80
19 80
37 80
59 80
39 80
64 81
57 81
14 81
60 82
48 82
51 82
12 83
6 84
50 84
52 85
60 85
3 85
36 86
40 86
26 86
57 86
46 86
22 87
63 88
64 88
35 88
31 89
13 89
24 90
24 90
16 90
66 90
65 91
63 92
40 94
39 95
59 95
36 96
69 96
5 97
15 97
17 97
40 97
16 97
20 97
49 97
61 98
49 98
57 99
65 99
53 100
1 100
62 101
15 101
21 101
32 101
11 101
21 102
19 103
51 104
20 104
54 104
48 105
16 106
36 106
29 106
34 107
12 107
3 108
62 108
54 109
58 109
29 110
71 111
23 112
54 112
27 112
33 112
72 112
67 112
47 112
2 112
40 112
22 113
46 113
56 113
51 113
45 115
47 116
63 116
35 116
71 116
35 117
49 117
25 117
20 118
38 118
48 120
72 120
42 120
58 120
4 120
46 121
26 121
71 122
1 122
64 122
62 122
31 123
61 124
69 125
17 125
56 126
37 126
15 126
56 126
31 126
56 127
9 127
35 127
49 127
48 127
12 128
48 128
1 128
63 129
69 129
27 129
47 129
58 130
53 131
70 131
13 131
8 131
8 131
69 132
30 132
43 133
61 133
25 133
23 134
61 134
32 134
71 134
41 134
22 135
58 135
22 135
16 135
2 135
39 135
30 136
69 137
38 137
4 137
36 137
49 138
24 138
41 138
35 138
38 138
47 139
67 139
48 139
50 139
11 139
6 139
33 139
21 139
60 140
53 140
8 141
61 141
19 141
56 142
65 142
63 142
48 143
15 143
68 143
2 144
66 144
34 144
30 145
41 145
56 145
54 146
63 146
20 146
57 146
11 146
54 147
25 147
55 147
25 149
41 149
66 150
57 150
42 150
37 150
31 151
11 152
15 152
12 152
43 152
27 152
8 152
62 153
48 153
45 154
66 154
4 155
59 155
57 155
55 155
52 157
13 157
38 157
62 157
57 158
53 158
25 159
29 159
59 159
60 159
46 159
25 160
27 160
53 160
29 160
1 160
13 161
59 161
18 161
29 161
17 162
47 162
22 162
70 162
58 163
15 163
32 164
62 164
38 164
8 165
21 165
38 166
34 167
49 168
42 168
70 168
15 169
61 169
5 169
69 169
68 169
71 170
58 170
14 170
5 170
3 171
40 171
5 171
47 172
71 172
64 173
33 173
11 173
46 173
46 174
56 174
62 175
18 175
19 175
63 176
22 176
1 176
31 176
13 177
50 177
43 177
30 179
54 179
21 179
17 179
13 179
63 180
22 181
62 181
33 182
1 182
63 183
12 183
25 183
68 184
54 184
26 184
29 184
63 185
36 186
28 187
9 188
56 189
29 189
51 189
35 189
34 190
70 190
12 190
13 190
9 190
62 191
61 192
41 193
64 193
40 193
26 193
59 193
49 193
57 194
16 194
60 194
41 195
23 195
47 195
35 196
51 197
70 198
20 198
33 199
22 199
33 199
45 200
70 200
11 200
16 200
27 200
47 201
16 201
16 201
10 201
69 201
43 202
64 204
32 204
38 205
9 205
46 205
11 206
24 206
64 206
42 206
34 207
15 207
42 208
1 208
56 208
50 208
41 208
38 209
47 209
50 209
48 210
67 210
11 211
15 211
31 212
23 212
20 213
25 214
71 214
29 214
16 214
16 215
27 215
12 215
34 215
66 215
32 216
39 216
52 217
50 218
47 218
35 219
6 219
25 220
25 220
3 220
19 221
14 221
66 221
72 221
65 221
37 222
40 222
62 223
70 223
71 224
68 224
35 224
20 226
72 226
22 226
38 226
32 227
26 227
12 227
47 227
57 227
64 228
25 228
29 228
61 229
56 230
2 230
28 230
36 230
5 230
43 230
66 230
64 230
48 230
10 230
54 231
32 231
60 231
15 231
53 232
70 232
40 233
59 233
28 233
30 234
23 234
38 235
31 235
9 235
6 235
30 236
28 236
29 236
5 236
69 236
71 238
7 238
5 239
21 239
48 239
60 240
43 241
48 241
35 241
52 242
17 242
41 242
20 242
31 243
10 244
2 246
8 246
30 247
60 247
57 248
18 248
25 248
55 249
23 249
22 249
64 249
7 249
3 249
20 250
30 250
59 251
10 251
20 252
13 252
27 252
43 253
31 253
61 253
26 253
68 254
41 254
37 254
20 254
35 255
30 255
65 255
51 255
33 257
47 257
15 258
35 258
70 258
1 258
63 260
42 260
15 262
67 263
61 263
71 263
26 263
38 264
68 264
35 264
61 264
21 264
40 264
13 264
67 264
2 265
7 265
62 265
70 266
67 266
13 266
12 266
70 267
35 267
55 268
68 268
10 269
55 269
26 270
64 271
65 271
63 271
46 271
66 271
35 272
41 272
32 273
52 273
64 273
12 274
17 274
60 274
69 274
13 275
7 275
31 276
68 276
64 276
64 277
27 277
4 278
66 278
69 279
31 280
10 280
36 281
18 281
67 281
55 282
62 282
48 282
17 282
8 282
61 282
26 283
41 283
54 284
59 284
23 284
6 284
63 286
31 286
68 287
57 288
43 288
43 288
57 289
41 289
3 290
69 290
21 290
30 290
22 290
53 292
15 292
31 292
32 292
27 293
4 293
64 293
57 293
30 293
59 293
22 294
52 294
59 295
6 295
72 295
18 295
26 295
42 296
21 296
61 297
66 298
64 298
3 298
33 299
22 299
19 301
21 301
64 302
46 302
15 302
37 302
