1000
731 2
292 5
996 7
584 8
285 8
509 12
480 13
909 14
926 14
335 15
648 18
257 19
111 20
257 23
842 23
744 24
685 25
648 26
156 28
781 28
76 28
18 30
711 30
591 31
610 31
365 33
1000 34
901 34
323 35
269 36
437 37
333 38
545 39
438 42
370 43
182 43
192 43
971 45
799 45
605 50
71 52
851 56
866 56
396 58
95 59
199 59
930 60
572 61
666 61
94 62
332 63
432 63
975 65
54 65
655 66
125 66
836 67
65 68
876 69
560 69
41 70
107 71
1 71
327 71
781 71
760 74
155 75
43 76
933 76
13 76
542 77
663 77
452 78
254 80
336 82
607 86
703 87
787 87
92 89
23 89
251 91
420 96
632 96
461 99
414 100
247 101
611 103
557 103
437 105
778 106
261 109
573 110
442 110
376 110
595 111
499 111
344 112
493 112
709 112
806 113
196 114
252 114
70 115
770 116
342 117
159 117
506 119
712 119
126 124
720 124
477 125
546 126
578 126
774 127
842 128
320 129
601 129
65 133
252 133
786 134
762 137
670 137
771 140
12 141
976 142
550 144
436 144
263 145
622 146
75 146
385 148
26 148
726 149
535 149
329 151
281 152
244 152
386 152
282 154
669 154
641 154
799 155
21 160
117 160
696 162
337 162
434 165
873 166
178 166
855 166
475 167
916 167
256 168
737 168
246 171
572 171
958 171
787 172
326 173
401 173
333 173
429 176
43 176
610 176
887 182
169 182
321 182
686 183
604 184
913 184
850 185
466 186
149 187
947 188
589 189
714 190
80 190
194 191
941 192
928 193
501 193
266 194
32 194
102 195
128 196
836 196
876 198
772 200
306 201
561 202
834 203
7 204
780 204
437 207
990 207
713 208
480 208
548 210
84 210
791 211
679 211
583 212
672 212
136 213
128 213
124 214
225 216
313 216
176 218
785 219
166 220
298 223
834 223
406 226
902 227
863 227
724 229
99 230
233 231
17 233
454 233
243 233
568 234
545 235
360 235
988 236
430 236
426 236
132 237
238 237
89 237
940 238
465 238
332 239
45 239
33 240
980 241
109 242
942 243
236 243
947 243
190 244
614 245
559 246
333 247
744 248
672 248
770 249
489 250
814 252
73 254
509 256
404 257
959 260
708 260
518 261
558 261
55 261
576 263
60 264
436 266
842 266
563 267
699 269
965 270
881 270
449 270
450 272
665 273
80 273
86 273
85 274
882 276
915 276
251 276
348 277
476 278
50 279
572 279
859 280
182 280
12 281
164 282
878 282
87 282
629 283
992 286
480 287
749 290
41 291
938 292
931 292
209 293
277 294
139 294
40 295
718 297
843 298
723 298
361 299
401 300
134 300
66 300
520 303
658 303
970 303
470 304
892 305
357 306
198 307
937 308
683 312
215 314
817 315
362 316
190 317
70 317
474 317
57 318
622 318
668 319
994 319
57 320
944 321
412 322
566 322
877 323
971 324
963 324
109 325
836 326
889 326
315 327
541 328
468 330
525 331
560 333
922 334
951 336
963 337
957 338
728 338
528 338
956 339
464 339
119 339
340 339
905 340
330 343
917 344
947 344
945 346
371 346
964 347
2 347
384 348
613 354
412 356
660 356
232 360
543 361
594 361
750 363
989 363
462 363
447 364
611 365
593 366
246 369
351 369
984 369
115 370
270 370
168 370
314 372
167 374
441 378
828 379
916 379
475 380
869 382
779 382
322 383
383 383
716 383
842 384
778 386
579 386
155 387
354 387
353 388
362 388
907 388
294 389
100 390
982 393
926 395
529 396
287 397
104 397
310 398
838 400
848 402
238 403
623 405
983 405
470 406
546 408
396 408
653 409
515 409
856 410
281 410
600 411
444 412
446 414
768 415
706 415
781 415
992 416
962 416
956 417
500 418
453 419
418 419
942 421
46 422
933 425
34 426
409 427
195 428
572 429
18 429
942 430
456 430
259 431
375 432
176 434
250 434
84 435
368 436
790 437
81 438
177 438
69 438
503 439
622 440
780 440
722 441
970 442
217 447
603 447
959 449
445 449
981 450
832 450
569 451
602 451
304 451
761 453
428 453
822 456
857 457
779 459
229 460
988 460
841 463
7 465
723 465
416 467
594 472
365 473
317 474
426 474
589 475
245 480
993 480
481 481
126 482
585 484
318 485
233 486
973 488
902 488
676 489
845 491
45 491
949 492
695 493
746 493
140 496
755 497
347 498
521 499
7 499
231 501
761 502
177 502
30 502
85 502
964 505
339 505
577 506
321 506
985 507
261 508
78 510
903 510
675 511
416 511
640 513
448 515
523 518
848 518
702 519
244 520
775 521
238 521
267 522
288 528
481 530
404 530
842 532
666 534
73 535
705 536
382 536
508 537
547 537
741 538
169 538
102 539
263 539
617 542
818 542
393 543
948 544
205 544
900 548
691 549
471 550
733 553
430 555
143 557
566 557
781 559
2 560
970 561
249 562
950 564
779 564
640 566
736 566
337 569
193 569
866 570
391 571
129 575
804 577
15 578
383 580
171 581
987 582
261 583
633 583
27 583
796 583
357 584
690 584
892 586
998 588
780 588
564 591
657 592
29 594
749 595
957 595
411 596
215 596
815 597
299 598
760 599
422 600
906 601
337 601
434 603
954 603
138 604
925 606
992 610
80 612
729 612
107 613
970 614
225 614
266 615
433 616
133 616
459 617
714 618
630 618
461 619
235 620
293 621
19 622
144 622
989 624
307 624
401 625
921 625
296 627
778 627
68 627
358 628
604 628
405 629
311 630
789 630
637 630
203 631
933 631
454 631
547 631
583 636
631 637
8 637
3 638
784 638
958 639
448 643
657 643
706 645
564 646
625 647
623 648
992 648
460 650
741 652
885 652
511 654
866 654
898 655
831 656
873 657
430 658
173 658
515 658
195 660
218 661
468 661
385 661
448 662
341 662
737 665
725 666
146 666
727 667
791 668
837 669
498 669
418 671
462 672
763 673
736 673
669 675
65 676
300 678
155 679
754 680
667 681
469 681
800 682
668 683
505 686
73 686
655 690
1 690
687 691
694 692
196 695
397 697
679 699
688 701
91 701
481 701
583 702
838 704
543 704
603 704
712 705
888 707
318 708
234 708
257 709
905 711
488 712
533 713
919 713
524 715
747 716
592 717
563 717
749 717
614 719
224 721
365 721
962 722
517 726
494 727
949 730
168 730
272 731
715 734
177 735
167 735
888 737
496 737
865 738
784 738
726 738
984 739
41 739
798 741
346 742
134 742
734 742
751 743
917 743
744 745
709 746
501 748
581 750
490 752
181 755
66 755
498 756
567 756
876 759
550 759
153 759
3 760
388 760
645 767
965 768
634 769
933 769
794 769
81 770
430 771
374 771
455 773
901 773
751 773
327 775
204 775
216 776
842 777
712 779
886 779
540 781
551 782
148 785
675 785
606 785
311 786
652 786
430 789
648 790
631 791
5 792
136 792
745 792
980 793
708 793
899 794
282 794
711 794
314 795
185 796
586 796
662 796
412 796
601 797
98 797
912 798
783 800
965 801
785 802
897 802
279 802
399 802
640 802
1000 802
193 802
690 803
863 803
951 804
393 804
762 804
449 805
250 806
154 806
519 808
543 810
478 810
366 810
784 810
840 811
397 812
327 812
272 813
532 813
479 814
753 817
715 818
622 818
671 823
137 825
705 825
603 826
132 827
30 827
246 828
955 829
180 829
911 832
716 833
590 834
456 834
478 835
563 838
432 838
138 838
632 839
920 840
794 842
916 843
728 844
106 847
205 848
55 849
281 849
724 849
307 851
341 851
23 852
920 853
905 853
453 854
828 857
579 858
842 859
785 860
907 861
242 862
795 863
613 863
565 863
516 864
490 864
138 865
329 865
377 866
233 867
265 868
464 868
447 869
902 869
934 869
760 871
36 873
978 875
229 877
474 878
195 879
843 880
212 881
823 881
479 883
745 884
424 885
464 886
659 886
550 887
145 887
404 887
566 888
466 888
438 889
128 890
363 891
685 892
907 893
705 893
15 894
627 895
656 896
19 896
578 896
792 899
540 900
860 900
886 900
907 900
223 901
105 902
479 902
569 906
817 907
32 908
572 908
27 910
423 911
369 911
81 911
544 912
213 914
927 914
595 916
67 916
619 916
845 917
468 917
407 919
443 921
951 922
151 927
810 927
632 928
781 929
680 929
988 929
664 931
747 932
491 932
244 932
676 933
559 935
206 935
65 937
739 938
100 938
438 938
610 938
940 939
242 939
437 939
12 939
424 940
893 940
300 941
677 943
367 944
849 944
153 945
173 945
744 946
760 946
525 949
129 950
231 951
752 953
161 955
851 956
674 958
357 959
342 963
324 963
322 966
609 966
563 967
381 967
813 968
664 968
87 969
198 970
421 972
365 973
562 973
14 975
471 976
698 976
49 977
900 979
731 979
8 983
891 984
228 985
814 987
445 987
994 987
836 988
810 990
27 990
467 993
790 994
206 995
240 997
634 998
620 999
