293
101 2
148 7
931 11
186 19
731 20
911 24
452 27
758 27
640 38
351 39
807 54
875 54
993 56
653 57
1 65
205 67
268 68
839 68
183 69
125 71
778 71
449 75
992 82
619 95
96 96
714 99
68 100
74 100
625 104
980 107
621 116
695 119
69 120
629 126
639 131
837 131
462 134
393 139
142 147
491 151
547 155
778 163
869 165
580 167
15 189
143 193
619 193
435 194
920 195
324 199
58 201
331 202
859 202
553 211
327 219
937 232
824 234
84 234
575 235
524 243
368 245
109 245
531 246
425 247
574 250
266 254
218 262
753 263
875 265
120 269
375 271
744 281
153 282
111 284
953 287
330 301
236 302
472 302
226 302
96 305
251 306
283 307
239 307
108 308
183 308
15 316
498 321
284 323
559 328
507 330
226 338
854 341
122 347
131 349
107 351
788 356
434 367
936 367
354 369
487 369
16 370
228 371
832 385
447 385
408 388
602 389
914 390
892 393
598 393
625 394
850 395
405 397
955 401
50 403
663 403
478 404
306 407
157 407
807 410
104 413
912 415
270 415
759 424
92 426
320 428
614 430
728 446
332 447
14 447
898 448
564 448
683 451
325 451
392 453
680 453
348 456
304 465
818 465
171 472
415 472
113 474
32 481
577 497
411 498
889 504
770 509
864 511
286 512
542 513
170 518
64 522
310 524
576 527
952 530
170 531
756 534
683 536
463 536
985 542
67 542
35 543
658 545
890 545
549 546
867 546
623 547
2 548
446 549
122 552
362 555
36 560
209 565
928 567
495 575
917 586
434 588
467 593
509 599
612 600
536 609
755 612
541 614
25 614
56 619
389 625
427 631
947 634
150 640
551 642
909 652
688 655
788 657
677 661
169 662
134 674
124 676
951 684
445 684
876 685
216 687
644 690
256 691
391 695
453 697
793 702
362 703
546 705
675 708
484 708
57 710
240 713
219 713
41 715
988 716
641 717
754 720
820 722
312 722
5 722
902 727
385 730
315 739
886 744
446 745
686 746
997 748
375 748
268 752
740 754
961 759
714 762
683 762
964 766
846 766
749 766
869 779
641 782
481 797
715 804
211 805
841 822
606 826
283 828
899 834
480 837
579 838
114 839
102 843
770 845
155 845
541 848
647 851
75 864
985 865
919 872
299 873
645 875
271 876
76 878
586 879
539 887
200 887
682 888
638 891
556 896
891 899
798 900
834 902
493 914
615 917
965 929
933 929
782 934
896 945
255 948
210 953
937 959
513 967
166 967
834 969
266 971
767 972
798 975
800 976
656 979
715 981
737 984
885 989
775 992
519 993
55 994
765 995
767 997
