240
807 13
145 23
564 23
528 28
981 29
968 31
783 35
785 43
720 55
45 63
276 67
623 68
711 68
68 72
540 76
152 81
88 93
211 94
754 99
25 103
574 107
531 107
301 124
978 130
316 142
800 143
293 147
916 152
583 153
442 161
558 164
877 166
966 169
991 170
686 176
517 181
395 184
26 188
584 193
702 199
635 200
739 202
855 202
991 214
876 215
555 220
381 222
799 225
925 227
48 233
201 234
912 235
734 239
48 242
532 245
297 246
371 250
198 252
420 255
998 256
222 257
723 260
869 264
3 266
509 271
933 275
889 277
808 282
220 283
253 284
59 286
520 287
658 296
331 314
88 317
229 322
539 331
663 342
559 345
603 346
701 352
454 357
851 364
596 364
383 367
300 369
562 372
495 373
205 377
752 381
211 382
410 385
530 387
893 388
122 391
559 394
378 394
187 395
139 395
732 405
34 410
438 418
128 419
357 424
744 430
411 431
50 434
424 434
20 439
710 445
806 446
261 452
42 452
217 453
909 456
386 460
713 464
548 467
649 474
313 474
496 474
554 478
503 479
810 481
180 487
5 493
246 497
996 500
781 504
232 507
83 514
679 518
666 519
961 526
448 537
458 537
3 550
683 554
799 554
262 556
273 563
101 577
60 580
807 581
987 582
489 586
232 590
907 592
856 595
536 601
730 607
294 607
493 608
615 608
793 610
968 611
811 612
755 613
317 613
596 619
844 619
810 627
271 631
189 633
521 636
323 636
45 642
958 642
34 647
676 652
49 665
216 668
326 683
660 697
421 699
747 702
879 705
579 707
725 709
94 719
981 719
25 719
382 720
284 726
318 728
736 735
354 736
730 739
502 742
814 743
573 747
814 749
725 750
356 751
622 766
787 768
425 770
342 772
4 773
179 791
122 793
868 799
409 800
174 802
897 804
680 808
907 825
410 825
632 833
542 834
576 839
386 853
688 855
107 861
907 869
732 870
262 877
889 878
628 885
513 889
600 891
430 896
981 910
832 911
57 914
905 924
491 934
490 937
974 945
528 948
857 951
338 951
451 956
948 956
215 959
512 960
190 969
71 975
484 979
55 987
