732
63 3
101 4
110 5
66 5
98 6
91 6
85 6
38 7
191 7
94 7
51 8
17 8
143 9
16 11
42 11
119 14
177 15
117 15
171 16
167 17
92 18
119 18
9 19
145 21
117 22
3 23
38 24
38 25
112 25
181 26
94 30
85 31
191 31
37 32
55 33
138 34
144 34
195 34
167 34
8 36
194 36
132 37
189 37
31 37
49 38
37 39
108 40
105 40
109 40
109 43
191 44
127 44
87 45
40 47
58 49
45 49
152 49
65 51
67 51
89 51
3 52
136 56
63 57
163 58
31 58
50 59
78 60
184 60
152 62
3 63
103 63
147 68
106 68
30 69
76 69
44 70
179 72
43 72
164 73
18 75
188 76
5 76
179 77
8 77
19 78
103 78
133 79
54 79
110 79
83 80
156 80
43 81
143 82
141 83
49 84
151 84
79 84
157 84
3 85
147 86
175 86
39 87
161 88
19 88
192 89
75 90
136 91
125 93
146 95
47 95
172 95
79 96
105 96
151 96
135 96
150 98
177 99
18 102
166 103
192 103
23 106
33 108
141 108
25 108
64 109
164 110
10 110
5 112
53 113
74 113
120 113
117 115
163 115
10 115
54 116
47 118
113 123
58 123
9 125
33 129
31 129
121 130
83 132
139 133
189 133
92 135
172 135
36 136
127 136
166 137
166 139
173 141
89 142
159 142
128 142
188 142
62 145
8 146
123 146
155 146
197 148
53 149
37 149
64 150
143 150
38 152
146 152
113 153
128 153
87 153
35 153
94 153
70 153
156 153
141 154
34 156
60 156
115 156
46 158
28 160
138 160
112 163
147 164
28 164
67 164
193 165
87 166
171 167
6 168
1 169
86 171
108 172
37 173
47 173
156 173
96 174
99 174
164 174
4 175
189 177
16 179
193 180
98 181
137 182
164 186
7 190
20 192
162 193
35 193
18 195
124 197
153 199
143 201
191 202
67 203
99 206
82 207
60 211
13 211
73 211
58 212
19 212
62 213
112 214
172 214
112 214
158 214
99 216
44 216
94 220
98 220
67 221
20 222
3 222
34 223
172 230
50 231
91 232
87 236
99 238
193 238
77 238
76 239
34 240
144 240
149 241
82 245
78 246
152 248
12 248
104 250
86 250
110 253
186 255
116 255
7 256
144 256
130 257
116 257
69 258
114 258
192 259
193 260
9 261
155 262
177 262
188 263
103 264
122 268
41 270
34 272
125 272
95 273
33 273
91 274
9 274
5 275
113 276
67 279
55 281
181 281
90 282
4 282
119 285
86 287
189 287
74 287
100 289
30 290
45 290
103 290
189 291
180 293
10 294
42 294
66 296
109 298
9 298
197 298
182 300
44 302
76 303
171 303
94 305
183 305
52 310
197 310
23 311
135 312
152 313
185 314
121 315
130 316
37 317
118 318
159 319
48 320
157 320
189 320
161 321
6 321
26 325
21 326
55 326
181 327
37 331
78 331
173 332
146 334
7 335
67 335
57 336
39 336
127 336
18 341
170 342
73 342
86 343
21 343
73 345
74 345
150 347
32 349
1 351
163 352
100 354
156 356
168 359
129 360
36 360
72 361
16 362
138 365
77 366
68 367
164 367
192 368
56 369
155 369
38 369
131 371
142 371
30 372
86 372
39 376
39 376
46 376
118 376
41 379
101 379
3 380
32 381
183 381
36 381
122 387
77 387
32 388
84 388
121 388
80 388
7 389
41 392
99 392
150 393
99 393
81 393
156 396
44 397
75 397
105 398
116 398
52 401
185 402
107 402
149 403
124 403
84 403
176 404
71 405
158 407
153 408
179 408
158 409
113 410
90 410
67 414
54 415
35 416
55 416
193 416
94 418
26 420
79 422
105 424
10 425
139 425
101 426
164 427
151 428
129 428
194 428
173 429
151 429
5 429
121 430
20 432
109 433
163 434
196 435
195 436
123 438
94 438
162 438
140 447
65 448
94 448
104 448
42 449
22 450
73 452
78 452
99 452
128 455
127 456
82 457
114 458
159 459
193 460
153 461
158 461
25 462
105 462
101 463
117 466
13 466
4 467
154 467
50 467
54 469
123 470
79 471
46 472
73 472
13 474
110 475
61 475
122 476
164 477
36 477
101 477
58 480
83 481
2 482
168 482
126 484
116 486
46 487
71 487
109 487
22 489
78 489
84 490
11 490
25 491
154 491
140 492
178 493
132 493
133 493
109 497
174 498
187 500
20 500
134 501
36 501
155 501
60 502
62 502
147 503
37 503
51 503
127 505
150 505
55 505
131 505
174 506
194 507
86 508
123 508
157 509
175 509
91 510
15 511
179 513
96 513
184 514
182 514
11 515
91 516
74 516
197 517
75 519
4 520
16 521
193 522
117 524
180 526
160 526
121 526
54 526
177 527
147 529
108 530
3 532
153 534
143 535
11 535
8 536
61 537
132 537
136 539
89 539
41 539
18 540
160 540
166 545
10 546
190 546
13 546
14 548
95 550
47 551
157 552
35 552
29 556
105 558
195 559
98 560
74 561
34 561
60 561
140 563
70 564
17 564
188 565
119 566
113 566
169 569
154 570
17 570
81 572
102 573
57 573
120 574
188 574
182 574
39 575
112 577
114 577
195 579
53 579
106 581
21 583
169 584
130 586
27 586
104 589
46 589
44 591
80 591
36 592
76 592
4 593
176 594
57 595
50 597
57 597
155 597
78 597
51 599
136 600
99 600
29 601
197 601
155 602
27 606
84 607
153 608
189 609
97 609
79 611
160 611
182 612
80 612
57 612
121 613
165 613
80 614
24 614
96 615
20 617
28 619
110 619
185 619
185 620
195 622
178 622
35 623
67 624
142 625
113 625
67 626
48 626
40 627
61 627
131 627
169 628
159 629
40 630
6 630
149 631
71 632
52 632
116 634
181 635
141 636
63 636
191 636
81 637
54 637
68 638
149 639
54 639
130 640
33 640
189 642
160 642
104 645
168 646
51 647
48 648
181 649
151 649
13 650
166 652
146 652
17 652
134 652
183 653
6 653
166 653
14 654
99 654
127 655
17 657
58 660
65 661
111 662
146 665
155 665
71 665
155 666
125 666
115 667
179 667
141 668
109 671
167 671
123 673
29 675
73 675
28 676
167 677
162 677
12 680
160 680
50 680
151 685
94 685
83 685
114 686
7 687
19 687
137 688
134 688
139 688
185 690
148 691
133 692
191 693
39 696
51 696
156 696
29 697
90 697
105 701
177 701
69 703
29 704
102 705
192 706
53 707
44 708
146 708
78 709
83 709
142 709
38 710
197 710
57 711
40 711
42 712
