1000
960 2147483637
115 2147483637
409 2147483637
697 2147483637
98 2147483637
181 2147483637
189 2147483637
323 2147483637
873 2147483637
590 2147483637
626 2147483637
618 2147483637
71 2147483637
157 2147483637
779 2147483637
777 2147483637
579 2147483637
163 2147483637
605 2147483637
971 2147483637
993 2147483637
707 2147483637
813 2147483637
344 2147483637
480 2147483637
522 2147483637
109 2147483637
956 2147483637
352 2147483637
225 2147483637
667 2147483637
336 2147483637
212 2147483637
634 2147483637
618 2147483637
675 2147483637
99 2147483637
386 2147483637
358 2147483637
542 2147483637
281 2147483637
963 2147483637
338 2147483637
292 2147483637
593 2147483637
973 2147483637
50 2147483637
455 2147483637
373 2147483637
560 2147483637
435 2147483637
861 2147483637
74 2147483637
913 2147483637
597 2147483637
9 2147483637
645 2147483637
822 2147483637
3 2147483637
415 2147483637
494 2147483637
593 2147483637
931 2147483637
811 2147483637
840 2147483637
955 2147483637
762 2147483637
185 2147483637
962 2147483637
731 2147483637
577 2147483637
129 2147483637
824 2147483637
38 2147483637
17 2147483637
487 2147483637
587 2147483637
706 2147483637
758 2147483637
62 2147483637
774 2147483637
409 2147483637
673 2147483637
327 2147483637
600 2147483637
754 2147483637
945 2147483637
94 2147483637
544 2147483637
167 2147483637
729 2147483637
563 2147483637
635 2147483637
907 2147483637
542 2147483637
868 2147483637
307 2147483637
323 2147483637
690 2147483637
879 2147483637
220 2147483637
967 2147483637
774 2147483637
101 2147483637
98 2147483637
361 2147483637
723 2147483637
634 2147483637
912 2147483637
802 2147483638
789 2147483638
429 2147483638
138 2147483638
925 2147483638
494 2147483638
95 2147483638
977 2147483638
612 2147483638
473 2147483638
937 2147483638
386 2147483638
972 2147483638
484 2147483638
69 2147483638
657 2147483638
343 2147483638
517 2147483638
828 2147483638
532 2147483638
93 2147483638
344 2147483638
404 2147483638
81 2147483638
878 2147483638
827 2147483638
705 2147483638
682 2147483638
499 2147483638
837 2147483638
949 2147483638
301 2147483638
70 2147483638
87 2147483638
317 2147483638
123 2147483638
75 2147483638
925 2147483638
961 2147483638
472 2147483638
654 2147483638
83 2147483638
354 2147483638
748 2147483638
981 2147483638
508 2147483638
142 2147483638
867 2147483638
287 2147483638
149 2147483638
803 2147483638
815 2147483638
997 2147483638
370 2147483638
782 2147483638
60 2147483638
730 2147483638
791 2147483638
200 2147483638
679 2147483638
381 2147483638
665 2147483638
380 2147483638
987 2147483638
835 2147483638
977 2147483638
765 2147483638
169 2147483638
28 2147483638
48 2147483638
576 2147483638
447 2147483638
944 2147483638
853 2147483638
649 2147483638
249 2147483638
256 2147483638
843 2147483638
524 2147483638
513 2147483638
217 2147483638
107 2147483638
538 2147483638
633 2147483638
769 2147483638
297 2147483638
759 2147483638
548 2147483638
837 2147483638
35 2147483638
293 2147483638
309 2147483638
205 2147483638
110 2147483638
585 2147483638
830 2147483638
650 2147483638
140 2147483638
966 2147483638
499 2147483639
996 2147483639
86 2147483639
267 2147483639
584 2147483639
599 2147483639
270 2147483639
482 2147483639
508 2147483639
977 2147483639
867 2147483639
39 2147483639
749 2147483639
956 2147483639
41 2147483639
59 2147483639
904 2147483639
31 2147483639
283 2147483639
635 2147483639
829 2147483639
203 2147483639
208 2147483639
655 2147483639
215 2147483639
513 2147483639
855 2147483639
527 2147483639
222 2147483639
804 2147483639
58 2147483639
721 2147483639
53 2147483639
958 2147483639
633 2147483639
920 2147483639
294 2147483639
519 2147483639
304 2147483639
955 2147483639
361 2147483639
250 2147483639
916 2147483639
526 2147483639
558 2147483639
212 2147483639
651 2147483639
384 2147483639
35 2147483639
380 2147483639
495 2147483639
221 2147483639
468 2147483639
937 2147483639
678 2147483639
868 2147483639
662 2147483639
170 2147483639
270 2147483639
754 2147483639
878 2147483639
644 2147483639
743 2147483639
141 2147483639
133 2147483639
357 2147483639
827 2147483639
656 2147483639
293 2147483639
127 2147483639
198 2147483639
374 2147483639
185 2147483639
809 2147483639
13 2147483639
735 2147483639
348 2147483639
241 2147483639
718 2147483639
764 2147483639
235 2147483639
495 2147483639
995 2147483639
186 2147483639
714 2147483639
557 2147483639
913 2147483639
274 2147483639
197 2147483639
591 2147483639
167 2147483640
124 2147483640
982 2147483640
731 2147483640
719 2147483640
761 2147483640
364 2147483640
493 2147483640
339 2147483640
110 2147483640
405 2147483640
744 2147483640
831 2147483640
851 2147483640
666 2147483640
905 2147483640
86 2147483640
757 2147483640
778 2147483640
317 2147483640
416 2147483640
548 2147483640
298 2147483640
798 2147483640
149 2147483640
434 2147483640
377 2147483640
469 2147483640
313 2147483640
698 2147483640
61 2147483640
985 2147483640
220 2147483640
809 2147483640
351 2147483640
120 2147483640
546 2147483640
586 2147483640
855 2147483640
967 2147483640
958 2147483640
337 2147483640
419 2147483640
120 2147483640
478 2147483640
975 2147483640
863 2147483640
843 2147483640
229 2147483640
689 2147483640
682 2147483640
54 2147483640
904 2147483640
148 2147483640
237 2147483640
842 2147483640
928 2147483640
34 2147483640
689 2147483640
10 2147483640
783 2147483640
161 2147483640
864 2147483640
460 2147483640
466 2147483640
385 2147483640
668 2147483640
446 2147483640
653 2147483640
355 2147483640
791 2147483640
291 2147483640
160 2147483640
347 2147483640
654 2147483640
17 2147483640
292 2147483640
146 2147483640
274 2147483640
422 2147483640
587 2147483640
336 2147483640
662 2147483640
429 2147483640
737 2147483640
442 2147483640
523 2147483641
546 2147483641
18 2147483641
84 2147483641
741 2147483641
442 2147483641
105 2147483641
485 2147483641
605 2147483641
676 2147483641
764 2147483641
254 2147483641
193 2147483641
254 2147483641
221 2147483641
364 2147483641
31 2147483641
428 2147483641
333 2147483641
217 2147483641
460 2147483641
57 2147483641
722 2147483641
373 2147483641
559 2147483641
563 2147483641
39 2147483641
494 2147483641
844 2147483641
27 2147483641
817 2147483641
450 2147483641
878 2147483641
858 2147483641
688 2147483641
56 2147483641
798 2147483641
207 2147483641
74 2147483641
586 2147483641
776 2147483641
698 2147483641
500 2147483641
473 2147483641
52 2147483641
476 2147483641
874 2147483641
659 2147483641
761 2147483641
689 2147483641
428 2147483641
64 2147483641
185 2147483641
197 2147483641
99 2147483641
243 2147483641
451 2147483641
103 2147483641
414 2147483641
64 2147483641
559 2147483641
526 2147483641
459 2147483641
216 2147483641
528 2147483641
654 2147483641
510 2147483641
32 2147483641
650 2147483641
960 2147483641
755 2147483641
80 2147483641
461 2147483641
655 2147483641
643 2147483641
703 2147483641
979 2147483641
556 2147483641
874 2147483641
639 2147483641
226 2147483641
815 2147483641
434 2147483642
250 2147483642
982 2147483642
402 2147483642
819 2147483642
519 2147483642
215 2147483642
124 2147483642
956 2147483642
818 2147483642
853 2147483642
779 2147483642
209 2147483642
316 2147483642
72 2147483642
333 2147483642
134 2147483642
526 2147483642
152 2147483642
47 2147483642
345 2147483642
840 2147483642
497 2147483642
84 2147483642
897 2147483642
625 2147483642
664 2147483642
166 2147483642
449 2147483642
645 2147483642
433 2147483642
136 2147483642
793 2147483642
877 2147483642
364 2147483642
771 2147483642
177 2147483642
918 2147483642
12 2147483642
559 2147483642
606 2147483642
98 2147483642
198 2147483642
826 2147483642
669 2147483642
854 2147483642
185 2147483642
598 2147483642
164 2147483642
944 2147483642
614 2147483642
318 2147483642
366 2147483642
322 2147483642
312 2147483642
501 2147483642
886 2147483642
586 2147483642
294 2147483642
72 2147483642
590 2147483642
430 2147483642
747 2147483642
192 2147483642
781 2147483642
643 2147483642
901 2147483642
638 2147483642
224 2147483642
621 2147483642
288 2147483642
242 2147483642
916 2147483642
603 2147483642
88 2147483642
919 2147483642
222 2147483642
872 2147483642
494 2147483642
751 2147483642
218 2147483642
707 2147483642
46 2147483642
436 2147483642
210 2147483642
51 2147483642
723 2147483642
751 2147483642
76 2147483642
11 2147483642
516 2147483643
487 2147483643
863 2147483643
96 2147483643
511 2147483643
408 2147483643
989 2147483643
99 2147483643
625 2147483643
402 2147483643
90 2147483643
939 2147483643
28 2147483643
925 2147483643
911 2147483643
548 2147483643
773 2147483643
876 2147483643
488 2147483643
420 2147483643
305 2147483643
545 2147483643
775 2147483643
305 2147483643
423 2147483643
863 2147483643
406 2147483643
449 2147483643
141 2147483643
452 2147483643
668 2147483643
513 2147483643
308 2147483643
957 2147483643
844 2147483643
583 2147483643
261 2147483643
945 2147483643
739 2147483643
569 2147483643
752 2147483643
636 2147483643
145 2147483643
967 2147483643
125 2147483643
765 2147483643
593 2147483643
520 2147483643
280 2147483643
669 2147483643
822 2147483643
339 2147483643
108 2147483643
356 2147483643
285 2147483643
557 2147483643
653 2147483643
373 2147483643
900 2147483643
735 2147483643
828 2147483643
489 2147483643
778 2147483643
923 2147483643
735 2147483643
293 2147483643
186 2147483643
943 2147483643
31 2147483643
135 2147483643
389 2147483643
632 2147483643
761 2147483643
693 2147483643
151 2147483643
475 2147483643
921 2147483643
874 2147483643
517 2147483644
493 2147483644
325 2147483644
404 2147483644
42 2147483644
554 2147483644
993 2147483644
251 2147483644
504 2147483644
16 2147483644
738 2147483644
932 2147483644
795 2147483644
151 2147483644
346 2147483644
400 2147483644
103 2147483644
667 2147483644
407 2147483644
287 2147483644
835 2147483644
444 2147483644
650 2147483644
21 2147483644
483 2147483644
802 2147483644
939 2147483644
671 2147483644
907 2147483644
315 2147483644
142 2147483644
326 2147483644
34 2147483644
476 2147483644
588 2147483644
122 2147483644
945 2147483644
461 2147483644
851 2147483644
291 2147483644
554 2147483644
847 2147483644
569 2147483644
657 2147483644
445 2147483644
56 2147483644
349 2147483644
873 2147483644
485 2147483644
628 2147483644
828 2147483644
738 2147483644
430 2147483644
141 2147483644
911 2147483644
429 2147483644
53 2147483644
186 2147483644
503 2147483644
712 2147483644
267 2147483644
585 2147483644
947 2147483644
18 2147483644
748 2147483644
582 2147483644
86 2147483644
737 2147483644
874 2147483644
122 2147483644
370 2147483644
19 2147483644
511 2147483644
450 2147483644
574 2147483644
759 2147483644
313 2147483644
510 2147483644
522 2147483644
696 2147483644
919 2147483644
650 2147483644
919 2147483644
216 2147483644
727 2147483644
605 2147483645
718 2147483645
345 2147483645
986 2147483645
342 2147483645
956 2147483645
809 2147483645
572 2147483645
872 2147483645
669 2147483645
949 2147483645
440 2147483645
67 2147483645
731 2147483645
825 2147483645
95 2147483645
989 2147483645
974 2147483645
859 2147483645
516 2147483645
398 2147483645
65 2147483645
162 2147483645
555 2147483645
445 2147483645
741 2147483645
294 2147483645
647 2147483645
38 2147483645
371 2147483645
84 2147483645
31 2147483645
863 2147483645
351 2147483645
598 2147483645
246 2147483645
231 2147483645
447 2147483645
508 2147483645
156 2147483645
684 2147483645
81 2147483645
510 2147483645
655 2147483645
296 2147483645
915 2147483645
652 2147483645
711 2147483645
927 2147483645
612 2147483645
289 2147483645
43 2147483645
401 2147483645
66 2147483645
360 2147483645
372 2147483645
316 2147483645
628 2147483645
758 2147483645
449 2147483645
216 2147483645
22 2147483645
605 2147483645
308 2147483645
554 2147483645
511 2147483645
224 2147483645
69 2147483645
10 2147483645
808 2147483645
633 2147483645
78 2147483645
691 2147483645
319 2147483645
97 2147483645
553 2147483645
125 2147483645
931 2147483645
446 2147483645
614 2147483645
683 2147483645
215 2147483645
264 2147483645
960 2147483645
132 2147483645
188 2147483645
534 2147483645
849 2147483645
94 2147483645
859 2147483645
229 2147483645
696 2147483645
475 2147483646
465 2147483646
588 2147483646
667 2147483646
164 2147483646
38 2147483646
298 2147483646
809 2147483646
546 2147483646
444 2147483646
463 2147483646
343 2147483646
452 2147483646
178 2147483646
736 2147483646
522 2147483646
628 2147483646
206 2147483646
245 2147483646
380 2147483646
105 2147483646
346 2147483646
100 2147483646
142 2147483646
18 2147483646
305 2147483646
232 2147483646
846 2147483646
353 2147483646
114 2147483646
43 2147483646
34 2147483646
869 2147483646
65 2147483646
23 2147483646
786 2147483646
519 2147483646
349 2147483646
229 2147483646
485 2147483646
948 2147483646
923 2147483646
257 2147483646
834 2147483646
326 2147483646
818 2147483646
45 2147483646
363 2147483646
199 2147483646
918 2147483646
482 2147483646
692 2147483646
135 2147483646
899 2147483646
877 2147483646
457 2147483646
912 2147483646
141 2147483646
437 2147483646
992 2147483646
884 2147483646
83 2147483646
150 2147483646
112 2147483646
16 2147483646
359 2147483646
718 2147483646
81 2147483646
860 2147483646
816 2147483646
582 2147483646
80 2147483646
780 2147483646
653 2147483646
612 2147483646
631 2147483646
613 2147483646
78 2147483646
708 2147483646
342 2147483646
115 2147483646
926 2147483646
553 2147483646
932 2147483646
325 2147483646
158 2147483646
882 2147483646
16 2147483646
642 2147483646
893 2147483646
818 2147483646
83 2147483646
548 2147483646
252 2147483646
968 2147483646
347 2147483646
408 2147483646
729 2147483646
750 2147483646
799 2147483646
7 2147483646
7 2147483646
476 2147483646
296 2147483646
718 2147483646
250 2147483646
120 2147483646
935 2147483646
705 2147483647
556 2147483647
922 2147483647
717 2147483647
65 2147483647
761 2147483647
118 2147483647
262 2147483647
30 2147483647
697 2147483647
13 2147483647
873 2147483647
949 2147483647
518 2147483647
694 2147483647
94 2147483647
49 2147483647
335 2147483647
182 2147483647
798 2147483647
29 2147483647
736 2147483647
319 2147483647
116 2147483647
666 2147483647
351 2147483647
684 2147483647
341 2147483647
881 2147483647
557 2147483647
436 2147483647
12 2147483647
723 2147483647
135 2147483647
153 2147483647
655 2147483647
181 2147483647
88 2147483647
720 2147483647
660 2147483647
294 2147483647
959 2147483647
403 2147483647
173 2147483647
478 2147483647
741 2147483647
688 2147483647
650 2147483647
610 2147483647
576 2147483647
122 2147483647
129 2147483647
76 2147483647
475 2147483647
635 2147483647
935 2147483647
877 2147483647
82 2147483647
153 2147483647
235 2147483647
227 2147483647
811 2147483647
731 2147483647
848 2147483647
786 2147483647
506 2147483647
230 2147483647
447 2147483647
45 2147483647
475 2147483647
917 2147483647
188 2147483647
782 2147483647
991 2147483647
814 2147483647
635 2147483647
673 2147483647
886 2147483647
758 2147483647
639 2147483647
632 2147483647
