1000
256 2147483637
220 2147483637
752 2147483637
108 2147483637
412 2147483637
998 2147483637
786 2147483637
793 2147483637
52 2147483637
461 2147483637
788 2147483637
542 2147483637
975 2147483637
2 2147483637
346 2147483637
329 2147483637
957 2147483637
771 2147483637
956 2147483637
520 2147483637
424 2147483637
252 2147483637
955 2147483637
567 2147483637
575 2147483637
913 2147483637
347 2147483637
612 2147483637
339 2147483637
152 2147483637
804 2147483637
531 2147483637
18 2147483637
341 2147483637
982 2147483637
721 2147483637
569 2147483637
567 2147483637
849 2147483637
290 2147483637
925 2147483637
316 2147483637
868 2147483637
250 2147483637
243 2147483637
949 2147483637
333 2147483637
186 2147483637
971 2147483637
206 2147483637
178 2147483637
194 2147483637
744 2147483637
85 2147483637
914 2147483637
706 2147483637
735 2147483637
522 2147483637
978 2147483637
162 2147483637
363 2147483637
997 2147483637
416 2147483637
317 2147483637
35 2147483637
776 2147483637
494 2147483637
522 2147483637
108 2147483637
237 2147483637
645 2147483637
635 2147483637
229 2147483637
388 2147483637
111 2147483637
836 2147483637
549 2147483637
292 2147483637
903 2147483637
386 2147483637
745 2147483637
886 2147483637
20 2147483638
140 2147483638
458 2147483638
356 2147483638
86 2147483638
667 2147483638
401 2147483638
140 2147483638
981 2147483638
759 2147483638
844 2147483638
852 2147483638
655 2147483638
885 2147483638
520 2147483638
613 2147483638
549 2147483638
131 2147483638
458 2147483638
399 2147483638
919 2147483638
67 2147483638
185 2147483638
663 2147483638
170 2147483638
869 2147483638
989 2147483638
641 2147483638
492 2147483638
522 2147483638
969 2147483638
703 2147483638
584 2147483638
498 2147483638
514 2147483638
479 2147483638
966 2147483638
493 2147483638
759 2147483638
687 2147483638
881 2147483638
61 2147483638
948 2147483638
938 2147483638
706 2147483638
558 2147483638
515 2147483638
280 2147483638
460 2147483638
201 2147483638
3 2147483638
974 2147483638
71 2147483638
538 2147483638
203 2147483638
933 2147483638
640 2147483638
634 2147483638
478 2147483638
97 2147483638
535 2147483638
451 2147483638
566 2147483638
494 2147483638
199 2147483638
50 2147483638
583 2147483638
529 2147483638
720 2147483638
914 2147483638
97 2147483638
188 2147483638
695 2147483638
464 2147483638
840 2147483638
563 2147483638
178 2147483638
412 2147483638
873 2147483638
743 2147483638
879 2147483638
637 2147483638
221 2147483638
194 2147483638
665 2147483638
143 2147483638
303 2147483638
826 2147483638
323 2147483638
206 2147483639
960 2147483639
534 2147483639
388 2147483639
858 2147483639
615 2147483639
751 2147483639
419 2147483639
237 2147483639
772 2147483639
307 2147483639
195 2147483639
784 2147483639
867 2147483639
882 2147483639
262 2147483639
481 2147483639
490 2147483639
283 2147483639
310 2147483639
991 2147483639
282 2147483639
981 2147483639
120 2147483639
111 2147483639
890 2147483639
231 2147483639
685 2147483639
904 2147483639
553 2147483639
145 2147483639
698 2147483639
243 2147483639
341 2147483639
688 2147483639
471 2147483639
977 2147483639
755 2147483639
419 2147483639
294 2147483639
12 2147483639
91 2147483639
4 2147483639
692 2147483639
372 2147483639
316 2147483639
517 2147483639
11 2147483639
267 2147483639
57 2147483639
976 2147483639
982 2147483639
57 2147483639
930 2147483639
101 2147483639
802 2147483639
793 2147483639
470 2147483639
106 2147483639
631 2147483639
469 2147483639
632 2147483639
627 2147483639
770 2147483639
591 2147483639
659 2147483639
339 2147483639
100 2147483639
877 2147483639
229 2147483639
740 2147483639
339 2147483639
752 2147483639
98 2147483639
797 2147483639
797 2147483639
604 2147483639
219 2147483639
586 2147483639
110 2147483639
367 2147483639
537 2147483639
119 2147483639
372 2147483639
905 2147483639
791 2147483639
388 2147483639
621 2147483639
95 2147483639
890 2147483639
56 2147483640
107 2147483640
266 2147483640
335 2147483640
906 2147483640
17 2147483640
375 2147483640
853 2147483640
384 2147483640
745 2147483640
857 2147483640
850 2147483640
560 2147483640
110 2147483640
961 2147483640
303 2147483640
780 2147483640
208 2147483640
112 2147483640
232 2147483640
917 2147483640
771 2147483640
63 2147483640
344 2147483640
819 2147483640
267 2147483640
163 2147483640
828 2147483640
509 2147483640
132 2147483640
314 2147483640
655 2147483640
374 2147483640
541 2147483640
958 2147483640
219 2147483640
10 2147483640
479 2147483640
631 2147483640
902 2147483640
397 2147483640
261 2147483640
402 2147483640
353 2147483640
972 2147483640
666 2147483640
735 2147483640
303 2147483640
394 2147483640
747 2147483640
340 2147483640
209 2147483640
602 2147483640
937 2147483640
365 2147483640
317 2147483640
118 2147483640
425 2147483640
37 2147483640
187 2147483640
193 2147483640
730 2147483640
294 2147483640
981 2147483640
889 2147483640
603 2147483640
294 2147483640
389 2147483640
499 2147483640
720 2147483640
527 2147483640
622 2147483640
164 2147483640
922 2147483640
183 2147483640
725 2147483640
27 2147483640
839 2147483640
191 2147483640
785 2147483640
220 2147483640
522 2147483640
403 2147483640
869 2147483640
445 2147483640
793 2147483640
877 2147483640
663 2147483640
439 2147483640
9 2147483640
771 2147483640
924 2147483640
72 2147483640
767 2147483640
752 2147483640
657 2147483640
991 2147483641
114 2147483641
653 2147483641
111 2147483641
840 2147483641
27 2147483641
474 2147483641
446 2147483641
69 2147483641
967 2147483641
724 2147483641
441 2147483641
618 2147483641
638 2147483641
78 2147483641
161 2147483641
31 2147483641
269 2147483641
331 2147483641
224 2147483641
268 2147483641
952 2147483641
160 2147483641
781 2147483641
737 2147483641
719 2147483641
656 2147483641
63 2147483641
589 2147483641
684 2147483641
486 2147483641
745 2147483641
563 2147483641
689 2147483641
679 2147483641
64 2147483641
54 2147483641
697 2147483641
494 2147483641
39 2147483641
511 2147483641
171 2147483641
251 2147483641
997 2147483641
825 2147483641
866 2147483641
530 2147483641
888 2147483641
607 2147483641
696 2147483641
931 2147483641
165 2147483641
884 2147483641
663 2147483641
541 2147483641
390 2147483641
790 2147483641
349 2147483641
184 2147483641
72 2147483641
657 2147483641
95 2147483641
225 2147483641
761 2147483641
267 2147483641
306 2147483641
305 2147483641
293 2147483641
420 2147483641
573 2147483641
858 2147483641
606 2147483641
87 2147483641
788 2147483641
720 2147483641
93 2147483641
289 2147483641
758 2147483641
177 2147483641
566 2147483641
423 2147483641
52 2147483641
117 2147483641
326 2147483641
23 2147483641
240 2147483641
177 2147483641
592 2147483641
595 2147483641
657 2147483641
83 2147483641
548 2147483641
735 2147483641
382 2147483642
576 2147483642
553 2147483642
603 2147483642
141 2147483642
587 2147483642
713 2147483642
431 2147483642
938 2147483642
167 2147483642
880 2147483642
79 2147483642
79 2147483642
946 2147483642
949 2147483642
408 2147483642
940 2147483642
241 2147483642
600 2147483642
527 2147483642
890 2147483642
642 2147483642
334 2147483642
600 2147483642
667 2147483642
851 2147483642
463 2147483642
204 2147483642
528 2147483642
251 2147483642
492 2147483642
505 2147483642
260 2147483642
103 2147483642
366 2147483642
794 2147483642
148 2147483642
543 2147483642
270 2147483642
504 2147483642
6 2147483642
811 2147483642
473 2147483642
567 2147483642
86 2147483642
178 2147483642
569 2147483642
478 2147483642
760 2147483642
411 2147483642
41 2147483642
829 2147483642
566 2147483642
425 2147483642
320 2147483642
602 2147483642
183 2147483642
615 2147483642
516 2147483642
804 2147483642
353 2147483642
295 2147483642
172 2147483642
980 2147483642
331 2147483642
908 2147483642
596 2147483642
427 2147483642
352 2147483642
360 2147483642
422 2147483642
646 2147483642
924 2147483642
212 2147483642
43 2147483642
985 2147483642
289 2147483642
91 2147483642
653 2147483642
890 2147483642
687 2147483642
519 2147483642
930 2147483642
931 2147483642
602 2147483642
666 2147483642
73 2147483642
187 2147483642
922 2147483642
102 2147483642
607 2147483642
774 2147483642
252 2147483642
131 2147483642
119 2147483642
306 2147483642
801 2147483642
619 2147483642
978 2147483643
846 2147483643
695 2147483643
664 2147483643
143 2147483643
272 2147483643
343 2147483643
251 2147483643
782 2147483643
518 2147483643
531 2147483643
161 2147483643
405 2147483643
939 2147483643
407 2147483643
913 2147483643
690 2147483643
833 2147483643
769 2147483643
992 2147483643
343 2147483643
595 2147483643
212 2147483643
573 2147483643
164 2147483643
584 2147483643
428 2147483643
779 2147483643
610 2147483643
28 2147483643
391 2147483643
374 2147483643
137 2147483643
314 2147483643
600 2147483643
739 2147483643
242 2147483643
16 2147483643
136 2147483643
818 2147483643
507 2147483643
219 2147483643
308 2147483643
786 2147483643
792 2147483643
404 2147483643
414 2147483643
186 2147483643
28 2147483643
71 2147483643
759 2147483643
533 2147483643
282 2147483643
89 2147483643
756 2147483643
145 2147483643
574 2147483643
51 2147483643
948 2147483643
6 2147483643
92 2147483643
246 2147483643
430 2147483643
789 2147483643
50 2147483643
22 2147483643
471 2147483643
678 2147483643
559 2147483643
219 2147483643
36 2147483643
54 2147483643
136 2147483643
146 2147483643
9 2147483643
641 2147483643
432 2147483643
733 2147483643
626 2147483643
463 2147483643
220 2147483643
862 2147483643
419 2147483643
456 2147483643
354 2147483643
829 2147483643
925 2147483643
457 2147483643
370 2147483643
553 2147483643
366 2147483643
686 2147483643
409 2147483643
694 2147483643
112 2147483643
948 2147483643
225 2147483643
494 2147483643
756 2147483643
194 2147483643
819 2147483643
710 2147483643
688 2147483643
3 2147483643
677 2147483643
820 2147483643
18 2147483643
112 2147483643
628 2147483643
441 2147483643
498 2147483643
177 2147483643
967 2147483644
521 2147483644
374 2147483644
732 2147483644
353 2147483644
912 2147483644
746 2147483644
273 2147483644
560 2147483644
934 2147483644
535 2147483644
718 2147483644
24 2147483644
540 2147483644
8 2147483644
831 2147483644
762 2147483644
200 2147483644
25 2147483644
758 2147483644
887 2147483644
720 2147483644
378 2147483644
962 2147483644
226 2147483644
53 2147483644
227 2147483644
901 2147483644
528 2147483644
410 2147483644
354 2147483644
527 2147483644
370 2147483644
464 2147483644
357 2147483644
9 2147483644
178 2147483644
323 2147483644
187 2147483644
731 2147483644
275 2147483644
45 2147483644
402 2147483644
459 2147483644
245 2147483644
686 2147483644
141 2147483644
369 2147483644
434 2147483644
904 2147483644
235 2147483644
878 2147483644
688 2147483644
775 2147483644
612 2147483644
172 2147483644
530 2147483644
830 2147483644
75 2147483644
23 2147483644
831 2147483644
323 2147483644
822 2147483644
861 2147483644
87 2147483644
171 2147483644
551 2147483644
464 2147483644
104 2147483644
179 2147483644
400 2147483644
57 2147483644
317 2147483644
246 2147483644
473 2147483644
669 2147483644
990 2147483644
502 2147483644
351 2147483644
934 2147483644
966 2147483644
788 2147483644
749 2147483644
310 2147483644
282 2147483644
675 2147483644
201 2147483644
834 2147483644
980 2147483644
363 2147483644
615 2147483644
551 2147483644
152 2147483645
862 2147483645
717 2147483645
456 2147483645
261 2147483645
580 2147483645
21 2147483645
807 2147483645
211 2147483645
873 2147483645
952 2147483645
819 2147483645
953 2147483645
28 2147483645
323 2147483645
582 2147483645
345 2147483645
694 2147483645
554 2147483645
89 2147483645
65 2147483645
330 2147483645
842 2147483645
455 2147483645
493 2147483645
317 2147483645
959 2147483645
448 2147483645
617 2147483645
205 2147483645
5 2147483645
982 2147483645
345 2147483645
802 2147483645
984 2147483645
787 2147483645
777 2147483645
363 2147483645
519 2147483645
232 2147483645
542 2147483645
396 2147483645
190 2147483645
235 2147483645
810 2147483645
838 2147483645
610 2147483645
581 2147483645
496 2147483645
638 2147483645
837 2147483645
847 2147483645
895 2147483645
706 2147483645
936 2147483645
361 2147483645
161 2147483645
721 2147483645
323 2147483645
987 2147483645
483 2147483645
20 2147483645
674 2147483645
317 2147483645
252 2147483645
997 2147483645
583 2147483645
626 2147483645
418 2147483645
886 2147483645
693 2147483645
7 2147483645
242 2147483645
468 2147483645
291 2147483645
856 2147483645
520 2147483645
562 2147483645
153 2147483645
945 2147483645
136 2147483645
62 2147483645
358 2147483645
308 2147483645
348 2147483645
466 2147483645
758 2147483645
846 2147483645
807 2147483645
569 2147483645
582 2147483645
78 2147483646
73 2147483646
73 2147483646
153 2147483646
275 2147483646
55 2147483646
241 2147483646
551 2147483646
666 2147483646
910 2147483646
195 2147483646
130 2147483646
464 2147483646
318 2147483646
861 2147483646
421 2147483646
907 2147483646
632 2147483646
500 2147483646
344 2147483646
829 2147483646
449 2147483646
70 2147483646
84 2147483646
813 2147483646
652 2147483646
912 2147483646
828 2147483646
328 2147483646
951 2147483646
384 2147483646
283 2147483646
581 2147483646
409 2147483646
755 2147483646
326 2147483646
10 2147483646
899 2147483646
854 2147483646
394 2147483646
782 2147483646
141 2147483646
929 2147483646
3 2147483646
209 2147483646
784 2147483646
719 2147483646
446 2147483646
388 2147483646
336 2147483646
449 2147483646
810 2147483646
822 2147483646
167 2147483646
634 2147483646
576 2147483646
91 2147483646
807 2147483646
515 2147483646
241 2147483646
625 2147483646
385 2147483646
908 2147483646
602 2147483646
378 2147483646
560 2147483646
658 2147483646
559 2147483646
267 2147483646
49 2147483646
862 2147483646
492 2147483646
744 2147483646
363 2147483646
202 2147483646
100 2147483646
731 2147483646
834 2147483646
920 2147483647
8 2147483647
471 2147483647
158 2147483647
885 2147483647
175 2147483647
435 2147483647
982 2147483647
700 2147483647
976 2147483647
554 2147483647
373 2147483647
13 2147483647
521 2147483647
498 2147483647
332 2147483647
631 2147483647
233 2147483647
70 2147483647
411 2147483647
223 2147483647
350 2147483647
411 2147483647
253 2147483647
814 2147483647
78 2147483647
154 2147483647
371 2147483647
52 2147483647
727 2147483647
416 2147483647
3 2147483647
265 2147483647
982 2147483647
672 2147483647
49 2147483647
622 2147483647
52 2147483647
464 2147483647
189 2147483647
213 2147483647
710 2147483647
337 2147483647
811 2147483647
417 2147483647
952 2147483647
540 2147483647
768 2147483647
936 2147483647
720 2147483647
368 2147483647
739 2147483647
905 2147483647
672 2147483647
164 2147483647
277 2147483647
18 2147483647
113 2147483647
874 2147483647
971 2147483647
528 2147483647
355 2147483647
316 2147483647
381 2147483647
249 2147483647
214 2147483647
367 2147483647
661 2147483647
403 2147483647
246 2147483647
318 2147483647
124 2147483647
147 2147483647
301 2147483647
273 2147483647
593 2147483647
251 2147483647
757 2147483647
400 2147483647
