712
727 0
168 0
59 5
22 5
63 6
271 9
119 10
417 11
952 12
624 13
736 16
621 19
325 19
60 21
11 24
547 25
246 26
656 27
445 28
45 28
771 29
78 32
405 32
202 33
336 33
959 35
115 35
457 36
17 36
303 41
708 44
354 45
639 45
475 46
337 47
587 49
357 50
518 53
922 55
649 56
520 64
449 64
466 67
793 67
879 67
363 76
976 76
692 77
749 78
96 78
381 83
209 86
651 87
785 87
266 87
553 88
818 88
461 90
347 91
242 92
620 93
48 93
833 94
868 94
635 94
455 96
263 96
490 96
133 97
991 97
414 108
689 108
425 110
878 111
380 113
289 115
228 119
847 124
418 129
76 130
153 132
1000 134
877 134
260 135
188 135
582 137
562 139
44 142
523 145
55 146
407 147
631 148
72 155
774 155
770 156
177 157
2 157
615 158
944 159
401 162
814 163
458 163
357 168
887 171
671 171
241 171
815 172
919 173
720 174
924 176
393 178
263 178
905 179
188 180
812 181
298 182
970 182
919 184
912 185
747 186
601 186
422 187
221 190
33 192
812 195
329 198
826 199
222 200
506 201
770 201
523 201
35 202
782 203
354 203
363 204
411 205
435 206
439 211
783 216
238 216
910 217
830 219
143 219
469 220
276 221
450 222
407 223
847 225
164 227
945 227
587 229
487 232
197 232
685 234
822 235
980 237
221 237
229 238
876 239
996 239
268 240
180 241
582 243
883 243
295 246
560 246
9 248
862 249
866 251
431 251
871 251
326 253
864 254
804 254
353 254
525 254
528 256
142 256
16 256
17 257
235 260
637 262
619 263
553 264
988 265
915 266
538 268
110 269
536 269
491 270
417 270
707 272
656 277
201 277
571 279
199 280
189 283
58 284
417 284
105 285
585 285
675 289
803 290
281 290
866 294
28 294
647 297
750 298
811 298
333 299
958 300
320 301
746 304
964 305
798 306
484 308
875 308
81 309
363 310
349 313
739 314
984 315
90 317
642 317
428 318
977 321
498 322
665 323
103 323
879 323
918 325
41 326
364 330
950 330
578 331
886 332
744 334
196 335
304 336
101 338
642 340
803 342
540 343
446 346
359 346
38 350
525 350
885 351
706 352
991 353
794 354
995 355
444 355
906 355
36 355
711 356
542 356
875 357
46 360
212 361
698 362
22 363
185 366
217 367
644 368
743 368
405 368
921 369
54 369
676 370
391 370
598 370
977 372
897 374
874 375
549 376
478 377
911 378
738 378
957 380
740 380
509 381
468 383
450 396
618 405
886 406
886 407
555 407
193 410
313 411
892 412
927 414
788 414
661 414
550 417
601 417
991 419
94 422
870 423
243 424
210 426
645 426
292 427
138 428
553 429
378 430
465 434
969 435
742 440
191 441
602 441
543 444
993 444
696 444
435 446
983 447
580 447
503 448
708 448
134 450
579 452
9 452
853 455
869 455
630 459
617 462
389 462
479 463
324 464
536 465
870 467
205 468
919 472
69 473
413 473
353 477
851 477
354 480
625 480
530 480
69 482
6 483
631 486
379 489
492 490
681 492
683 492
927 497
784 499
278 500
861 502
292 504
361 505
56 507
650 510
806 510
105 514
382 517
617 518
973 518
20 519
602 521
495 521
205 522
539 522
637 523
44 523
893 523
538 524
866 528
485 531
696 531
723 536
193 536
44 538
908 538
204 539
295 541
617 541
321 541
189 542
795 544
893 545
709 545
208 546
216 547
295 548
995 549
206 550
282 550
613 552
931 556
935 556
570 557
79 558
601 559
736 560
281 560
162 561
125 561
565 561
693 562
979 564
927 564
196 565
929 565
214 567
238 568
630 571
658 573
469 576
828 576
470 581
522 581
977 584
582 587
804 588
845 591
707 592
927 594
199 596
340 596
601 596
427 596
577 597
440 598
903 599
420 599
551 600
788 600
166 601
314 601
892 602
730 602
163 603
507 604
917 604
587 604
482 609
701 610
756 614
605 615
762 617
381 619
690 621
85 622
46 625
294 625
571 626
621 627
591 630
212 633
210 633
823 635
430 636
587 638
666 641
516 641
380 641
736 642
985 643
164 644
223 645
740 646
650 648
204 648
916 649
188 649
99 649
231 650
812 651
666 652
498 653
116 656
88 659
419 664
282 665
691 667
73 668
177 674
253 678
311 680
237 681
796 684
836 684
760 686
519 686
356 688
521 689
864 691
272 692
471 695
280 695
756 695
955 696
750 696
377 697
602 697
540 698
350 699
932 701
601 701
801 702
986 705
519 705
735 706
217 706
479 706
154 707
390 708
117 708
420 711
386 713
244 715
940 717
852 717
735 718
753 718
259 724
735 724
639 725
377 726
239 727
691 730
767 732
991 732
367 733
98 736
297 739
404 742
98 746
564 747
374 752
616 753
293 753
482 755
293 755
785 755
146 755
889 757
520 758
857 758
13 759
463 760
478 763
734 764
237 765
104 765
558 765
905 766
100 769
767 771
354 772
920 776
314 777
304 779
94 782
819 782
839 783
209 784
11 785
263 789
91 791
220 792
367 793
888 795
732 795
106 795
921 799
317 801
393 801
115 804
924 805
992 807
761 810
334 812
943 815
85 817
172 819
659 820
149 821
18 823
815 825
515 826
887 827
409 827
579 827
296 829
888 833
820 834
305 835
557 835
24 836
411 837
226 837
903 838
454 841
726 843
932 843
777 845
19 845
920 847
712 847
8 849
995 850
276 850
272 853
625 854
47 854
642 857
678 858
775 858
837 860
901 861
92 864
142 865
763 865
665 866
220 866
385 867
794 875
334 875
159 876
902 877
202 878
686 878
631 879
606 879
412 883
714 884
230 884
985 886
654 887
497 888
250 890
47 891
326 895
999 900
606 905
348 907
196 907
519 908
961 911
199 912
434 913
872 914
168 915
529 916
308 919
824 920
24 921
409 923
958 924
171 926
853 927
889 928
747 928
157 930
132 932
814 932
586 933
642 935
27 935
248 936
93 937
560 939
134 939
777 940
672 942
870 944
899 944
233 945
92 946
322 949
785 950
976 951
634 952
371 952
728 953
378 954
390 954
740 957
31 961
402 961
493 965
530 966
189 967
799 968
813 972
387 972
703 972
281 974
386 980
55 980
214 980
313 982
218 983
592 985
955 986
329 986
924 988
20 989
191 989
451 990
849 991
479 991
473 993
583 996
772 996
917 997
756 1000
385 1000
