1000
789 1
828 1
719 1
119 3
492 3
291 4
21 4
16 5
607 5
200 5
455 6
45 6
834 6
240 8
471 9
477 10
513 11
19 11
147 12
847 13
145 14
10 14
566 15
328 15
680 16
636 16
467 17
204 18
444 19
241 20
258 21
368 22
820 23
168 23
836 24
669 24
426 26
131 27
763 31
972 34
703 36
778 41
998 42
380 43
704 43
426 44
795 45
180 46
982 46
579 48
847 49
930 51
390 51
413 54
357 56
511 57
23 57
305 57
600 58
452 59
182 60
447 61
935 62
206 62
641 63
316 66
485 68
40 72
403 72
332 72
425 74
792 74
735 76
184 77
937 78
683 79
569 80
807 81
680 81
226 82
160 84
882 88
21 88
750 89
578 90
812 90
92 91
228 92
535 93
196 95
769 96
346 99
135 99
931 100
424 100
570 100
622 101
564 102
420 102
586 103
857 104
475 104
764 104
242 104
340 104
300 106
982 106
202 106
909 107
756 108
646 109
393 111
309 111
57 111
162 114
995 116
98 116
893 116
801 117
460 119
932 120
990 120
162 121
393 124
496 125
88 125
150 126
470 126
192 126
75 128
572 129
1000 129
955 130
770 133
344 134
438 135
145 136
275 136
474 137
799 138
849 139
450 141
713 142
471 142
968 142
785 142
547 142
61 143
782 144
356 144
670 145
227 148
47 148
662 153
876 154
844 155
612 157
171 158
134 159
816 159
347 162
999 163
822 165
72 165
280 166
941 167
175 168
674 168
961 169
831 169
144 169
166 170
42 171
579 172
361 172
972 173
8 175
766 175
562 175
121 175
369 176
179 177
939 177
780 178
903 178
531 180
30 181
252 182
733 182
342 184
765 184
797 188
205 188
524 189
192 192
910 194
221 195
457 196
179 198
746 198
890 199
36 200
205 201
564 203
902 205
111 206
261 206
960 206
205 213
893 214
170 214
900 215
626 216
692 216
250 219
369 219
468 220
175 220
321 221
362 223
620 226
717 229
483 231
786 232
795 233
449 238
58 239
793 239
110 239
706 240
177 240
33 241
911 241
179 241
654 241
501 243
158 244
926 245
581 245
711 247
113 248
139 249
708 249
421 251
634 252
734 252
712 252
665 252
459 253
699 253
493 253
371 254
712 254
29 255
462 256
824 256
189 256
738 258
314 258
10 259
221 259
653 264
979 265
7 266
283 266
135 267
834 268
488 268
494 268
746 269
642 269
476 270
734 271
249 271
755 272
276 274
132 274
98 275
655 275
106 277
947 278
831 278
106 279
147 280
164 281
555 282
739 282
463 286
449 287
332 288
279 289
450 293
383 294
30 294
150 297
125 298
185 299
812 300
896 301
911 302
726 302
200 302
381 306
851 307
482 307
203 308
893 309
964 310
947 310
158 310
715 310
799 310
889 312
80 312
494 312
735 314
438 317
554 318
130 321
760 322
39 324
109 326
748 329
581 330
693 331
952 331
155 332
189 333
191 334
780 334
629 334
195 334
171 334
547 335
470 336
891 337
141 337
601 338
506 341
168 341
753 342
717 342
963 343
316 344
369 345
521 345
554 345
100 346
811 347
756 347
708 353
606 353
719 355
129 356
460 358
446 359
553 360
333 361
151 362
759 362
994 362
902 363
49 363
306 365
492 365
475 366
781 366
851 367
758 368
31 369
794 369
286 370
491 371
116 372
446 372
289 372
808 373
84 376
636 378
186 380
739 381
799 382
75 382
292 385
598 387
127 387
85 391
274 392
458 393
798 393
245 395
171 396
282 397
308 398
551 399
499 399
608 400
74 401
122 402
393 405
825 406
386 409
732 409
517 411
862 412
152 413
704 413
801 414
243 415
988 415
467 418
471 421
589 421
469 421
849 423
176 424
198 424
214 426
296 426
38 426
969 428
850 429
868 432
182 433
600 433
805 433
523 434
253 435
835 436
800 436
246 438
625 438
813 439
824 442
10 443
964 444
110 444
523 444
225 445
338 447
990 447
31 447
943 448
75 448
997 451
414 452
583 453
385 453
88 454
270 456
382 457
679 458
30 458
627 459
903 460
635 460
547 461
179 462
847 464
892 464
732 465
836 466
370 466
406 467
236 468
546 469
326 470
819 470
493 471
488 471
313 471
505 472
338 473
120 473
211 473
778 474
888 475
998 475
122 476
344 478
267 478
821 479
486 481
677 481
256 482
752 482
29 482
964 483
464 487
953 487
425 488
271 488
812 489
284 489
329 490
175 491
197 492
678 493
21 493
902 493
522 493
391 493
273 495
473 496
121 496
833 497
171 501
335 502
408 502
266 503
436 503
572 506
296 507
665 508
864 511
592 512
5 515
128 517
235 519
981 519
123 521
319 521
793 522
115 522
877 523
653 525
447 526
505 526
631 527
297 528
14 528
725 531
394 531
666 532
487 534
413 534
283 534
723 536
42 536
802 537
922 537
867 538
980 538
394 539
139 540
113 540
654 541
68 542
608 544
346 547
625 549
473 551
972 553
257 555
653 556
568 559
33 559
688 560
777 561
183 561
653 564
697 564
852 565
29 565
344 565
183 566
386 566
503 567
238 568
11 570
303 570
571 571
841 572
371 573
634 574
38 574
335 577
602 577
776 580
205 580
367 582
101 582
634 583
696 584
132 584
419 586
901 588
21 593
826 596
924 598
987 598
800 600
77 600
896 600
44 603
162 604
605 604
641 605
652 606
624 608
244 608
309 608
359 610
609 612
65 612
386 618
244 620
493 624
606 624
104 624
894 625
465 625
33 628
674 628
856 628
268 628
983 632
774 634
451 634
195 635
296 635
396 636
609 636
355 638
429 638
147 638
832 640
656 641
73 641
795 642
308 643
37 645
161 646
967 647
525 647
385 647
856 648
123 650
349 651
32 651
920 651
725 652
886 654
932 654
909 657
648 657
28 660
536 662
319 662
205 663
691 665
306 666
579 666
998 667
822 667
969 668
702 668
511 670
257 670
59 671
218 671
419 671
566 671
323 673
190 673
952 675
314 677
999 677
365 680
312 681
196 682
758 684
193 684
835 685
151 686
71 686
174 686
601 687
602 688
651 691
562 692
663 692
921 694
864 695
529 695
480 695
191 695
585 697
717 697
870 697
692 698
763 698
187 698
995 699
195 700
53 700
636 702
782 703
90 703
585 707
822 708
811 708
171 711
269 711
729 711
623 712
743 712
656 713
82 715
974 716
919 716
515 716
20 717
709 718
456 718
223 719
479 719
129 719
471 720
593 721
990 724
458 727
736 728
525 731
433 731
266 733
806 734
402 735
851 736
628 736
432 737
854 738
115 738
908 739
282 739
552 739
35 741
424 743
42 743
841 743
316 745
542 745
725 745
67 747
282 747
539 749
592 750
918 750
851 751
692 751
897 751
181 751
833 753
649 754
333 754
5 755
257 756
199 756
464 757
933 757
977 758
487 760
59 762
41 764
639 764
178 767
663 768
596 771
274 771
840 773
204 775
589 777
627 778
245 780
302 781
42 782
72 783
111 783
282 784
715 784
873 784
209 787
522 787
402 788
403 788
108 790
392 790
213 790
693 790
911 790
664 791
142 792
355 793
348 794
237 795
825 795
136 795
387 798
562 798
894 799
682 800
827 801
601 801
5 803
394 803
624 804
240 804
300 805
916 806
333 806
473 808
73 809
467 810
100 810
931 811
431 811
612 812
15 812
969 812
144 812
127 815
951 816
295 817
838 818
361 818
216 819
77 819
436 820
730 820
609 821
373 821
587 823
425 825
727 826
103 826
966 827
14 827
285 828
908 829
284 830
415 830
593 832
154 834
859 836
534 836
799 838
538 839
971 839
513 842
205 843
184 845
672 845
231 846
377 846
444 847
225 848
491 849
219 850
650 850
874 850
962 850
863 853
80 854
287 855
512 856
769 857
61 858
680 858
961 859
235 860
426 860
407 860
430 861
385 863
948 863
984 864
867 864
51 866
362 867
272 867
626 868
225 869
225 869
711 870
176 870
738 870
984 871
858 872
727 875
95 875
681 876
250 876
933 876
858 879
778 880
109 883
922 883
478 886
95 886
482 886
8 887
139 890
715 891
901 893
617 894
807 895
808 895
573 897
584 897
756 898
912 899
250 904
545 905
952 905
941 907
378 908
45 909
502 910
786 911
747 914
214 919
876 919
322 920
500 921
321 922
137 922
133 923
982 923
309 926
677 927
780 927
660 930
589 930
757 931
268 931
32 933
551 937
910 937
664 938
880 939
455 939
571 940
658 940
641 942
582 942
918 942
580 943
444 943
578 945
979 948
74 948
820 948
370 952
521 952
109 952
540 954
638 954
189 955
473 955
891 955
804 962
884 962
855 962
426 962
268 964
322 965
919 965
156 965
440 965
598 966
650 967
262 970
701 972
259 972
999 973
121 974
801 975
659 978
435 979
158 979
538 979
827 980
911 980
713 982
30 982
583 982
506 983
728 983
402 984
730 984
623 987
644 988
907 989
108 993
325 994
742 996
994 997
765 997
659 997
539 998
