755
675 0
491 0
506 2
77 3
78 3
650 4
912 8
216 9
826 10
9 12
258 12
473 13
326 13
672 13
838 14
393 14
589 16
896 18
643 19
364 22
709 22
911 22
149 23
67 24
603 24
425 25
673 29
245 29
682 29
858 32
382 32
881 32
475 35
202 36
244 37
923 37
4 38
721 39
211 39
26 42
615 42
603 43
583 44
157 45
144 45
103 45
261 49
434 49
962 49
214 50
231 51
329 54
187 54
461 55
290 56
986 56
800 59
240 60
974 64
670 66
92 66
65 66
645 69
491 71
31 72
207 74
520 74
676 76
648 79
949 81
245 81
337 83
484 83
151 85
100 86
992 88
221 91
729 91
929 98
828 98
456 99
909 101
900 101
807 101
434 101
795 102
134 102
705 104
268 106
758 106
488 108
857 110
252 112
654 113
124 118
644 118
863 118
447 121
505 122
192 122
770 124
886 124
765 125
743 125
397 125
265 125
522 130
704 130
278 130
690 132
988 133
963 133
192 134
885 134
666 137
70 141
364 142
256 143
636 143
798 145
460 147
591 149
60 152
536 153
540 155
616 155
959 156
243 157
719 162
448 167
319 167
905 169
962 169
212 170
497 170
478 172
312 172
820 173
2 175
957 177
477 179
299 180
842 180
64 181
896 181
747 182
104 182
211 184
877 184
691 186
744 187
460 193
481 193
117 193
915 195
663 198
808 198
116 199
574 200
385 203
708 203
193 204
593 205
729 206
836 207
949 207
680 211
141 212
957 212
89 215
289 215
837 216
288 216
695 217
152 217
62 219
103 222
85 223
44 224
77 224
446 225
230 225
20 225
580 226
892 227
357 227
537 228
967 231
54 232
951 232
620 235
293 237
324 239
426 240
391 241
558 243
803 244
347 245
671 249
212 249
20 252
380 257
23 258
688 259
791 259
902 260
861 261
397 261
584 261
117 262
4 262
914 263
939 263
746 265
168 266
24 266
934 269
872 273
80 273
761 275
444 278
314 279
55 281
868 283
263 283
888 286
570 291
218 294
58 295
107 297
246 303
200 303
881 306
103 308
274 308
483 308
324 308
672 309
977 314
805 315
129 315
472 315
303 316
139 317
604 318
319 320
643 322
485 323
230 323
118 323
124 325
325 325
514 326
415 327
529 328
701 330
740 331
525 331
66 331
430 334
801 334
253 335
677 337
330 338
895 338
121 341
351 342
259 343
682 343
877 343
149 344
427 345
734 346
557 347
663 347
156 349
93 352
1 354
175 357
623 357
864 358
189 358
415 360
32 360
166 361
41 361
330 362
286 363
446 364
876 364
362 365
306 367
353 367
322 367
743 367
436 369
125 370
155 372
342 373
448 379
636 381
725 384
662 384
256 386
551 387
345 388
648 388
881 388
820 391
191 391
610 391
576 392
786 392
87 393
761 395
969 396
205 399
969 400
872 400
79 401
234 402
463 406
776 408
173 411
920 411
418 412
642 413
212 415
868 418
214 418
692 423
344 424
163 424
964 424
915 425
732 425
112 425
472 427
701 427
740 429
389 431
407 432
143 433
422 434
350 436
424 436
704 437
652 437
556 437
799 438
791 439
645 439
471 440
67 442
948 443
247 443
246 443
894 444
275 446
650 447
456 448
855 448
590 449
577 449
67 451
586 452
238 454
94 455
58 456
504 459
428 460
539 461
882 464
254 465
146 468
164 469
737 470
260 471
800 473
185 478
758 478
274 481
638 482
795 484
464 484
268 484
57 485
498 485
590 485
678 486
638 486
324 487
153 489
691 490
673 490
547 495
620 496
592 497
833 497
924 497
41 501
168 501
279 502
538 509
538 511
893 511
581 514
677 514
483 515
32 521
527 521
175 526
464 528
759 529
838 529
552 531
125 533
108 534
787 535
910 536
61 537
208 538
131 539
43 541
936 542
827 544
589 545
587 545
10 546
410 547
325 554
344 556
249 558
105 561
723 563
970 564
472 565
271 565
77 566
374 568
925 568
396 569
702 570
23 572
43 573
992 573
845 576
385 579
187 581
387 582
814 582
566 582
142 584
66 585
143 586
185 586
977 587
788 587
633 589
341 589
908 590
356 590
509 590
73 590
946 591
447 599
828 600
404 601
704 602
666 603
387 604
857 606
148 607
3 607
324 609
762 610
674 611
178 612
946 612
804 613
554 613
620 613
858 613
161 614
651 617
172 617
489 617
587 617
111 618
106 621
180 621
139 622
560 626
893 629
145 630
268 630
769 631
603 631
706 632
455 633
775 633
261 635
20 639
232 640
876 641
514 642
587 643
637 643
827 644
608 645
768 652
250 653
272 658
925 659
636 660
194 661
314 661
790 667
876 669
756 671
347 672
182 674
560 675
224 678
882 679
9 679
513 679
968 680
347 680
76 682
585 682
812 683
54 683
78 683
797 683
41 684
169 684
424 687
678 690
882 690
670 694
231 694
574 695
187 696
701 697
362 697
923 697
128 698
230 702
74 702
399 703
838 703
52 703
905 704
203 704
489 705
554 706
230 707
291 708
747 709
844 712
6 713
532 714
557 715
936 715
53 715
918 715
609 717
565 717
459 717
209 718
971 719
605 721
857 723
754 728
883 729
240 733
32 734
953 736
134 737
772 738
678 739
50 742
720 744
708 747
387 748
286 750
608 752
7 753
693 754
62 755
94 755
558 755
85 757
283 759
111 762
372 764
358 766
205 769
947 772
566 774
29 778
252 780
645 781
980 784
382 785
27 786
454 786
398 787
825 787
496 788
62 790
903 790
435 791
308 791
501 794
162 797
679 797
184 799
784 799
751 801
996 801
359 801
952 802
100 805
732 809
237 809
693 813
199 815
285 815
381 817
951 819
768 821
854 821
889 824
62 832
665 833
985 833
57 834
915 835
720 838
312 839
431 839
485 841
440 842
927 847
184 848
167 850
367 851
775 854
836 855
204 857
838 858
32 858
401 860
683 860
127 862
214 864
117 866
343 866
994 868
843 868
755 869
38 870
928 870
521 873
469 877
58 877
121 878
82 879
800 879
199 880
910 882
72 882
32 883
881 885
320 885
699 889
96 892
890 892
242 895
586 895
296 895
529 897
4 901
304 901
975 904
770 904
166 904
703 905
154 907
973 908
88 912
357 916
274 916
528 917
914 920
106 920
511 922
267 922
283 928
849 928
373 929
1 929
92 931
941 931
553 933
963 933
315 933
670 937
390 938
71 940
314 943
228 943
505 945
306 945
366 946
819 947
214 947
182 948
101 948
171 949
113 952
304 953
578 954
470 954
989 954
364 964
517 966
989 968
271 968
472 968
555 969
884 971
384 972
871 972
308 973
493 975
722 975
139 976
490 976
931 984
876 984
406 985
248 986
328 989
325 990
127 990
79 990
920 996
187 997
329 998
674 999
42 999
719 1000
