745
32 0
37 0
27 1
75 1
52 1
88 1
88 2
27 2
13 3
31 3
90 3
96 3
40 4
63 4
54 4
78 4
100 4
17 4
96 5
93 5
39 5
93 5
91 5
32 5
94 6
47 6
28 6
5 6
94 7
89 7
98 8
61 8
52 8
41 8
78 8
66 9
65 9
96 9
28 9
40 10
56 10
49 10
10 10
75 11
5 11
40 12
4 12
18 12
20 12
91 12
1 13
43 13
88 13
11 14
35 14
50 15
54 15
34 16
3 16
42 16
48 17
90 17
24 17
75 17
98 17
72 18
85 18
89 18
78 19
29 19
50 19
98 19
2 19
42 20
32 20
66 20
28 20
39 20
23 21
30 21
52 21
12 21
69 21
31 22
83 22
74 22
86 22
78 22
14 22
60 23
90 23
25 23
30 23
53 25
31 25
98 25
29 25
67 25
83 25
47 25
66 26
55 26
10 26
52 27
58 27
66 27
59 28
18 28
67 28
99 28
72 29
87 29
48 29
59 29
1 30
79 30
37 31
85 31
76 31
44 32
89 32
94 32
91 33
46 33
14 33
8 33
22 33
13 34
79 34
50 34
3 35
44 36
23 36
74 36
54 37
15 37
31 37
65 37
31 38
75 38
25 38
61 38
55 38
16 38
93 38
13 39
25 40
53 40
22 41
76 41
8 41
73 41
54 41
1 42
12 42
51 42
59 42
91 42
68 42
5 42
41 43
14 43
91 44
81 44
66 44
50 45
22 46
90 46
4 46
46 46
43 46
95 47
46 47
75 47
77 47
63 47
69 48
27 48
5 48
64 49
96 49
28 49
4 50
75 50
83 50
11 50
25 50
48 51
34 51
96 52
97 53
85 53
62 54
92 56
45 56
96 56
84 57
98 57
12 57
64 57
41 57
41 57
77 58
26 58
37 58
18 58
1 59
9 59
21 60
72 60
5 61
12 61
43 61
57 61
72 61
2 61
4 61
21 61
58 62
82 62
9 62
47 62
1 62
61 62
1 62
66 63
40 63
94 63
80 63
34 64
82 64
48 64
83 65
90 65
29 65
39 65
15 66
27 66
43 66
88 66
6 67
98 67
67 68
3 68
89 68
45 68
78 68
1 68
32 69
31 70
99 70
50 70
78 70
27 70
26 70
27 71
74 71
85 71
21 72
3 72
87 72
91 72
3 73
2 73
40 74
97 75
93 75
47 75
97 76
98 76
27 77
61 77
35 77
93 77
46 78
71 78
81 78
59 78
80 80
60 81
77 81
4 81
72 81
100 81
54 82
38 82
72 82
79 82
91 84
57 85
54 85
3 85
18 85
8 86
15 86
31 86
95 86
26 87
61 87
4 87
81 87
96 87
4 87
29 87
77 88
17 89
85 89
12 90
31 90
90 90
96 90
6 90
34 91
41 91
19 91
99 91
92 92
93 92
34 92
56 92
43 93
25 93
60 93
58 94
5 94
67 95
34 95
30 96
52 97
35 97
70 98
69 98
31 99
58 100
88 101
8 101
47 102
88 102
54 102
48 102
30 103
59 103
93 103
11 103
75 104
37 104
86 104
16 105
91 105
63 106
21 106
28 106
62 106
66 106
26 107
78 107
72 108
41 108
63 108
67 109
57 109
20 110
19 110
81 111
42 111
69 111
98 112
90 112
18 112
17 112
75 113
39 113
68 113
14 114
89 114
4 114
23 114
28 114
47 114
16 114
87 115
25 115
11 116
19 116
52 116
19 116
57 117
16 117
62 118
5 118
36 118
46 118
70 119
74 119
20 119
66 119
60 120
100 120
71 120
59 120
52 121
25 122
22 122
46 122
71 123
87 123
17 124
34 124
23 124
46 125
44 126
34 127
3 127
71 127
62 127
56 127
78 128
35 128
25 128
24 128
94 128
25 128
71 129
100 129
93 129
59 130
79 130
37 131
29 131
30 131
17 131
19 132
98 133
24 133
27 134
73 134
31 134
74 134
5 136
38 137
76 137
65 137
79 137
9 138
71 138
51 138
74 138
80 138
3 138
80 138
67 138
97 138
99 139
36 139
44 139
13 140
3 140
27 140
7 140
28 140
9 141
57 141
62 141
88 141
70 142
35 142
8 142
36 142
16 142
34 143
28 143
21 143
96 143
80 143
16 144
83 144
66 145
74 145
67 146
83 147
89 147
93 148
29 148
97 149
53 149
69 149
23 149
60 149
86 149
79 149
45 150
4 150
33 151
80 151
98 151
64 151
30 151
42 151
40 151
88 152
44 152
52 153
34 153
13 153
53 153
77 154
9 154
40 154
18 154
72 155
83 155
69 155
5 155
66 155
96 155
44 156
72 156
3 156
59 156
68 157
93 158
75 159
51 159
99 159
53 160
76 160
34 160
36 160
55 160
70 160
76 160
59 160
33 161
57 161
50 161
81 161
69 161
63 162
49 162
18 162
58 162
34 163
58 164
86 164
74 164
8 165
40 165
69 165
79 165
54 165
58 165
43 165
87 166
58 166
75 166
93 167
23 167
56 167
70 168
40 168
68 168
73 169
17 169
65 170
35 170
9 171
3 172
76 172
100 173
11 173
65 174
50 174
90 175
6 175
84 175
35 175
91 175
24 175
22 176
28 176
81 176
6 177
26 177
36 177
49 177
100 177
34 177
1 177
32 178
98 179
78 179
7 179
15 181
48 181
18 181
61 182
35 182
82 182
40 182
19 182
55 182
72 183
73 184
50 185
43 185
58 186
25 186
42 186
30 186
55 187
46 187
16 188
58 188
34 188
87 188
64 188
33 189
40 189
47 189
29 189
60 189
87 190
89 190
51 190
57 190
98 190
34 191
32 191
3 191
73 191
21 191
11 192
10 193
23 193
53 193
25 194
18 194
56 194
43 195
11 195
65 195
70 195
98 196
17 196
30 196
48 196
5 196
30 197
28 197
71 198
94 198
68 198
38 199
15 199
1 199
53 200
80 200
96 200
2 200
77 201
36 201
87 202
9 202
8 202
79 202
63 202
85 202
14 202
8 203
27 203
13 203
47 203
16 203
32 204
68 204
71 205
22 205
9 206
100 206
88 206
2 206
72 207
4 207
81 207
93 208
30 208
48 208
19 208
62 209
81 209
88 210
13 210
37 211
71 211
54 211
75 211
80 212
21 212
69 213
67 213
45 213
25 213
13 213
14 215
57 215
36 215
41 216
28 216
63 216
68 217
100 217
48 217
10 217
13 218
18 218
11 218
51 218
93 219
94 219
73 220
2 221
27 221
59 221
27 222
57 222
1 222
40 222
81 222
21 223
86 223
93 223
22 223
91 223
17 224
65 224
5 224
76 225
21 225
26 225
20 225
31 225
49 225
66 225
1 226
9 226
