193
757 6
494 7
760 19
519 23
617 31
548 33
726 63
427 67
869 71
135 73
909 76
721 79
685 84
188 85
15 86
61 86
29 90
219 116
433 117
106 132
251 137
897 140
611 142
767 152
895 154
891 155
509 157
907 161
565 164
2 172
582 177
136 179
573 181
203 188
488 197
194 202
931 208
637 210
678 211
312 212
76 218
875 226
644 234
362 239
481 241
142 241
65 244
904 248
410 253
272 254
572 257
397 261
223 265
389 265
564 283
873 284
355 286
181 290
808 291
79 294
734 306
379 313
194 315
367 322
287 325
856 334
557 335
963 347
221 372
554 393
610 396
9 400
808 405
120 419
569 421
892 430
567 430
954 434
491 441
59 449
874 453
654 458
395 463
806 465
336 476
913 477
959 482
522 484
197 488
319 495
213 497
860 516
920 518
595 521
393 529
587 529
262 531
283 534
652 534
71 534
705 535
313 547
706 561
862 565
334 566
502 581
591 585
786 589
383 590
735 592
90 599
517 604
421 614
511 615
110 619
77 619
603 623
658 623
950 624
163 637
527 639
514 645
895 657
71 658
151 658
585 660
452 663
146 672
937 674
269 674
434 678
200 686
316 722
563 723
622 733
270 744
217 749
811 752
394 755
981 773
890 777
651 780
336 784
369 793
153 798
932 799
335 801
85 801
188 806
582 811
992 812
293 814
291 816
70 835
444 837
806 838
725 841
353 843
223 848
241 857
455 858
988 858
410 862
553 863
435 864
558 864
275 868
458 875
727 876
519 877
664 884
449 898
697 898
977 908
563 913
955 914
201 920
362 921
329 924
965 938
953 939
148 942
873 946
52 947
464 960
727 960
263 972
216 973
785 976
627 977
624 990
771 997
359 997
