1000
603 0
223 0
585 1
856 1
343 2
698 2
206 3
541 3
80 4
727 5
112 5
80 7
197 8
10 9
650 10
657 11
843 11
569 11
487 12
74 13
405 14
797 16
922 18
453 18
287 19
446 20
39 21
658 21
340 22
103 22
984 22
688 22
572 25
251 26
153 26
511 27
600 28
383 29
530 29
783 30
800 30
874 34
243 34
756 36
283 38
3 39
841 45
101 45
618 47
411 48
339 48
719 48
735 48
893 49
805 49
348 52
449 52
127 54
487 56
87 58
93 60
3 60
769 60
475 61
640 62
387 64
262 66
248 67
184 67
515 68
182 68
829 68
341 70
505 72
249 73
188 74
912 76
176 77
973 78
960 79
400 80
197 83
839 83
799 84
388 84
319 85
913 86
7 87
788 88
989 90
222 90
388 90
841 92
672 92
516 93
937 95
196 96
78 97
885 98
707 99
517 100
930 100
684 101
939 101
593 102
766 103
49 104
572 104
514 108
258 110
924 110
468 110
108 111
898 112
285 112
450 114
91 114
136 116
41 116
636 116
283 117
544 119
1 119
46 119
618 120
113 120
855 123
798 124
698 125
618 126
191 127
788 127
720 129
345 130
82 131
301 132
555 133
482 134
922 135
551 136
746 137
262 138
829 138
43 139
799 140
315 140
713 142
585 142
824 143
818 144
426 145
559 145
279 147
81 147
106 147
263 148
593 150
75 150
346 151
845 151
66 152
462 152
627 155
817 156
722 157
639 161
700 161
618 161
741 162
70 164
319 165
779 166
656 168
603 169
316 171
394 174
663 174
103 175
155 176
700 178
320 178
999 179
469 180
221 180
489 183
343 184
668 184
755 185
664 188
819 188
357 189
384 189
327 189
489 190
196 191
216 192
313 196
930 197
198 199
596 199
799 199
958 200
888 200
579 200
330 203
468 207
426 208
221 209
989 209
117 210
897 210
909 211
343 212
656 214
17 215
574 216
91 216
560 217
479 217
132 218
547 219
361 221
354 222
993 222
142 223
708 224
841 224
200 225
801 226
690 226
964 227
774 227
978 231
678 232
141 232
811 232
328 233
389 233
91 233
562 234
734 235
646 236
721 236
725 239
585 241
448 241
3 242
446 242
495 243
868 243
616 244
589 244
179 245
173 246
971 250
403 253
842 253
518 253
60 253
624 253
939 258
833 260
529 260
261 261
511 264
810 266
902 266
517 266
827 267
551 269
389 272
578 273
962 273
908 275
654 276
185 276
471 277
693 279
983 279
9 279
227 281
979 282
620 284
30 285
833 287
13 290
258 290
642 293
542 293
631 300
342 302
663 302
813 304
306 304
241 305
112 305
141 305
701 307
162 307
752 310
428 311
809 312
785 313
692 315
27 316
372 316
712 317
43 318
698 321
841 322
214 325
343 327
25 327
955 327
800 328
261 329
847 329
568 334
225 334
627 334
323 335
7 337
391 338
776 340
649 341
955 343
778 344
423 344
487 346
306 347
425 347
889 350
94 351
468 352
852 352
432 354
44 354
438 355
911 356
988 356
23 356
429 357
982 357
554 358
685 358
343 364
495 365
529 369
503 371
548 371
270 371
114 374
352 375
399 375
112 376
623 378
811 378
143 379
80 380
134 381
172 381
178 382
153 382
96 383
262 383
905 384
433 384
160 384
21 386
608 386
146 386
163 388
144 388
990 389
471 390
408 391
506 393
884 393
469 394
278 395
383 395
663 396
704 397
97 397
576 398
650 400
259 400
728 401
684 407
475 408
104 408
8 409
768 412
84 413
582 413
488 414
347 414
645 415
909 415
969 415
586 415
695 415
866 419
984 421
262 421
448 423
612 426
107 427
333 429
622 430
787 430
167 431
235 431
296 431
526 431
48 431
682 432
137 433
820 433
562 434
619 435
614 436
624 436
801 436
907 437
799 438
261 440
522 440
667 440
207 442
840 443
137 445
43 446
606 446
504 446
571 447
893 447
985 448
958 448
864 449
354 449
774 449
60 450
817 451
696 451
727 453
715 453
279 457
464 459
864 460
662 461
763 461
230 461
449 461
119 465
316 466
814 466
437 466
477 468
32 469
961 470
258 470
880 471
90 473
858 474
884 475
405 478
572 478
765 480
856 481
270 484
318 486
53 486
938 490
484 492
812 494
184 496
159 497
266 497
313 499
741 500
933 500
963 501
300 502
487 503
227 503
584 503
53 504
351 504
849 504
725 505
642 505
471 506
699 507
196 508
286 508
310 509
479 509
810 509
600 509
889 511
908 512
628 512
560 512
850 514
49 515
212 516
548 516
354 516
110 516
997 517
865 517
91 518
408 521
787 522
299 522
695 522
477 523
364 525
574 526
720 527
501 528
731 531
638 532
710 532
221 533
317 534
259 535
11 536
6 537
337 539
627 540
353 540
40 542
917 543
949 544
484 546
807 546
889 547
505 548
369 548
764 550
231 550
197 551
346 551
229 553
4 553
7 553
786 554
81 554
980 554
880 555
183 555
12 556
67 556
514 556
135 558
708 558
903 561
939 562
525 562
232 562
2 564
577 566
752 567
39 567
744 569
670 570
939 571
228 575
608 575
70 576
321 577
342 580
984 582
373 582
680 583
398 583
992 584
661 586
574 586
12 587
112 590
359 591
537 592
44 595
475 596
682 597
193 598
845 598
142 599
787 602
301 603
51 603
437 603
541 605
801 607
362 608
19 609
439 610
463 611
999 615
764 615
403 615
628 615
40 615
884 616
483 616
552 617
465 617
601 618
347 618
82 620
547 622
630 622
877 622
443 623
10 624
257 625
623 625
961 625
713 625
859 627
997 627
398 627
251 628
725 628
340 629
567 629
432 630
911 631
206 634
83 634
442 634
297 635
129 637
661 637
869 639
555 639
784 639
247 640
399 643
235 643
778 644
119 647
468 648
925 648
40 649
860 650
923 650
66 651
452 651
503 651
940 651
442 652
94 652
612 652
185 652
129 653
70 654
409 656
791 656
881 657
339 657
553 658
432 658
818 658
787 659
834 661
890 661
47 661
548 662
140 662
508 663
931 665
876 666
70 667
610 667
404 668
457 670
855 671
132 672
147 672
114 673
101 674
289 674
13 675
335 677
210 678
126 678
29 678
580 678
30 679
201 682
239 682
544 684
248 684
151 684
331 684
92 686
277 687
662 687
130 690
777 690
309 691
252 692
196 693
80 693
485 694
760 697
606 697
619 697
941 698
380 698
833 699
135 700
646 700
800 700
139 700
407 705
537 706
89 707
702 708
997 708
962 708
124 709
688 714
487 714
642 715
280 715
855 716
161 717
817 718
237 722
699 724
644 724
299 724
816 725
698 725
497 725
948 727
770 728
858 730
49 732
118 732
724 733
313 734
162 735
511 738
218 739
516 740
676 743
138 743
158 744
420 745
740 746
146 746
392 748
480 748
627 749
473 749
623 750
45 750
864 751
701 756
245 759
907 761
360 762
601 763
593 767
948 767
983 768
481 770
178 771
209 771
785 771
766 772
973 773
105 775
271 775
65 775
845 776
941 780
258 781
535 782
148 785
89 785
786 787
934 787
271 789
229 789
487 789
319 790
34 790
791 791
289 791
764 792
589 794
202 796
666 797
267 800
151 800
245 803
654 803
422 804
873 804
472 806
948 806
610 807
524 809
334 811
980 811
366 812
559 813
107 814
492 814
106 818
412 818
43 819
395 820
773 822
95 822
993 823
881 823
755 824
368 825
347 826
537 826
72 827
640 827
848 831
758 834
333 835
291 835
454 835
684 836
309 836
481 837
132 839
380 841
643 842
281 842
578 842
175 844
534 844
74 846
576 847
494 849
705 849
407 850
47 850
125 850
183 853
961 853
902 855
337 857
933 858
85 858
907 858
707 859
238 861
546 861
446 862
951 862
650 864
308 864
939 865
734 867
570 868
72 869
246 869
883 869
816 871
607 871
658 873
981 873
870 875
801 875
958 876
460 878
468 878
983 880
735 881
262 882
137 882
102 882
713 883
970 883
916 883
24 884
773 884
68 885
859 885
639 886
169 886
112 886
647 887
647 888
49 890
489 891
391 891
173 891
230 892
840 892
567 894
394 896
856 897
646 900
664 902
694 903
883 903
536 903
945 903
932 905
936 909
1000 910
8 910
860 911
165 914
570 916
437 917
260 918
756 920
157 921
462 921
482 924
804 926
16 926
273 928
903 930
427 932
242 933
815 933
748 935
432 936
353 937
962 937
521 941
399 942
986 943
326 944
772 945
735 945
491 946
945 947
257 948
459 948
642 949
786 951
532 952
857 954
954 955
101 955
133 955
171 957
999 957
750 958
488 958
147 958
985 959
399 961
311 961
321 961
127 961
763 962
699 962
466 964
194 966
554 966
495 967
835 967
602 969
17 970
672 971
44 971
771 972
453 975
208 975
888 976
789 976
757 981
113 981
559 982
849 983
873 983
998 984
610 984
187 985
565 988
436 989
103 989
844 989
650 991
108 997
251 998
413 999
873 999
778 1000
206 1000
838 1000
