766
865 0
445 2
123 2
411 3
759 3
988 3
975 4
69 5
330 8
546 10
624 10
9 11
962 12
422 17
25 18
535 18
450 18
959 19
460 19
841 22
526 25
431 28
383 29
826 31
996 32
885 32
144 32
150 34
902 36
730 36
112 38
122 39
774 40
984 41
536 43
15 44
472 44
837 47
490 47
405 50
452 51
341 52
428 52
492 54
115 54
534 60
259 60
386 60
485 61
860 64
183 65
764 65
957 67
279 68
414 69
181 70
663 73
557 73
165 75
347 77
218 79
170 80
902 82
971 83
614 85
742 89
427 92
154 93
304 94
39 94
353 96
272 96
882 97
319 97
202 97
157 97
579 97
413 98
712 98
171 99
521 99
321 101
725 101
121 104
919 107
485 107
906 107
58 107
544 109
572 109
98 110
644 113
119 116
688 117
435 117
432 118
906 118
177 119
948 125
676 127
827 128
46 128
261 128
925 130
309 131
31 134
721 136
230 137
935 140
465 143
805 144
781 148
976 148
957 148
68 148
603 149
110 155
893 155
612 155
922 155
284 155
369 158
175 163
125 163
403 167
32 167
341 169
809 169
85 170
339 171
444 172
367 172
139 173
739 173
960 174
945 174
30 175
814 179
224 182
77 185
954 187
819 188
972 189
139 192
559 194
996 194
109 195
917 195
721 195
842 196
496 197
457 201
788 202
10 204
948 204
834 204
452 206
343 208
361 209
734 212
36 214
21 214
80 214
590 215
773 216
793 219
599 220
53 220
875 220
418 221
152 221
66 221
241 223
492 223
291 225
139 226
31 227
482 228
901 229
735 230
314 231
900 232
510 232
729 233
320 236
523 237
885 238
393 240
339 241
897 244
922 247
274 248
8 249
375 250
559 251
130 252
328 253
831 254
409 254
143 254
74 255
749 257
922 257
645 260
914 262
404 262
829 263
122 268
924 268
586 268
248 269
92 269
850 271
391 271
652 277
435 277
868 277
983 278
949 279
811 280
655 282
991 282
776 283
594 285
624 286
172 289
450 289
171 290
940 291
748 292
724 292
295 293
114 294
576 294
204 294
581 296
496 297
543 297
620 302
392 306
793 306
763 307
693 307
224 308
484 315
389 315
842 315
655 317
555 317
869 317
187 317
915 318
120 319
798 320
840 321
20 322
578 322
537 322
77 323
807 323
884 323
902 324
748 325
272 335
365 336
628 337
467 338
259 339
399 340
931 341
65 341
752 342
203 343
202 348
507 348
628 356
1000 356
985 356
502 358
22 358
930 359
873 360
910 362
546 363
621 364
104 365
795 366
506 367
176 367
40 368
778 368
478 371
129 371
443 372
99 372
998 374
59 374
977 378
748 379
517 382
824 383
241 383
354 389
249 389
126 391
126 392
269 393
788 395
867 396
499 396
841 398
382 398
205 398
45 399
1 399
21 400
644 402
386 404
804 405
293 406
877 406
305 407
305 408
791 409
992 410
566 412
502 413
293 416
591 417
409 422
937 424
83 425
301 426
948 426
572 428
350 430
807 431
783 433
521 434
263 435
281 438
813 441
815 441
449 442
60 442
901 444
180 445
449 447
3 448
688 450
236 453
682 455
16 459
286 461
429 462
493 462
594 463
923 464
146 467
539 469
48 470
11 473
565 474
351 475
569 476
844 481
376 482
917 483
443 485
837 485
394 485
301 488
222 489
312 490
358 491
764 491
388 492
881 494
106 497
517 500
641 503
894 503
747 503
108 504
930 505
577 505
809 506
632 506
643 508
232 508
516 510
600 510
491 512
760 512
239 515
806 515
861 515
765 516
167 519
448 519
532 521
282 526
936 528
531 529
694 529
370 532
231 533
663 533
695 534
102 535
362 538
904 538
415 541
986 541
948 543
246 543
834 543
446 543
534 544
528 544
588 546
532 546
750 547
880 556
766 557
462 558
283 560
590 560
488 562
492 562
654 563
434 563
274 564
582 567
960 569
448 570
920 571
42 572
248 572
859 573
482 573
628 575
571 575
590 575
685 577
451 577
123 578
132 578
802 579
133 580
499 582
118 583
686 585
518 585
278 586
889 588
613 589
70 591
517 592
200 592
173 594
161 597
654 604
774 607
794 608
685 610
809 612
36 619
894 619
101 619
100 620
436 620
392 621
596 621
721 624
242 625
467 626
667 627
374 629
719 630
139 630
919 632
782 633
499 634
841 634
142 635
636 635
412 635
700 635
421 638
538 638
544 639
868 644
394 645
571 648
101 650
529 650
548 651
516 653
285 655
704 657
525 658
702 658
988 659
326 659
253 659
93 664
924 665
238 665
397 668
328 669
712 673
639 674
242 675
599 676
329 676
115 677
402 677
637 681
760 682
797 682
187 683
323 684
748 684
969 686
393 687
872 688
702 691
591 691
800 694
106 695
873 695
203 695
281 697
319 697
288 702
164 702
219 703
507 703
456 704
194 706
115 707
735 710
635 710
494 714
423 715
372 718
532 719
843 719
250 719
783 721
342 721
647 722
748 722
33 722
824 723
885 724
318 725
329 726
820 727
157 729
784 729
692 730
621 731
117 732
157 733
41 735
803 735
340 736
958 737
185 740
153 741
494 741
900 746
66 748
520 748
619 750
791 754
749 754
276 757
712 757
19 760
891 760
497 760
206 761
154 762
84 762
726 763
963 763
73 766
531 769
440 770
8 771
826 772
467 773
532 774
717 777
680 778
998 778
24 780
506 784
618 784
318 788
333 789
201 789
825 791
947 795
286 796
558 797
710 798
246 798
492 798
755 799
500 801
395 803
513 805
779 805
314 807
515 809
898 810
487 813
552 813
641 814
881 815
837 816
202 818
677 818
164 820
775 823
651 823
668 825
717 826
399 826
822 828
569 829
132 835
101 836
964 837
410 839
307 839
862 840
890 841
38 842
141 843
437 843
244 844
90 846
288 847
189 848
563 848
94 849
769 850
272 852
842 852
223 852
624 854
594 855
424 858
61 860
963 862
908 862
673 863
613 864
738 865
727 866
714 867
718 869
908 869
565 869
206 871
990 873
295 873
852 873
544 874
61 874
857 874
747 874
651 876
784 878
168 881
77 881
479 884
219 884
401 884
704 885
24 885
294 886
496 886
795 887
867 887
973 887
172 887
570 888
454 894
854 895
756 896
699 896
294 898
190 901
94 905
517 908
157 910
734 912
486 913
93 914
80 915
734 917
157 918
608 920
487 920
650 920
289 921
827 923
107 925
390 925
858 926
635 929
459 929
903 929
670 929
819 931
291 935
660 935
172 936
31 937
288 938
8 939
190 939
991 940
768 941
714 941
510 946
917 957
980 960
213 961
90 962
85 962
948 963
107 965
510 967
47 968
188 972
873 973
592 974
477 974
36 975
95 978
914 979
33 979
366 980
121 980
387 980
83 981
354 984
664 984
435 984
673 989
451 990
65 991
922 991
963 992
291 996
680 996
592 996
440 999
101 999
