1000
513 2147483637
565 2147483637
703 2147483637
810 2147483637
783 2147483637
531 2147483637
477 2147483637
904 2147483637
33 2147483637
702 2147483637
752 2147483637
500 2147483637
786 2147483637
449 2147483637
358 2147483637
5 2147483637
523 2147483637
179 2147483637
234 2147483637
213 2147483637
606 2147483637
989 2147483637
936 2147483637
293 2147483637
467 2147483637
597 2147483637
838 2147483637
52 2147483637
847 2147483637
269 2147483637
863 2147483637
228 2147483637
244 2147483637
103 2147483637
974 2147483637
274 2147483637
972 2147483637
712 2147483637
308 2147483637
228 2147483637
800 2147483637
597 2147483637
886 2147483637
168 2147483637
244 2147483637
284 2147483637
957 2147483637
300 2147483637
934 2147483637
453 2147483637
554 2147483637
59 2147483637
259 2147483637
540 2147483637
350 2147483637
105 2147483637
324 2147483637
330 2147483637
524 2147483637
582 2147483637
837 2147483637
315 2147483637
638 2147483637
358 2147483637
674 2147483637
476 2147483637
919 2147483637
416 2147483637
588 2147483637
311 2147483637
71 2147483637
823 2147483637
63 2147483637
921 2147483637
948 2147483637
880 2147483637
593 2147483637
397 2147483637
399 2147483637
299 2147483637
504 2147483637
958 2147483637
877 2147483637
507 2147483637
321 2147483637
956 2147483637
322 2147483637
860 2147483637
73 2147483637
722 2147483637
354 2147483637
5 2147483637
519 2147483637
468 2147483637
863 2147483637
963 2147483637
91 2147483637
812 2147483637
589 2147483637
179 2147483637
271 2147483638
536 2147483638
53 2147483638
884 2147483638
959 2147483638
234 2147483638
308 2147483638
681 2147483638
111 2147483638
954 2147483638
559 2147483638
658 2147483638
284 2147483638
458 2147483638
932 2147483638
633 2147483638
519 2147483638
758 2147483638
452 2147483638
239 2147483638
17 2147483638
79 2147483638
395 2147483638
955 2147483638
596 2147483638
553 2147483638
747 2147483638
553 2147483638
852 2147483638
780 2147483638
898 2147483638
188 2147483638
162 2147483638
381 2147483638
826 2147483638
976 2147483638
482 2147483638
114 2147483638
55 2147483638
578 2147483638
3 2147483638
979 2147483638
314 2147483638
539 2147483638
263 2147483638
432 2147483638
309 2147483638
349 2147483638
437 2147483638
33 2147483638
456 2147483638
337 2147483638
785 2147483638
25 2147483638
193 2147483638
604 2147483638
422 2147483638
39 2147483638
198 2147483638
96 2147483638
70 2147483638
617 2147483638
584 2147483638
4 2147483638
962 2147483638
507 2147483638
799 2147483638
963 2147483638
724 2147483638
163 2147483638
167 2147483638
911 2147483638
469 2147483638
663 2147483638
80 2147483638
690 2147483638
472 2147483638
279 2147483638
209 2147483638
541 2147483638
965 2147483638
384 2147483638
54 2147483638
311 2147483638
34 2147483638
345 2147483639
313 2147483639
31 2147483639
1000 2147483639
784 2147483639
951 2147483639
250 2147483639
269 2147483639
728 2147483639
424 2147483639
25 2147483639
630 2147483639
739 2147483639
614 2147483639
998 2147483639
193 2147483639
733 2147483639
89 2147483639
383 2147483639
335 2147483639
139 2147483639
474 2147483639
47 2147483639
437 2147483639
60 2147483639
571 2147483639
587 2147483639
116 2147483639
200 2147483639
314 2147483639
376 2147483639
276 2147483639
202 2147483639
147 2147483639
179 2147483639
991 2147483639
838 2147483639
987 2147483639
809 2147483639
906 2147483639
706 2147483639
70 2147483639
654 2147483639
719 2147483639
214 2147483639
680 2147483639
467 2147483639
656 2147483639
514 2147483639
43 2147483639
564 2147483639
984 2147483639
337 2147483639
475 2147483639
36 2147483639
495 2147483639
651 2147483639
249 2147483639
52 2147483639
533 2147483639
325 2147483639
432 2147483639
442 2147483639
396 2147483639
37 2147483639
32 2147483639
299 2147483639
983 2147483639
713 2147483639
661 2147483639
945 2147483639
587 2147483639
466 2147483639
833 2147483639
575 2147483639
484 2147483639
344 2147483639
14 2147483639
607 2147483639
965 2147483639
348 2147483639
727 2147483639
69 2147483639
508 2147483639
926 2147483639
974 2147483639
866 2147483639
696 2147483639
42 2147483639
732 2147483639
957 2147483639
305 2147483639
995 2147483639
147 2147483639
45 2147483639
582 2147483639
4 2147483639
660 2147483639
279 2147483639
117 2147483639
471 2147483639
379 2147483639
820 2147483639
589 2147483639
758 2147483639
222 2147483639
89 2147483640
644 2147483640
645 2147483640
850 2147483640
238 2147483640
204 2147483640
712 2147483640
984 2147483640
936 2147483640
599 2147483640
230 2147483640
144 2147483640
532 2147483640
100 2147483640
382 2147483640
92 2147483640
862 2147483640
981 2147483640
170 2147483640
573 2147483640
669 2147483640
904 2147483640
6 2147483640
432 2147483640
559 2147483640
439 2147483640
250 2147483640
686 2147483640
793 2147483640
458 2147483640
649 2147483640
720 2147483640
687 2147483640
142 2147483640
653 2147483640
141 2147483640
351 2147483640
453 2147483640
394 2147483640
148 2147483640
580 2147483640
249 2147483640
290 2147483640
542 2147483640
906 2147483640
61 2147483640
894 2147483640
446 2147483640
622 2147483640
180 2147483640
757 2147483640
234 2147483640
410 2147483640
134 2147483640
428 2147483640
73 2147483640
259 2147483640
646 2147483640
971 2147483640
469 2147483640
179 2147483640
103 2147483640
493 2147483640
906 2147483640
676 2147483640
745 2147483640
732 2147483640
457 2147483640
169 2147483640
748 2147483640
535 2147483640
568 2147483640
596 2147483640
57 2147483640
841 2147483640
786 2147483640
148 2147483640
767 2147483640
521 2147483640
120 2147483640
591 2147483640
127 2147483640
813 2147483640
503 2147483640
39 2147483640
328 2147483640
222 2147483640
147 2147483640
603 2147483640
127 2147483641
398 2147483641
576 2147483641
937 2147483641
872 2147483641
516 2147483641
34 2147483641
748 2147483641
168 2147483641
530 2147483641
190 2147483641
623 2147483641
222 2147483641
136 2147483641
349 2147483641
674 2147483641
128 2147483641
433 2147483641
871 2147483641
81 2147483641
438 2147483641
5 2147483641
615 2147483641
343 2147483641
904 2147483641
903 2147483641
912 2147483641
557 2147483641
726 2147483641
529 2147483641
135 2147483641
459 2147483641
628 2147483641
328 2147483641
162 2147483641
665 2147483641
158 2147483641
591 2147483641
98 2147483641
732 2147483641
864 2147483641
133 2147483641
652 2147483641
896 2147483641
629 2147483641
448 2147483641
215 2147483641
18 2147483641
358 2147483641
331 2147483641
669 2147483641
701 2147483641
793 2147483641
265 2147483641
1 2147483641
763 2147483641
620 2147483641
967 2147483641
975 2147483641
906 2147483641
351 2147483641
783 2147483641
270 2147483641
357 2147483641
117 2147483641
324 2147483641
553 2147483641
538 2147483641
52 2147483641
325 2147483641
374 2147483641
700 2147483641
227 2147483641
325 2147483641
148 2147483641
165 2147483641
30 2147483641
552 2147483641
946 2147483641
542 2147483641
476 2147483641
735 2147483641
674 2147483642
121 2147483642
199 2147483642
382 2147483642
455 2147483642
43 2147483642
141 2147483642
982 2147483642
109 2147483642
152 2147483642
627 2147483642
469 2147483642
678 2147483642
568 2147483642
210 2147483642
411 2147483642
955 2147483642
548 2147483642
350 2147483642
380 2147483642
967 2147483642
33 2147483642
999 2147483642
403 2147483642
299 2147483642
970 2147483642
15 2147483642
726 2147483642
367 2147483642
632 2147483642
633 2147483642
970 2147483642
358 2147483642
267 2147483642
426 2147483642
450 2147483642
628 2147483642
968 2147483642
238 2147483642
824 2147483642
834 2147483642
444 2147483642
952 2147483642
294 2147483642
574 2147483642
78 2147483642
248 2147483642
922 2147483642
489 2147483642
889 2147483642
552 2147483642
887 2147483642
103 2147483642
701 2147483642
583 2147483642
397 2147483642
875 2147483642
886 2147483642
713 2147483642
159 2147483642
40 2147483642
638 2147483642
2 2147483642
389 2147483642
948 2147483642
365 2147483642
636 2147483642
307 2147483642
856 2147483642
306 2147483642
712 2147483642
778 2147483642
623 2147483642
462 2147483642
392 2147483642
726 2147483642
336 2147483642
653 2147483642
91 2147483642
231 2147483642
230 2147483642
309 2147483642
757 2147483642
630 2147483642
963 2147483642
862 2147483642
162 2147483642
264 2147483642
104 2147483642
23 2147483642
11 2147483643
617 2147483643
133 2147483643
867 2147483643
654 2147483643
539 2147483643
152 2147483643
829 2147483643
943 2147483643
157 2147483643
444 2147483643
49 2147483643
571 2147483643
726 2147483643
671 2147483643
764 2147483643
58 2147483643
480 2147483643
114 2147483643
546 2147483643
657 2147483643
433 2147483643
686 2147483643
446 2147483643
861 2147483643
333 2147483643
156 2147483643
279 2147483643
876 2147483643
637 2147483643
622 2147483643
317 2147483643
368 2147483643
238 2147483643
519 2147483643
476 2147483643
631 2147483643
705 2147483643
248 2147483643
63 2147483643
253 2147483643
775 2147483643
17 2147483643
340 2147483643
91 2147483643
768 2147483643
350 2147483643
580 2147483643
897 2147483643
678 2147483643
209 2147483643
206 2147483643
763 2147483643
593 2147483643
622 2147483643
139 2147483643
343 2147483643
855 2147483643
859 2147483643
150 2147483643
903 2147483643
911 2147483643
223 2147483643
185 2147483643
240 2147483643
390 2147483643
152 2147483643
945 2147483643
94 2147483643
140 2147483643
635 2147483643
72 2147483643
831 2147483643
223 2147483643
389 2147483643
737 2147483643
994 2147483643
690 2147483643
192 2147483643
221 2147483643
703 2147483643
769 2147483643
56 2147483643
425 2147483643
184 2147483643
949 2147483643
707 2147483643
891 2147483643
338 2147483643
272 2147483643
398 2147483643
69 2147483643
764 2147483643
317 2147483643
536 2147483644
261 2147483644
807 2147483644
843 2147483644
116 2147483644
716 2147483644
641 2147483644
570 2147483644
324 2147483644
467 2147483644
227 2147483644
382 2147483644
299 2147483644
46 2147483644
347 2147483644
952 2147483644
179 2147483644
947 2147483644
695 2147483644
952 2147483644
847 2147483644
898 2147483644
594 2147483644
910 2147483644
131 2147483644
209 2147483644
728 2147483644
77 2147483644
193 2147483644
918 2147483644
664 2147483644
466 2147483644
426 2147483644
604 2147483644
783 2147483644
705 2147483644
673 2147483644
465 2147483644
766 2147483644
286 2147483644
325 2147483644
14 2147483644
994 2147483644
809 2147483644
648 2147483644
55 2147483644
896 2147483644
395 2147483644
373 2147483644
944 2147483644
859 2147483644
66 2147483644
746 2147483644
68 2147483644
749 2147483644
692 2147483644
759 2147483644
684 2147483644
695 2147483644
29 2147483644
436 2147483644
561 2147483644
879 2147483644
775 2147483644
802 2147483644
158 2147483644
615 2147483644
612 2147483644
803 2147483644
50 2147483644
516 2147483644
909 2147483644
603 2147483644
699 2147483644
878 2147483644
822 2147483644
386 2147483644
286 2147483644
515 2147483644
86 2147483644
211 2147483644
396 2147483644
200 2147483644
471 2147483644
264 2147483644
99 2147483644
105 2147483645
414 2147483645
751 2147483645
253 2147483645
62 2147483645
929 2147483645
99 2147483645
111 2147483645
512 2147483645
304 2147483645
632 2147483645
801 2147483645
326 2147483645
371 2147483645
211 2147483645
594 2147483645
890 2147483645
216 2147483645
879 2147483645
640 2147483645
196 2147483645
449 2147483645
681 2147483645
672 2147483645
761 2147483645
371 2147483645
310 2147483645
25 2147483645
352 2147483645
1000 2147483645
220 2147483645
254 2147483645
676 2147483645
850 2147483645
419 2147483645
294 2147483645
30 2147483645
538 2147483645
126 2147483645
829 2147483645
966 2147483645
168 2147483645
106 2147483645
741 2147483645
327 2147483645
130 2147483645
871 2147483645
303 2147483645
920 2147483645
316 2147483645
972 2147483645
733 2147483645
196 2147483645
372 2147483645
328 2147483645
311 2147483645
842 2147483645
720 2147483645
986 2147483645
492 2147483645
82 2147483645
645 2147483645
828 2147483645
672 2147483645
545 2147483645
810 2147483645
969 2147483645
851 2147483645
81 2147483645
860 2147483645
715 2147483645
797 2147483645
160 2147483645
22 2147483645
72 2147483645
708 2147483645
324 2147483645
945 2147483645
303 2147483645
261 2147483645
272 2147483645
676 2147483645
203 2147483645
687 2147483645
561 2147483645
111 2147483645
256 2147483645
277 2147483645
229 2147483645
356 2147483645
784 2147483645
891 2147483645
748 2147483645
510 2147483645
565 2147483645
170 2147483645
680 2147483645
68 2147483645
388 2147483645
761 2147483646
905 2147483646
108 2147483646
559 2147483646
249 2147483646
523 2147483646
151 2147483646
90 2147483646
28 2147483646
613 2147483646
481 2147483646
47 2147483646
91 2147483646
627 2147483646
760 2147483646
312 2147483646
260 2147483646
567 2147483646
105 2147483646
393 2147483646
58 2147483646
835 2147483646
816 2147483646
316 2147483646
355 2147483646
578 2147483646
699 2147483646
920 2147483646
523 2147483646
813 2147483646
498 2147483646
570 2147483646
330 2147483646
689 2147483646
563 2147483646
889 2147483646
762 2147483646
929 2147483646
531 2147483646
626 2147483646
821 2147483646
860 2147483646
337 2147483646
652 2147483646
779 2147483646
791 2147483646
586 2147483646
636 2147483646
802 2147483646
742 2147483646
803 2147483646
604 2147483646
718 2147483646
603 2147483646
748 2147483646
367 2147483646
579 2147483646
282 2147483646
105 2147483646
723 2147483646
531 2147483646
550 2147483646
868 2147483646
590 2147483646
104 2147483646
532 2147483646
435 2147483646
453 2147483646
747 2147483646
197 2147483646
146 2147483646
388 2147483646
712 2147483646
766 2147483646
691 2147483646
444 2147483646
892 2147483646
309 2147483646
417 2147483646
733 2147483646
267 2147483646
449 2147483646
20 2147483646
678 2147483646
549 2147483646
516 2147483646
890 2147483647
867 2147483647
521 2147483647
690 2147483647
665 2147483647
457 2147483647
152 2147483647
724 2147483647
551 2147483647
973 2147483647
215 2147483647
735 2147483647
9 2147483647
916 2147483647
7 2147483647
542 2147483647
966 2147483647
653 2147483647
132 2147483647
480 2147483647
657 2147483647
904 2147483647
79 2147483647
644 2147483647
128 2147483647
463 2147483647
551 2147483647
762 2147483647
685 2147483647
547 2147483647
843 2147483647
875 2147483647
860 2147483647
910 2147483647
412 2147483647
992 2147483647
150 2147483647
427 2147483647
573 2147483647
305 2147483647
221 2147483647
386 2147483647
629 2147483647
242 2147483647
727 2147483647
424 2147483647
462 2147483647
668 2147483647
363 2147483647
939 2147483647
518 2147483647
919 2147483647
25 2147483647
471 2147483647
959 2147483647
9 2147483647
505 2147483647
975 2147483647
566 2147483647
797 2147483647
386 2147483647
625 2147483647
521 2147483647
84 2147483647
957 2147483647
241 2147483647
607 2147483647
593 2147483647
469 2147483647
883 2147483647
509 2147483647
142 2147483647
172 2147483647
358 2147483647
954 2147483647
490 2147483647
295 2147483647
716 2147483647
309 2147483647
650 2147483647
752 2147483647
435 2147483647
103 2147483647
