1000
514 0
717 1
738 2
899 2
305 3
829 4
509 5
376 6
211 8
230 8
28 8
162 8
475 9
178 9
136 13
722 15
888 16
849 17
722 19
489 19
576 21
455 21
870 22
907 25
947 27
627 30
456 31
302 32
729 34
256 34
252 35
863 36
55 36
810 36
206 36
904 37
596 38
966 38
724 40
228 41
678 41
230 42
718 43
66 44
354 45
569 45
563 45
352 46
691 46
829 47
105 47
84 47
918 49
259 50
987 51
878 52
148 52
772 53
608 53
994 54
397 54
175 57
579 60
308 61
569 61
431 63
486 64
822 65
987 66
489 67
874 68
485 69
925 69
851 75
599 79
115 79
589 79
839 80
610 82
338 82
157 83
952 84
752 85
296 85
76 85
179 85
5 86
116 86
106 87
359 88
421 88
726 89
229 89
599 90
665 91
65 93
422 93
672 94
542 94
355 95
635 95
802 99
640 102
16 102
827 103
670 103
191 104
639 104
630 106
114 107
653 107
257 110
694 111
724 115
436 115
340 115
763 117
432 117
979 118
837 118
367 119
967 119
68 119
332 121
925 121
613 121
785 123
453 123
773 124
31 124
486 125
282 125
435 125
868 128
781 129
679 130
664 133
357 135
462 135
974 136
309 137
235 138
312 138
763 140
762 140
95 140
596 141
159 143
56 143
444 148
350 149
559 150
894 151
678 152
308 152
331 153
714 153
852 153
995 154
366 155
484 155
426 155
399 157
774 157
488 161
98 161
253 162
615 164
155 164
578 166
691 167
409 168
601 168
353 168
195 168
213 170
355 173
20 174
528 178
513 180
960 180
339 182
749 183
174 186
986 187
603 188
519 189
117 189
259 191
551 192
46 193
613 194
164 197
784 200
740 200
829 201
624 203
677 205
391 206
492 206
871 206
143 206
722 209
496 210
760 211
414 212
457 212
488 212
256 212
237 213
254 213
731 213
671 214
914 217
399 218
143 219
292 219
210 220
301 220
452 220
976 221
513 222
441 222
128 224
625 225
53 225
923 226
822 226
11 226
947 227
466 228
733 228
274 229
606 230
653 232
685 232
614 233
290 233
697 234
666 234
516 235
128 236
839 236
95 237
660 237
188 237
642 238
535 238
576 240
213 241
215 241
932 245
719 246
715 246
907 246
786 247
240 248
639 249
233 249
209 250
381 250
730 250
716 250
281 250
365 251
110 252
254 253
889 255
546 256
24 257
861 258
397 258
231 259
558 259
969 260
357 261
877 262
947 263
770 272
792 273
825 273
269 275
520 277
840 278
50 278
637 279
42 280
17 280
731 280
739 282
518 283
124 284
386 285
410 287
980 288
980 291
350 292
559 294
410 294
360 294
970 296
864 296
81 297
92 297
58 297
958 297
252 298
723 298
739 299
971 299
726 299
173 302
955 302
638 302
168 303
153 304
737 305
58 305
567 305
959 309
436 309
962 310
336 312
566 313
929 313
71 313
925 314
866 315
930 316
715 316
953 317
180 318
403 318
157 318
171 320
181 322
334 324
769 326
805 328
829 328
472 328
15 329
159 329
899 329
666 329
80 329
370 331
807 333
774 334
132 338
481 339
163 341
697 341
538 341
309 343
941 343
876 344
16 345
578 345
497 346
981 347
831 348
444 350
678 353
898 355
921 355
713 355
458 355
391 356
937 356
459 356
424 357
411 359
476 363
799 363
511 364
218 366
233 366
497 366
198 366
853 367
886 368
61 368
914 368
198 368
791 370
156 372
761 372
14 372
126 372
570 373
595 373
782 375
409 375
71 375
383 377
521 377
448 377
454 378
931 379
61 379
463 379
712 380
824 384
438 385
337 386
887 387
392 387
485 387
663 388
255 388
425 390
223 391
90 392
580 393
212 393
703 393
551 394
480 396
154 397
313 398
442 398
403 399
752 403
777 403
38 404
383 408
177 408
15 409
737 410
526 412
121 412
838 413
675 413
184 413
752 415
31 416
75 416
435 419
743 419
929 419
948 421
759 423
778 425
805 425
554 426
700 426
498 428
328 428
918 429
731 430
149 430
200 431
647 433
632 435
181 435
534 436
355 438
702 439
254 442
187 444
566 446
613 448
154 449
497 449
133 449
697 451
824 452
355 453
202 453
853 454
544 456
840 456
743 457
541 463
452 466
565 466
722 467
815 467
821 467
764 469
243 472
8 473
670 474
297 474
175 479
147 479
645 480
225 481
74 481
340 482
982 482
308 482
256 485
705 486
696 487
463 489
963 491
22 491
676 492
785 493
122 493
647 494
647 494
404 496
48 497
862 498
145 498
770 498
822 499
361 500
589 501
956 502
445 502
186 502
758 506
955 506
924 510
843 510
229 511
445 512
500 513
470 514
407 514
806 515
455 515
815 516
869 517
746 517
874 517
965 519
133 521
264 522
267 522
20 525
314 526
561 526
724 527
243 527
245 527
541 529
780 529
763 530
850 531
359 533
797 538
569 538
577 539
691 548
972 549
749 550
545 550
915 552
630 552
61 556
726 558
2 561
312 564
77 564
869 565
504 566
894 566
716 567
630 568
528 568
448 569
865 569
408 570
911 571
175 571
957 571
230 571
231 571
635 573
70 575
252 576
599 577
187 577
708 577
350 579
179 581
690 584
16 585
788 585
311 586
992 586
691 587
983 587
987 588
745 590
102 591
935 591
527 593
383 593
741 596
481 597
231 597
959 597
782 598
728 598
980 600
742 600
903 601
756 601
305 602
678 602
141 602
154 603
724 605
767 605
169 605
567 606
213 608
882 609
532 609
29 610
267 611
354 611
658 611
933 612
205 614
922 614
641 616
590 618
355 619
189 620
327 621
294 623
56 624
754 626
633 626
91 626
34 626
20 629
179 629
49 630
685 633
845 633
157 633
211 633
55 634
94 634
577 634
861 635
375 637
103 638
74 638
960 645
570 645
604 645
983 647
67 648
340 648
48 649
218 650
717 650
497 652
662 653
593 654
321 654
720 654
181 656
990 656
764 657
839 657
556 660
749 661
117 661
567 662
189 663
571 664
953 664
975 665
193 667
143 670
603 671
940 672
283 672
249 672
111 673
839 674
240 677
71 678
744 678
413 678
653 679
818 680
436 680
313 681
489 683
335 685
423 685
49 686
122 688
291 689
494 689
627 690
485 690
490 690
538 691
665 691
66 691
463 691
902 692
762 692
640 693
225 695
177 697
71 697
764 699
323 699
294 702
477 702
76 702
507 702
387 703
261 703
65 704
4 706
130 706
947 707
581 707
920 708
412 708
227 708
533 708
597 710
964 712
533 712
822 713
709 714
91 715
410 716
681 717
722 717
696 720
128 721
715 721
448 723
211 723
154 723
922 724
946 726
42 728
171 732
950 732
191 732
333 735
288 736
422 736
273 737
213 737
248 737
969 738
706 740
268 741
427 741
807 741
975 742
392 742
931 745
346 745
778 746
117 747
150 747
995 749
79 750
292 751
375 751
625 751
628 751
601 752
870 752
57 753
172 753
401 753
943 754
536 756
975 756
154 757
6 757
648 758
491 762
773 762
992 764
961 765
494 766
755 766
276 769
265 769
873 770
11 771
681 772
328 773
459 773
616 774
469 775
805 775
864 777
986 780
421 781
239 783
960 785
554 786
113 786
381 790
101 790
249 790
919 790
54 791
808 791
554 794
51 795
430 795
327 796
336 800
620 801
665 802
818 802
84 802
515 806
558 806
535 807
4 808
512 809
253 811
736 814
990 814
535 814
561 815
77 815
993 820
124 821
958 822
303 822
904 823
211 824
618 824
689 825
955 826
417 827
614 828
221 829
516 830
71 830
909 830
326 831
400 831
38 834
615 835
48 835
703 836
662 836
285 837
724 838
903 840
45 840
123 844
740 845
938 845
307 846
67 850
520 850
825 850
132 851
225 851
541 852
795 853
329 853
978 854
921 856
837 861
728 861
208 862
610 862
84 863
948 863
948 864
284 865
699 867
23 867
253 867
900 869
674 870
410 870
824 872
370 873
939 874
121 875
894 877
561 878
148 879
61 880
896 881
882 881
881 882
592 883
603 883
85 883
868 884
98 885
331 886
777 888
806 891
243 891
649 893
283 894
953 895
283 895
946 896
582 897
51 898
676 898
669 899
139 900
948 901
132 902
363 906
633 909
479 910
600 910
764 911
501 912
739 912
477 913
771 913
945 915
79 917
802 917
991 918
111 918
544 919
535 919
504 920
5 920
967 921
696 925
558 927
811 929
335 931
852 931
813 934
223 935
589 935
630 937
572 938
670 939
987 940
155 940
869 941
410 946
558 946
321 946
657 947
335 949
889 949
672 950
758 950
33 952
965 953
739 954
970 955
481 958
130 958
721 960
385 961
976 961
698 962
367 962
560 966
262 967
341 968
384 971
890 972
665 972
570 976
405 977
894 977
382 978
413 979
182 979
35 979
126 980
123 982
953 982
12 983
665 983
263 987
475 987
807 988
675 989
685 989
363 992
835 993
453 995
178 995
48 995
184 997
880 998
304 998
