1000
655 0
966 3
780 3
523 3
370 3
46 6
846 6
894 7
99 7
173 8
949 9
633 11
141 13
167 13
783 13
148 14
720 14
124 15
42 15
202 15
138 15
944 18
100 18
133 19
739 21
883 22
744 22
842 22
627 23
179 24
371 24
897 24
439 25
556 25
964 27
75 30
972 31
549 33
280 34
389 34
566 34
471 34
220 35
284 36
843 36
109 36
33 37
535 37
243 38
662 38
775 39
405 40
981 41
65 41
804 41
897 42
694 45
37 47
494 49
532 50
872 50
771 50
250 51
609 51
43 53
263 54
236 55
835 57
48 57
61 59
52 59
721 59
530 59
291 59
847 61
976 62
751 63
401 64
568 64
57 64
182 66
143 66
814 68
703 68
234 68
380 69
230 69
168 70
15 71
390 71
225 72
820 74
259 75
803 79
172 79
602 80
829 82
36 82
57 82
392 83
999 84
324 85
959 85
216 86
136 86
590 86
619 86
503 88
50 90
679 90
605 93
880 93
415 95
455 96
84 98
344 100
731 103
669 104
432 104
868 105
931 105
416 105
895 107
845 110
100 110
926 110
429 111
315 111
891 112
712 112
520 112
414 112
219 114
112 114
487 116
910 116
75 117
19 118
149 120
274 121
601 122
899 124
466 125
590 126
547 127
367 127
326 128
29 129
313 129
378 129
277 131
48 131
365 131
415 131
60 132
771 133
270 134
392 135
952 139
135 140
336 140
464 142
954 142
425 143
658 143
810 143
736 144
629 144
321 145
943 147
754 147
29 148
518 148
406 148
658 151
573 153
637 153
141 153
56 153
56 154
168 156
776 158
369 158
242 159
450 159
24 160
473 160
436 160
740 161
837 164
784 164
257 164
197 164
31 167
393 167
98 169
694 170
511 172
914 173
144 173
43 176
460 176
987 176
71 177
530 177
435 179
637 179
114 179
85 181
925 184
378 184
630 185
57 186
668 188
738 189
597 190
587 191
948 192
465 193
189 194
41 195
595 195
847 195
478 198
820 199
420 199
460 199
912 200
103 203
365 204
235 205
832 205
540 206
163 206
125 208
210 209
397 213
586 215
642 218
929 218
376 219
417 220
904 220
652 221
270 222
110 222
921 222
488 222
220 223
893 223
946 223
232 224
786 224
187 225
889 226
742 228
640 228
839 228
437 228
681 229
181 231
676 231
911 235
254 236
785 237
378 239
798 239
324 239
55 242
836 242
598 245
138 247
197 247
835 249
631 249
310 249
758 250
809 251
163 252
465 253
73 254
291 255
811 257
600 257
114 257
283 260
588 263
471 264
701 266
661 266
160 267
23 267
359 269
959 269
405 270
684 270
19 270
904 270
904 271
408 273
219 273
658 274
257 275
22 276
157 278
510 279
87 280
438 280
6 280
701 281
388 282
979 283
113 286
570 286
773 287
443 289
420 289
142 290
703 293
681 293
251 293
613 295
857 295
489 296
879 297
572 298
384 298
177 298
632 299
465 299
480 302
628 302
556 306
107 306
688 307
64 308
183 308
808 309
902 310
768 311
404 311
242 311
274 312
781 313
13 313
903 314
504 315
259 315
428 320
89 323
760 325
321 326
291 326
515 329
543 330
870 330
50 331
791 332
281 334
283 336
559 336
745 337
355 337
432 337
531 337
28 339
618 339
589 340
119 341
657 342
409 343
575 343
585 344
629 345
499 347
393 347
694 350
456 351
351 351
164 353
575 356
90 356
132 356
755 358
247 358
722 360
328 360
510 361
747 361
418 362
375 363
415 366
365 367
232 368
856 368
785 369
5 369
316 369
266 371
807 371
127 372
543 372
201 378
972 379
120 379
562 380
853 381
985 383
684 385
596 386
818 386
224 386
42 386
275 388
948 389
764 389
768 390
230 391
954 391
63 392
153 394
113 394
533 396
285 396
607 398
412 399
881 399
770 400
448 400
709 401
79 402
736 403
572 405
240 405
87 405
51 407
789 408
980 410
688 411
757 411
9 412
817 412
640 413
449 413
558 414
881 415
671 416
968 417
724 418
224 419
414 421
10 422
743 423
665 424
304 426
803 427
219 427
242 428
115 430
807 431
301 431
335 432
667 434
528 434
49 435
109 435
232 436
932 436
836 437
706 440
526 440
116 441
66 441
676 441
911 441
765 441
825 442
781 442
484 442
35 443
110 443
153 444
116 444
544 445
611 446
828 447
132 448
855 449
563 449
148 450
827 450
648 450
126 451
194 453
444 454
527 456
853 456
416 459
711 459
57 459
926 461
938 462
657 463
374 465
977 466
379 466
990 466
246 466
349 471
824 471
866 472
541 473
461 473
205 474
227 475
508 476
380 477
649 477
254 478
595 479
401 481
272 481
791 484
504 485
671 488
160 489
845 490
407 491
210 491
892 491
238 492
338 494
494 494
68 494
165 494
889 495
209 497
487 500
823 502
210 502
547 504
62 504
714 504
581 505
348 506
475 507
742 507
661 508
871 510
303 513
472 514
676 514
700 517
50 518
372 519
78 519
635 521
79 521
636 523
291 524
865 524
538 524
796 525
982 527
625 530
232 531
996 531
556 532
145 532
398 534
405 535
292 535
137 537
119 538
196 540
27 542
638 543
312 546
107 546
206 547
471 547
851 547
497 549
560 549
285 551
978 553
106 553
928 557
787 557
212 558
507 558
163 559
363 560
631 563
674 563
554 564
882 564
204 564
117 567
301 567
886 568
767 569
199 570
769 572
339 573
13 576
395 577
295 583
846 583
395 584
600 585
42 589
789 589
974 589
224 589
122 591
225 592
910 592
834 593
782 594
888 596
338 600
389 600
943 601
764 601
292 603
694 603
621 605
722 606
908 607
609 608
34 611
904 614
384 614
363 615
939 617
587 617
885 617
704 619
118 621
395 622
424 624
443 624
287 627
953 629
691 630
400 631
313 631
722 632
478 636
970 636
679 637
960 637
614 637
941 638
119 638
38 639
326 639
215 642
903 642
975 645
589 645
328 646
821 649
395 652
418 652
369 654
951 654
887 658
674 660
30 661
979 661
189 661
640 663
897 663
198 664
526 666
121 668
18 670
138 670
664 673
772 674
564 674
730 675
800 681
896 681
604 681
239 682
485 684
868 684
977 685
56 688
984 690
991 690
552 690
833 692
975 693
411 693
76 694
926 694
673 694
572 696
862 696
673 697
103 699
481 704
996 708
151 709
23 710
278 712
766 713
539 713
121 714
67 714
906 715
379 716
79 720
359 721
234 723
628 723
687 723
317 723
908 725
444 726
86 727
625 727
371 727
395 728
331 729
792 730
549 730
137 730
55 733
38 736
288 740
177 741
63 742
656 744
219 744
924 744
450 744
904 745
697 745
927 745
575 745
22 746
787 747
74 748
700 748
667 749
705 749
873 751
846 751
151 752
194 752
677 753
574 754
709 756
675 758
79 759
451 761
255 761
278 762
492 762
173 762
550 763
748 764
258 765
517 768
844 770
686 771
872 771
333 771
953 772
777 773
674 774
349 774
512 775
603 775
195 779
348 780
20 780
598 781
116 782
776 782
817 782
118 786
655 787
983 788
945 788
113 789
284 790
86 791
502 791
431 791
735 792
653 792
330 793
797 798
610 799
514 799
629 800
860 802
96 803
103 803
8 804
911 805
187 805
708 806
593 810
56 811
24 811
495 812
699 812
88 812
989 814
493 815
494 816
186 817
845 818
786 818
821 818
242 820
750 820
294 821
128 822
659 822
391 823
942 823
196 827
145 827
719 828
994 829
668 831
697 831
251 832
441 832
635 833
476 833
560 833
502 834
335 834
460 835
444 837
627 837
235 837
65 839
821 840
460 840
461 841
768 842
648 843
75 843
774 846
559 851
153 852
689 854
814 854
324 854
515 856
661 858
706 859
210 862
909 862
484 863
777 863
217 863
738 864
111 865
383 865
512 865
312 866
187 866
123 867
614 871
580 871
3 872
516 875
129 878
375 879
913 880
538 881
149 881
825 883
119 883
247 883
987 884
943 885
158 885
453 886
36 886
166 887
441 887
622 888
399 889
119 890
695 891
795 892
525 892
823 892
1000 892
847 892
655 893
81 894
820 896
511 896
652 897
246 898
300 899
311 900
96 900
350 900
279 902
314 905
354 906
487 906
873 906
591 908
480 909
748 911
410 911
319 912
355 912
218 912
983 916
43 916
630 916
972 917
18 917
931 918
272 918
230 920
211 920
558 922
686 924
515 924
498 924
542 925
563 925
596 926
208 927
674 927
898 928
42 928
584 929
272 930
178 931
381 931
740 935
214 936
345 937
706 944
920 944
367 946
547 948
902 951
392 953
43 953
997 953
646 954
713 954
85 954
602 955
443 958
144 958
871 958
593 960
781 960
213 962
819 965
476 965
786 971
819 972
629 972
471 973
741 975
971 977
840 979
230 982
880 982
835 983
519 983
35 984
912 984
309 984
704 988
6 988
781 990
456 990
293 991
933 992
17 993
311 994
931 995
953 995
472 995
419 997
924 999
975 1000
838 1000
