186
255 2
279 8
473 13
240 21
972 24
808 26
355 31
720 40
707 40
368 42
141 44
787 52
167 59
187 63
93 77
263 80
985 86
439 87
280 93
433 97
846 100
942 100
210 101
66 105
727 121
35 121
113 124
267 128
143 130
579 134
316 143
480 144
657 145
89 155
519 162
873 166
381 169
139 171
752 176
370 177
651 187
332 187
251 204
870 208
775 212
76 229
244 235
457 236
828 240
192 242
112 245
11 246
99 254
21 257
727 258
235 280
327 285
718 294
256 299
7 306
977 324
653 326
568 326
696 328
399 342
970 355
158 358
374 359
842 362
691 364
642 367
430 369
495 375
946 378
647 382
373 390
230 390
780 391
765 392
751 396
154 400
509 410
446 420
894 425
181 426
210 438
194 443
316 450
250 459
346 459
681 465
357 468
212 487
652 493
513 501
75 504
964 505
421 505
177 519
930 532
267 538
675 542
258 544
262 551
702 555
296 557
107 559
497 567
250 571
121 580
98 591
659 593
565 598
956 600
551 610
844 617
500 622
823 623
687 625
405 630
357 632
278 640
423 646
869 650
433 651
210 656
811 666
632 669
726 672
79 674
403 675
202 681
669 686
453 692
667 693
125 697
234 701
159 705
758 706
946 711
313 718
225 719
519 722
306 727
583 729
818 731
487 733
186 736
924 741
953 742
94 748
235 750
363 759
884 762
850 770
827 783
278 786
273 791
661 801
892 806
495 812
673 821
223 830
802 838
556 846
57 847
40 848
599 850
779 850
309 858
761 869
701 872
602 888
867 892
531 893
936 898
40 903
367 903
759 917
797 928
181 929
562 934
666 938
608 939
786 940
285 956
