1000
708 0
646 0
667 2
376 3
925 3
356 5
758 6
781 7
493 9
105 11
90 12
926 12
385 12
94 13
181 13
110 16
86 21
816 21
457 21
49 23
450 23
249 23
249 26
254 27
861 27
741 31
789 32
708 34
912 34
875 34
349 36
343 36
86 37
450 38
721 38
152 38
763 38
902 40
391 43
669 43
458 44
606 44
98 46
62 46
859 47
172 48
316 50
948 50
876 52
492 55
61 55
121 56
695 58
120 60
81 61
540 61
825 61
365 61
608 61
263 63
180 63
820 63
246 65
603 71
133 72
954 72
193 72
433 73
651 75
807 76
824 77
103 77
100 78
285 78
693 78
397 79
212 80
360 82
577 83
374 85
524 87
931 87
523 88
895 88
398 89
910 89
293 90
840 91
969 91
790 91
355 94
354 94
330 97
96 98
575 99
846 99
841 99
679 100
472 101
683 102
159 102
264 105
172 106
594 107
95 107
58 107
491 108
499 112
164 112
786 115
640 115
782 116
801 119
247 119
613 120
467 122
248 122
475 123
139 123
492 124
12 126
282 127
80 127
187 127
672 127
298 129
931 132
489 132
208 133
743 134
183 135
177 138
567 138
707 139
667 140
340 141
352 142
895 144
309 144
245 146
545 147
777 147
172 148
172 149
933 151
533 151
288 152
805 152
788 152
387 154
742 155
345 155
305 155
934 155
538 155
134 156
934 157
606 157
537 159
355 159
35 161
160 163
565 168
530 170
534 170
185 170
49 172
194 178
14 178
820 178
301 180
194 180
902 180
733 181
182 181
203 182
602 183
601 183
498 184
342 184
481 189
47 192
344 193
54 194
966 195
225 195
566 197
23 198
72 201
630 201
794 201
718 202
137 203
144 204
337 205
281 206
112 206
834 208
256 209
513 209
624 210
118 210
84 211
79 211
369 214
318 216
424 217
421 217
966 220
474 220
479 221
28 221
422 223
679 224
181 225
903 227
214 227
992 228
929 229
854 231
586 231
969 231
109 232
716 232
844 232
443 233
158 233
244 234
376 234
537 236
102 237
5 237
107 238
915 239
225 239
929 240
13 243
810 243
741 244
301 246
399 248
589 248
413 249
206 250
759 251
485 252
845 253
320 255
265 256
371 257
667 258
349 259
949 259
518 259
916 261
613 262
57 263
859 263
520 264
284 265
853 266
792 267
287 268
395 271
694 271
73 272
925 272
415 274
149 274
471 274
637 275
184 278
263 279
209 279
202 280
224 282
742 282
690 283
162 284
157 284
717 285
95 285
77 285
903 285
285 287
254 288
769 288
114 290
422 290
547 292
455 293
122 294
232 295
822 295
174 296
556 297
751 299
497 299
844 303
284 304
333 306
355 306
11 306
810 307
273 307
506 307
839 308
340 311
600 314
519 314
684 315
157 315
419 316
622 316
714 318
972 319
393 320
980 320
334 321
270 323
898 325
941 325
672 326
432 326
229 327
461 328
72 329
657 329
270 331
350 333
958 334
655 334
84 334
111 334
801 334
455 335
830 337
610 337
153 339
216 339
833 340
217 341
922 342
810 342
687 343
731 344
679 346
628 347
336 347
118 349
1000 350
363 351
779 356
923 358
254 358
563 359
828 359
654 360
450 361
780 361
929 362
499 365
115 367
758 367
775 368
723 368
135 369
675 370
647 370
173 373
107 374
505 374
997 374
153 375
923 375
106 375
368 377
137 379
959 380
145 380
845 382
319 384
687 384
523 384
1 386
556 388
561 389
512 390
459 390
499 390
264 390
529 393
944 395
589 396
933 396
747 398
798 398
475 399
699 400
740 400
975 404
644 404
648 405
260 407
309 408
81 410
493 414
679 415
596 416
948 416
541 417
323 417
697 418
374 420
309 421
834 423
885 424
872 425
129 425
25 425
719 427
949 427
410 429
971 429
989 429
359 430
627 430
527 431
40 434
369 434
809 435
257 437
731 437
233 441
444 443
466 443
264 444
983 445
668 445
650 445
253 445
599 447
795 449
946 449
428 450
264 450
854 451
183 453
810 454
226 455
732 455
606 455
547 457
382 457
337 462
577 463
530 464
307 465
283 466
159 467
328 472
889 473
433 473
473 474
948 476
882 477
682 477
487 478
4 478
722 478
425 479
676 479
999 480
457 480
525 481
639 483
553 483
612 483
925 485
988 485
667 486
35 486
673 487
767 487
464 488
971 489
854 490
766 492
121 492
954 493
379 495
251 496
124 497
350 497
9 497
815 500
221 500
107 501
25 501
494 501
937 502
755 506
678 507
20 508
135 509
771 509
880 512
270 513
40 513
363 515
158 515
948 515
759 516
371 517
584 518
68 518
867 519
755 519
855 520
382 521
613 521
496 521
864 522
240 522
959 523
304 524
512 526
558 526
321 527
756 527
95 529
334 529
824 530
217 531
394 531
242 538
942 538
696 539
724 539
782 540
563 540
481 540
462 541
541 541
552 541
830 542
723 542
213 543
160 544
7 544
86 544
451 546
253 547
220 547
717 547
665 550
376 550
480 550
295 551
33 552
986 554
841 554
217 555
415 557
356 558
727 560
200 561
827 562
324 563
455 564
723 565
493 565
587 565
614 566
194 566
493 567
70 568
251 568
833 570
465 570
916 571
969 572
24 573
787 574
879 575
835 577
710 578
97 578
666 582
979 582
487 583
1 583
201 584
49 585
601 587
821 588
872 591
607 593
530 594
851 596
228 596
543 597
855 600
158 600
557 601
143 601
312 602
690 603
903 603
771 603
505 603
274 603
755 606
57 607
847 608
254 608
653 609
17 609
539 611
752 613
878 614
887 614
839 618
619 618
65 618
954 619
435 620
467 620
934 623
583 623
258 623
893 624
131 625
919 625
50 625
108 626
741 627
292 628
5 630
479 631
257 633
845 634
793 634
411 634
818 635
762 635
688 636
878 636
947 637
476 639
167 639
355 641
31 641
381 641
896 641
881 642
326 644
65 647
262 649
228 651
645 653
680 656
486 657
255 658
526 658
348 658
780 661
381 661
707 664
727 666
812 667
473 667
385 667
521 668
475 668
522 668
69 668
376 668
811 669
445 669
693 671
39 671
874 671
16 671
698 671
754 673
528 675
822 676
170 676
922 676
581 676
145 677
690 677
671 677
772 679
239 679
738 679
787 680
160 680
102 681
834 682
375 683
427 683
760 684
778 685
47 686
719 686
819 687
424 689
550 691
92 692
890 694
456 695
787 695
247 696
269 698
70 699
322 700
309 700
157 701
946 701
643 702
440 703
838 704
568 704
294 705
775 705
226 705
53 706
418 707
915 710
22 710
405 710
895 710
51 711
962 711
89 712
401 712
410 713
709 714
902 714
475 718
866 718
772 720
427 721
684 721
198 721
9 721
766 722
905 724
13 725
144 725
264 727
198 727
547 729
675 731
343 732
130 732
457 732
160 736
44 738
660 744
978 744
474 745
442 747
196 747
129 749
56 749
962 749
17 752
250 758
297 761
402 763
309 764
9 765
488 768
157 768
705 769
90 769
585 773
602 773
785 774
279 775
285 775
588 777
311 777
735 778
838 779
220 780
651 780
506 783
311 784
666 784
348 785
972 785
959 788
778 788
611 790
891 791
693 791
858 791
166 795
966 796
87 796
403 798
449 798
541 801
764 801
796 802
591 802
569 803
888 803
292 803
900 804
687 805
155 807
721 807
307 807
351 808
895 809
65 810
843 810
823 811
493 812
780 812
167 812
980 812
905 813
26 813
151 813
34 815
399 816
483 816
33 816
308 816
575 818
938 819
806 819
411 822
668 822
790 823
303 824
439 825
243 826
848 827
154 829
488 829
761 831
71 832
844 832
416 832
713 833
707 833
725 836
577 836
639 836
566 837
357 837
964 837
421 839
953 839
348 842
541 842
826 843
276 846
543 849
127 850
663 850
377 851
812 853
792 853
214 854
7 854
712 857
915 857
654 858
780 859
415 859
910 864
727 865
868 866
15 867
979 869
445 869
430 871
841 872
440 876
391 877
871 878
281 880
854 880
836 880
687 882
655 882
61 882
83 883
119 886
685 886
600 887
386 887
66 887
432 889
75 891
508 893
421 894
981 894
51 895
302 896
953 896
939 898
5 899
136 900
311 902
979 902
559 902
491 903
586 904
532 904
518 906
198 909
701 911
236 912
729 913
877 913
329 915
194 917
393 918
154 918
965 920
100 921
759 921
31 921
156 923
339 924
845 925
842 927
804 929
309 930
245 931
171 935
135 935
547 936
166 937
118 938
567 938
695 941
510 942
225 944
517 944
250 945
728 946
979 946
180 947
985 947
917 947
499 948
529 951
448 952
254 954
397 957
502 960
18 961
957 962
752 962
876 963
907 963
969 964
486 966
641 967
623 969
927 971
778 971
132 974
921 975
411 975
992 976
937 977
748 978
854 978
323 980
719 981
82 982
35 984
238 985
355 986
877 986
347 988
312 990
738 990
955 991
184 991
915 992
357 993
909 994
620 994
157 996
935 996
284 998
849 998
707 999
