1000
459 0
463 3
581 3
18 3
312 7
102 7
145 10
372 11
18 13
733 15
193 16
486 17
991 17
626 17
990 18
624 22
802 24
157 26
227 26
713 26
636 27
778 28
611 29
117 30
572 30
613 32
614 36
651 36
985 37
817 39
324 40
171 41
884 41
184 41
676 42
831 42
418 44
282 45
637 46
373 47
334 47
650 47
520 47
158 47
363 48
839 48
829 50
69 50
68 52
667 52
706 53
525 53
402 53
254 56
186 58
6 58
697 61
939 62
950 63
197 65
924 65
282 66
82 66
819 67
582 68
837 69
773 71
495 72
935 73
255 73
921 73
238 75
602 75
589 76
171 78
554 81
864 81
154 83
521 84
384 88
162 89
907 90
513 92
733 95
579 96
308 100
808 100
44 100
723 102
813 103
634 103
949 103
461 106
525 107
697 107
167 107
975 110
291 111
962 111
164 113
568 115
192 115
637 116
457 118
322 118
507 119
903 122
297 122
666 122
542 122
172 123
425 123
418 124
30 125
293 125
484 126
231 127
258 127
984 130
713 130
64 132
935 133
542 133
695 133
716 133
717 135
179 137
206 137
712 140
690 141
207 141
384 142
93 142
441 142
99 144
473 145
941 146
480 148
971 149
195 150
280 150
602 150
198 151
126 151
243 151
238 153
452 154
104 154
831 155
304 155
378 157
332 158
536 158
507 158
699 158
287 161
932 162
658 162
519 163
106 164
532 165
85 166
524 168
967 168
866 172
426 173
158 173
814 176
854 179
95 180
18 180
608 181
514 181
41 181
922 181
346 182
945 186
395 187
948 188
809 189
489 190
146 192
292 192
757 192
981 192
98 192
451 195
26 197
453 197
27 201
471 201
274 201
597 206
740 208
462 209
576 210
867 210
73 212
117 212
994 212
4 213
257 215
14 215
906 215
615 216
936 218
638 218
323 218
229 219
428 219
297 220
969 220
247 221
502 221
448 223
470 224
423 224
422 225
364 225
834 226
757 226
445 226
62 226
488 227
750 228
433 228
751 229
195 229
285 230
362 231
489 231
233 231
836 232
343 232
350 233
374 233
338 238
407 238
947 239
901 239
358 240
389 240
34 243
356 244
51 245
594 245
310 246
90 247
872 247
268 248
610 250
354 252
408 252
420 253
830 254
614 255
940 255
98 258
254 258
969 259
738 260
231 261
897 263
630 263
306 263
457 264
641 266
644 267
174 268
687 270
829 270
318 270
289 276
766 277
75 277
504 277
725 279
702 279
767 281
173 283
107 285
905 286
301 286
867 286
424 287
311 287
268 287
628 288
821 289
141 293
337 294
331 294
893 295
890 300
746 300
624 301
72 301
338 305
291 305
17 306
824 306
7 306
124 307
80 308
714 308
941 310
832 311
95 312
476 313
664 314
502 314
809 316
563 317
679 318
296 319
726 319
719 320
125 320
576 320
402 321
568 321
726 321
746 322
618 324
719 324
203 330
633 331
268 332
872 333
952 333
538 333
621 333
979 334
708 334
75 335
932 336
800 337
587 338
732 339
232 341
786 341
680 342
718 342
143 344
336 345
510 345
938 345
998 349
887 351
437 352
247 353
299 353
385 357
930 357
39 358
558 359
421 361
147 361
972 362
513 363
360 363
909 364
13 368
52 368
86 370
294 371
554 372
989 373
627 374
124 375
814 375
1 376
560 379
889 379
455 379
526 380
361 381
676 382
676 383
788 383
702 385
587 385
990 385
842 386
717 387
376 387
59 390
289 391
865 392
633 393
243 395
586 395
676 396
922 396
280 397
777 397
579 401
514 402
896 412
236 412
608 412
399 415
10 416
139 416
783 417
781 418
489 419
163 420
334 421
414 423
694 423
898 424
651 425
895 426
777 426
938 426
672 426
26 428
953 429
798 430
588 431
459 431
612 432
555 433
126 435
3 435
353 436
566 436
961 438
286 439
784 439
220 440
263 440
614 440
898 441
295 441
527 441
951 446
47 447
973 450
234 450
292 451
56 451
889 453
163 453
157 455
27 455
5 456
546 459
977 459
668 460
647 461
749 462
421 462
979 463
314 463
141 464
696 465
292 465
432 468
882 469
143 469
369 470
894 471
70 471
138 472
496 472
927 473
451 473
839 475
129 476
893 476
135 477
159 479
757 480
701 483
692 483
897 485
305 487
734 490
366 492
252 494
65 498
613 499
570 500
601 501
214 503
167 503
9 503
985 505
593 505
555 507
262 508
961 510
982 510
934 511
425 511
138 512
615 513
545 515
173 517
104 517
401 517
760 518
10 519
936 519
436 520
895 521
641 522
74 523
828 524
816 526
410 527
2 527
265 528
266 528
750 528
375 529
633 530
293 531
213 531
791 531
496 535
524 536
873 538
62 538
789 539
350 540
886 540
809 541
91 543
820 543
754 544
787 545
391 549
148 550
2 550
406 551
231 553
829 553
216 554
638 554
584 555
870 557
589 558
572 558
189 558
222 558
813 559
68 560
78 560
842 560
541 563
441 564
132 566
934 567
407 567
192 567
983 569
831 569
879 569
106 570
431 570
806 570
387 571
583 571
192 571
466 573
790 575
250 576
427 577
974 577
139 579
703 582
838 584
199 585
335 587
711 587
322 589
229 589
198 590
365 592
912 593
928 595
860 595
136 595
72 595
326 597
254 597
448 599
311 601
502 601
714 603
776 603
373 604
643 606
316 606
705 606
964 609
935 610
953 610
850 612
641 612
876 613
342 615
791 616
448 617
895 619
587 620
949 621
944 623
307 624
358 625
226 625
838 626
621 626
703 627
749 627
682 627
697 628
802 628
498 629
791 631
850 631
629 633
530 635
693 636
842 637
921 639
584 641
134 641
204 642
431 644
906 646
649 648
651 652
624 652
579 653
266 653
278 654
893 656
196 656
94 657
928 657
450 657
881 658
64 658
975 658
833 658
421 659
714 663
510 664
30 664
169 665
712 666
41 667
687 668
283 669
726 670
338 671
139 672
517 672
958 675
598 675
571 676
338 676
389 676
904 678
749 679
249 679
605 680
707 681
819 681
437 684
538 684
89 686
647 688
664 688
466 688
855 689
748 689
348 689
205 690
485 690
859 690
331 691
297 692
628 692
966 693
468 695
318 695
773 695
934 696
398 696
853 697
26 698
179 698
726 698
767 699
286 699
102 700
276 701
897 704
452 705
271 705
235 708
105 709
392 709
727 710
510 710
322 711
133 711
377 713
247 713
642 716
85 720
334 724
864 725
790 726
926 727
455 727
113 729
826 729
921 730
402 731
821 731
109 733
548 734
249 734
260 734
33 736
541 736
252 738
785 740
434 742
840 742
687 743
470 744
695 744
825 745
243 745
615 746
896 748
797 749
453 750
814 752
699 753
775 754
10 755
333 755
972 755
850 756
429 756
405 757
735 757
842 758
256 758
936 759
615 760
808 760
651 762
272 762
211 763
344 763
76 765
591 765
381 766
711 768
893 768
335 768
562 769
92 769
486 770
649 770
34 773
57 774
140 774
748 775
251 775
708 775
634 780
861 783
863 783
391 784
71 785
331 785
199 786
173 786
504 786
778 789
368 790
465 790
397 791
409 792
771 794
996 795
57 796
296 797
996 797
90 798
189 798
472 799
934 800
891 800
374 800
931 800
814 801
883 801
125 803
922 804
110 807
184 809
990 810
966 811
385 812
151 812
767 814
799 815
663 816
429 817
38 821
353 821
426 823
992 823
29 825
37 826
694 826
42 828
561 829
521 830
634 831
435 831
102 832
904 832
938 835
783 837
534 838
903 838
266 838
610 838
487 840
410 842
494 842
369 844
461 845
353 845
691 845
654 845
138 846
162 846
539 847
278 848
394 851
586 853
910 853
431 857
573 859
661 860
35 861
769 861
746 861
497 861
177 863
148 865
672 867
933 868
197 868
477 869
975 869
345 870
294 872
813 873
947 873
166 873
254 875
930 876
977 882
81 882
499 883
489 884
227 884
178 886
334 887
852 888
968 888
1 888
739 889
80 889
152 891
302 892
550 892
174 894
813 897
88 897
625 897
89 898
887 899
615 899
900 900
626 901
841 901
431 904
523 905
317 907
321 909
476 909
994 910
186 911
60 912
590 913
460 914
264 914
156 921
775 922
607 923
260 924
554 925
765 926
48 929
506 929
52 930
494 930
440 932
968 936
181 937
276 938
292 938
637 938
596 938
637 938
425 939
28 939
66 939
505 940
816 940
769 943
164 943
332 943
500 944
184 944
712 945
393 947
963 948
262 949
933 950
110 951
333 953
437 953
461 954
721 955
266 955
444 956
23 958
352 958
486 959
357 960
249 961
508 961
515 963
802 963
181 964
257 965
563 965
634 966
513 966
121 966
921 969
204 971
576 971
972 971
656 973
331 974
429 975
677 975
680 976
391 977
33 977
163 977
255 977
830 980
919 981
798 981
280 982
681 982
234 982
190 983
717 984
410 985
917 986
221 986
577 988
10 990
88 991
550 991
767 991
125 994
583 994
516 996
745 997
609 997
