867
662 0
532 2
682 2
812 2
989 3
122 6
241 10
606 10
926 11
609 12
47 13
603 13
826 13
836 15
39 18
90 19
275 20
312 20
943 21
733 22
688 22
449 23
189 25
522 27
496 28
157 29
120 30
432 30
263 31
991 33
863 33
326 35
431 38
860 40
1000 40
941 43
861 43
515 43
772 43
266 49
890 54
84 54
129 57
903 60
527 60
499 62
798 62
189 62
536 62
103 62
627 62
692 63
120 63
845 65
461 74
42 76
208 77
332 78
353 78
353 79
510 81
996 81
564 83
8 84
337 86
111 86
473 86
680 86
778 87
832 88
17 89
79 92
174 95
611 95
237 96
944 100
695 100
329 100
742 101
964 101
523 101
771 103
424 105
823 106
883 107
293 107
53 108
328 109
496 110
907 110
400 112
278 112
121 113
307 114
930 116
602 116
35 116
1 118
263 120
772 120
171 121
720 121
230 122
660 123
568 123
754 123
801 125
732 127
588 129
76 130
545 131
6 135
329 136
977 136
373 137
566 137
517 138
654 138
573 139
735 141
602 141
437 142
653 143
310 143
205 143
728 145
283 145
220 147
822 148
494 149
534 151
30 154
130 155
938 155
993 157
192 159
173 159
405 162
216 163
764 166
377 170
751 172
633 175
344 175
256 175
29 178
344 179
251 181
337 182
865 182
335 183
576 188
261 188
901 189
803 189
304 190
801 191
910 193
758 194
771 194
52 194
731 195
686 196
618 200
584 201
25 201
422 203
867 203
559 204
327 209
818 210
990 210
215 210
340 211
212 211
88 214
999 214
570 216
697 216
90 217
386 218
950 219
780 219
409 219
26 221
765 222
123 226
668 226
326 229
619 233
629 233
756 233
808 234
205 237
994 238
845 240
772 240
978 242
417 243
202 244
502 245
453 246
535 246
934 246
541 247
333 247
185 250
110 252
336 253
881 253
419 255
672 256
242 256
363 259
15 259
574 260
936 260
302 262
316 263
638 263
241 264
512 265
994 267
269 267
524 268
607 269
64 271
764 271
559 272
444 274
584 275
546 276
763 277
317 277
938 278
339 278
460 279
854 279
787 280
368 281
84 282
874 284
440 284
847 284
862 285
240 286
62 289
877 293
736 295
884 296
104 296
855 297
232 300
737 300
26 302
256 302
990 302
602 303
53 304
926 304
697 305
285 306
797 308
451 311
428 312
106 314
531 316
579 317
575 318
261 318
295 318
348 319
644 319
776 319
416 320
123 320
595 322
142 323
489 324
13 325
201 325
312 326
306 326
4 333
570 337
147 338
102 340
524 342
933 344
990 345
648 345
686 349
591 350
261 351
397 352
336 352
348 352
123 353
718 353
352 353
504 355
189 357
601 360
188 360
299 363
939 364
224 368
221 369
882 371
904 372
409 373
852 373
969 374
325 374
277 375
799 376
874 378
617 379
208 380
278 381
572 382
236 382
579 383
896 384
962 385
532 386
994 387
401 391
14 393
192 395
815 396
456 397
391 397
667 400
157 401
424 402
193 402
291 402
279 402
14 404
415 404
297 407
540 407
608 408
138 409
560 411
583 411
968 412
605 413
221 414
806 414
790 415
773 416
273 419
469 419
720 419
265 420
232 422
697 424
666 425
331 425
168 427
620 428
506 428
531 429
206 432
588 433
944 433
613 436
610 437
415 438
236 440
939 440
289 441
622 442
367 444
291 445
371 446
726 448
411 448
590 449
150 450
273 450
799 451
507 452
92 453
157 454
152 455
874 457
228 457
309 460
944 461
754 464
563 465
62 465
873 466
350 466
655 467
375 468
596 468
511 470
365 471
73 471
867 472
33 474
333 477
334 479
786 482
827 489
378 490
502 490
342 492
489 494
627 495
373 495
675 497
333 498
848 499
87 500
483 500
698 501
906 502
233 504
54 505
9 506
446 507
358 507
634 508
545 508
488 508
178 508
855 509
796 509
467 510
354 511
185 511
743 511
957 514
454 517
675 519
244 521
696 521
217 522
523 524
891 525
84 528
781 530
150 532
573 532
297 533
131 534
531 534
467 535
738 536
573 538
33 538
534 539
541 542
345 542
423 543
224 544
121 545
358 548
892 548
509 552
62 552
531 552
443 552
748 556
468 556
486 556
474 557
409 558
536 558
220 560
258 560
425 561
41 562
168 562
65 562
763 565
322 569
309 569
914 570
963 570
216 572
46 575
341 576
135 578
788 579
155 579
326 580
762 583
121 584
159 585
117 586
755 586
631 586
248 587
163 591
45 594
685 595
135 596
312 597
926 601
318 602
65 604
676 606
55 608
35 608
186 609
506 610
175 612
834 613
50 614
777 615
235 616
577 616
217 616
630 622
124 622
747 624
166 625
629 626
511 626
539 627
154 627
811 627
653 628
97 628
331 628
397 629
901 630
425 631
205 634
538 635
283 638
378 640
789 641
875 641
881 642
391 646
745 646
490 649
622 649
284 649
141 651
866 652
833 652
664 654
207 654
345 656
441 659
559 662
92 664
59 665
782 666
684 667
388 669
224 671
932 671
374 672
120 674
549 674
260 677
373 678
470 678
108 681
712 682
555 683
531 684
927 686
434 686
536 686
577 687
814 687
4 687
76 688
626 690
141 691
205 693
100 694
236 694
717 695
435 697
182 698
105 699
816 701
522 702
596 702
571 704
488 705
377 707
203 709
890 710
371 710
592 711
596 713
960 714
216 715
244 716
855 717
493 718
483 719
752 719
629 721
988 721
649 722
421 722
191 723
769 723
153 726
807 726
899 727
512 728
346 730
839 730
508 731
737 732
931 733
577 734
474 734
634 735
978 736
371 736
12 738
348 739
380 740
984 741
363 741
15 741
700 743
263 743
811 746
294 747
89 748
932 748
659 749
798 750
187 753
454 753
772 753
789 753
218 755
785 756
642 757
474 757
636 764
150 768
168 768
355 768
308 769
741 769
976 769
705 769
974 770
351 772
968 777
244 778
907 783
497 783
528 784
191 785
576 785
21 785
783 788
834 789
545 789
837 795
335 795
722 795
865 796
937 797
515 798
863 799
202 799
331 799
221 800
146 801
40 802
948 803
890 804
40 805
918 805
916 805
201 806
757 806
381 807
629 809
908 810
267 810
973 811
30 811
551 811
780 812
336 814
146 814
521 814
437 816
812 816
507 817
8 818
62 818
197 819
975 820
171 820
658 823
729 823
801 825
382 828
58 830
120 830
11 830
593 836
39 836
144 837
355 837
385 838
500 840
422 840
782 840
963 841
462 844
842 845
495 847
169 847
100 848
737 849
443 853
785 853
871 855
507 855
77 858
108 860
883 863
286 865
185 866
958 867
521 868
280 868
422 869
961 870
297 870
657 870
593 871
718 873
792 874
241 875
53 878
614 878
611 880
27 881
181 881
766 882
196 882
466 883
719 884
210 884
736 890
419 890
259 890
584 890
185 892
302 896
479 896
303 897
197 899
521 903
560 903
597 904
191 904
898 905
981 906
77 907
406 907
182 908
808 910
531 911
976 912
834 913
985 914
840 914
113 916
990 918
894 918
23 919
518 921
523 922
442 924
140 925
787 925
750 927
733 927
407 928
343 929
745 929
237 930
921 932
761 933
145 933
648 934
839 934
334 934
222 936
902 936
166 936
113 937
628 937
14 940
457 940
736 940
289 942
805 943
960 944
217 945
92 946
171 946
931 948
311 948
997 951
994 954
382 954
260 956
996 956
344 958
456 960
10 961
51 963
273 963
13 964
120 964
856 964
147 964
747 964
34 966
487 967
526 968
821 968
184 970
132 972
10 974
860 975
221 976
438 978
883 980
140 980
258 980
638 981
413 981
872 981
980 981
610 982
552 984
21 984
87 987
472 988
33 988
571 990
854 990
625 990
891 992
82 993
226 995
811 998
928 998
908 999
416 1000
