642
992 0
730 4
179 7
231 10
411 11
646 12
646 15
221 16
465 16
430 21
644 25
775 25
953 27
524 27
950 30
634 33
112 43
108 44
385 44
478 44
433 45
449 45
426 46
24 50
202 51
764 51
410 51
302 52
562 55
606 55
388 55
400 58
26 58
782 61
948 62
853 63
72 63
607 64
1 64
899 66
356 69
688 72
639 73
378 73
577 79
196 80
447 84
68 85
902 85
619 86
782 88
454 89
468 92
135 92
502 95
686 96
156 96
346 99
914 99
468 99
440 103
975 104
941 105
818 106
928 106
214 106
941 109
360 109
336 109
933 110
450 112
931 112
670 113
314 113
932 114
847 116
626 116
219 118
53 118
612 120
117 120
335 120
916 126
593 126
442 126
623 128
828 129
148 131
917 132
597 132
534 135
530 136
911 136
199 137
139 138
519 141
691 143
939 146
80 147
882 153
592 155
656 161
600 163
449 163
872 165
169 169
359 169
463 170
520 175
527 176
435 176
385 178
649 178
273 179
944 183
454 183
372 186
178 187
790 188
613 190
766 191
194 194
781 194
570 201
680 201
380 202
389 202
477 202
290 206
665 206
158 208
817 209
909 210
52 211
236 211
494 211
581 212
559 213
169 215
961 216
235 218
5 218
904 219
734 220
173 221
538 223
513 225
349 229
664 231
198 231
528 233
418 239
37 242
977 244
853 250
454 251
411 255
644 255
549 257
727 258
791 259
902 260
851 263
480 263
468 264
154 268
636 268
18 268
763 273
554 275
692 278
958 280
403 283
183 284
91 291
178 291
124 291
312 292
853 294
610 298
823 299
803 302
705 305
518 306
16 307
896 309
184 311
190 315
386 315
227 317
328 319
175 324
13 325
958 326
736 329
574 330
6 331
379 332
230 334
737 337
722 341
54 342
259 342
604 344
276 344
756 345
83 347
351 353
381 355
117 355
732 359
490 360
754 360
503 360
825 361
901 363
345 367
124 368
696 368
432 371
439 373
10 375
267 377
753 381
67 382
557 384
304 387
232 387
655 388
940 390
193 393
527 393
734 394
925 394
312 395
640 396
92 396
797 398
884 401
923 404
153 405
243 405
987 407
918 408
148 409
137 411
45 416
868 417
227 417
420 419
508 422
11 422
115 423
928 424
563 426
998 428
32 429
430 429
980 431
597 435
166 438
963 440
258 443
340 444
977 445
534 447
70 447
690 448
618 450
705 453
523 454
217 455
931 457
468 459
795 459
542 465
252 465
801 467
403 470
447 471
751 471
320 471
14 473
402 474
910 476
446 476
962 477
921 480
996 481
61 489
811 494
958 495
509 497
449 498
191 501
481 504
887 504
624 504
979 508
700 509
879 512
139 513
650 515
509 516
575 516
939 519
850 521
442 522
990 522
425 525
623 526
961 527
752 527
627 528
174 530
790 531
190 534
866 534
718 535
439 535
686 537
297 541
377 543
286 544
532 546
549 549
892 552
86 554
152 558
222 558
674 559
643 559
774 560
176 564
821 566
604 568
348 571
152 572
71 573
980 573
929 574
521 575
722 575
669 576
163 580
6 581
440 582
208 582
676 583
299 584
25 584
643 585
999 587
648 588
84 588
559 591
786 591
193 591
8 592
29 594
132 595
299 595
54 597
801 597
278 599
889 600
254 604
342 605
777 606
739 607
551 608
184 610
928 610
152 611
739 613
211 623
114 624
883 624
149 625
457 625
659 627
702 628
96 629
595 630
969 632
607 633
341 633
322 637
283 638
602 639
182 641
443 645
676 645
428 647
881 647
235 648
453 650
797 651
992 651
737 651
772 655
269 655
108 659
870 664
232 668
903 668
632 669
309 669
130 671
507 671
747 672
831 673
928 673
838 674
225 674
380 674
856 676
189 676
136 676
723 676
122 677
695 680
457 686
73 686
469 686
653 687
670 687
966 689
663 689
127 689
316 690
660 691
327 693
477 693
839 695
917 695
630 696
595 699
521 702
492 702
635 703
769 703
414 703
356 706
75 707
407 707
594 711
303 717
190 718
160 719
935 720
470 721
755 722
329 723
326 725
847 725
768 725
480 727
754 727
880 731
519 731
465 731
910 732
433 733
813 735
446 738
680 740
213 740
957 743
711 744
709 744
536 748
111 749
634 750
123 753
655 754
306 754
746 755
54 756
212 757
119 757
653 761
765 763
77 765
208 767
101 769
33 769
360 770
87 771
715 772
706 776
562 781
17 783
81 785
885 786
593 788
175 788
871 789
119 793
150 796
749 796
326 800
886 802
607 802
151 802
220 803
180 804
971 806
843 808
946 808
42 808
883 809
697 811
405 811
498 811
500 813
634 813
539 816
70 816
399 818
8 819
344 819
591 819
310 820
901 820
308 821
544 824
437 824
7 826
933 828
87 828
283 829
987 831
965 832
447 836
81 837
453 838
78 843
881 845
281 846
703 846
729 846
203 849
137 855
189 855
1000 855
514 857
813 860
837 861
502 862
11 865
266 866
850 868
728 875
535 876
409 878
608 880
753 881
846 885
951 889
896 892
926 895
924 895
109 901
598 902
611 904
79 905
857 905
605 907
3 909
76 909
153 912
531 912
798 912
668 912
520 913
807 915
455 915
995 918
464 918
991 920
121 920
453 922
660 923
841 924
958 925
78 928
741 931
859 932
467 932
321 933
959 933
364 935
577 936
582 938
714 941
935 943
136 944
246 945
996 946
81 949
103 950
287 950
836 950
897 955
791 956
587 956
115 957
856 958
915 959
948 960
496 963
13 963
308 966
322 970
221 970
346 975
698 975
988 976
27 977
91 980
892 981
746 983
325 984
530 988
405 989
327 990
809 990
187 990
262 991
249 992
298 992
99 993
317 994
387 998
548 998
217 998
98 998
504 999
683 999
864 999
839 1000
