272
156 12
62 17
271 23
168 26
85 31
219 31
68 31
69 32
2 34
40 38
252 38
74 40
240 48
83 54
55 64
132 65
186 66
251 72
125 76
238 77
217 80
253 84
254 87
189 100
138 101
110 101
195 116
14 117
231 122
99 123
209 123
206 124
271 128
224 133
141 134
11 135
78 139
262 140
71 140
9 142
187 142
150 144
1 145
207 145
7 152
119 153
233 164
244 173
191 176
73 181
148 187
30 187
50 188
216 196
151 205
122 207
9 209
57 210
221 210
138 215
9 216
18 217
250 221
246 235
124 238
16 240
141 243
64 244
3 247
146 253
74 253
215 255
241 257
250 261
219 266
141 268
207 273
217 273
130 274
68 277
87 277
180 284
175 285
188 286
20 290
200 292
64 302
65 304
50 304
46 306
106 306
46 306
127 310
62 312
52 317
14 321
249 324
192 327
181 327
192 336
140 343
1 344
199 346
120 355
81 365
264 366
164 371
257 374
214 375
28 375
21 381
101 382
126 383
124 385
197 387
142 389
200 392
77 397
217 419
181 425
143 425
244 425
194 425
121 426
180 427
154 429
146 431
7 435
161 439
48 440
101 442
201 446
56 449
180 451
65 452
97 453
117 457
73 467
95 470
82 473
163 474
52 474
201 478
136 480
265 483
205 485
149 488
122 492
90 493
255 497
187 502
14 502
203 505
130 508
4 515
135 521
226 521
34 522
260 522
141 525
57 528
141 528
209 540
213 542
269 547
52 548
23 552
105 552
238 557
210 558
228 558
95 559
129 562
170 564
65 572
62 575
49 575
26 579
13 584
38 586
19 587
264 588
53 590
100 591
4 592
202 593
135 597
229 600
271 609
68 611
66 612
193 617
217 619
210 626
78 628
168 633
75 634
265 634
130 641
231 641
38 643
101 644
94 644
104 648
108 650
270 653
26 655
242 655
104 675
76 675
97 678
62 683
258 684
229 687
49 690
242 693
17 694
116 696
206 698
183 699
233 699
139 702
221 703
121 705
265 706
17 707
136 712
108 713
5 713
84 721
230 721
59 737
260 737
104 737
184 740
32 748
87 750
67 750
247 755
116 755
60 755
53 757
253 759
224 760
4 760
38 761
155 762
233 763
138 768
75 768
255 769
204 769
16 769
193 769
195 772
240 776
125 790
40 801
250 802
81 806
200 809
59 816
168 818
13 827
163 833
258 834
89 834
261 835
91 840
165 844
161 844
97 845
