1000
461 2147483637
318 2147483637
641 2147483637
437 2147483637
340 2147483637
754 2147483637
324 2147483637
120 2147483637
579 2147483637
278 2147483637
602 2147483637
334 2147483637
324 2147483637
751 2147483637
580 2147483637
439 2147483637
981 2147483637
866 2147483637
173 2147483637
562 2147483637
685 2147483637
288 2147483637
634 2147483637
902 2147483637
947 2147483637
997 2147483637
246 2147483637
231 2147483637
155 2147483637
833 2147483637
716 2147483637
105 2147483637
329 2147483637
335 2147483637
526 2147483637
668 2147483637
162 2147483637
212 2147483637
876 2147483637
877 2147483637
391 2147483637
732 2147483637
417 2147483637
948 2147483637
659 2147483637
274 2147483637
856 2147483637
307 2147483637
95 2147483637
349 2147483637
910 2147483637
443 2147483637
184 2147483637
939 2147483637
538 2147483637
593 2147483637
535 2147483637
793 2147483637
548 2147483637
638 2147483637
862 2147483637
436 2147483637
92 2147483637
309 2147483637
196 2147483637
770 2147483637
218 2147483637
179 2147483637
83 2147483637
768 2147483637
174 2147483637
916 2147483637
389 2147483637
821 2147483637
384 2147483637
21 2147483637
401 2147483637
520 2147483637
951 2147483637
240 2147483637
661 2147483637
936 2147483637
382 2147483637
283 2147483637
152 2147483637
585 2147483637
965 2147483637
181 2147483637
970 2147483637
682 2147483637
738 2147483638
209 2147483638
523 2147483638
782 2147483638
716 2147483638
373 2147483638
677 2147483638
226 2147483638
243 2147483638
398 2147483638
235 2147483638
955 2147483638
816 2147483638
951 2147483638
381 2147483638
245 2147483638
661 2147483638
391 2147483638
483 2147483638
529 2147483638
421 2147483638
510 2147483638
695 2147483638
52 2147483638
557 2147483638
627 2147483638
292 2147483638
290 2147483638
270 2147483638
506 2147483638
482 2147483638
377 2147483638
350 2147483638
643 2147483638
691 2147483638
204 2147483638
293 2147483638
417 2147483638
330 2147483638
782 2147483638
537 2147483638
946 2147483638
278 2147483638
169 2147483638
279 2147483638
455 2147483638
105 2147483638
348 2147483638
38 2147483638
846 2147483638
107 2147483638
956 2147483638
32 2147483638
418 2147483638
246 2147483638
636 2147483638
734 2147483638
873 2147483638
418 2147483638
136 2147483638
356 2147483638
682 2147483638
462 2147483638
19 2147483638
15 2147483638
988 2147483638
983 2147483638
243 2147483638
104 2147483638
328 2147483638
241 2147483638
251 2147483638
736 2147483638
108 2147483638
433 2147483638
308 2147483638
613 2147483638
922 2147483638
101 2147483638
101 2147483638
369 2147483638
520 2147483638
288 2147483638
45 2147483638
895 2147483639
364 2147483639
240 2147483639
134 2147483639
975 2147483639
39 2147483639
130 2147483639
136 2147483639
302 2147483639
244 2147483639
124 2147483639
575 2147483639
824 2147483639
28 2147483639
330 2147483639
804 2147483639
193 2147483639
853 2147483639
757 2147483639
771 2147483639
10 2147483639
560 2147483639
169 2147483639
204 2147483639
636 2147483639
885 2147483639
344 2147483639
495 2147483639
297 2147483639
559 2147483639
104 2147483639
363 2147483639
542 2147483639
494 2147483639
602 2147483639
498 2147483639
955 2147483639
262 2147483639
85 2147483639
519 2147483639
697 2147483639
990 2147483639
681 2147483639
263 2147483639
789 2147483639
600 2147483639
115 2147483639
221 2147483639
955 2147483639
850 2147483639
903 2147483639
862 2147483639
541 2147483639
768 2147483639
344 2147483639
962 2147483639
755 2147483639
10 2147483639
668 2147483639
198 2147483639
684 2147483639
332 2147483639
187 2147483639
808 2147483639
545 2147483639
429 2147483639
302 2147483639
364 2147483639
901 2147483639
150 2147483639
518 2147483639
76 2147483639
409 2147483639
933 2147483639
588 2147483639
223 2147483639
721 2147483639
800 2147483639
322 2147483639
874 2147483639
704 2147483639
696 2147483639
168 2147483639
781 2147483639
599 2147483640
832 2147483640
193 2147483640
44 2147483640
451 2147483640
115 2147483640
694 2147483640
381 2147483640
458 2147483640
172 2147483640
863 2147483640
193 2147483640
870 2147483640
419 2147483640
786 2147483640
653 2147483640
632 2147483640
377 2147483640
866 2147483640
483 2147483640
174 2147483640
875 2147483640
250 2147483640
50 2147483640
704 2147483640
479 2147483640
58 2147483640
660 2147483640
862 2147483640
483 2147483640
885 2147483640
157 2147483640
107 2147483640
238 2147483640
982 2147483640
243 2147483640
557 2147483640
8 2147483640
320 2147483640
185 2147483640
715 2147483640
753 2147483640
577 2147483640
762 2147483640
413 2147483640
520 2147483640
627 2147483640
11 2147483640
99 2147483640
899 2147483640
545 2147483640
305 2147483640
384 2147483640
125 2147483640
583 2147483640
511 2147483640
459 2147483640
880 2147483640
692 2147483640
832 2147483640
563 2147483640
282 2147483640
368 2147483640
936 2147483640
974 2147483640
922 2147483640
339 2147483640
807 2147483640
47 2147483640
242 2147483640
739 2147483640
138 2147483640
814 2147483640
303 2147483640
321 2147483640
409 2147483640
522 2147483640
299 2147483640
516 2147483640
636 2147483640
747 2147483640
869 2147483640
905 2147483640
215 2147483640
641 2147483640
689 2147483640
518 2147483640
791 2147483640
459 2147483640
391 2147483640
471 2147483640
583 2147483640
923 2147483641
516 2147483641
248 2147483641
58 2147483641
657 2147483641
391 2147483641
218 2147483641
61 2147483641
91 2147483641
569 2147483641
479 2147483641
29 2147483641
8 2147483641
624 2147483641
729 2147483641
826 2147483641
820 2147483641
741 2147483641
281 2147483641
775 2147483641
717 2147483641
241 2147483641
219 2147483641
886 2147483641
226 2147483641
583 2147483641
638 2147483641
474 2147483641
617 2147483641
435 2147483641
990 2147483641
665 2147483641
336 2147483641
219 2147483641
506 2147483641
519 2147483641
957 2147483641
563 2147483641
119 2147483641
703 2147483641
405 2147483641
224 2147483641
281 2147483641
670 2147483641
600 2147483641
370 2147483641
579 2147483641
420 2147483641
141 2147483641
186 2147483641
408 2147483641
292 2147483641
996 2147483641
986 2147483641
746 2147483641
805 2147483641
666 2147483641
921 2147483641
689 2147483641
220 2147483641
247 2147483641
258 2147483641
811 2147483641
564 2147483641
796 2147483641
959 2147483641
509 2147483641
732 2147483641
506 2147483641
57 2147483641
387 2147483641
895 2147483641
68 2147483641
205 2147483641
549 2147483641
476 2147483641
230 2147483641
704 2147483641
670 2147483642
772 2147483642
715 2147483642
250 2147483642
478 2147483642
262 2147483642
709 2147483642
735 2147483642
553 2147483642
211 2147483642
589 2147483642
692 2147483642
920 2147483642
118 2147483642
892 2147483642
739 2147483642
497 2147483642
291 2147483642
361 2147483642
771 2147483642
963 2147483642
93 2147483642
868 2147483642
863 2147483642
77 2147483642
880 2147483642
871 2147483642
54 2147483642
542 2147483642
220 2147483642
607 2147483642
946 2147483642
319 2147483642
1 2147483642
943 2147483642
953 2147483642
655 2147483642
928 2147483642
236 2147483642
60 2147483642
140 2147483642
374 2147483642
965 2147483642
884 2147483642
693 2147483642
851 2147483642
196 2147483642
133 2147483642
748 2147483642
16 2147483642
221 2147483642
319 2147483642
202 2147483642
441 2147483642
722 2147483642
393 2147483642
714 2147483642
912 2147483642
908 2147483642
235 2147483642
925 2147483642
466 2147483642
261 2147483642
449 2147483642
912 2147483642
844 2147483642
137 2147483642
674 2147483642
724 2147483642
300 2147483642
522 2147483642
129 2147483642
189 2147483642
822 2147483642
857 2147483642
278 2147483642
428 2147483642
907 2147483642
511 2147483642
161 2147483642
538 2147483642
149 2147483642
998 2147483642
381 2147483642
168 2147483642
770 2147483643
250 2147483643
217 2147483643
822 2147483643
310 2147483643
160 2147483643
189 2147483643
392 2147483643
803 2147483643
643 2147483643
422 2147483643
80 2147483643
108 2147483643
542 2147483643
720 2147483643
590 2147483643
906 2147483643
240 2147483643
972 2147483643
993 2147483643
567 2147483643
627 2147483643
79 2147483643
238 2147483643
573 2147483643
29 2147483643
655 2147483643
19 2147483643
227 2147483643
898 2147483643
150 2147483643
580 2147483643
891 2147483643
79 2147483643
894 2147483643
878 2147483643
157 2147483643
70 2147483643
263 2147483643
624 2147483643
305 2147483643
527 2147483643
526 2147483643
715 2147483643
188 2147483643
168 2147483643
161 2147483643
542 2147483643
810 2147483643
385 2147483643
204 2147483643
342 2147483643
715 2147483643
36 2147483643
705 2147483643
108 2147483643
94 2147483643
956 2147483643
792 2147483643
520 2147483643
94 2147483643
260 2147483643
149 2147483643
732 2147483643
963 2147483643
939 2147483643
137 2147483643
690 2147483643
18 2147483643
482 2147483643
313 2147483643
977 2147483643
693 2147483643
842 2147483643
584 2147483643
543 2147483643
783 2147483643
415 2147483643
234 2147483643
800 2147483643
768 2147483643
925 2147483643
433 2147483643
387 2147483643
329 2147483643
44 2147483643
411 2147483643
475 2147483643
845 2147483643
216 2147483643
123 2147483643
895 2147483643
812 2147483643
497 2147483643
228 2147483643
239 2147483643
896 2147483643
988 2147483644
82 2147483644
421 2147483644
51 2147483644
549 2147483644
57 2147483644
960 2147483644
965 2147483644
453 2147483644
368 2147483644
922 2147483644
953 2147483644
531 2147483644
931 2147483644
361 2147483644
355 2147483644
455 2147483644
329 2147483644
636 2147483644
604 2147483644
709 2147483644
563 2147483644
224 2147483644
168 2147483644
2 2147483644
666 2147483644
999 2147483644
248 2147483644
204 2147483644
705 2147483644
882 2147483644
25 2147483644
597 2147483644
97 2147483644
603 2147483644
905 2147483644
699 2147483644
323 2147483644
975 2147483644
69 2147483644
903 2147483644
506 2147483644
856 2147483644
410 2147483644
125 2147483644
564 2147483644
958 2147483644
345 2147483644
374 2147483644
427 2147483644
937 2147483644
93 2147483644
724 2147483644
198 2147483644
916 2147483644
862 2147483644
243 2147483644
827 2147483644
210 2147483644
35 2147483644
249 2147483644
48 2147483644
12 2147483644
391 2147483644
233 2147483644
540 2147483644
341 2147483644
563 2147483644
600 2147483644
777 2147483644
41 2147483644
964 2147483644
314 2147483644
552 2147483644
792 2147483644
911 2147483644
471 2147483644
710 2147483644
148 2147483645
665 2147483645
731 2147483645
905 2147483645
25 2147483645
119 2147483645
783 2147483645
676 2147483645
79 2147483645
162 2147483645
916 2147483645
970 2147483645
108 2147483645
4 2147483645
653 2147483645
596 2147483645
717 2147483645
797 2147483645
517 2147483645
397 2147483645
597 2147483645
482 2147483645
319 2147483645
885 2147483645
265 2147483645
991 2147483645
945 2147483645
766 2147483645
207 2147483645
169 2147483645
199 2147483645
370 2147483645
633 2147483645
393 2147483645
877 2147483645
248 2147483645
261 2147483645
282 2147483645
971 2147483645
488 2147483645
570 2147483645
931 2147483645
640 2147483645
839 2147483645
500 2147483645
52 2147483645
830 2147483645
469 2147483645
781 2147483645
511 2147483645
165 2147483645
301 2147483645
318 2147483645
450 2147483645
491 2147483645
538 2147483645
572 2147483645
700 2147483645
420 2147483645
168 2147483645
74 2147483645
890 2147483645
675 2147483645
339 2147483645
616 2147483645
154 2147483645
568 2147483645
400 2147483645
668 2147483645
954 2147483645
221 2147483645
72 2147483645
145 2147483645
655 2147483645
698 2147483645
525 2147483645
787 2147483645
105 2147483645
185 2147483645
850 2147483645
573 2147483645
273 2147483645
978 2147483645
952 2147483645
983 2147483645
9 2147483645
765 2147483645
136 2147483645
76 2147483645
498 2147483645
564 2147483645
532 2147483645
117 2147483645
91 2147483645
976 2147483645
682 2147483645
761 2147483645
131 2147483645
658 2147483645
662 2147483645
211 2147483645
386 2147483645
956 2147483645
631 2147483646
710 2147483646
696 2147483646
226 2147483646
427 2147483646
398 2147483646
906 2147483646
579 2147483646
570 2147483646
429 2147483646
43 2147483646
338 2147483646
372 2147483646
242 2147483646
281 2147483646
719 2147483646
103 2147483646
947 2147483646
897 2147483646
669 2147483646
815 2147483646
642 2147483646
795 2147483646
57 2147483646
636 2147483646
354 2147483646
193 2147483646
772 2147483646
944 2147483646
634 2147483646
55 2147483646
350 2147483646
686 2147483646
985 2147483646
913 2147483646
657 2147483646
962 2147483646
2 2147483646
399 2147483646
612 2147483646
873 2147483646
158 2147483646
583 2147483646
924 2147483646
925 2147483646
577 2147483646
212 2147483646
62 2147483646
470 2147483646
417 2147483646
357 2147483646
663 2147483646
678 2147483646
666 2147483646
64 2147483646
929 2147483646
222 2147483646
796 2147483646
672 2147483646
422 2147483646
768 2147483646
751 2147483646
573 2147483646
888 2147483646
172 2147483646
944 2147483646
29 2147483646
837 2147483646
806 2147483646
466 2147483646
564 2147483646
954 2147483646
290 2147483646
999 2147483646
94 2147483646
168 2147483646
735 2147483646
218 2147483646
873 2147483646
80 2147483646
48 2147483646
195 2147483646
852 2147483646
605 2147483646
665 2147483646
116 2147483646
689 2147483646
902 2147483646
631 2147483646
846 2147483646
549 2147483646
731 2147483646
302 2147483646
105 2147483646
398 2147483646
952 2147483646
894 2147483646
612 2147483646
725 2147483646
216 2147483646
417 2147483646
768 2147483646
37 2147483646
361 2147483646
501 2147483646
160 2147483646
574 2147483646
412 2147483646
567 2147483646
596 2147483646
253 2147483646
645 2147483646
615 2147483646
662 2147483646
495 2147483646
140 2147483646
636 2147483646
482 2147483647
802 2147483647
849 2147483647
261 2147483647
138 2147483647
961 2147483647
607 2147483647
870 2147483647
523 2147483647
721 2147483647
618 2147483647
31 2147483647
204 2147483647
186 2147483647
791 2147483647
767 2147483647
70 2147483647
113 2147483647
371 2147483647
565 2147483647
148 2147483647
180 2147483647
822 2147483647
347 2147483647
752 2147483647
802 2147483647
854 2147483647
674 2147483647
31 2147483647
483 2147483647
777 2147483647
205 2147483647
578 2147483647
757 2147483647
988 2147483647
723 2147483647
406 2147483647
54 2147483647
464 2147483647
300 2147483647
406 2147483647
563 2147483647
980 2147483647
485 2147483647
995 2147483647
380 2147483647
371 2147483647
652 2147483647
596 2147483647
307 2147483647
165 2147483647
908 2147483647
712 2147483647
959 2147483647
767 2147483647
586 2147483647
623 2147483647
887 2147483647
416 2147483647
216 2147483647
566 2147483647
673 2147483647
978 2147483647
967 2147483647
278 2147483647
29 2147483647
10 2147483647
759 2147483647
382 2147483647
168 2147483647
667 2147483647
460 2147483647
305 2147483647
460 2147483647
484 2147483647
754 2147483647
622 2147483647
814 2147483647
295 2147483647
453 2147483647
166 2147483647
18 2147483647
301 2147483647
680 2147483647
652 2147483647
548 2147483647
966 2147483647
765 2147483647
334 2147483647
490 2147483647
601 2147483647
934 2147483647
