389
758 0
638 0
130 0
11 3
674 4
395 4
744 6
430 6
834 8
453 12
578 12
742 13
975 21
791 22
742 28
340 31
863 34
24 35
499 41
410 46
877 47
316 52
989 57
465 58
695 66
73 69
555 69
180 69
630 71
205 77
527 82
779 84
524 85
410 86
800 91
778 92
970 100
396 105
31 107
980 112
27 117
683 128
556 129
168 130
252 133
651 134
111 139
654 140
991 144
257 146
773 146
618 149
993 149
782 149
375 150
853 157
571 157
720 165
971 165
278 168
988 168
511 177
894 177
725 182
821 183
353 186
460 189
896 190
811 197
28 201
382 202
519 205
703 206
341 210
513 213
81 213
892 213
399 222
305 226
543 228
680 228
242 229
476 232
243 233
709 234
30 236
483 237
500 242
531 244
95 247
368 251
468 255
832 259
494 260
86 264
828 265
902 266
880 266
306 276
165 287
619 287
575 290
54 290
957 295
776 295
241 300
478 305
408 311
859 311
864 314
27 319
193 325
4 329
55 331
818 332
192 333
808 337
841 338
884 340
593 343
767 349
253 353
559 353
721 358
33 359
749 361
88 362
631 362
687 362
970 363
716 367
923 376
557 377
892 377
729 379
904 382
481 382
733 384
588 386
409 388
19 389
764 394
300 406
395 407
169 409
539 409
220 418
730 428
12 430
215 432
725 436
603 436
579 439
626 448
280 450
813 450
943 451
172 451
63 454
100 456
902 459
889 461
463 462
507 464
841 467
681 470
567 471
120 471
889 471
6 472
475 473
289 481
477 481
588 482
931 488
145 490
358 492
472 492
456 494
235 496
457 497
263 498
179 499
173 504
518 511
564 514
425 518
698 522
230 523
674 524
853 525
497 528
353 533
85 534
772 537
983 537
633 537
430 540
592 541
807 545
897 546
542 549
192 551
418 551
655 554
139 554
86 554
82 555
590 555
739 556
911 558
78 565
720 576
264 577
289 578
570 579
497 580
615 581
273 581
661 588
598 589
196 596
235 597
512 597
831 602
481 614
59 619
198 621
10 626
676 631
230 631
262 632
536 632
851 633
92 633
742 634
395 637
559 641
242 642
56 644
131 646
274 651
677 660
771 661
395 661
752 664
307 667
705 674
627 675
644 684
870 685
800 691
262 695
152 698
461 707
932 709
283 711
67 715
56 716
237 719
517 720
314 721
159 724
680 725
892 725
550 727
864 727
698 727
415 728
879 731
534 732
717 734
471 742
265 746
350 747
965 749
503 751
13 752
82 758
95 761
755 761
924 762
846 764
319 767
608 772
895 777
856 781
536 785
433 785
884 787
110 801
158 805
289 807
58 809
625 810
141 813
280 814
702 814
742 814
741 815
806 817
204 819
593 820
622 821
441 821
531 824
427 824
536 825
496 826
648 826
752 826
109 827
419 833
221 834
143 840
190 841
107 842
546 846
608 847
527 849
243 849
321 849
319 849
729 857
292 858
14 861
877 869
59 871
294 872
279 873
697 873
279 876
544 878
486 878
913 878
268 881
8 882
918 885
17 887
447 888
839 890
217 892
986 892
411 893
185 893
55 894
147 895
864 897
604 906
97 907
602 908
435 910
796 911
508 912
203 912
535 913
214 918
251 919
535 924
691 927
433 931
482 936
956 938
214 942
498 944
734 945
342 947
883 950
494 952
593 952
414 954
592 958
163 958
270 959
2 963
722 965
157 966
45 978
973 978
988 980
311 982
187 985
682 989
386 989
724 993
511 993
29 993
537 993
940 997
