1000
20 2147483637
773 2147483637
484 2147483637
334 2147483637
654 2147483637
697 2147483637
929 2147483637
255 2147483637
161 2147483637
455 2147483637
674 2147483637
917 2147483637
29 2147483637
67 2147483637
756 2147483637
257 2147483637
11 2147483637
419 2147483637
644 2147483637
265 2147483637
815 2147483637
458 2147483637
615 2147483637
611 2147483637
764 2147483637
718 2147483637
362 2147483637
194 2147483637
391 2147483637
201 2147483637
916 2147483637
859 2147483637
876 2147483637
300 2147483637
781 2147483637
192 2147483637
590 2147483637
863 2147483637
255 2147483637
297 2147483637
668 2147483637
283 2147483637
734 2147483637
325 2147483637
703 2147483637
450 2147483637
636 2147483637
775 2147483637
646 2147483637
742 2147483637
569 2147483637
155 2147483637
873 2147483637
501 2147483637
887 2147483637
448 2147483637
36 2147483637
775 2147483637
811 2147483637
423 2147483637
984 2147483637
603 2147483637
107 2147483637
579 2147483637
940 2147483637
358 2147483637
339 2147483637
840 2147483637
749 2147483637
389 2147483637
706 2147483637
485 2147483637
602 2147483637
403 2147483637
388 2147483637
9 2147483637
371 2147483637
235 2147483637
797 2147483637
181 2147483637
95 2147483637
932 2147483637
203 2147483637
536 2147483637
490 2147483637
418 2147483637
68 2147483637
501 2147483637
53 2147483637
974 2147483638
337 2147483638
692 2147483638
28 2147483638
566 2147483638
203 2147483638
964 2147483638
506 2147483638
82 2147483638
621 2147483638
657 2147483638
478 2147483638
897 2147483638
595 2147483638
577 2147483638
853 2147483638
532 2147483638
7 2147483638
681 2147483638
684 2147483638
58 2147483638
87 2147483638
861 2147483638
636 2147483638
745 2147483638
619 2147483638
531 2147483638
260 2147483638
61 2147483638
830 2147483638
608 2147483638
663 2147483638
733 2147483638
957 2147483638
445 2147483638
694 2147483638
766 2147483638
44 2147483638
895 2147483638
846 2147483638
498 2147483638
436 2147483638
268 2147483638
954 2147483638
154 2147483638
710 2147483638
640 2147483638
567 2147483638
326 2147483638
551 2147483638
816 2147483638
663 2147483638
797 2147483638
233 2147483638
492 2147483638
391 2147483638
657 2147483638
804 2147483638
468 2147483638
197 2147483638
490 2147483638
421 2147483638
145 2147483638
793 2147483638
519 2147483638
110 2147483638
449 2147483638
88 2147483638
625 2147483638
309 2147483638
854 2147483638
45 2147483638
865 2147483638
122 2147483638
855 2147483638
190 2147483638
815 2147483638
568 2147483638
590 2147483638
28 2147483638
259 2147483638
269 2147483638
950 2147483638
470 2147483638
428 2147483638
942 2147483638
394 2147483638
993 2147483638
457 2147483638
419 2147483638
489 2147483638
403 2147483638
671 2147483638
859 2147483638
284 2147483638
307 2147483638
647 2147483638
162 2147483638
745 2147483639
154 2147483639
431 2147483639
656 2147483639
360 2147483639
175 2147483639
79 2147483639
132 2147483639
282 2147483639
278 2147483639
164 2147483639
155 2147483639
61 2147483639
3 2147483639
472 2147483639
693 2147483639
885 2147483639
503 2147483639
657 2147483639
89 2147483639
975 2147483639
214 2147483639
836 2147483639
66 2147483639
92 2147483639
890 2147483639
636 2147483639
576 2147483639
207 2147483639
311 2147483639
526 2147483639
280 2147483639
941 2147483639
654 2147483639
700 2147483639
969 2147483639
702 2147483639
765 2147483639
462 2147483639
224 2147483639
786 2147483639
966 2147483639
98 2147483639
292 2147483639
191 2147483639
530 2147483639
943 2147483639
642 2147483639
247 2147483639
351 2147483639
366 2147483639
92 2147483639
969 2147483639
126 2147483639
383 2147483639
202 2147483639
813 2147483639
499 2147483639
535 2147483639
382 2147483639
324 2147483639
642 2147483639
459 2147483639
848 2147483639
523 2147483639
960 2147483639
47 2147483639
515 2147483639
441 2147483639
277 2147483639
30 2147483639
808 2147483639
655 2147483639
579 2147483639
268 2147483639
847 2147483639
790 2147483639
637 2147483639
421 2147483639
953 2147483639
437 2147483639
259 2147483639
837 2147483639
125 2147483639
491 2147483639
214 2147483639
97 2147483639
983 2147483639
202 2147483639
486 2147483639
150 2147483640
760 2147483640
395 2147483640
827 2147483640
578 2147483640
588 2147483640
372 2147483640
974 2147483640
58 2147483640
769 2147483640
398 2147483640
158 2147483640
3 2147483640
225 2147483640
634 2147483640
425 2147483640
727 2147483640
48 2147483640
271 2147483640
460 2147483640
30 2147483640
946 2147483640
674 2147483640
741 2147483640
547 2147483640
769 2147483640
695 2147483640
493 2147483640
741 2147483640
453 2147483640
446 2147483640
509 2147483640
964 2147483640
379 2147483640
840 2147483640
585 2147483640
2 2147483640
240 2147483640
537 2147483640
487 2147483640
186 2147483640
195 2147483640
998 2147483640
344 2147483640
242 2147483640
741 2147483640
267 2147483640
690 2147483640
414 2147483640
490 2147483640
696 2147483640
365 2147483640
553 2147483640
245 2147483640
124 2147483640
302 2147483640
566 2147483640
565 2147483640
792 2147483640
804 2147483640
524 2147483640
296 2147483640
223 2147483640
902 2147483640
679 2147483640
776 2147483640
663 2147483640
632 2147483640
197 2147483640
894 2147483640
471 2147483640
397 2147483640
490 2147483640
427 2147483640
451 2147483640
202 2147483640
412 2147483640
111 2147483640
177 2147483640
768 2147483640
558 2147483640
89 2147483640
757 2147483640
701 2147483640
536 2147483640
618 2147483640
217 2147483640
292 2147483640
764 2147483640
327 2147483640
88 2147483640
760 2147483640
745 2147483640
450 2147483640
63 2147483640
776 2147483640
910 2147483640
80 2147483640
443 2147483641
621 2147483641
736 2147483641
600 2147483641
467 2147483641
264 2147483641
963 2147483641
874 2147483641
936 2147483641
228 2147483641
189 2147483641
237 2147483641
110 2147483641
786 2147483641
493 2147483641
537 2147483641
230 2147483641
889 2147483641
352 2147483641
486 2147483641
50 2147483641
481 2147483641
705 2147483641
228 2147483641
645 2147483641
189 2147483641
449 2147483641
936 2147483641
145 2147483641
44 2147483641
287 2147483641
572 2147483641
311 2147483641
696 2147483641
994 2147483641
79 2147483641
618 2147483641
58 2147483641
122 2147483641
998 2147483641
857 2147483641
199 2147483641
818 2147483641
175 2147483641
984 2147483641
128 2147483641
453 2147483641
984 2147483641
343 2147483641
4 2147483641
170 2147483641
174 2147483641
930 2147483641
321 2147483641
526 2147483641
440 2147483641
502 2147483641
330 2147483641
408 2147483641
377 2147483641
318 2147483641
975 2147483641
995 2147483641
444 2147483641
52 2147483641
775 2147483641
989 2147483641
337 2147483641
193 2147483641
981 2147483641
879 2147483641
501 2147483641
697 2147483641
256 2147483641
377 2147483641
918 2147483641
449 2147483641
175 2147483641
670 2147483641
769 2147483641
244 2147483641
828 2147483641
611 2147483641
129 2147483641
725 2147483641
924 2147483641
820 2147483641
713 2147483642
358 2147483642
459 2147483642
508 2147483642
941 2147483642
312 2147483642
283 2147483642
691 2147483642
183 2147483642
774 2147483642
453 2147483642
986 2147483642
685 2147483642
315 2147483642
283 2147483642
190 2147483642
77 2147483642
302 2147483642
711 2147483642
3 2147483642
805 2147483642
733 2147483642
181 2147483642
780 2147483642
358 2147483642
774 2147483642
686 2147483642
701 2147483642
917 2147483642
399 2147483642
343 2147483642
600 2147483642
424 2147483642
921 2147483642
669 2147483642
902 2147483642
477 2147483642
5 2147483642
601 2147483642
827 2147483642
655 2147483642
642 2147483642
723 2147483642
969 2147483642
875 2147483642
579 2147483642
415 2147483642
552 2147483642
26 2147483642
820 2147483642
251 2147483642
152 2147483642
705 2147483642
905 2147483642
956 2147483642
190 2147483642
334 2147483642
654 2147483642
774 2147483642
733 2147483642
741 2147483642
278 2147483642
620 2147483642
868 2147483642
8 2147483642
903 2147483642
715 2147483642
145 2147483642
135 2147483642
497 2147483642
240 2147483642
73 2147483642
561 2147483642
596 2147483642
257 2147483642
383 2147483642
479 2147483642
130 2147483642
231 2147483642
632 2147483642
460 2147483642
254 2147483642
69 2147483642
590 2147483642
915 2147483642
579 2147483642
538 2147483642
267 2147483642
771 2147483642
657 2147483642
629 2147483642
664 2147483642
204 2147483642
883 2147483642
883 2147483642
548 2147483643
886 2147483643
784 2147483643
993 2147483643
607 2147483643
817 2147483643
11 2147483643
950 2147483643
322 2147483643
132 2147483643
217 2147483643
813 2147483643
577 2147483643
693 2147483643
783 2147483643
272 2147483643
426 2147483643
697 2147483643
41 2147483643
870 2147483643
3 2147483643
840 2147483643
429 2147483643
93 2147483643
560 2147483643
560 2147483643
967 2147483643
788 2147483643
753 2147483643
756 2147483643
864 2147483643
54 2147483643
258 2147483643
88 2147483643
988 2147483643
47 2147483643
210 2147483643
312 2147483643
132 2147483643
701 2147483643
516 2147483643
424 2147483643
263 2147483643
617 2147483643
176 2147483643
868 2147483643
472 2147483643
796 2147483643
912 2147483643
132 2147483643
70 2147483643
752 2147483643
89 2147483643
525 2147483643
923 2147483643
115 2147483643
498 2147483643
299 2147483643
394 2147483643
407 2147483643
613 2147483643
64 2147483643
999 2147483643
965 2147483643
346 2147483643
625 2147483643
232 2147483643
840 2147483643
223 2147483643
287 2147483643
357 2147483643
82 2147483643
397 2147483643
969 2147483643
671 2147483643
491 2147483643
661 2147483643
120 2147483643
792 2147483643
80 2147483644
540 2147483644
575 2147483644
691 2147483644
360 2147483644
443 2147483644
949 2147483644
211 2147483644
884 2147483644
597 2147483644
476 2147483644
460 2147483644
597 2147483644
523 2147483644
606 2147483644
332 2147483644
847 2147483644
623 2147483644
353 2147483644
206 2147483644
487 2147483644
449 2147483644
845 2147483644
35 2147483644
253 2147483644
328 2147483644
11 2147483644
545 2147483644
709 2147483644
995 2147483644
907 2147483644
96 2147483644
516 2147483644
804 2147483644
118 2147483644
605 2147483644
550 2147483644
508 2147483644
272 2147483644
573 2147483644
306 2147483644
117 2147483644
13 2147483644
805 2147483644
494 2147483644
982 2147483644
196 2147483644
170 2147483644
604 2147483644
585 2147483644
262 2147483644
445 2147483644
32 2147483644
265 2147483644
892 2147483644
78 2147483644
705 2147483644
919 2147483644
951 2147483644
999 2147483644
790 2147483644
17 2147483644
384 2147483644
678 2147483644
146 2147483644
733 2147483644
638 2147483644
670 2147483644
668 2147483644
686 2147483644
347 2147483644
903 2147483644
341 2147483644
915 2147483644
414 2147483644
453 2147483644
437 2147483644
29 2147483644
237 2147483644
551 2147483644
397 2147483644
995 2147483644
700 2147483644
219 2147483644
693 2147483644
19 2147483644
221 2147483644
590 2147483644
817 2147483644
606 2147483644
854 2147483644
840 2147483644
874 2147483644
990 2147483644
831 2147483644
998 2147483644
908 2147483644
363 2147483644
405 2147483644
395 2147483644
28 2147483645
926 2147483645
965 2147483645
10 2147483645
620 2147483645
360 2147483645
515 2147483645
890 2147483645
566 2147483645
462 2147483645
748 2147483645
760 2147483645
390 2147483645
580 2147483645
431 2147483645
756 2147483645
369 2147483645
319 2147483645
255 2147483645
508 2147483645
811 2147483645
992 2147483645
599 2147483645
917 2147483645
262 2147483645
793 2147483645
210 2147483645
961 2147483645
899 2147483645
820 2147483645
504 2147483645
377 2147483645
696 2147483645
188 2147483645
221 2147483645
915 2147483645
211 2147483645
848 2147483645
790 2147483645
188 2147483645
551 2147483645
28 2147483645
618 2147483645
921 2147483645
414 2147483645
698 2147483645
35 2147483645
744 2147483645
637 2147483645
766 2147483645
459 2147483645
984 2147483645
846 2147483645
660 2147483645
123 2147483645
281 2147483645
833 2147483645
114 2147483645
677 2147483645
707 2147483645
465 2147483645
437 2147483645
232 2147483645
644 2147483645
588 2147483645
636 2147483645
677 2147483645
986 2147483645
176 2147483645
3 2147483645
191 2147483645
581 2147483645
853 2147483645
116 2147483645
807 2147483645
402 2147483645
682 2147483645
2 2147483645
651 2147483645
799 2147483645
144 2147483645
358 2147483645
594 2147483645
849 2147483645
140 2147483645
414 2147483645
981 2147483645
558 2147483645
887 2147483645
567 2147483645
805 2147483645
482 2147483645
40 2147483645
502 2147483645
932 2147483646
785 2147483646
362 2147483646
732 2147483646
620 2147483646
791 2147483646
674 2147483646
663 2147483646
534 2147483646
30 2147483646
275 2147483646
921 2147483646
132 2147483646
765 2147483646
329 2147483646
239 2147483646
535 2147483646
637 2147483646
591 2147483646
171 2147483646
607 2147483646
193 2147483646
488 2147483646
254 2147483646
753 2147483646
659 2147483646
800 2147483646
136 2147483646
384 2147483646
579 2147483646
999 2147483646
875 2147483646
409 2147483646
783 2147483646
874 2147483646
160 2147483646
804 2147483646
738 2147483646
659 2147483646
736 2147483646
18 2147483646
617 2147483646
161 2147483646
253 2147483646
691 2147483646
10 2147483646
615 2147483646
766 2147483646
102 2147483646
910 2147483646
483 2147483646
655 2147483646
4 2147483646
88 2147483646
310 2147483646
749 2147483646
619 2147483646
777 2147483646
17 2147483646
903 2147483646
445 2147483646
573 2147483646
418 2147483646
766 2147483646
583 2147483646
265 2147483646
293 2147483646
223 2147483646
128 2147483646
900 2147483646
312 2147483646
972 2147483646
683 2147483646
227 2147483646
458 2147483646
846 2147483646
445 2147483646
260 2147483646
281 2147483646
107 2147483646
629 2147483646
950 2147483646
628 2147483646
66 2147483647
803 2147483647
987 2147483647
700 2147483647
90 2147483647
512 2147483647
78 2147483647
300 2147483647
70 2147483647
869 2147483647
643 2147483647
775 2147483647
535 2147483647
372 2147483647
920 2147483647
982 2147483647
596 2147483647
840 2147483647
126 2147483647
577 2147483647
24 2147483647
3 2147483647
224 2147483647
118 2147483647
112 2147483647
371 2147483647
85 2147483647
81 2147483647
26 2147483647
471 2147483647
887 2147483647
14 2147483647
964 2147483647
544 2147483647
714 2147483647
335 2147483647
555 2147483647
197 2147483647
825 2147483647
639 2147483647
907 2147483647
190 2147483647
460 2147483647
127 2147483647
156 2147483647
488 2147483647
406 2147483647
857 2147483647
247 2147483647
276 2147483647
465 2147483647
658 2147483647
377 2147483647
545 2147483647
345 2147483647
687 2147483647
612 2147483647
560 2147483647
451 2147483647
742 2147483647
934 2147483647
935 2147483647
754 2147483647
721 2147483647
668 2147483647
728 2147483647
894 2147483647
386 2147483647
392 2147483647
942 2147483647
991 2147483647
907 2147483647
44 2147483647
422 2147483647
933 2147483647
522 2147483647
667 2147483647
457 2147483647
432 2147483647
841 2147483647
673 2147483647
326 2147483647
718 2147483647
751 2147483647
299 2147483647
3 2147483647
624 2147483647
