1000
226 2147483637
953 2147483637
297 2147483637
143 2147483637
259 2147483637
699 2147483637
706 2147483637
930 2147483637
74 2147483637
578 2147483637
870 2147483637
400 2147483637
657 2147483637
40 2147483637
752 2147483637
595 2147483637
135 2147483637
945 2147483637
326 2147483637
766 2147483637
669 2147483637
232 2147483637
580 2147483637
203 2147483637
469 2147483637
970 2147483637
462 2147483637
30 2147483637
734 2147483637
375 2147483637
706 2147483637
336 2147483637
516 2147483637
952 2147483637
549 2147483637
358 2147483637
723 2147483637
495 2147483637
272 2147483637
90 2147483637
118 2147483637
335 2147483637
125 2147483637
275 2147483637
616 2147483637
235 2147483637
555 2147483637
324 2147483637
593 2147483637
654 2147483637
357 2147483637
779 2147483637
516 2147483637
75 2147483637
253 2147483637
596 2147483637
893 2147483637
811 2147483637
657 2147483637
648 2147483637
239 2147483637
501 2147483637
172 2147483637
688 2147483637
121 2147483637
107 2147483637
780 2147483637
600 2147483637
510 2147483637
384 2147483637
32 2147483637
267 2147483637
80 2147483637
16 2147483637
21 2147483637
862 2147483637
197 2147483637
595 2147483637
163 2147483637
315 2147483637
604 2147483637
764 2147483637
644 2147483637
646 2147483637
600 2147483637
49 2147483637
449 2147483637
204 2147483637
95 2147483637
278 2147483637
936 2147483637
790 2147483637
336 2147483637
761 2147483638
896 2147483638
923 2147483638
5 2147483638
933 2147483638
293 2147483638
107 2147483638
833 2147483638
59 2147483638
419 2147483638
132 2147483638
204 2147483638
554 2147483638
446 2147483638
257 2147483638
362 2147483638
37 2147483638
386 2147483638
129 2147483638
901 2147483638
988 2147483638
420 2147483638
657 2147483638
418 2147483638
979 2147483638
117 2147483638
730 2147483638
709 2147483638
520 2147483638
604 2147483638
976 2147483638
702 2147483638
67 2147483638
803 2147483638
163 2147483638
28 2147483638
674 2147483638
311 2147483638
683 2147483638
692 2147483638
82 2147483638
646 2147483638
650 2147483638
797 2147483638
141 2147483638
437 2147483638
260 2147483638
454 2147483638
777 2147483638
435 2147483638
214 2147483638
347 2147483638
275 2147483638
882 2147483638
144 2147483638
753 2147483638
459 2147483638
612 2147483638
642 2147483638
351 2147483638
267 2147483638
343 2147483638
430 2147483638
453 2147483638
591 2147483638
609 2147483638
205 2147483638
599 2147483638
511 2147483638
533 2147483638
306 2147483638
227 2147483638
52 2147483638
917 2147483638
506 2147483638
400 2147483638
35 2147483638
638 2147483638
358 2147483638
833 2147483638
758 2147483638
432 2147483638
115 2147483638
233 2147483638
779 2147483638
817 2147483638
675 2147483639
198 2147483639
938 2147483639
377 2147483639
79 2147483639
685 2147483639
357 2147483639
62 2147483639
605 2147483639
900 2147483639
451 2147483639
41 2147483639
391 2147483639
898 2147483639
451 2147483639
537 2147483639
681 2147483639
970 2147483639
987 2147483639
431 2147483639
926 2147483639
222 2147483639
245 2147483639
427 2147483639
194 2147483639
998 2147483639
313 2147483639
771 2147483639
945 2147483639
152 2147483639
782 2147483639
34 2147483639
830 2147483639
913 2147483639
522 2147483639
750 2147483639
427 2147483639
374 2147483639
525 2147483639
808 2147483639
622 2147483639
904 2147483639
713 2147483639
369 2147483639
49 2147483639
413 2147483639
49 2147483639
381 2147483639
517 2147483639
382 2147483639
104 2147483639
146 2147483639
509 2147483639
67 2147483639
899 2147483639
291 2147483639
359 2147483639
161 2147483639
575 2147483639
396 2147483639
847 2147483639
413 2147483639
859 2147483639
425 2147483639
123 2147483639
673 2147483639
795 2147483639
259 2147483639
600 2147483639
329 2147483639
739 2147483639
445 2147483639
680 2147483639
358 2147483640
694 2147483640
416 2147483640
398 2147483640
904 2147483640
891 2147483640
825 2147483640
906 2147483640
94 2147483640
989 2147483640
155 2147483640
698 2147483640
16 2147483640
688 2147483640
423 2147483640
949 2147483640
138 2147483640
719 2147483640
837 2147483640
922 2147483640
293 2147483640
823 2147483640
347 2147483640
390 2147483640
993 2147483640
651 2147483640
496 2147483640
377 2147483640
308 2147483640
153 2147483640
552 2147483640
174 2147483640
500 2147483640
270 2147483640
616 2147483640
253 2147483640
933 2147483640
143 2147483640
892 2147483640
863 2147483640
299 2147483640
520 2147483640
918 2147483640
618 2147483640
924 2147483640
944 2147483640
86 2147483640
15 2147483640
728 2147483640
102 2147483640
413 2147483640
828 2147483640
744 2147483640
511 2147483640
431 2147483640
157 2147483640
245 2147483640
887 2147483640
602 2147483640
865 2147483640
368 2147483640
436 2147483640
256 2147483640
237 2147483640
347 2147483640
952 2147483640
511 2147483640
753 2147483640
166 2147483640
915 2147483640
18 2147483640
154 2147483640
11 2147483640
42 2147483640
608 2147483640
718 2147483640
521 2147483640
839 2147483640
74 2147483640
283 2147483640
907 2147483640
614 2147483640
551 2147483640
340 2147483640
388 2147483640
704 2147483640
287 2147483640
782 2147483640
778 2147483640
466 2147483640
847 2147483640
945 2147483640
902 2147483640
381 2147483640
723 2147483640
426 2147483640
855 2147483640
6 2147483640
61 2147483640
553 2147483641
298 2147483641
481 2147483641
660 2147483641
527 2147483641
617 2147483641
698 2147483641
558 2147483641
371 2147483641
492 2147483641
684 2147483641
579 2147483641
586 2147483641
458 2147483641
782 2147483641
837 2147483641
287 2147483641
618 2147483641
938 2147483641
742 2147483641
328 2147483641
774 2147483641
776 2147483641
446 2147483641
908 2147483641
807 2147483641
507 2147483641
833 2147483641
894 2147483641
43 2147483641
833 2147483641
935 2147483641
716 2147483641
78 2147483641
154 2147483641
844 2147483641
979 2147483641
183 2147483641
848 2147483641
272 2147483641
948 2147483641
382 2147483641
361 2147483641
420 2147483641
497 2147483641
190 2147483641
6 2147483641
112 2147483641
434 2147483641
268 2147483641
20 2147483641
492 2147483641
100 2147483641
843 2147483641
40 2147483641
215 2147483641
44 2147483641
319 2147483641
319 2147483641
663 2147483641
62 2147483641
866 2147483641
905 2147483641
879 2147483641
691 2147483641
192 2147483641
527 2147483641
978 2147483641
247 2147483641
165 2147483641
23 2147483641
116 2147483641
948 2147483641
14 2147483641
35 2147483641
900 2147483641
643 2147483641
925 2147483641
702 2147483641
294 2147483641
869 2147483641
372 2147483641
160 2147483641
269 2147483641
733 2147483641
931 2147483641
965 2147483641
20 2147483641
439 2147483641
659 2147483641
620 2147483641
597 2147483641
155 2147483641
431 2147483641
322 2147483641
268 2147483641
791 2147483641
3 2147483642
127 2147483642
582 2147483642
850 2147483642
450 2147483642
694 2147483642
390 2147483642
340 2147483642
14 2147483642
209 2147483642
148 2147483642
62 2147483642
682 2147483642
397 2147483642
306 2147483642
321 2147483642
17 2147483642
794 2147483642
329 2147483642
812 2147483642
119 2147483642
920 2147483642
361 2147483642
29 2147483642
881 2147483642
297 2147483642
626 2147483642
111 2147483642
944 2147483642
91 2147483642
291 2147483642
637 2147483642
705 2147483642
766 2147483642
999 2147483642
193 2147483642
732 2147483642
863 2147483642
126 2147483642
597 2147483642
844 2147483642
382 2147483642
208 2147483642
634 2147483642
240 2147483642
51 2147483642
460 2147483642
843 2147483642
171 2147483642
483 2147483642
636 2147483642
183 2147483642
528 2147483642
335 2147483642
448 2147483642
926 2147483642
622 2147483642
705 2147483642
170 2147483642
750 2147483642
12 2147483642
38 2147483642
103 2147483642
607 2147483642
926 2147483642
312 2147483642
857 2147483642
478 2147483642
569 2147483642
636 2147483642
373 2147483642
56 2147483642
222 2147483642
86 2147483642
874 2147483642
215 2147483642
405 2147483642
432 2147483642
572 2147483642
901 2147483642
103 2147483642
337 2147483642
110 2147483642
10 2147483642
521 2147483642
970 2147483642
202 2147483642
652 2147483643
92 2147483643
745 2147483643
982 2147483643
584 2147483643
120 2147483643
658 2147483643
888 2147483643
61 2147483643
651 2147483643
981 2147483643
363 2147483643
298 2147483643
244 2147483643
739 2147483643
985 2147483643
193 2147483643
598 2147483643
222 2147483643
146 2147483643
841 2147483643
570 2147483643
800 2147483643
709 2147483643
62 2147483643
186 2147483643
53 2147483643
421 2147483643
146 2147483643
268 2147483643
183 2147483643
43 2147483643
11 2147483643
486 2147483643
672 2147483643
922 2147483643
946 2147483643
908 2147483643
392 2147483643
33 2147483643
702 2147483643
740 2147483643
606 2147483643
593 2147483643
136 2147483643
313 2147483643
40 2147483643
663 2147483643
230 2147483643
812 2147483643
340 2147483643
848 2147483643
92 2147483643
249 2147483643
565 2147483643
79 2147483643
451 2147483643
377 2147483643
503 2147483643
825 2147483643
667 2147483643
842 2147483643
123 2147483643
517 2147483643
672 2147483643
644 2147483643
424 2147483643
722 2147483643
299 2147483643
885 2147483643
508 2147483643
834 2147483643
87 2147483643
331 2147483643
40 2147483643
991 2147483643
456 2147483643
358 2147483643
807 2147483643
721 2147483643
7 2147483643
216 2147483643
502 2147483643
623 2147483643
125 2147483643
745 2147483643
767 2147483643
369 2147483643
922 2147483643
138 2147483643
840 2147483643
630 2147483643
702 2147483643
290 2147483643
725 2147483643
986 2147483643
799 2147483643
174 2147483644
805 2147483644
803 2147483644
425 2147483644
512 2147483644
719 2147483644
649 2147483644
861 2147483644
130 2147483644
532 2147483644
132 2147483644
787 2147483644
119 2147483644
560 2147483644
989 2147483644
109 2147483644
268 2147483644
477 2147483644
934 2147483644
958 2147483644
436 2147483644
239 2147483644
108 2147483644
956 2147483644
919 2147483644
244 2147483644
242 2147483644
570 2147483644
255 2147483644
941 2147483644
236 2147483644
613 2147483644
880 2147483644
95 2147483644
778 2147483644
604 2147483644
954 2147483644
660 2147483644
617 2147483644
550 2147483644
253 2147483644
962 2147483644
763 2147483644
950 2147483644
141 2147483644
642 2147483644
10 2147483644
709 2147483644
595 2147483644
765 2147483644
247 2147483644
861 2147483644
542 2147483644
647 2147483644
692 2147483644
855 2147483644
718 2147483644
509 2147483644
887 2147483644
192 2147483644
803 2147483644
396 2147483644
24 2147483644
229 2147483644
780 2147483644
994 2147483644
727 2147483644
98 2147483644
643 2147483644
444 2147483644
466 2147483644
291 2147483644
818 2147483644
583 2147483644
856 2147483644
973 2147483644
22 2147483644
905 2147483644
625 2147483644
893 2147483644
833 2147483644
345 2147483644
213 2147483644
547 2147483644
726 2147483644
631 2147483644
614 2147483644
549 2147483644
331 2147483644
981 2147483644
905 2147483645
644 2147483645
806 2147483645
90 2147483645
337 2147483645
120 2147483645
214 2147483645
567 2147483645
752 2147483645
398 2147483645
945 2147483645
598 2147483645
512 2147483645
4 2147483645
905 2147483645
103 2147483645
910 2147483645
840 2147483645
663 2147483645
160 2147483645
580 2147483645
673 2147483645
70 2147483645
461 2147483645
249 2147483645
94 2147483645
45 2147483645
845 2147483645
897 2147483645
595 2147483645
829 2147483645
185 2147483645
496 2147483645
839 2147483645
823 2147483645
50 2147483645
143 2147483645
22 2147483645
334 2147483645
445 2147483645
219 2147483645
460 2147483645
903 2147483645
672 2147483645
248 2147483645
259 2147483645
330 2147483645
314 2147483645
188 2147483645
236 2147483645
253 2147483645
686 2147483645
366 2147483645
902 2147483645
775 2147483645
274 2147483645
196 2147483645
21 2147483645
759 2147483645
810 2147483645
396 2147483645
922 2147483645
44 2147483645
658 2147483645
9 2147483645
966 2147483645
157 2147483645
739 2147483645
453 2147483645
574 2147483645
571 2147483645
848 2147483645
11 2147483645
740 2147483645
255 2147483645
64 2147483645
689 2147483645
233 2147483645
352 2147483645
205 2147483645
344 2147483645
351 2147483645
858 2147483645
308 2147483645
563 2147483645
57 2147483645
320 2147483645
492 2147483645
777 2147483645
625 2147483645
349 2147483645
530 2147483645
668 2147483645
453 2147483645
162 2147483645
960 2147483645
324 2147483646
599 2147483646
799 2147483646
914 2147483646
910 2147483646
418 2147483646
861 2147483646
146 2147483646
513 2147483646
183 2147483646
75 2147483646
363 2147483646
254 2147483646
939 2147483646
81 2147483646
990 2147483646
982 2147483646
900 2147483646
503 2147483646
871 2147483646
63 2147483646
69 2147483646
617 2147483646
322 2147483646
346 2147483646
948 2147483646
171 2147483646
616 2147483646
37 2147483646
590 2147483646
647 2147483646
331 2147483646
137 2147483646
578 2147483646
502 2147483646
386 2147483646
117 2147483646
494 2147483646
76 2147483646
5 2147483646
859 2147483646
233 2147483646
333 2147483646
889 2147483646
631 2147483646
196 2147483646
505 2147483646
692 2147483646
276 2147483646
524 2147483646
516 2147483646
472 2147483646
599 2147483646
674 2147483646
128 2147483646
45 2147483646
963 2147483646
573 2147483646
630 2147483646
746 2147483646
407 2147483646
929 2147483646
949 2147483646
286 2147483646
312 2147483646
372 2147483646
619 2147483646
554 2147483646
908 2147483646
430 2147483646
653 2147483646
487 2147483646
322 2147483646
299 2147483646
159 2147483646
335 2147483646
561 2147483646
765 2147483646
998 2147483646
742 2147483646
249 2147483646
441 2147483646
275 2147483646
199 2147483646
922 2147483646
796 2147483646
29 2147483646
337 2147483646
666 2147483646
849 2147483646
8 2147483646
342 2147483646
12 2147483647
645 2147483647
743 2147483647
847 2147483647
392 2147483647
542 2147483647
951 2147483647
264 2147483647
180 2147483647
93 2147483647
532 2147483647
817 2147483647
435 2147483647
49 2147483647
829 2147483647
50 2147483647
808 2147483647
36 2147483647
123 2147483647
804 2147483647
222 2147483647
939 2147483647
396 2147483647
630 2147483647
703 2147483647
740 2147483647
284 2147483647
245 2147483647
760 2147483647
762 2147483647
58 2147483647
317 2147483647
929 2147483647
495 2147483647
967 2147483647
762 2147483647
150 2147483647
671 2147483647
235 2147483647
449 2147483647
730 2147483647
802 2147483647
562 2147483647
305 2147483647
561 2147483647
831 2147483647
330 2147483647
64 2147483647
354 2147483647
874 2147483647
937 2147483647
294 2147483647
592 2147483647
804 2147483647
910 2147483647
448 2147483647
154 2147483647
521 2147483647
703 2147483647
164 2147483647
892 2147483647
568 2147483647
495 2147483647
821 2147483647
234 2147483647
335 2147483647
456 2147483647
872 2147483647
448 2147483647
401 2147483647
8 2147483647
562 2147483647
994 2147483647
397 2147483647
424 2147483647
84 2147483647
282 2147483647
739 2147483647
846 2147483647
872 2147483647
320 2147483647
544 2147483647
601 2147483647
718 2147483647
977 2147483647
140 2147483647
116 2147483647
76 2147483647
711 2147483647
294 2147483647
