1000
975 0
651 0
47 2
681 3
692 4
920 6
775 7
150 8
601 9
353 11
947 12
784 13
916 16
170 18
985 19
153 20
414 21
976 22
886 23
931 24
713 27
85 27
997 30
367 30
140 31
769 31
610 32
820 33
665 36
532 36
705 37
144 37
428 38
766 38
101 38
645 40
46 41
548 41
263 44
172 46
284 46
574 48
855 51
864 51
586 51
295 53
85 53
939 54
823 55
650 55
268 57
856 58
750 58
571 58
381 59
441 60
808 62
180 64
167 64
521 65
696 65
148 65
671 66
938 68
384 71
9 71
674 72
397 74
213 74
882 74
615 75
179 76
587 76
902 76
696 77
737 77
205 79
801 80
269 80
888 81
168 81
377 81
430 83
623 87
476 88
787 89
772 89
806 90
288 90
217 92
34 92
635 93
761 93
151 93
434 94
143 94
647 95
892 95
63 96
264 98
474 100
32 100
903 100
796 101
9 101
519 102
486 103
317 103
108 105
50 106
651 106
935 107
171 108
248 109
853 110
149 110
833 111
606 111
8 112
611 113
65 114
662 114
856 114
894 114
954 115
279 117
421 119
102 120
841 120
794 122
869 122
563 122
880 124
574 124
295 125
293 125
240 126
901 127
56 127
254 130
81 130
978 131
849 132
982 133
931 134
430 134
399 135
519 135
784 136
800 136
340 137
661 137
225 138
379 139
639 139
516 140
327 141
315 141
22 144
61 145
419 146
646 146
727 146
119 147
641 148
242 149
967 150
347 150
409 153
395 154
554 154
406 155
969 155
674 155
364 155
363 159
403 163
937 164
662 165
336 169
695 169
119 169
454 172
394 172
859 174
225 175
544 178
842 179
749 179
495 181
699 182
905 182
276 182
233 183
562 187
824 189
937 189
145 191
489 191
447 191
891 192
251 192
624 193
743 194
704 194
201 198
563 198
600 200
423 200
884 200
654 201
746 202
46 203
661 203
401 204
240 205
711 206
906 207
874 210
829 210
833 210
186 212
977 213
479 214
653 217
815 218
895 221
501 222
350 224
951 225
23 227
158 227
863 229
618 230
951 230
199 231
360 232
557 233
796 234
751 235
275 237
190 238
277 239
465 240
624 240
387 242
756 243
320 243
625 243
662 244
515 245
260 249
223 250
722 250
21 252
161 252
482 253
7 254
481 254
214 255
300 257
181 258
254 258
703 259
53 259
467 260
241 260
770 261
950 263
643 264
86 264
907 264
542 265
52 265
979 265
862 269
946 269
993 270
159 271
852 272
326 272
348 272
735 273
853 273
1 275
463 275
314 276
650 277
218 278
229 280
7 281
145 281
627 282
58 285
365 286
499 287
918 287
121 290
768 290
887 293
589 294
322 294
567 295
727 295
584 296
993 297
479 297
954 297
384 298
322 299
59 299
421 299
583 299
775 303
20 303
494 304
67 304
20 305
672 306
508 307
231 309
770 309
648 309
369 313
328 314
254 317
942 317
246 318
709 321
245 322
642 326
960 326
683 326
74 328
720 328
240 329
362 329
293 329
155 330
789 330
932 332
147 333
473 333
428 333
361 334
257 339
332 340
233 340
818 340
77 340
606 341
886 342
869 342
211 342
143 344
839 344
912 346
480 346
379 347
698 348
898 348
814 348
954 349
623 351
223 352
939 354
327 355
1000 357
793 357
631 358
352 358
836 359
901 360
166 361
870 362
336 363
299 364
649 366
778 367
273 368
822 368
50 369
19 369
209 370
382 370
158 373
7 374
431 375
767 375
441 375
610 378
530 381
421 382
270 382
185 383
599 383
623 384
91 384
415 385
909 387
301 389
428 389
978 389
845 390
674 391
956 391
14 391
856 392
762 392
152 392
821 394
118 395
952 396
171 396
177 399
97 399
313 399
371 401
828 402
187 403
900 403
842 404
465 404
212 404
643 405
380 407
924 410
615 411
434 415
400 415
997 416
958 419
790 421
709 421
477 421
402 421
325 421
672 424
408 426
150 426
762 427
214 427
930 427
127 428
66 429
563 432
485 432
288 432
418 433
167 434
247 435
724 435
948 435
291 436
767 438
752 438
429 440
927 442
557 442
363 444
474 444
297 445
584 446
409 446
344 447
393 450
325 450
436 451
443 452
842 453
994 454
616 454
784 454
859 454
766 455
207 456
419 457
150 457
941 457
514 458
436 460
231 460
442 460
95 462
342 463
972 464
326 464
837 466
296 466
781 467
495 467
103 469
138 469
179 470
934 470
311 472
594 472
579 474
631 474
766 476
4 477
278 477
927 477
391 479
642 479
688 481
176 482
804 483
6 485
270 486
593 487
34 488
487 489
717 490
902 491
463 492
331 492
261 492
413 492
807 494
117 495
15 496
333 496
950 497
206 497
514 498
712 502
586 503
662 504
273 507
260 508
834 508
995 509
386 512
186 513
933 513
8 515
901 516
536 518
751 519
525 523
134 523
600 523
330 524
449 524
119 524
209 525
364 525
299 527
773 527
375 528
763 528
476 530
910 531
43 533
693 534
395 534
811 535
133 535
377 537
857 537
375 538
40 539
57 540
595 540
17 541
238 541
112 541
627 542
413 542
32 543
476 544
326 544
668 546
719 547
491 547
348 548
756 549
339 549
659 550
809 550
639 551
928 553
346 555
884 556
513 556
429 558
563 560
371 561
909 562
742 563
711 563
742 565
452 565
769 566
662 566
715 566
604 567
694 568
42 569
375 570
938 574
178 574
519 576
22 576
880 580
407 585
146 586
187 586
564 587
547 587
697 588
715 588
236 591
218 591
33 594
236 594
122 595
916 596
912 596
228 596
732 596
21 597
978 601
322 604
350 605
488 612
77 612
347 613
522 614
98 614
167 614
273 615
374 616
10 616
611 617
673 618
370 618
691 619
919 619
267 619
371 619
906 620
430 620
785 620
854 621
857 621
19 622
44 623
457 624
919 624
196 624
16 625
594 627
364 629
66 629
216 632
565 632
917 632
223 634
136 634
112 636
874 639
26 641
920 642
179 643
941 643
163 644
920 644
476 646
248 648
100 649
128 650
404 653
402 653
271 653
22 654
201 655
864 657
912 657
77 657
143 658
119 660
643 661
117 662
88 662
18 662
886 664
297 665
664 666
680 668
896 669
624 670
458 670
878 670
119 672
719 673
158 673
576 674
539 675
88 676
469 676
196 677
501 679
341 680
759 680
554 680
711 681
228 681
411 681
231 682
611 682
748 683
907 684
598 685
175 686
934 686
459 689
106 689
945 692
891 696
548 698
801 698
808 698
547 698
902 699
726 699
779 701
821 703
948 704
237 704
142 706
740 706
201 707
3 708
653 709
551 712
347 712
866 714
818 714
731 716
617 716
799 716
884 720
48 722
350 722
708 722
95 723
535 723
42 725
56 726
285 727
429 727
848 728
43 729
10 732
488 732
461 733
401 734
92 735
255 737
394 737
49 737
454 738
982 739
722 739
369 739
886 740
768 740
93 740
624 741
114 741
804 741
843 741
886 741
533 741
533 743
485 743
751 745
477 745
67 746
68 748
60 748
618 749
877 749
547 750
316 750
642 751
620 754
742 754
251 755
238 755
754 756
635 757
34 758
662 759
130 759
682 761
882 761
224 762
786 762
753 763
302 763
519 763
966 766
770 766
197 766
495 767
171 768
193 769
295 770
633 772
518 772
433 773
564 773
735 773
411 776
650 776
694 776
661 778
129 780
91 784
920 785
659 786
696 786
521 789
672 791
962 793
783 793
55 794
590 794
683 795
848 796
742 797
433 798
232 803
337 803
411 805
276 807
511 807
986 811
418 811
438 812
275 813
606 813
501 814
239 814
707 814
472 815
713 815
944 816
155 818
760 818
881 819
636 819
695 822
666 823
201 823
756 824
499 824
408 825
593 825
168 826
613 827
421 828
156 830
160 836
495 837
717 838
674 838
583 838
899 838
250 842
862 844
591 847
102 848
818 848
286 849
644 850
231 852
165 858
214 860
447 860
973 860
399 861
954 865
792 866
326 866
360 867
167 867
401 869
645 870
461 873
365 873
62 875
407 876
713 876
829 879
857 879
821 880
580 881
323 884
892 884
884 886
603 887
31 887
678 890
682 891
413 891
114 892
635 892
194 893
507 895
864 897
688 900
380 900
480 900
397 900
663 903
623 903
351 905
250 906
583 909
302 910
172 911
167 913
555 913
888 916
399 916
225 919
704 920
671 920
620 921
539 922
467 923
783 925
428 926
851 926
205 927
522 927
940 928
867 929
787 931
974 931
439 932
511 933
990 934
416 936
278 936
10 938
458 938
597 939
442 943
314 943
4 946
791 946
541 947
472 947
898 948
619 949
812 954
981 956
752 959
776 963
822 963
966 963
664 964
887 964
843 964
240 967
144 968
280 968
442 968
474 968
853 969
271 970
364 971
754 972
200 972
452 973
481 973
244 974
487 974
93 975
561 975
397 976
402 979
233 981
807 984
164 984
675 985
238 986
320 988
475 990
520 991
203 993
655 994
317 995
657 996
20 999
