1000
395 0
819 1
701 4
559 4
271 4
503 6
626 7
308 8
40 12
66 12
738 14
970 14
370 15
804 16
783 16
686 17
929 19
639 20
86 21
2 25
377 26
20 29
602 29
830 30
341 31
957 31
62 32
659 34
448 36
736 37
615 38
415 40
845 41
396 42
870 44
356 45
174 46
77 46
643 47
802 47
566 48
868 49
471 50
243 51
150 51
18 52
488 52
652 53
466 56
709 57
648 58
609 59
374 59
816 64
513 65
361 66
139 67
267 68
509 69
519 70
566 71
216 72
348 75
113 77
402 77
284 77
232 78
661 81
173 81
950 82
77 82
542 83
183 84
450 86
395 86
120 86
390 87
476 88
538 89
246 89
330 89
277 91
593 92
925 92
428 92
658 93
891 93
523 94
514 94
917 95
646 95
674 98
788 98
520 99
646 103
236 103
401 104
542 105
627 105
666 106
29 106
573 107
456 108
910 108
322 110
631 111
882 111
118 111
997 112
801 113
982 113
788 114
987 114
874 114
616 117
661 117
356 117
750 118
488 119
847 120
90 127
446 127
78 127
454 127
2 129
599 129
238 132
659 134
292 136
878 136
402 136
110 136
645 137
547 138
116 138
628 141
472 141
472 143
531 143
812 143
293 143
962 144
528 144
188 147
218 148
497 148
159 150
665 151
548 154
306 155
166 156
606 156
285 156
71 157
268 157
881 158
284 161
718 162
193 163
861 165
567 166
229 166
713 167
588 167
44 168
230 169
802 169
485 171
638 173
107 173
856 174
159 174
940 175
543 175
582 175
969 175
940 178
994 178
179 178
377 180
7 181
958 182
86 182
173 183
825 184
612 185
795 185
472 186
432 186
16 188
398 190
172 190
692 191
325 191
201 191
135 192
69 194
242 194
271 197
936 197
888 197
532 198
559 200
336 202
224 203
554 203
106 204
891 204
676 208
385 211
504 215
664 216
703 219
897 220
946 220
434 221
822 222
630 225
190 227
128 229
878 229
771 229
380 230
649 231
703 233
924 234
248 234
608 235
831 239
212 241
825 241
516 244
754 245
294 249
68 249
739 250
434 250
440 253
501 253
755 253
287 255
607 257
954 257
623 257
836 258
205 260
111 263
300 264
613 264
684 264
276 266
9 266
183 267
820 267
675 269
229 269
55 270
704 271
299 273
161 275
928 275
815 276
214 276
930 277
463 279
268 280
422 280
767 281
727 283
663 284
170 289
656 290
621 290
975 290
314 291
899 293
163 295
814 295
42 297
401 299
947 300
123 300
230 301
137 303
597 304
95 305
350 306
745 309
757 310
742 310
103 312
197 313
48 314
116 314
713 315
851 316
280 316
465 317
322 317
844 321
123 323
504 328
658 328
751 328
378 330
405 331
123 332
558 332
934 332
602 334
973 337
710 337
945 337
247 338
356 338
575 340
196 342
8 342
451 344
212 345
166 346
316 347
779 347
507 348
184 350
775 352
271 353
513 354
542 354
699 354
782 355
27 355
345 356
669 356
22 357
565 358
345 359
960 359
377 360
653 362
825 362
355 364
540 364
382 366
377 369
495 370
997 371
155 371
597 371
163 373
199 374
672 374
454 378
320 378
651 379
447 381
664 382
114 382
798 383
276 383
438 383
211 384
485 385
54 385
868 386
305 387
379 388
972 388
422 389
481 391
59 391
115 391
878 394
637 395
922 395
20 396
932 398
210 398
222 400
649 401
554 401
298 402
524 403
335 404
142 406
823 407
99 407
462 409
824 410
598 412
669 412
775 412
714 413
903 413
118 416
719 417
894 417
755 420
346 421
467 423
293 424
823 425
59 426
129 427
329 427
656 428
812 429
266 430
636 431
751 431
474 431
725 431
791 431
837 433
545 435
913 435
990 436
783 439
684 439
854 439
838 439
326 440
324 440
305 442
327 442
334 443
708 443
170 443
563 445
988 446
939 450
378 454
430 455
940 455
305 456
740 457
606 460
156 461
13 461
440 461
256 462
765 462
62 462
97 462
327 464
183 466
723 468
481 469
921 470
50 470
20 472
534 475
506 478
799 479
162 480
640 481
332 481
321 481
420 483
528 484
752 484
717 487
417 488
611 489
345 490
568 492
912 493
368 493
24 493
7 494
391 495
370 497
205 498
201 498
762 500
413 501
303 501
591 501
673 502
814 502
973 503
434 503
783 505
922 505
201 507
893 512
439 514
73 514
411 515
648 515
664 516
693 517
987 518
815 518
708 519
79 520
836 520
862 522
75 527
405 527
250 528
42 528
921 529
766 529
217 530
880 534
342 534
118 534
139 536
853 538
60 538
971 538
405 538
192 538
856 539
979 539
61 540
534 540
919 540
309 541
777 541
258 542
191 542
747 542
730 542
775 542
369 543
759 544
414 546
399 547
903 547
746 547
684 547
644 547
152 549
453 549
802 550
389 551
255 551
577 552
114 553
665 555
630 556
67 556
399 556
192 556
790 556
991 556
373 559
493 559
266 560
687 561
590 563
263 565
553 566
317 567
936 569
818 570
558 570
40 572
249 573
821 573
482 574
857 575
792 575
699 575
717 576
151 577
329 578
706 578
162 579
704 579
202 580
637 580
994 580
357 582
795 582
601 587
396 588
967 590
526 590
101 591
859 592
213 592
114 593
572 593
480 593
268 594
393 596
301 596
728 597
421 597
67 598
549 598
880 599
230 599
218 600
338 600
302 601
314 602
860 603
731 604
168 605
871 605
894 606
431 609
586 609
520 609
178 609
569 611
392 612
659 613
189 614
705 614
877 614
423 615
811 615
713 616
626 617
666 618
835 621
725 622
431 624
117 624
124 625
775 627
459 627
942 627
769 629
745 630
273 630
833 631
192 632
797 635
840 636
541 638
510 641
793 643
219 643
302 645
276 646
213 648
370 648
170 648
558 650
18 652
30 652
4 653
733 656
783 656
547 657
911 658
73 659
763 660
11 660
191 661
199 662
99 663
247 664
983 667
671 668
987 669
722 670
374 671
25 672
795 674
455 674
532 676
362 677
379 677
468 678
521 678
735 678
229 681
933 682
910 683
744 683
740 683
616 683
834 684
362 684
317 685
78 686
982 686
237 686
465 687
412 688
699 690
489 690
892 691
412 697
618 698
645 702
854 702
983 702
288 705
400 705
751 710
365 710
871 711
950 711
782 712
287 712
709 712
994 713
293 713
917 714
870 717
726 718
38 718
523 719
938 719
64 723
930 724
472 724
777 725
447 725
371 726
82 726
27 728
27 729
83 729
354 731
450 731
634 731
2 733
6 734
61 735
775 735
408 736
119 736
908 738
56 742
852 745
644 745
259 746
7 747
175 751
47 753
502 758
301 761
116 766
436 766
309 768
739 768
422 769
500 769
167 770
506 771
756 771
56 772
675 772
82 772
629 774
387 776
307 776
188 778
728 779
642 780
99 782
563 782
358 783
160 785
59 791
852 791
457 791
83 791
450 792
724 792
214 793
266 794
617 797
831 797
717 797
421 797
673 798
237 800
426 801
646 801
288 802
107 805
927 805
385 806
506 806
381 809
84 810
73 810
194 811
591 813
167 813
670 814
881 816
578 817
556 819
828 819
458 819
137 820
697 822
368 822
946 823
450 825
100 826
382 826
155 828
256 828
667 829
119 829
527 830
259 831
601 831
321 832
201 833
332 834
553 836
173 837
293 839
534 840
343 840
270 840
539 841
233 841
494 841
349 841
523 843
448 843
490 843
147 844
366 844
719 844
515 845
476 846
857 847
651 849
607 849
856 851
936 853
220 853
314 853
79 855
633 856
593 856
640 857
944 858
377 859
600 860
978 860
583 861
566 861
263 862
578 862
892 863
710 863
286 864
747 865
620 866
511 867
885 868
906 870
158 870
962 870
562 873
421 873
531 873
842 873
101 874
840 875
736 875
630 875
276 875
752 875
654 875
710 876
119 877
82 879
820 880
763 880
593 882
190 884
32 885
657 886
298 887
693 888
702 890
832 890
150 890
965 890
495 892
29 893
555 893
101 895
321 895
145 895
438 897
351 897
731 900
137 900
244 900
704 901
250 902
917 902
125 903
272 903
752 903
586 904
133 905
302 905
649 907
648 907
286 907
796 908
461 908
198 909
123 910
881 911
58 912
913 912
195 913
307 914
138 915
749 915
185 915
610 917
871 919
890 920
604 921
189 922
187 922
695 923
123 924
583 924
356 924
439 925
982 926
785 926
926 926
128 927
831 928
584 931
420 931
40 933
709 934
403 936
162 936
776 937
834 937
581 937
59 938
142 941
913 943
920 945
528 945
62 945
198 946
405 946
474 947
143 948
38 949
114 950
923 952
115 956
827 958
247 959
69 960
113 960
420 961
649 962
125 963
633 964
468 966
489 966
963 971
690 972
639 973
863 974
391 975
362 975
78 975
387 976
404 978
989 980
985 980
556 982
551 983
221 984
376 985
989 987
286 988
817 990
666 991
433 991
22 993
99 993
234 994
828 996
733 996
319 997
198 997
885 998
190 998
53 1000
