88
30 1
49 1
25 4
65 6
5 7
84 7
36 8
50 9
74 10
66 10
35 12
43 13
12 13
67 13
79 13
9 14
74 15
52 15
38 16
45 17
41 18
9 18
7 18
58 19
69 20
78 20
15 21
23 23
14 23
4 23
47 24
87 24
27 26
76 27
46 27
34 27
17 27
59 27
82 27
65 28
51 29
37 29
35 30
36 30
59 31
83 32
3 34
33 34
28 35
18 35
2 36
21 36
87 37
80 37
78 37
77 37
26 37
23 37
34 38
84 39
6 39
54 39
68 42
69 43
55 44
71 45
54 46
16 46
12 48
8 48
50 48
42 48
52 52
58 53
75 53
84 56
55 57
11 57
48 58
70 60
8 60
76 60
80 60
2 61
55 63
53 63
45 63
50 64
