1000
688 1
170 2
177 3
680 4
738 5
451 6
44 6
887 7
875 8
31 9
606 11
236 11
336 11
557 12
839 14
708 16
743 18
591 18
523 18
268 19
567 21
203 22
343 23
774 23
62 23
929 24
341 24
248 27
65 27
885 29
592 33
713 35
272 37
670 37
726 40
928 41
896 41
129 41
569 42
956 44
47 44
899 44
647 44
560 45
303 47
859 48
405 49
473 49
697 51
928 51
50 52
147 53
809 54
139 55
954 57
904 58
596 58
62 59
374 59
994 61
446 63
535 64
909 65
667 70
961 71
268 71
657 71
664 71
109 75
982 75
574 75
399 75
209 78
800 78
873 80
873 81
821 81
999 82
57 82
479 84
733 85
904 85
818 86
82 88
430 90
183 91
524 91
923 93
486 94
628 94
983 95
121 95
389 95
424 97
712 98
370 98
20 99
757 99
450 100
279 101
768 104
236 105
748 106
283 107
8 108
248 108
93 111
904 111
35 114
465 114
520 116
274 117
754 117
930 117
650 117
650 117
448 119
772 121
2 122
327 123
328 124
460 124
586 124
468 125
610 126
740 127
600 127
607 128
357 129
729 129
500 129
48 131
415 134
322 135
410 136
220 136
405 139
544 140
583 140
36 141
154 142
952 144
629 145
757 145
589 145
956 146
311 147
891 147
181 150
326 152
263 153
205 156
529 157
968 157
506 157
328 157
881 158
775 158
81 159
216 160
398 160
494 161
758 163
310 163
511 165
375 169
552 169
791 169
986 170
435 171
454 171
378 172
251 175
77 175
245 175
483 177
24 178
559 181
13 182
332 185
399 189
488 191
483 193
892 193
909 194
654 197
345 197
391 198
165 199
456 199
498 200
298 200
582 202
349 202
183 202
602 203
181 203
503 205
179 205
663 209
573 209
499 210
677 211
218 212
408 214
603 215
790 216
446 217
660 217
976 217
43 218
511 219
939 219
278 221
741 224
945 225
471 225
721 225
172 225
275 226
130 227
217 227
710 230
81 230
301 230
848 230
583 232
283 232
447 236
206 236
380 236
198 239
547 240
468 240
696 241
504 244
923 245
895 245
401 245
213 245
871 246
483 247
928 248
957 248
552 249
242 249
556 251
865 254
619 254
42 254
234 255
719 256
228 257
744 257
64 258
486 259
159 260
758 261
356 265
522 265
256 266
87 266
462 266
901 267
463 269
900 270
131 272
562 272
434 273
757 274
425 277
434 279
965 282
255 282
275 284
340 286
473 287
283 287
780 288
973 288
574 289
856 289
202 292
330 292
947 293
139 293
887 298
556 300
984 301
475 303
496 304
143 306
299 306
781 308
694 309
955 310
893 310
787 311
731 313
712 313
755 313
273 313
303 313
295 314
234 319
612 319
302 320
285 322
732 322
419 323
941 324
105 324
56 324
791 324
390 327
351 327
585 328
977 328
360 329
104 329
155 330
19 330
401 331
500 332
106 333
101 333
638 333
151 334
459 335
174 335
283 339
850 340
463 341
437 342
116 342
775 342
8 342
304 345
401 345
453 347
227 349
712 350
606 352
633 353
665 353
682 354
849 355
965 355
442 355
888 356
615 357
749 360
644 361
575 363
793 363
687 363
958 367
556 369
742 369
367 370
168 370
328 371
195 372
880 374
812 375
355 375
931 375
231 375
340 376
990 377
265 377
702 377
138 378
69 380
438 380
596 381
64 382
55 382
193 383
325 384
26 385
523 385
723 389
735 389
997 390
245 391
417 391
853 393
195 394
596 395
84 397
918 398
615 399
318 399
556 400
928 403
600 403
58 404
676 405
60 405
214 407
802 409
833 410
309 410
274 410
529 411
739 413
626 414
805 418
442 419
431 419
258 421
367 423
202 424
825 425
147 426
754 427
676 427
39 429
191 431
13 431
158 435
847 435
554 439
766 440
293 442
342 443
888 443
35 443
645 444
333 444
606 445
520 446
208 446
223 447
392 448
992 448
609 449
603 451
439 453
952 453
3 453
737 453
975 456
928 456
857 457
174 458
662 458
916 459
583 461
698 462
396 465
165 466
998 467
389 468
779 469
176 470
808 471
396 473
269 477
360 479
119 479
334 480
839 480
354 480
846 481
33 486
736 488
386 490
243 490
464 492
820 493
765 495
859 496
724 496
774 497
2 497
988 498
587 498
868 499
179 499
545 501
87 503
326 503
150 504
326 507
285 507
626 508
89 509
364 509
101 510
995 511
662 511
930 513
778 514
764 515
321 517
433 517
911 519
269 520
718 521
622 523
632 523
426 526
318 527
808 527
549 527
12 528
257 530
13 530
416 534
330 534
410 534
840 534
568 536
502 536
471 536
139 536
60 536
347 537
864 539
503 540
46 540
390 541
752 542
574 544
514 545
305 545
103 546
908 547
688 547
418 548
629 548
126 550
628 550
194 550
171 550
414 552
921 552
986 554
747 554
675 554
634 555
918 556
449 557
127 558
605 558
648 558
781 560
387 560
183 562
632 563
92 563
94 564
90 565
302 566
592 567
290 567
181 567
655 568
222 568
865 570
506 571
602 573
434 575
928 576
653 576
193 576
455 577
382 577
847 578
223 579
318 579
595 580
194 582
230 583
477 583
88 584
15 585
640 585
125 586
647 588
445 588
108 588
402 589
519 589
475 591
340 591
606 592
458 592
812 593
889 594
436 594
358 595
741 597
347 599
337 599
491 599
989 600
157 604
800 606
915 607
417 607
153 607
436 608
987 608
618 609
398 609
117 610
590 611
382 611
770 613
114 613
167 613
810 613
603 613
183 613
108 614
696 615
808 616
625 617
629 618
691 618
743 620
498 623
919 623
253 624
911 626
64 627
991 628
220 628
289 628
922 628
889 630
460 630
561 631
358 631
575 631
520 632
157 632
619 633
67 634
785 635
793 635
132 635
191 635
980 635
876 636
96 636
295 637
241 638
975 638
748 640
294 641
742 642
900 645
640 647
219 648
509 650
40 650
479 651
745 652
456 655
329 655
263 656
682 656
984 657
4 657
842 662
265 662
265 663
483 664
848 665
60 666
817 666
31 666
576 671
906 672
449 678
200 679
805 680
3 681
395 682
548 683
656 684
204 684
482 684
65 687
89 690
752 690
524 691
545 691
473 692
371 692
365 693
784 695
657 695
939 696
504 700
25 703
372 704
582 706
832 707
403 708
543 708
261 708
704 710
281 711
492 711
872 712
183 715
309 715
268 721
3 723
862 724
247 725
598 726
48 729
395 729
870 730
310 731
302 732
943 733
938 735
994 735
592 737
812 737
369 738
235 739
630 743
701 743
892 744
933 745
145 748
891 749
483 749
588 750
187 751
128 751
652 751
893 752
993 752
835 752
130 753
523 760
822 760
188 763
822 764
12 764
530 765
756 766
304 767
186 767
996 769
934 769
156 771
434 771
727 772
340 773
564 774
115 779
562 779
526 782
471 783
740 784
59 784
819 785
150 786
333 787
522 787
913 787
335 790
899 790
54 792
377 794
652 794
223 794
736 795
235 795
727 796
362 799
801 800
41 802
619 802
635 803
368 803
681 803
222 804
89 806
534 807
622 807
261 809
186 809
987 810
863 811
105 811
761 812
846 812
555 815
327 816
313 817
766 817
847 819
359 819
331 822
389 822
838 823
18 826
696 827
802 827
381 829
918 830
611 831
612 832
386 832
181 832
978 832
211 835
953 836
543 837
8 839
906 840
863 840
907 840
829 841
879 842
274 842
330 842
696 842
151 842
896 843
853 843
76 846
766 846
974 848
461 851
105 852
19 853
114 854
2 854
395 856
515 857
455 857
215 858
864 861
952 861
629 861
322 862
102 864
315 864
359 864
175 866
234 866
641 866
528 867
69 868
985 868
285 870
732 872
723 872
639 873
141 874
511 874
588 876
155 877
428 879
32 880
644 880
692 880
749 882
120 882
851 883
307 884
206 884
786 885
886 889
739 891
729 891
428 892
630 893
75 893
928 894
312 895
640 896
105 900
984 901
794 901
521 902
808 903
499 903
770 906
139 906
716 907
413 908
133 909
960 909
924 909
936 911
608 912
384 912
51 912
925 913
167 915
302 915
643 917
987 918
461 918
106 919
446 921
607 921
926 922
517 922
80 924
428 925
113 926
504 927
835 927
167 928
267 931
430 932
602 938
139 941
906 941
601 942
277 943
887 943
879 943
307 944
294 946
301 946
791 946
57 947
846 950
666 950
78 951
720 953
362 954
361 954
81 954
402 954
984 954
46 955
295 956
324 956
22 957
489 957
686 958
173 958
652 960
415 964
436 965
28 966
933 968
152 969
117 970
355 970
995 970
804 973
540 973
591 974
510 974
646 975
872 975
658 976
438 978
304 978
3 978
601 979
96 979
499 981
558 981
92 982
191 982
841 982
468 983
575 983
939 983
79 984
425 984
713 986
265 987
960 988
15 988
350 988
68 988
466 988
666 990
925 990
450 991
390 991
33 992
338 992
660 994
563 995
253 996
601 996
872 998
262 999
19 1000
488 1000
