328
127 2
192 4
114 9
182 14
300 15
4 16
194 22
13 23
3 24
158 28
308 28
10 33
294 36
280 38
252 42
52 45
173 46
40 47
305 54
277 56
127 60
13 60
146 64
50 67
213 67
264 68
124 71
292 74
98 78
115 79
280 80
247 80
62 86
194 87
181 88
203 90
8 91
3 99
140 104
286 108
32 108
217 108
183 109
18 115
84 115
246 118
228 119
227 121
317 122
172 126
188 130
261 130
84 133
78 136
221 136
43 137
67 138
242 138
96 139
135 141
293 143
135 143
202 143
298 144
56 148
240 149
25 151
1 152
33 156
213 156
12 158
58 158
218 159
194 160
18 162
105 167
194 179
325 185
53 187
25 187
261 191
242 192
63 192
281 199
13 206
92 208
81 215
118 216
239 218
322 221
110 221
248 224
67 225
320 228
137 228
156 234
77 235
229 236
201 236
8 236
63 240
145 243
282 245
238 246
214 249
191 251
44 252
27 255
292 264
102 267
70 268
85 270
179 275
296 276
50 276
79 283
101 284
197 285
308 285
97 285
322 286
165 287
9 289
231 292
293 293
166 294
102 294
207 298
8 300
229 300
179 301
303 303
262 304
227 305
273 307
317 308
281 309
213 314
228 316
17 317
57 317
63 319
42 319
31 319
84 320
189 322
137 323
258 324
107 328
42 330
15 335
264 342
81 343
181 343
57 344
44 345
83 347
187 347
314 351
136 357
272 358
145 359
298 361
148 361
206 363
303 363
188 365
122 366
148 366
52 367
23 367
241 370
148 373
243 377
237 378
56 378
130 380
210 382
284 382
215 384
78 385
257 386
210 386
212 388
320 393
6 393
273 395
280 395
33 398
121 402
62 404
52 405
144 405
82 406
14 407
90 408
34 412
285 412
204 416
267 417
72 419
158 420
278 426
211 427
251 428
241 429
120 434
197 436
185 442
164 445
103 451
151 455
174 458
241 459
199 466
70 468
133 470
39 472
246 472
207 479
285 481
33 481
202 483
29 491
8 493
307 493
12 494
186 495
212 497
292 499
5 501
324 502
247 504
93 507
146 511
121 511
245 511
298 513
87 515
326 519
283 519
189 520
17 523
325 526
19 528
283 529
299 529
33 531
125 534
275 537
191 539
166 542
257 545
263 547
300 547
150 555
152 555
319 556
34 560
188 562
4 563
40 567
104 570
267 576
274 579
214 581
26 585
248 587
217 589
128 591
254 592
52 593
83 598
161 598
151 599
208 599
127 600
136 601
322 602
199 606
138 607
35 612
251 615
308 618
90 622
99 622
267 623
94 629
139 630
275 632
141 632
175 634
50 634
241 637
213 637
198 640
247 645
158 647
149 648
105 649
271 651
37 651
199 652
14 655
325 659
147 661
248 665
165 667
253 668
167 670
14 672
289 674
107 675
21 676
317 677
107 681
132 684
141 688
306 689
73 690
187 690
288 691
177 692
275 694
171 695
120 696
187 700
319 703
