1000
400 0
429 1
152 2
692 4
269 4
176 5
650 5
716 9
332 9
462 10
454 10
912 11
28 11
822 12
326 13
579 14
608 14
195 15
129 16
71 17
483 17
174 18
314 19
380 20
360 20
594 24
794 24
441 25
92 27
99 29
404 29
88 30
500 31
645 31
212 33
394 33
526 34
98 35
959 37
422 38
177 40
177 40
945 41
526 42
805 42
393 42
522 44
271 47
382 48
181 49
536 52
637 53
66 53
31 54
691 55
61 55
694 56
520 58
861 60
36 60
108 60
839 60
695 62
686 65
285 65
946 66
369 66
677 67
259 67
457 67
396 69
689 70
504 71
911 71
369 72
648 76
623 78
656 79
16 79
419 79
28 79
147 80
461 81
128 81
38 81
74 82
705 83
738 83
101 83
562 84
669 86
118 87
906 88
481 89
826 92
424 93
547 93
871 93
967 94
856 95
923 96
259 97
291 99
219 101
485 101
674 101
523 103
94 103
959 104
592 105
385 107
910 108
829 109
3 109
801 109
992 110
780 112
844 113
256 114
614 114
891 115
276 116
164 116
522 120
673 121
334 121
782 122
104 123
828 123
569 123
868 124
484 124
625 124
621 125
257 126
285 126
370 126
146 126
904 128
369 129
78 130
980 131
52 132
417 134
355 135
603 135
383 137
270 137
956 138
481 138
396 138
652 139
73 142
903 144
508 146
81 147
278 149
640 150
71 150
495 151
265 151
457 154
950 154
145 156
250 158
132 158
700 159
593 160
124 161
82 163
158 163
451 164
291 164
72 169
941 169
433 169
612 171
424 171
811 172
92 174
792 176
490 178
551 179
807 179
732 182
237 183
916 184
148 185
854 187
96 188
694 188
117 188
201 189
13 190
422 190
513 190
970 192
25 193
311 195
633 195
272 195
711 195
855 196
682 197
288 198
255 199
511 199
212 200
771 200
560 202
28 203
405 206
110 206
367 207
912 207
470 209
538 209
119 210
212 210
399 212
989 212
245 214
772 215
180 216
299 218
893 220
499 220
31 220
360 221
187 225
28 226
292 226
184 228
936 229
634 230
711 232
90 233
689 233
112 234
598 234
34 236
627 237
56 240
661 240
574 243
234 245
72 247
772 247
668 248
585 250
748 251
506 251
649 252
587 253
670 256
299 256
948 256
851 257
124 258
682 259
192 259
678 262
392 265
708 266
783 267
752 267
123 267
789 269
936 270
237 270
391 270
978 271
326 271
888 271
641 273
955 273
597 276
947 276
599 277
138 278
844 278
789 279
94 281
460 282
195 283
568 284
968 284
1 284
76 284
321 285
686 286
205 286
610 287
558 288
1 289
385 289
189 289
614 290
180 290
791 290
831 292
698 292
419 293
823 293
464 294
288 294
740 296
794 298
513 298
126 298
839 299
759 300
637 300
409 301
862 303
388 304
37 304
316 304
430 305
297 305
976 306
340 306
866 306
38 306
761 307
851 308
218 310
207 311
360 311
911 312
595 318
448 320
150 323
199 324
417 324
697 324
549 325
18 325
505 325
745 325
740 327
585 328
16 328
799 329
676 329
180 331
710 333
305 333
186 334
432 335
370 336
23 337
940 337
203 338
539 339
609 341
277 343
103 343
85 345
324 345
4 347
455 347
753 348
392 350
921 350
196 350
645 354
255 355
279 356
803 356
26 356
247 356
13 357
819 357
830 358
162 360
978 360
436 361
847 362
193 363
369 364
478 366
254 368
676 368
48 369
49 370
839 370
901 370
380 371
113 372
864 373
364 374
453 375
677 379
292 381
635 382
798 383
656 386
187 386
639 387
694 387
765 387
406 387
438 388
929 389
505 390
681 390
916 392
200 393
992 396
767 396
798 397
898 398
638 398
877 400
54 400
774 403
94 406
772 411
478 411
758 411
332 414
811 415
879 415
333 416
360 416
167 416
412 417
153 418
550 419
467 419
746 419
85 420
980 422
71 423
666 423
552 423
372 424
801 424
142 425
571 425
667 425
510 427
860 428
853 428
435 433
95 434
485 435
545 436
470 438
212 438
750 439
690 441
293 442
736 444
29 445
2 446
109 447
615 448
628 448
544 450
470 450
676 450
766 455
166 455
730 456
525 456
470 459
286 461
781 461
352 461
158 462
541 468
643 469
643 470
804 474
824 475
599 476
53 476
569 477
423 477
74 479
829 480
237 482
801 483
254 484
66 485
438 486
304 486
432 486
142 487
789 488
299 489
593 489
999 491
357 491
15 492
566 493
886 494
695 494
252 494
332 495
325 495
671 498
422 498
517 498
32 500
289 500
462 501
576 502
345 504
3 504
31 505
12 506
718 506
311 506
646 507
369 507
793 507
423 508
810 509
440 510
980 511
966 512
654 512
988 514
902 515
832 516
978 517
692 518
377 518
975 518
645 518
93 518
891 519
377 520
699 521
571 521
886 522
87 522
323 523
804 525
227 526
610 526
606 527
825 534
367 534
961 534
384 536
25 538
218 539
55 539
447 540
617 540
842 542
587 544
238 548
133 549
480 550
416 550
343 553
758 553
383 555
67 555
788 555
161 556
817 559
676 561
560 561
394 561
352 565
292 567
778 569
833 570
472 570
954 570
948 572
702 572
399 572
875 575
255 576
782 576
826 577
267 578
945 579
96 579
919 580
353 581
277 581
316 582
496 583
398 584
471 584
228 586
190 588
564 588
576 589
848 590
88 590
510 590
640 591
671 592
790 592
853 594
709 594
846 595
492 595
509 596
598 597
730 597
503 599
432 601
871 603
139 603
581 604
523 605
926 605
78 607
855 609
716 611
890 613
807 613
257 615
640 615
178 616
477 616
688 617
382 618
978 618
832 620
33 620
3 621
670 623
127 623
791 624
875 624
713 625
852 625
545 626
113 626
141 627
995 628
683 628
843 629
977 630
640 630
6 631
548 631
399 632
570 634
377 636
445 636
571 636
944 639
491 640
708 641
916 641
189 642
348 642
342 643
92 643
449 645
159 646
962 647
468 651
17 652
885 653
48 653
669 653
433 654
418 655
274 656
720 657
501 658
833 659
33 659
727 659
320 660
863 661
256 661
667 662
483 662
858 662
453 663
484 664
235 665
433 665
21 666
13 666
125 666
33 667
639 669
187 669
413 670
12 670
693 672
309 672
400 672
1000 673
404 674
534 674
713 675
474 676
913 676
316 681
598 683
405 683
462 684
492 685
211 685
394 686
566 686
106 686
921 686
188 687
313 687
1 688
866 690
786 690
625 691
832 692
111 692
63 693
448 693
887 695
131 695
728 697
983 699
321 700
297 700
272 701
858 701
395 703
942 703
900 705
554 707
529 707
649 708
803 708
335 710
170 711
22 711
389 712
710 713
651 717
963 717
825 718
122 719
80 721
252 721
363 722
487 722
11 722
988 722
59 724
934 724
523 725
103 727
421 727
284 728
22 729
346 730
236 730
864 736
722 737
705 738
740 739
581 739
552 741
825 741
322 742
337 743
407 743
986 746
919 746
180 747
359 751
793 752
736 753
178 754
211 754
481 755
365 755
120 756
391 758
619 759
830 761
188 761
438 762
111 764
240 764
295 766
610 768
706 772
505 773
587 776
269 778
674 778
806 779
929 780
454 781
293 781
16 782
458 782
343 783
504 784
659 784
267 785
551 786
826 788
367 790
176 791
770 792
107 792
981 793
667 793
451 794
164 795
944 795
157 795
268 795
552 796
442 796
650 797
271 798
248 798
478 802
934 803
18 805
512 807
158 808
576 808
678 810
934 810
148 811
967 811
357 815
382 815
332 817
536 818
446 819
634 819
620 820
485 821
37 822
781 823
428 823
213 823
82 826
668 826
37 827
983 831
75 833
788 836
103 837
239 838
77 838
35 839
282 839
501 840
787 842
695 842
467 843
498 844
528 845
22 848
46 849
429 852
87 854
801 854
662 855
466 856
949 857
668 857
331 857
891 860
488 860
922 863
689 863
256 865
811 866
573 869
842 871
731 872
869 874
551 874
610 877
29 877
358 880
861 882
907 883
228 883
940 883
807 883
606 886
903 889
59 893
688 894
124 894
59 895
620 896
658 896
307 898
836 900
352 901
621 903
544 903
345 904
475 905
964 905
385 905
960 907
27 907
993 909
608 910
932 910
313 911
427 912
37 912
489 913
597 914
505 915
382 916
738 917
558 919
888 920
563 920
665 922
744 923
3 926
185 927
536 927
928 928
678 928
207 930
338 934
523 934
148 937
44 937
261 939
964 939
608 939
550 941
395 945
179 946
381 948
782 948
248 949
328 949
732 950
390 950
524 950
292 950
949 956
255 957
78 957
195 958
646 960
773 962
732 962
470 962
832 965
700 965
227 966
200 966
17 967
826 968
814 968
193 968
106 968
161 969
815 975
334 976
304 976
153 977
563 978
185 979
390 979
548 979
793 980
746 980
374 984
856 986
974 986
225 987
765 988
525 989
45 990
777 990
877 990
819 991
969 992
819 994
809 994
240 995
588 995
523 995
878 996
992 999
924 1000
