1000
863 2147483637
656 2147483637
919 2147483637
424 2147483637
299 2147483637
554 2147483637
899 2147483637
27 2147483637
857 2147483637
864 2147483637
169 2147483637
766 2147483637
854 2147483637
72 2147483637
373 2147483637
588 2147483637
198 2147483637
207 2147483637
261 2147483637
998 2147483637
436 2147483637
928 2147483637
844 2147483637
801 2147483637
407 2147483637
76 2147483637
469 2147483637
316 2147483637
760 2147483637
217 2147483637
155 2147483637
507 2147483637
771 2147483637
81 2147483637
998 2147483637
735 2147483637
805 2147483637
463 2147483637
583 2147483637
305 2147483637
494 2147483637
187 2147483637
735 2147483637
785 2147483637
161 2147483637
900 2147483637
835 2147483637
586 2147483637
190 2147483637
202 2147483637
197 2147483637
311 2147483637
114 2147483637
300 2147483637
940 2147483637
36 2147483637
148 2147483637
683 2147483637
522 2147483637
740 2147483637
842 2147483637
982 2147483637
479 2147483637
729 2147483637
19 2147483637
809 2147483637
665 2147483637
706 2147483637
222 2147483637
468 2147483637
366 2147483637
266 2147483637
71 2147483637
375 2147483637
744 2147483637
878 2147483637
417 2147483637
359 2147483637
679 2147483637
864 2147483637
114 2147483637
930 2147483637
531 2147483637
193 2147483637
804 2147483637
300 2147483637
648 2147483637
300 2147483637
117 2147483637
713 2147483637
701 2147483637
430 2147483637
436 2147483637
389 2147483638
262 2147483638
640 2147483638
584 2147483638
140 2147483638
284 2147483638
802 2147483638
625 2147483638
594 2147483638
948 2147483638
287 2147483638
962 2147483638
438 2147483638
370 2147483638
613 2147483638
78 2147483638
665 2147483638
200 2147483638
980 2147483638
856 2147483638
536 2147483638
592 2147483638
874 2147483638
221 2147483638
870 2147483638
38 2147483638
715 2147483638
54 2147483638
619 2147483638
331 2147483638
650 2147483638
775 2147483638
757 2147483638
43 2147483638
415 2147483638
429 2147483638
118 2147483638
752 2147483638
955 2147483638
254 2147483638
341 2147483638
960 2147483638
20 2147483638
831 2147483638
451 2147483638
600 2147483638
857 2147483638
341 2147483638
979 2147483638
858 2147483638
24 2147483638
623 2147483638
693 2147483638
70 2147483638
55 2147483638
85 2147483638
430 2147483638
641 2147483638
557 2147483638
851 2147483638
12 2147483638
222 2147483638
175 2147483638
384 2147483638
969 2147483638
26 2147483638
65 2147483638
362 2147483638
309 2147483638
525 2147483638
278 2147483638
767 2147483638
510 2147483638
406 2147483638
160 2147483638
533 2147483638
40 2147483638
17 2147483638
603 2147483638
970 2147483638
144 2147483638
248 2147483638
676 2147483638
16 2147483638
586 2147483638
886 2147483638
935 2147483638
89 2147483638
91 2147483638
416 2147483638
623 2147483638
355 2147483639
671 2147483639
593 2147483639
572 2147483639
906 2147483639
189 2147483639
142 2147483639
825 2147483639
31 2147483639
854 2147483639
233 2147483639
968 2147483639
995 2147483639
583 2147483639
4 2147483639
292 2147483639
277 2147483639
467 2147483639
997 2147483639
24 2147483639
869 2147483639
481 2147483639
411 2147483639
311 2147483639
778 2147483639
278 2147483639
729 2147483639
300 2147483639
474 2147483639
470 2147483639
972 2147483639
913 2147483639
284 2147483639
288 2147483639
806 2147483639
749 2147483639
909 2147483639
364 2147483639
901 2147483639
926 2147483639
725 2147483639
995 2147483639
930 2147483639
422 2147483639
509 2147483639
596 2147483639
383 2147483639
684 2147483639
510 2147483639
187 2147483639
720 2147483639
212 2147483639
416 2147483639
871 2147483639
128 2147483639
260 2147483639
975 2147483639
126 2147483639
382 2147483639
514 2147483639
466 2147483639
267 2147483639
567 2147483639
563 2147483639
208 2147483639
876 2147483639
795 2147483639
734 2147483639
165 2147483639
790 2147483639
945 2147483639
300 2147483639
528 2147483639
353 2147483639
893 2147483639
356 2147483639
285 2147483639
225 2147483639
120 2147483639
792 2147483639
419 2147483639
196 2147483639
14 2147483639
260 2147483639
725 2147483639
42 2147483639
366 2147483639
840 2147483639
635 2147483639
986 2147483639
217 2147483639
223 2147483639
81 2147483640
502 2147483640
61 2147483640
563 2147483640
195 2147483640
806 2147483640
852 2147483640
954 2147483640
731 2147483640
91 2147483640
130 2147483640
887 2147483640
450 2147483640
735 2147483640
331 2147483640
38 2147483640
559 2147483640
516 2147483640
582 2147483640
880 2147483640
94 2147483640
569 2147483640
815 2147483640
418 2147483640
708 2147483640
943 2147483640
859 2147483640
765 2147483640
898 2147483640
674 2147483640
969 2147483640
934 2147483640
905 2147483640
864 2147483640
26 2147483640
729 2147483640
922 2147483640
43 2147483640
13 2147483640
376 2147483640
685 2147483640
592 2147483640
361 2147483640
846 2147483640
549 2147483640
790 2147483640
897 2147483640
613 2147483640
400 2147483640
58 2147483640
942 2147483640
448 2147483640
378 2147483640
46 2147483640
807 2147483640
220 2147483640
22 2147483640
7 2147483640
87 2147483640
97 2147483640
742 2147483640
281 2147483640
782 2147483640
687 2147483640
484 2147483640
996 2147483640
575 2147483640
820 2147483640
810 2147483640
116 2147483640
706 2147483640
288 2147483640
795 2147483640
255 2147483640
599 2147483640
897 2147483640
717 2147483640
607 2147483640
70 2147483640
845 2147483640
614 2147483640
220 2147483640
973 2147483640
128 2147483640
211 2147483640
607 2147483640
962 2147483640
475 2147483640
885 2147483640
950 2147483640
713 2147483640
794 2147483640
399 2147483640
829 2147483640
61 2147483640
781 2147483640
843 2147483640
97 2147483640
111 2147483640
527 2147483641
312 2147483641
230 2147483641
196 2147483641
649 2147483641
323 2147483641
231 2147483641
225 2147483641
412 2147483641
375 2147483641
479 2147483641
500 2147483641
610 2147483641
152 2147483641
986 2147483641
928 2147483641
623 2147483641
752 2147483641
272 2147483641
66 2147483641
642 2147483641
669 2147483641
522 2147483641
225 2147483641
709 2147483641
536 2147483641
483 2147483641
236 2147483641
152 2147483641
520 2147483641
952 2147483641
111 2147483641
217 2147483641
478 2147483641
787 2147483641
801 2147483641
643 2147483641
82 2147483641
898 2147483641
177 2147483641
115 2147483641
83 2147483641
908 2147483641
601 2147483641
253 2147483641
576 2147483641
303 2147483641
487 2147483641
819 2147483641
124 2147483641
854 2147483641
77 2147483641
85 2147483641
399 2147483641
393 2147483641
879 2147483641
899 2147483641
770 2147483641
640 2147483641
774 2147483641
963 2147483641
766 2147483641
191 2147483641
50 2147483641
228 2147483641
10 2147483641
636 2147483641
202 2147483641
195 2147483641
363 2147483641
938 2147483641
716 2147483641
808 2147483641
377 2147483641
910 2147483641
77 2147483641
694 2147483641
887 2147483641
246 2147483641
994 2147483641
105 2147483641
558 2147483641
195 2147483641
27 2147483641
225 2147483641
981 2147483641
969 2147483641
484 2147483641
802 2147483641
101 2147483641
106 2147483641
382 2147483641
516 2147483641
9 2147483641
470 2147483641
217 2147483641
896 2147483641
352 2147483641
304 2147483641
557 2147483641
544 2147483641
5 2147483642
586 2147483642
418 2147483642
460 2147483642
662 2147483642
205 2147483642
921 2147483642
23 2147483642
74 2147483642
794 2147483642
520 2147483642
621 2147483642
193 2147483642
785 2147483642
861 2147483642
655 2147483642
549 2147483642
138 2147483642
571 2147483642
745 2147483642
928 2147483642
997 2147483642
348 2147483642
490 2147483642
830 2147483642
300 2147483642
302 2147483642
440 2147483642
925 2147483642
332 2147483642
72 2147483642
618 2147483642
990 2147483642
306 2147483642
34 2147483642
138 2147483642
246 2147483642
284 2147483642
62 2147483642
800 2147483642
852 2147483642
489 2147483642
776 2147483642
995 2147483642
651 2147483642
804 2147483642
22 2147483642
204 2147483642
153 2147483642
2 2147483642
940 2147483642
368 2147483642
297 2147483642
994 2147483642
816 2147483642
720 2147483642
54 2147483642
956 2147483642
954 2147483642
27 2147483642
971 2147483642
884 2147483642
921 2147483642
289 2147483642
433 2147483642
735 2147483642
491 2147483642
201 2147483642
838 2147483642
774 2147483642
405 2147483642
286 2147483642
165 2147483642
190 2147483642
34 2147483642
601 2147483642
142 2147483642
574 2147483642
65 2147483642
410 2147483642
872 2147483642
317 2147483642
167 2147483642
71 2147483642
179 2147483642
549 2147483642
221 2147483642
497 2147483642
987 2147483643
144 2147483643
631 2147483643
396 2147483643
475 2147483643
455 2147483643
989 2147483643
625 2147483643
786 2147483643
25 2147483643
658 2147483643
601 2147483643
476 2147483643
586 2147483643
541 2147483643
756 2147483643
641 2147483643
126 2147483643
987 2147483643
166 2147483643
992 2147483643
138 2147483643
820 2147483643
952 2147483643
71 2147483643
187 2147483643
4 2147483643
747 2147483643
704 2147483643
847 2147483643
214 2147483643
102 2147483643
625 2147483643
8 2147483643
835 2147483643
116 2147483643
732 2147483643
919 2147483643
475 2147483643
464 2147483643
338 2147483643
684 2147483643
294 2147483643
598 2147483643
645 2147483643
571 2147483643
769 2147483643
39 2147483643
336 2147483643
521 2147483643
40 2147483643
644 2147483643
932 2147483643
683 2147483643
753 2147483643
811 2147483643
358 2147483643
904 2147483643
496 2147483643
386 2147483643
153 2147483643
191 2147483643
490 2147483643
119 2147483643
319 2147483643
661 2147483643
781 2147483643
536 2147483643
708 2147483643
127 2147483643
473 2147483643
897 2147483643
377 2147483643
419 2147483643
932 2147483643
731 2147483643
873 2147483643
673 2147483643
296 2147483643
523 2147483643
83 2147483643
358 2147483643
442 2147483644
870 2147483644
220 2147483644
770 2147483644
923 2147483644
449 2147483644
663 2147483644
633 2147483644
530 2147483644
806 2147483644
452 2147483644
443 2147483644
412 2147483644
546 2147483644
271 2147483644
681 2147483644
352 2147483644
145 2147483644
817 2147483644
664 2147483644
802 2147483644
590 2147483644
499 2147483644
131 2147483644
887 2147483644
90 2147483644
559 2147483644
423 2147483644
825 2147483644
142 2147483644
985 2147483644
28 2147483644
971 2147483644
535 2147483644
589 2147483644
419 2147483644
888 2147483644
500 2147483644
525 2147483644
427 2147483644
997 2147483644
131 2147483644
215 2147483644
554 2147483644
825 2147483644
736 2147483644
616 2147483644
854 2147483644
260 2147483644
240 2147483644
933 2147483644
676 2147483644
745 2147483644
533 2147483644
538 2147483644
340 2147483644
302 2147483644
780 2147483644
752 2147483644
298 2147483644
890 2147483644
999 2147483644
896 2147483644
328 2147483644
606 2147483644
851 2147483644
356 2147483644
3 2147483644
719 2147483644
744 2147483644
866 2147483644
170 2147483644
76 2147483644
409 2147483644
966 2147483644
43 2147483644
3 2147483644
183 2147483644
277 2147483644
419 2147483644
705 2147483644
157 2147483644
824 2147483644
371 2147483644
805 2147483644
151 2147483644
149 2147483644
766 2147483644
65 2147483644
621 2147483644
152 2147483644
318 2147483644
139 2147483644
622 2147483644
109 2147483644
226 2147483645
243 2147483645
89 2147483645
101 2147483645
526 2147483645
272 2147483645
754 2147483645
886 2147483645
837 2147483645
585 2147483645
554 2147483645
835 2147483645
496 2147483645
861 2147483645
338 2147483645
462 2147483645
558 2147483645
51 2147483645
217 2147483645
37 2147483645
162 2147483645
287 2147483645
293 2147483645
296 2147483645
162 2147483645
518 2147483645
982 2147483645
16 2147483645
477 2147483645
821 2147483645
551 2147483645
104 2147483645
570 2147483645
550 2147483645
25 2147483645
270 2147483645
992 2147483645
402 2147483645
978 2147483645
154 2147483645
285 2147483645
747 2147483645
804 2147483645
416 2147483645
787 2147483645
268 2147483645
718 2147483645
660 2147483645
591 2147483645
198 2147483645
622 2147483645
697 2147483645
826 2147483645
328 2147483645
299 2147483645
890 2147483645
163 2147483645
519 2147483645
136 2147483645
96 2147483645
731 2147483645
932 2147483645
171 2147483645
436 2147483645
782 2147483645
620 2147483645
176 2147483645
412 2147483645
815 2147483645
90 2147483645
523 2147483645
294 2147483645
712 2147483645
558 2147483645
507 2147483645
800 2147483645
549 2147483645
545 2147483645
289 2147483645
900 2147483645
952 2147483645
589 2147483645
19 2147483645
326 2147483645
725 2147483645
755 2147483645
638 2147483645
448 2147483645
614 2147483645
954 2147483645
753 2147483645
817 2147483645
541 2147483646
530 2147483646
328 2147483646
331 2147483646
694 2147483646
992 2147483646
610 2147483646
989 2147483646
365 2147483646
959 2147483646
807 2147483646
475 2147483646
833 2147483646
678 2147483646
997 2147483646
548 2147483646
70 2147483646
249 2147483646
888 2147483646
781 2147483646
220 2147483646
448 2147483646
990 2147483646
708 2147483646
168 2147483646
524 2147483646
880 2147483646
344 2147483646
949 2147483646
760 2147483646
65 2147483646
31 2147483646
371 2147483646
160 2147483646
284 2147483646
475 2147483646
585 2147483646
530 2147483646
642 2147483646
937 2147483646
369 2147483646
905 2147483646
553 2147483646
357 2147483646
975 2147483646
812 2147483646
574 2147483646
967 2147483646
489 2147483646
763 2147483646
140 2147483646
620 2147483646
232 2147483646
927 2147483646
194 2147483646
593 2147483646
819 2147483646
35 2147483646
429 2147483646
134 2147483646
436 2147483646
678 2147483646
6 2147483646
895 2147483646
293 2147483646
238 2147483646
810 2147483646
810 2147483646
247 2147483646
867 2147483647
606 2147483647
750 2147483647
549 2147483647
487 2147483647
524 2147483647
921 2147483647
714 2147483647
283 2147483647
835 2147483647
231 2147483647
636 2147483647
820 2147483647
176 2147483647
390 2147483647
28 2147483647
340 2147483647
104 2147483647
734 2147483647
868 2147483647
861 2147483647
390 2147483647
725 2147483647
683 2147483647
894 2147483647
689 2147483647
86 2147483647
443 2147483647
80 2147483647
697 2147483647
883 2147483647
376 2147483647
642 2147483647
503 2147483647
748 2147483647
570 2147483647
205 2147483647
179 2147483647
682 2147483647
485 2147483647
589 2147483647
725 2147483647
587 2147483647
221 2147483647
564 2147483647
179 2147483647
982 2147483647
819 2147483647
321 2147483647
371 2147483647
904 2147483647
699 2147483647
187 2147483647
372 2147483647
542 2147483647
210 2147483647
833 2147483647
743 2147483647
956 2147483647
773 2147483647
106 2147483647
974 2147483647
141 2147483647
798 2147483647
526 2147483647
803 2147483647
657 2147483647
530 2147483647
446 2147483647
115 2147483647
63 2147483647
769 2147483647
408 2147483647
254 2147483647
249 2147483647
303 2147483647
472 2147483647
373 2147483647
415 2147483647
424 2147483647
796 2147483647
90 2147483647
675 2147483647
665 2147483647
894 2147483647
851 2147483647
60 2147483647
462 2147483647
125 2147483647
513 2147483647
237 2147483647
182 2147483647
912 2147483647
912 2147483647
663 2147483647
433 2147483647
389 2147483647
356 2147483647
