487
8 0
343 2
731 2
909 3
130 10
976 10
921 11
359 11
954 12
342 13
677 13
101 13
901 14
461 15
792 15
406 15
220 16
660 17
611 17
993 18
787 20
842 20
429 21
743 22
438 23
324 24
179 25
121 26
10 28
68 29
663 30
187 33
1 34
664 34
800 39
825 41
418 41
560 42
650 43
965 45
280 46
652 47
105 48
276 49
787 49
730 50
745 51
803 51
749 52
651 52
417 54
927 55
491 55
341 55
823 56
577 57
983 61
764 61
413 62
373 62
992 64
723 64
102 64
447 66
114 67
233 67
626 69
617 70
937 70
75 73
818 73
921 73
929 77
823 77
423 78
923 78
720 85
363 86
320 88
734 89
346 90
252 92
976 92
340 93
535 93
91 96
661 98
645 99
663 100
178 101
62 102
77 104
599 106
972 106
972 107
463 107
955 108
874 109
186 110
637 113
822 114
323 114
58 118
587 118
774 118
807 119
178 120
326 123
788 124
292 124
113 126
890 126
766 127
419 128
227 129
489 130
343 130
581 134
489 139
265 141
774 142
232 142
617 142
431 143
697 143
944 146
180 147
898 147
798 150
984 151
441 151
278 152
205 153
748 155
667 156
120 159
44 159
190 160
833 161
488 165
518 166
775 166
4 167
224 167
805 167
199 171
329 171
381 175
422 175
80 177
47 179
962 179
554 183
40 185
471 186
945 186
614 186
171 187
345 190
104 191
761 192
43 192
358 193
194 193
174 196
724 197
94 201
298 202
964 202
267 204
239 206
732 206
681 207
922 207
774 209
977 209
963 209
227 210
716 210
23 211
460 211
301 211
945 212
857 214
127 216
726 217
894 217
269 218
75 218
506 219
295 220
994 220
165 221
272 221
183 222
523 223
594 225
107 225
649 225
153 228
951 230
383 230
643 230
827 231
386 231
338 235
381 235
501 237
674 238
794 238
796 238
54 239
411 239
173 240
247 242
239 244
257 245
774 246
894 246
653 248
447 249
679 249
21 255
463 255
992 256
666 258
683 261
844 262
743 264
725 265
150 268
606 268
87 269
817 269
768 270
478 271
396 271
680 271
110 272
553 272
445 273
247 273
178 273
42 274
47 276
625 276
106 276
719 278
141 278
184 279
301 279
667 279
167 279
519 280
132 280
343 280
82 282
769 282
364 283
982 284
115 286
274 287
777 288
637 288
712 290
13 293
85 295
426 297
697 299
838 300
71 303
558 304
879 304
611 306
351 307
545 307
954 308
814 315
463 316
476 317
423 319
191 321
593 322
757 323
946 324
138 324
960 325
741 329
478 330
558 330
51 333
363 334
266 335
50 336
541 337
924 341
812 343
930 346
986 348
656 348
954 351
811 352
412 353
449 354
295 354
442 357
866 360
54 362
916 363
508 363
519 364
612 364
485 364
710 364
256 365
630 366
602 367
624 367
793 367
495 369
447 369
910 371
59 372
864 376
24 378
161 379
758 380
306 383
486 384
27 384
958 385
692 386
347 388
271 389
871 389
28 392
963 392
190 393
725 396
295 397
839 397
242 398
349 398
51 398
611 401
921 403
41 403
799 404
873 405
475 405
337 407
690 408
518 410
411 413
344 413
497 415
249 416
667 416
272 417
481 419
621 422
634 423
229 427
891 428
892 428
581 430
157 430
240 430
987 431
521 431
86 431
243 431
580 433
370 435
929 436
542 441
241 441
22 441
468 441
245 441
668 442
306 443
598 444
720 445
240 446
57 447
733 448
916 450
279 450
892 450
888 451
316 452
737 452
836 455
83 456
661 456
947 457
818 460
468 460
682 463
936 464
952 465
61 471
162 473
372 474
289 475
643 476
282 477
888 478
480 480
324 482
573 484
449 484
397 484
308 485
499 486
546 486
672 486
562 488
822 490
313 491
250 491
785 493
635 495
2 495
483 496
373 499
911 501
172 504
454 505
812 505
772 507
372 510
461 510
539 512
363 515
983 516
9 518
970 518
498 519
441 521
398 522
312 522
854 523
756 523
59 524
981 525
532 527
855 527
172 527
361 528
178 533
759 534
205 535
23 536
278 539
396 540
319 540
468 541
219 542
193 546
443 546
821 547
499 548
680 548
218 550
500 550
695 552
483 552
396 552
756 553
26 556
131 557
130 558
97 559
174 559
925 560
636 560
517 563
954 566
193 568
126 569
144 570
259 572
574 574
707 575
920 575
