574
38 2
869 3
886 3
464 4
533 7
291 7
770 14
117 22
196 22
785 23
450 26
872 30
843 34
891 35
774 35
383 35
896 35
926 36
366 37
347 38
204 40
529 43
714 44
470 45
818 46
76 47
590 53
77 55
818 55
650 62
770 63
120 63
356 63
786 65
981 65
495 66
208 69
921 70
80 70
197 71
678 72
586 73
360 76
540 83
795 85
305 88
986 92
115 94
276 98
832 100
577 102
304 104
132 105
10 106
121 106
208 111
101 112
830 112
564 115
418 115
156 116
588 117
466 119
363 122
554 122
551 123
593 126
473 129
745 130
698 130
747 130
597 131
183 135
343 136
377 137
817 138
635 138
100 140
712 143
846 145
146 154
227 154
923 155
477 158
265 162
154 164
19 165
456 165
167 166
86 169
733 169
411 170
19 170
969 171
57 174
762 175
219 175
536 176
473 176
921 177
688 177
324 179
103 180
534 182
127 186
664 188
852 196
476 197
838 200
706 200
238 202
345 202
238 203
284 204
361 205
71 206
664 213
820 214
631 218
731 220
517 221
704 222
266 223
87 224
962 224
104 224
430 225
836 228
862 237
17 240
872 240
538 240
821 243
344 244
21 245
319 246
319 251
34 251
186 255
977 258
631 259
959 259
505 260
458 263
239 265
926 265
732 267
13 267
496 268
876 268
615 269
377 270
283 270
908 271
975 273
588 273
606 275
921 277
847 277
248 279
438 281
435 281
112 281
514 282
202 285
906 288
759 290
496 293
971 294
8 294
100 296
773 298
646 298
40 300
867 303
577 304
957 306
113 309
628 310
732 311
614 313
335 319
498 323
177 324
658 324
105 328
944 329
917 332
260 333
517 333
194 334
18 335
363 336
917 336
850 344
471 350
164 350
872 352
805 355
326 358
191 363
442 365
442 365
662 367
633 367
899 378
814 378
683 380
894 381
89 381
498 381
751 381
478 382
117 382
268 383
999 386
649 389
579 398
279 400
661 401
735 404
341 404
601 405
25 405
132 407
12 412
197 412
445 414
481 414
202 414
433 418
784 418
331 419
84 420
483 421
317 422
521 425
284 433
806 441
469 445
815 448
137 450
46 450
707 451
607 453
378 454
395 455
881 461
701 464
961 467
126 468
55 468
793 469
438 470
870 470
697 472
681 472
717 473
218 474
689 475
658 475
564 479
81 481
950 481
217 490
815 491
292 492
733 493
761 494
828 496
685 496
212 500
6 500
633 502
592 504
905 504
721 504
598 505
358 505
315 507
629 507
732 510
352 512
905 513
244 517
652 517
946 520
80 521
293 521
42 522
685 525
966 525
914 528
164 531
74 538
523 542
95 542
446 543
446 543
387 543
864 547
22 549
727 553
98 555
560 555
572 555
891 555
808 555
160 556
943 557
931 561
201 561
256 566
2 567
10 569
800 570
609 571
209 571
197 573
648 574
189 579
257 580
899 580
557 580
517 580
704 581
439 582
973 586
270 587
201 587
293 589
156 590
496 593
751 594
722 594
767 595
93 596
460 596
143 597
143 597
48 600
488 601
506 602
684 603
289 607
73 609
211 610
819 610
111 610
973 611
689 612
292 614
712 617
516 618
643 618
915 621
496 622
945 623
871 623
540 627
386 628
574 630
978 633
928 634
401 635
600 636
105 636
704 636
30 637
943 638
264 647
283 650
192 651
387 653
170 653
823 654
511 658
303 659
519 663
229 664
512 664
578 669
631 671
280 673
456 676
610 680
148 683
78 684
658 685
696 685
986 688
632 688
289 693
141 693
39 694
672 696
402 698
83 698
980 699
648 701
759 701
866 702
41 702
377 703
858 710
792 712
949 712
443 713
488 715
884 716
831 718
681 721
862 722
585 722
118 723
229 724
661 725
989 730
47 731
472 731
5 732
962 734
138 737
411 739
291 739
186 739
55 740
312 742
507 744
66 745
65 748
740 749
3 751
978 752
248 752
334 754
620 755
133 757
772 757
104 759
691 761
659 761
855 762
920 763
92 765
237 765
314 771
713 773
389 774
393 775
858 779
296 779
66 779
876 782
672 785
956 785
335 786
27 787
938 788
775 788
292 794
984 795
19 795
902 797
251 800
103 810
188 815
569 816
423 816
835 819
979 821
854 826
841 829
540 829
917 837
133 838
195 839
366 842
252 842
470 845
5 845
795 846
620 846
485 846
452 851
171 857
419 860
546 860
962 862
258 862
884 863
223 865
587 875
353 876
240 878
369 879
77 881
814 883
912 885
235 886
958 887
700 887
898 888
203 888
130 888
802 889
650 889
366 894
894 895
693 897
555 900
710 902
770 903
433 903
947 905
965 906
562 911
493 913
228 918
808 926
898 928
414 929
494 929
166 930
426 931
820 931
537 931
882 933
360 934
670 934
94 937
566 938
492 941
333 942
50 942
903 943
447 944
73 945
724 946
605 946
498 946
661 947
885 948
230 948
700 950
397 950
198 950
203 953
749 953
554 954
747 954
973 956
892 957
226 958
222 959
358 961
75 964
206 965
63 965
863 968
536 971
486 971
983 974
893 977
130 979
812 984
958 986
577 986
660 988
861 990
208 993
985 995
491 998
274 999
