1000
108 2147483637
178 2147483637
34 2147483637
678 2147483637
93 2147483637
354 2147483637
847 2147483637
953 2147483637
606 2147483637
850 2147483637
167 2147483637
171 2147483637
231 2147483637
517 2147483637
342 2147483637
193 2147483637
543 2147483637
244 2147483637
413 2147483637
491 2147483637
245 2147483637
463 2147483637
771 2147483637
659 2147483637
206 2147483637
138 2147483637
485 2147483637
754 2147483637
526 2147483637
243 2147483637
724 2147483637
107 2147483637
981 2147483637
795 2147483637
946 2147483637
808 2147483637
309 2147483637
459 2147483637
34 2147483637
362 2147483637
585 2147483637
437 2147483637
366 2147483637
515 2147483637
661 2147483637
460 2147483637
640 2147483637
578 2147483637
494 2147483637
878 2147483637
283 2147483637
43 2147483637
331 2147483637
948 2147483637
228 2147483637
25 2147483637
344 2147483637
735 2147483637
737 2147483637
285 2147483637
628 2147483637
718 2147483637
537 2147483637
678 2147483637
362 2147483637
651 2147483637
449 2147483637
733 2147483637
167 2147483637
527 2147483637
571 2147483637
396 2147483637
580 2147483637
853 2147483637
786 2147483637
942 2147483637
982 2147483637
662 2147483637
120 2147483637
269 2147483637
835 2147483637
151 2147483637
59 2147483637
2 2147483637
265 2147483637
627 2147483637
348 2147483637
883 2147483637
568 2147483637
290 2147483637
242 2147483637
350 2147483637
290 2147483637
685 2147483637
244 2147483638
780 2147483638
375 2147483638
419 2147483638
687 2147483638
31 2147483638
626 2147483638
367 2147483638
544 2147483638
966 2147483638
450 2147483638
975 2147483638
804 2147483638
180 2147483638
352 2147483638
675 2147483638
529 2147483638
474 2147483638
673 2147483638
40 2147483638
221 2147483638
552 2147483638
222 2147483638
486 2147483638
453 2147483638
712 2147483638
697 2147483638
932 2147483638
149 2147483638
362 2147483638
591 2147483638
533 2147483638
885 2147483638
287 2147483638
233 2147483638
657 2147483638
161 2147483638
334 2147483638
863 2147483638
621 2147483638
467 2147483638
921 2147483638
605 2147483638
592 2147483638
69 2147483638
575 2147483638
924 2147483638
7 2147483638
881 2147483638
144 2147483638
98 2147483638
139 2147483638
763 2147483638
995 2147483638
94 2147483638
321 2147483638
91 2147483638
697 2147483638
315 2147483638
696 2147483638
602 2147483638
256 2147483638
298 2147483638
55 2147483638
842 2147483638
158 2147483638
527 2147483638
362 2147483638
723 2147483638
572 2147483638
380 2147483638
747 2147483638
141 2147483638
775 2147483638
632 2147483638
424 2147483638
91 2147483638
360 2147483638
256 2147483638
320 2147483638
735 2147483638
457 2147483638
934 2147483638
900 2147483638
649 2147483638
830 2147483638
25 2147483638
421 2147483638
253 2147483639
43 2147483639
565 2147483639
855 2147483639
407 2147483639
15 2147483639
325 2147483639
898 2147483639
902 2147483639
333 2147483639
954 2147483639
14 2147483639
945 2147483639
982 2147483639
246 2147483639
40 2147483639
850 2147483639
909 2147483639
337 2147483639
868 2147483639
853 2147483639
339 2147483639
662 2147483639
410 2147483639
399 2147483639
566 2147483639
490 2147483639
997 2147483639
47 2147483639
991 2147483639
468 2147483639
579 2147483639
751 2147483639
646 2147483639
256 2147483639
340 2147483639
112 2147483639
321 2147483639
223 2147483639
39 2147483639
11 2147483639
375 2147483639
617 2147483639
600 2147483639
932 2147483639
478 2147483639
520 2147483639
518 2147483639
267 2147483639
317 2147483639
252 2147483639
615 2147483639
344 2147483639
800 2147483639
50 2147483639
269 2147483639
886 2147483639
727 2147483639
260 2147483639
692 2147483639
619 2147483639
845 2147483639
299 2147483639
988 2147483639
270 2147483639
483 2147483639
250 2147483639
977 2147483639
647 2147483639
609 2147483639
405 2147483639
583 2147483639
251 2147483639
68 2147483639
937 2147483639
367 2147483639
115 2147483639
457 2147483639
601 2147483639
677 2147483639
215 2147483639
310 2147483639
847 2147483639
545 2147483639
816 2147483639
898 2147483639
346 2147483639
85 2147483639
845 2147483639
146 2147483639
911 2147483639
730 2147483639
782 2147483639
866 2147483639
856 2147483639
125 2147483639
298 2147483639
995 2147483639
819 2147483639
823 2147483639
328 2147483640
434 2147483640
407 2147483640
753 2147483640
888 2147483640
20 2147483640
29 2147483640
146 2147483640
707 2147483640
618 2147483640
728 2147483640
744 2147483640
706 2147483640
21 2147483640
548 2147483640
25 2147483640
473 2147483640
276 2147483640
897 2147483640
636 2147483640
714 2147483640
674 2147483640
277 2147483640
877 2147483640
92 2147483640
212 2147483640
201 2147483640
85 2147483640
338 2147483640
522 2147483640
310 2147483640
562 2147483640
807 2147483640
970 2147483640
921 2147483640
884 2147483640
980 2147483640
892 2147483640
493 2147483640
66 2147483640
298 2147483640
251 2147483640
443 2147483640
294 2147483640
766 2147483640
309 2147483640
648 2147483640
75 2147483640
709 2147483640
16 2147483640
494 2147483640
763 2147483640
147 2147483640
8 2147483640
593 2147483640
303 2147483640
288 2147483640
963 2147483640
412 2147483640
90 2147483640
316 2147483640
673 2147483640
100 2147483640
171 2147483640
787 2147483640
922 2147483640
474 2147483640
308 2147483640
794 2147483640
188 2147483640
923 2147483640
472 2147483640
236 2147483640
848 2147483640
484 2147483640
379 2147483640
461 2147483640
597 2147483640
953 2147483640
703 2147483640
338 2147483640
543 2147483640
59 2147483640
765 2147483640
314 2147483640
25 2147483640
726 2147483640
543 2147483640
720 2147483640
79 2147483640
292 2147483640
694 2147483640
891 2147483640
40 2147483640
821 2147483640
856 2147483640
201 2147483641
241 2147483641
419 2147483641
519 2147483641
919 2147483641
65 2147483641
174 2147483641
528 2147483641
614 2147483641
543 2147483641
138 2147483641
972 2147483641
227 2147483641
176 2147483641
670 2147483641
699 2147483641
572 2147483641
556 2147483641
134 2147483641
206 2147483641
793 2147483641
523 2147483641
448 2147483641
422 2147483641
916 2147483641
76 2147483641
76 2147483641
215 2147483641
535 2147483641
237 2147483641
982 2147483641
847 2147483641
360 2147483641
118 2147483641
883 2147483641
852 2147483641
658 2147483641
822 2147483641
584 2147483641
221 2147483641
792 2147483641
474 2147483641
707 2147483641
87 2147483641
54 2147483641
484 2147483641
971 2147483641
971 2147483641
545 2147483641
320 2147483641
860 2147483641
779 2147483641
23 2147483641
177 2147483641
715 2147483641
46 2147483641
642 2147483641
289 2147483641
849 2147483641
523 2147483641
223 2147483641
605 2147483641
923 2147483641
745 2147483641
690 2147483641
611 2147483641
103 2147483641
982 2147483641
145 2147483641
284 2147483641
261 2147483641
666 2147483641
739 2147483641
857 2147483641
344 2147483641
324 2147483641
246 2147483641
920 2147483641
689 2147483641
134 2147483641
931 2147483641
3 2147483641
621 2147483641
746 2147483641
489 2147483641
47 2147483641
405 2147483641
765 2147483641
871 2147483641
156 2147483641
140 2147483641
346 2147483641
58 2147483641
94 2147483641
110 2147483642
458 2147483642
824 2147483642
894 2147483642
887 2147483642
851 2147483642
553 2147483642
312 2147483642
97 2147483642
671 2147483642
612 2147483642
754 2147483642
600 2147483642
192 2147483642
778 2147483642
9 2147483642
978 2147483642
218 2147483642
721 2147483642
98 2147483642
86 2147483642
754 2147483642
149 2147483642
251 2147483642
641 2147483642
286 2147483642
836 2147483642
260 2147483642
301 2147483642
997 2147483642
310 2147483642
642 2147483642
692 2147483642
950 2147483642
122 2147483642
94 2147483642
741 2147483642
598 2147483642
725 2147483642
742 2147483642
390 2147483642
257 2147483642
401 2147483642
397 2147483642
168 2147483642
199 2147483642
726 2147483642
677 2147483642
65 2147483642
512 2147483642
517 2147483642
67 2147483642
777 2147483642
33 2147483642
490 2147483642
877 2147483642
831 2147483642
688 2147483642
88 2147483642
690 2147483642
260 2147483642
255 2147483642
192 2147483642
289 2147483642
153 2147483642
338 2147483642
580 2147483642
51 2147483642
92 2147483642
302 2147483642
554 2147483642
710 2147483642
906 2147483642
322 2147483642
928 2147483642
92 2147483642
952 2147483642
629 2147483642
695 2147483642
356 2147483642
379 2147483642
570 2147483642
665 2147483642
156 2147483642
368 2147483642
23 2147483642
742 2147483642
964 2147483642
931 2147483642
827 2147483643
697 2147483643
483 2147483643
515 2147483643
189 2147483643
763 2147483643
70 2147483643
868 2147483643
11 2147483643
529 2147483643
481 2147483643
829 2147483643
554 2147483643
235 2147483643
874 2147483643
323 2147483643
731 2147483643
662 2147483643
750 2147483643
656 2147483643
635 2147483643
98 2147483643
885 2147483643
346 2147483643
113 2147483643
445 2147483643
686 2147483643
589 2147483643
956 2147483643
911 2147483643
150 2147483643
157 2147483643
132 2147483643
916 2147483643
333 2147483643
138 2147483643
376 2147483643
614 2147483643
239 2147483643
889 2147483643
336 2147483643
952 2147483643
172 2147483643
363 2147483643
821 2147483643
316 2147483643
851 2147483643
221 2147483643
219 2147483643
487 2147483643
811 2147483643
829 2147483643
827 2147483643
314 2147483643
709 2147483643
337 2147483643
773 2147483643
161 2147483643
958 2147483643
566 2147483643
898 2147483643
732 2147483643
386 2147483643
187 2147483643
145 2147483643
86 2147483643
556 2147483643
647 2147483643
261 2147483643
569 2147483643
654 2147483643
966 2147483643
99 2147483643
315 2147483643
802 2147483643
177 2147483643
72 2147483643
151 2147483643
251 2147483643
196 2147483643
150 2147483643
194 2147483643
129 2147483643
74 2147483643
925 2147483644
787 2147483644
270 2147483644
44 2147483644
328 2147483644
298 2147483644
43 2147483644
987 2147483644
482 2147483644
355 2147483644
641 2147483644
9 2147483644
996 2147483644
238 2147483644
915 2147483644
915 2147483644
518 2147483644
836 2147483644
871 2147483644
247 2147483644
243 2147483644
507 2147483644
139 2147483644
625 2147483644
66 2147483644
282 2147483644
670 2147483644
403 2147483644
947 2147483644
357 2147483644
314 2147483644
254 2147483644
222 2147483644
138 2147483644
618 2147483644
933 2147483644
686 2147483644
305 2147483644
792 2147483644
813 2147483644
415 2147483644
832 2147483644
905 2147483644
855 2147483644
411 2147483644
519 2147483644
357 2147483644
963 2147483644
854 2147483644
218 2147483644
267 2147483644
690 2147483644
761 2147483644
105 2147483644
588 2147483644
402 2147483644
169 2147483644
840 2147483644
443 2147483644
921 2147483644
437 2147483644
157 2147483644
339 2147483644
261 2147483644
957 2147483644
662 2147483644
807 2147483644
445 2147483644
877 2147483644
508 2147483644
670 2147483644
858 2147483644
523 2147483644
915 2147483644
419 2147483644
710 2147483644
657 2147483644
677 2147483644
414 2147483644
439 2147483644
775 2147483644
808 2147483644
639 2147483644
983 2147483644
179 2147483645
865 2147483645
134 2147483645
882 2147483645
28 2147483645
638 2147483645
135 2147483645
979 2147483645
198 2147483645
733 2147483645
223 2147483645
41 2147483645
524 2147483645
418 2147483645
296 2147483645
164 2147483645
890 2147483645
656 2147483645
723 2147483645
475 2147483645
719 2147483645
653 2147483645
45 2147483645
406 2147483645
987 2147483645
767 2147483645
870 2147483645
365 2147483645
939 2147483645
800 2147483645
335 2147483645
330 2147483645
840 2147483645
108 2147483645
800 2147483645
767 2147483645
300 2147483645
619 2147483645
678 2147483645
326 2147483645
472 2147483645
528 2147483645
523 2147483645
413 2147483645
116 2147483645
552 2147483645
939 2147483645
229 2147483645
549 2147483645
57 2147483645
450 2147483645
91 2147483645
312 2147483645
770 2147483645
47 2147483645
920 2147483645
242 2147483645
401 2147483645
685 2147483645
190 2147483645
110 2147483645
861 2147483645
615 2147483645
725 2147483645
184 2147483645
703 2147483645
288 2147483645
800 2147483645
101 2147483645
995 2147483645
924 2147483645
299 2147483645
840 2147483645
405 2147483645
446 2147483645
38 2147483645
885 2147483645
646 2147483645
589 2147483645
103 2147483645
869 2147483645
24 2147483645
172 2147483645
705 2147483645
205 2147483645
772 2147483645
91 2147483645
288 2147483645
941 2147483645
635 2147483645
113 2147483645
194 2147483645
558 2147483645
398 2147483645
780 2147483645
649 2147483645
279 2147483645
728 2147483645
446 2147483645
963 2147483645
488 2147483646
997 2147483646
593 2147483646
147 2147483646
339 2147483646
161 2147483646
753 2147483646
465 2147483646
806 2147483646
275 2147483646
497 2147483646
645 2147483646
644 2147483646
214 2147483646
409 2147483646
83 2147483646
516 2147483646
550 2147483646
399 2147483646
29 2147483646
658 2147483646
425 2147483646
817 2147483646
4 2147483646
560 2147483646
344 2147483646
59 2147483646
357 2147483646
482 2147483646
973 2147483646
574 2147483646
935 2147483646
823 2147483646
668 2147483646
181 2147483646
572 2147483646
510 2147483646
187 2147483646
318 2147483646
777 2147483646
436 2147483646
128 2147483646
376 2147483646
413 2147483646
633 2147483646
308 2147483646
4 2147483646
603 2147483646
553 2147483646
757 2147483646
959 2147483646
538 2147483646
356 2147483646
224 2147483646
115 2147483646
445 2147483646
603 2147483646
112 2147483646
485 2147483646
379 2147483646
487 2147483646
304 2147483646
603 2147483646
30 2147483646
401 2147483646
740 2147483646
395 2147483646
215 2147483646
553 2147483646
243 2147483646
729 2147483646
898 2147483646
83 2147483646
956 2147483646
412 2147483646
157 2147483646
280 2147483646
556 2147483646
77 2147483646
585 2147483646
255 2147483646
861 2147483646
90 2147483646
652 2147483646
447 2147483647
234 2147483647
607 2147483647
580 2147483647
794 2147483647
193 2147483647
597 2147483647
638 2147483647
518 2147483647
933 2147483647
945 2147483647
981 2147483647
907 2147483647
990 2147483647
153 2147483647
3 2147483647
782 2147483647
989 2147483647
724 2147483647
183 2147483647
850 2147483647
271 2147483647
34 2147483647
590 2147483647
358 2147483647
700 2147483647
94 2147483647
697 2147483647
254 2147483647
621 2147483647
622 2147483647
402 2147483647
745 2147483647
454 2147483647
871 2147483647
141 2147483647
86 2147483647
982 2147483647
539 2147483647
363 2147483647
36 2147483647
725 2147483647
789 2147483647
637 2147483647
116 2147483647
390 2147483647
828 2147483647
548 2147483647
106 2147483647
300 2147483647
261 2147483647
921 2147483647
976 2147483647
822 2147483647
323 2147483647
386 2147483647
906 2147483647
403 2147483647
489 2147483647
691 2147483647
372 2147483647
171 2147483647
622 2147483647
336 2147483647
690 2147483647
676 2147483647
400 2147483647
981 2147483647
254 2147483647
484 2147483647
844 2147483647
59 2147483647
890 2147483647
960 2147483647
569 2147483647
611 2147483647
742 2147483647
500 2147483647
514 2147483647
823 2147483647
993 2147483647
986 2147483647
464 2147483647
855 2147483647
989 2147483647
882 2147483647
249 2147483647
