1000
372 2147483637
681 2147483637
689 2147483637
765 2147483637
824 2147483637
732 2147483637
716 2147483637
951 2147483637
858 2147483637
81 2147483637
988 2147483637
770 2147483637
317 2147483637
548 2147483637
934 2147483637
775 2147483637
968 2147483637
563 2147483637
613 2147483637
836 2147483637
119 2147483637
777 2147483637
594 2147483637
138 2147483637
661 2147483637
136 2147483637
96 2147483637
63 2147483637
936 2147483637
871 2147483637
775 2147483637
277 2147483637
927 2147483637
309 2147483637
136 2147483637
977 2147483637
1000 2147483637
758 2147483637
129 2147483637
886 2147483637
880 2147483637
356 2147483637
408 2147483637
932 2147483637
387 2147483637
497 2147483637
861 2147483637
717 2147483637
735 2147483637
56 2147483637
617 2147483637
853 2147483637
43 2147483637
577 2147483637
324 2147483637
959 2147483637
507 2147483637
574 2147483637
639 2147483637
142 2147483637
837 2147483637
853 2147483637
133 2147483637
365 2147483637
536 2147483637
615 2147483637
619 2147483637
739 2147483637
299 2147483637
979 2147483637
386 2147483637
76 2147483637
949 2147483637
668 2147483637
922 2147483637
225 2147483637
102 2147483638
81 2147483638
860 2147483638
885 2147483638
777 2147483638
610 2147483638
212 2147483638
744 2147483638
264 2147483638
377 2147483638
810 2147483638
399 2147483638
859 2147483638
937 2147483638
584 2147483638
329 2147483638
180 2147483638
822 2147483638
448 2147483638
556 2147483638
833 2147483638
953 2147483638
933 2147483638
662 2147483638
904 2147483638
614 2147483638
824 2147483638
207 2147483638
100 2147483638
911 2147483638
296 2147483638
268 2147483638
630 2147483638
947 2147483638
198 2147483638
215 2147483638
401 2147483638
43 2147483638
209 2147483638
467 2147483638
639 2147483638
160 2147483638
224 2147483638
950 2147483638
573 2147483638
856 2147483638
685 2147483638
690 2147483638
899 2147483638
128 2147483638
583 2147483638
457 2147483638
364 2147483638
313 2147483638
926 2147483638
60 2147483638
584 2147483638
194 2147483638
423 2147483638
70 2147483638
385 2147483638
335 2147483638
459 2147483638
377 2147483638
531 2147483638
1 2147483638
786 2147483638
574 2147483638
611 2147483638
577 2147483638
243 2147483638
859 2147483638
172 2147483638
914 2147483638
475 2147483638
92 2147483638
171 2147483638
203 2147483638
880 2147483638
748 2147483638
620 2147483638
766 2147483638
493 2147483638
192 2147483638
928 2147483638
281 2147483638
304 2147483638
620 2147483638
33 2147483638
433 2147483639
881 2147483639
940 2147483639
357 2147483639
228 2147483639
294 2147483639
674 2147483639
531 2147483639
691 2147483639
262 2147483639
181 2147483639
554 2147483639
187 2147483639
680 2147483639
986 2147483639
918 2147483639
759 2147483639
24 2147483639
2 2147483639
605 2147483639
80 2147483639
389 2147483639
151 2147483639
16 2147483639
751 2147483639
958 2147483639
843 2147483639
577 2147483639
255 2147483639
615 2147483639
123 2147483639
786 2147483639
371 2147483639
446 2147483639
3 2147483639
420 2147483639
384 2147483639
936 2147483639
175 2147483639
241 2147483639
189 2147483639
477 2147483639
265 2147483639
503 2147483639
398 2147483639
923 2147483639
807 2147483639
883 2147483639
366 2147483639
302 2147483639
817 2147483639
908 2147483639
379 2147483639
218 2147483639
114 2147483639
88 2147483639
547 2147483639
745 2147483639
895 2147483639
761 2147483639
615 2147483639
1000 2147483639
817 2147483639
504 2147483639
176 2147483639
774 2147483639
361 2147483639
242 2147483639
258 2147483639
764 2147483639
462 2147483639
443 2147483639
937 2147483639
648 2147483639
579 2147483639
496 2147483639
245 2147483639
475 2147483639
373 2147483639
2 2147483639
948 2147483639
53 2147483639
140 2147483639
396 2147483639
512 2147483639
798 2147483639
398 2147483639
276 2147483639
619 2147483639
511 2147483639
936 2147483639
581 2147483639
651 2147483639
880 2147483639
379 2147483639
992 2147483639
166 2147483639
639 2147483639
708 2147483639
154 2147483640
761 2147483640
399 2147483640
514 2147483640
585 2147483640
491 2147483640
965 2147483640
90 2147483640
44 2147483640
654 2147483640
605 2147483640
487 2147483640
747 2147483640
687 2147483640
464 2147483640
945 2147483640
187 2147483640
422 2147483640
696 2147483640
773 2147483640
950 2147483640
68 2147483640
698 2147483640
484 2147483640
853 2147483640
532 2147483640
58 2147483640
182 2147483640
758 2147483640
722 2147483640
206 2147483640
87 2147483640
508 2147483640
619 2147483640
107 2147483640
696 2147483640
43 2147483640
59 2147483640
552 2147483640
268 2147483640
55 2147483640
818 2147483640
45 2147483640
682 2147483640
730 2147483640
28 2147483640
606 2147483640
745 2147483640
191 2147483640
958 2147483640
177 2147483640
690 2147483640
440 2147483640
761 2147483640
648 2147483640
856 2147483640
163 2147483640
569 2147483640
279 2147483640
134 2147483640
26 2147483640
438 2147483640
381 2147483640
507 2147483640
474 2147483640
647 2147483640
454 2147483640
241 2147483640
513 2147483640
310 2147483640
909 2147483640
382 2147483640
338 2147483640
706 2147483640
203 2147483640
333 2147483640
497 2147483640
862 2147483640
950 2147483640
561 2147483640
683 2147483640
481 2147483640
842 2147483640
567 2147483640
416 2147483640
482 2147483640
630 2147483640
654 2147483640
17 2147483640
931 2147483640
988 2147483640
638 2147483640
136 2147483640
964 2147483641
117 2147483641
928 2147483641
148 2147483641
1000 2147483641
929 2147483641
756 2147483641
894 2147483641
242 2147483641
100 2147483641
869 2147483641
175 2147483641
165 2147483641
416 2147483641
493 2147483641
199 2147483641
54 2147483641
736 2147483641
121 2147483641
580 2147483641
951 2147483641
89 2147483641
52 2147483641
520 2147483641
173 2147483641
87 2147483641
160 2147483641
731 2147483641
654 2147483641
102 2147483641
169 2147483641
420 2147483641
906 2147483641
407 2147483641
68 2147483641
277 2147483641
677 2147483641
113 2147483641
870 2147483641
933 2147483641
95 2147483641
799 2147483641
508 2147483641
139 2147483641
700 2147483641
957 2147483641
956 2147483641
395 2147483641
663 2147483641
30 2147483641
280 2147483641
741 2147483641
555 2147483641
325 2147483641
899 2147483641
217 2147483641
515 2147483641
524 2147483641
707 2147483641
552 2147483641
424 2147483641
695 2147483641
219 2147483641
662 2147483641
325 2147483641
674 2147483641
970 2147483641
366 2147483641
486 2147483641
639 2147483641
810 2147483641
95 2147483641
782 2147483641
293 2147483641
493 2147483641
959 2147483641
993 2147483641
888 2147483641
667 2147483641
209 2147483641
194 2147483641
824 2147483641
695 2147483641
134 2147483641
198 2147483641
63 2147483641
430 2147483641
255 2147483641
573 2147483641
774 2147483641
190 2147483641
731 2147483641
264 2147483641
215 2147483641
126 2147483641
76 2147483641
505 2147483641
599 2147483641
794 2147483641
964 2147483641
197 2147483642
900 2147483642
662 2147483642
980 2147483642
608 2147483642
261 2147483642
915 2147483642
202 2147483642
739 2147483642
705 2147483642
508 2147483642
271 2147483642
226 2147483642
924 2147483642
795 2147483642
955 2147483642
175 2147483642
452 2147483642
517 2147483642
875 2147483642
923 2147483642
18 2147483642
193 2147483642
524 2147483642
721 2147483642
85 2147483642
108 2147483642
801 2147483642
827 2147483642
368 2147483642
621 2147483642
357 2147483642
89 2147483642
648 2147483642
675 2147483642
979 2147483642
423 2147483642
189 2147483642
603 2147483642
55 2147483642
657 2147483642
339 2147483642
359 2147483642
998 2147483642
304 2147483642
422 2147483642
24 2147483642
578 2147483642
594 2147483642
807 2147483642
164 2147483642
455 2147483642
816 2147483642
90 2147483642
87 2147483642
950 2147483642
550 2147483642
386 2147483642
115 2147483642
707 2147483642
702 2147483642
315 2147483642
226 2147483642
707 2147483642
443 2147483642
788 2147483642
428 2147483642
570 2147483642
268 2147483642
832 2147483642
364 2147483642
308 2147483642
815 2147483642
755 2147483642
440 2147483642
749 2147483642
399 2147483642
241 2147483642
343 2147483642
900 2147483642
667 2147483642
208 2147483642
763 2147483642
195 2147483642
711 2147483642
17 2147483642
787 2147483642
934 2147483642
631 2147483642
50 2147483642
187 2147483642
508 2147483642
485 2147483642
990 2147483642
781 2147483642
349 2147483642
278 2147483642
888 2147483642
743 2147483642
588 2147483642
606 2147483642
569 2147483642
3 2147483642
489 2147483642
427 2147483642
350 2147483643
556 2147483643
512 2147483643
276 2147483643
632 2147483643
858 2147483643
187 2147483643
780 2147483643
708 2147483643
517 2147483643
136 2147483643
71 2147483643
424 2147483643
99 2147483643
972 2147483643
695 2147483643
641 2147483643
397 2147483643
374 2147483643
706 2147483643
725 2147483643
490 2147483643
742 2147483643
878 2147483643
639 2147483643
777 2147483643
859 2147483643
518 2147483643
243 2147483643
734 2147483643
253 2147483643
263 2147483643
418 2147483643
98 2147483643
349 2147483643
85 2147483643
228 2147483643
336 2147483643
646 2147483643
53 2147483643
596 2147483643
215 2147483643
398 2147483643
427 2147483643
585 2147483643
559 2147483643
924 2147483643
632 2147483643
38 2147483643
325 2147483643
298 2147483643
579 2147483643
540 2147483643
206 2147483643
976 2147483643
204 2147483643
118 2147483643
133 2147483643
350 2147483643
20 2147483643
794 2147483643
126 2147483643
468 2147483643
462 2147483643
311 2147483643
417 2147483643
467 2147483643
914 2147483643
958 2147483643
364 2147483643
511 2147483643
217 2147483643
123 2147483643
140 2147483643
501 2147483643
26 2147483643
779 2147483643
547 2147483643
967 2147483643
748 2147483643
603 2147483643
751 2147483643
259 2147483643
810 2147483644
722 2147483644
530 2147483644
675 2147483644
930 2147483644
739 2147483644
696 2147483644
811 2147483644
879 2147483644
663 2147483644
471 2147483644
597 2147483644
94 2147483644
232 2147483644
941 2147483644
964 2147483644
148 2147483644
845 2147483644
274 2147483644
817 2147483644
912 2147483644
963 2147483644
903 2147483644
922 2147483644
561 2147483644
205 2147483644
131 2147483644
139 2147483644
544 2147483644
119 2147483644
591 2147483644
186 2147483644
789 2147483644
893 2147483644
365 2147483644
874 2147483644
214 2147483644
833 2147483644
488 2147483644
334 2147483644
761 2147483644
614 2147483644
8 2147483644
844 2147483644
649 2147483644
473 2147483644
597 2147483644
606 2147483644
804 2147483644
633 2147483644
471 2147483644
45 2147483644
87 2147483644
839 2147483644
343 2147483644
703 2147483644
750 2147483644
368 2147483644
7 2147483644
292 2147483644
908 2147483644
477 2147483644
188 2147483644
65 2147483644
733 2147483644
155 2147483644
453 2147483644
626 2147483644
191 2147483644
460 2147483644
84 2147483644
372 2147483644
723 2147483644
703 2147483644
341 2147483644
596 2147483644
525 2147483644
824 2147483644
807 2147483644
922 2147483644
315 2147483644
81 2147483644
69 2147483644
148 2147483644
309 2147483645
667 2147483645
657 2147483645
181 2147483645
411 2147483645
929 2147483645
871 2147483645
101 2147483645
290 2147483645
278 2147483645
846 2147483645
590 2147483645
865 2147483645
750 2147483645
547 2147483645
818 2147483645
941 2147483645
580 2147483645
930 2147483645
340 2147483645
431 2147483645
791 2147483645
733 2147483645
31 2147483645
927 2147483645
191 2147483645
658 2147483645
492 2147483645
720 2147483645
506 2147483645
863 2147483645
625 2147483645
212 2147483645
270 2147483645
110 2147483645
798 2147483645
317 2147483645
48 2147483645
957 2147483645
337 2147483645
377 2147483645
803 2147483645
272 2147483645
22 2147483645
313 2147483645
881 2147483645
82 2147483645
39 2147483645
684 2147483645
346 2147483645
988 2147483645
266 2147483645
677 2147483645
883 2147483645
537 2147483645
341 2147483645
47 2147483645
439 2147483645
604 2147483645
242 2147483645
526 2147483645
888 2147483645
929 2147483645
256 2147483645
847 2147483645
450 2147483645
609 2147483645
814 2147483645
471 2147483645
979 2147483645
596 2147483645
9 2147483645
64 2147483645
899 2147483645
775 2147483645
51 2147483645
29 2147483645
175 2147483645
770 2147483645
37 2147483645
303 2147483645
501 2147483645
32 2147483645
956 2147483645
812 2147483645
644 2147483645
936 2147483645
280 2147483645
218 2147483645
808 2147483646
46 2147483646
584 2147483646
409 2147483646
649 2147483646
317 2147483646
346 2147483646
834 2147483646
567 2147483646
994 2147483646
596 2147483646
308 2147483646
239 2147483646
848 2147483646
894 2147483646
372 2147483646
900 2147483646
416 2147483646
575 2147483646
73 2147483646
754 2147483646
916 2147483646
535 2147483646
677 2147483646
435 2147483646
48 2147483646
802 2147483646
533 2147483646
230 2147483646
62 2147483646
690 2147483646
856 2147483646
538 2147483646
978 2147483646
870 2147483646
467 2147483646
927 2147483646
268 2147483646
280 2147483646
798 2147483646
946 2147483646
636 2147483646
122 2147483646
430 2147483646
631 2147483646
740 2147483646
30 2147483646
36 2147483646
965 2147483646
540 2147483646
169 2147483646
633 2147483646
763 2147483646
918 2147483646
384 2147483646
949 2147483646
610 2147483646
120 2147483646
116 2147483646
375 2147483646
21 2147483646
442 2147483646
408 2147483646
696 2147483646
51 2147483646
222 2147483646
487 2147483646
520 2147483646
266 2147483646
499 2147483646
277 2147483646
739 2147483646
107 2147483646
292 2147483646
808 2147483646
247 2147483646
494 2147483646
166 2147483646
75 2147483646
34 2147483646
72 2147483646
934 2147483646
407 2147483646
845 2147483646
931 2147483646
763 2147483646
597 2147483646
865 2147483646
375 2147483646
852 2147483646
733 2147483646
17 2147483646
550 2147483646
967 2147483646
628 2147483646
596 2147483646
722 2147483647
893 2147483647
884 2147483647
19 2147483647
432 2147483647
996 2147483647
303 2147483647
12 2147483647
126 2147483647
680 2147483647
276 2147483647
481 2147483647
766 2147483647
964 2147483647
113 2147483647
766 2147483647
892 2147483647
377 2147483647
892 2147483647
977 2147483647
334 2147483647
836 2147483647
500 2147483647
886 2147483647
25 2147483647
496 2147483647
949 2147483647
400 2147483647
135 2147483647
225 2147483647
578 2147483647
655 2147483647
544 2147483647
824 2147483647
639 2147483647
948 2147483647
983 2147483647
584 2147483647
201 2147483647
453 2147483647
111 2147483647
840 2147483647
234 2147483647
951 2147483647
191 2147483647
449 2147483647
859 2147483647
280 2147483647
519 2147483647
544 2147483647
206 2147483647
519 2147483647
576 2147483647
540 2147483647
436 2147483647
578 2147483647
393 2147483647
587 2147483647
596 2147483647
408 2147483647
108 2147483647
205 2147483647
155 2147483647
645 2147483647
859 2147483647
978 2147483647
285 2147483647
653 2147483647
986 2147483647
870 2147483647
532 2147483647
386 2147483647
662 2147483647
86 2147483647
354 2147483647
238 2147483647
350 2147483647
244 2147483647
921 2147483647
27 2147483647
285 2147483647
401 2147483647
738 2147483647
479 2147483647
338 2147483647
83 2147483647
