1000
655 2147483637
705 2147483637
234 2147483637
561 2147483637
114 2147483637
952 2147483637
699 2147483637
827 2147483637
951 2147483637
712 2147483637
785 2147483637
189 2147483637
836 2147483637
172 2147483637
719 2147483637
543 2147483637
772 2147483637
288 2147483637
934 2147483637
100 2147483637
155 2147483637
114 2147483637
967 2147483637
319 2147483637
601 2147483637
737 2147483637
144 2147483637
330 2147483637
443 2147483637
338 2147483637
933 2147483637
824 2147483637
372 2147483637
639 2147483637
530 2147483637
147 2147483637
529 2147483637
151 2147483637
421 2147483637
612 2147483637
514 2147483637
212 2147483637
971 2147483637
499 2147483637
298 2147483637
869 2147483637
361 2147483637
466 2147483637
684 2147483637
848 2147483637
334 2147483637
570 2147483637
413 2147483637
110 2147483637
490 2147483637
934 2147483637
344 2147483637
795 2147483637
526 2147483637
548 2147483637
587 2147483637
130 2147483637
455 2147483637
804 2147483637
655 2147483637
684 2147483637
243 2147483637
769 2147483637
235 2147483637
379 2147483637
279 2147483637
208 2147483637
860 2147483637
718 2147483637
580 2147483637
158 2147483637
997 2147483637
866 2147483637
539 2147483637
94 2147483637
244 2147483637
791 2147483637
390 2147483637
346 2147483637
275 2147483637
317 2147483637
988 2147483637
688 2147483637
348 2147483637
222 2147483637
355 2147483637
379 2147483637
523 2147483638
777 2147483638
259 2147483638
597 2147483638
16 2147483638
316 2147483638
813 2147483638
684 2147483638
702 2147483638
16 2147483638
332 2147483638
86 2147483638
531 2147483638
337 2147483638
999 2147483638
201 2147483638
345 2147483638
807 2147483638
131 2147483638
854 2147483638
47 2147483638
147 2147483638
426 2147483638
848 2147483638
776 2147483638
575 2147483638
737 2147483638
821 2147483638
474 2147483638
617 2147483638
61 2147483638
710 2147483638
783 2147483638
469 2147483638
990 2147483638
659 2147483638
420 2147483638
382 2147483638
76 2147483638
53 2147483638
661 2147483638
196 2147483638
345 2147483638
327 2147483638
21 2147483638
9 2147483638
31 2147483638
152 2147483638
350 2147483638
989 2147483638
910 2147483638
334 2147483638
370 2147483638
988 2147483638
462 2147483638
935 2147483638
744 2147483638
934 2147483638
395 2147483638
874 2147483638
528 2147483638
630 2147483638
474 2147483638
432 2147483638
22 2147483638
635 2147483638
366 2147483638
89 2147483638
22 2147483638
286 2147483638
716 2147483638
872 2147483638
604 2147483638
688 2147483638
682 2147483638
103 2147483638
960 2147483638
481 2147483638
365 2147483638
674 2147483638
841 2147483638
887 2147483638
232 2147483638
364 2147483638
916 2147483638
300 2147483638
132 2147483638
644 2147483638
833 2147483638
259 2147483638
834 2147483638
897 2147483638
299 2147483638
584 2147483638
365 2147483638
391 2147483638
24 2147483638
579 2147483638
612 2147483638
754 2147483638
507 2147483638
361 2147483639
22 2147483639
720 2147483639
837 2147483639
709 2147483639
795 2147483639
913 2147483639
573 2147483639
990 2147483639
484 2147483639
400 2147483639
310 2147483639
950 2147483639
763 2147483639
201 2147483639
39 2147483639
557 2147483639
346 2147483639
63 2147483639
507 2147483639
129 2147483639
343 2147483639
836 2147483639
990 2147483639
15 2147483639
389 2147483639
478 2147483639
514 2147483639
995 2147483639
977 2147483639
849 2147483639
920 2147483639
464 2147483639
828 2147483639
18 2147483639
923 2147483639
44 2147483639
994 2147483639
391 2147483639
798 2147483639
557 2147483639
677 2147483639
738 2147483639
396 2147483639
301 2147483639
211 2147483639
868 2147483639
358 2147483639
117 2147483639
697 2147483639
221 2147483639
478 2147483639
499 2147483639
141 2147483639
647 2147483639
993 2147483639
763 2147483639
518 2147483639
318 2147483639
361 2147483639
31 2147483639
807 2147483639
176 2147483639
758 2147483639
626 2147483639
144 2147483639
756 2147483639
3 2147483639
751 2147483639
693 2147483639
143 2147483639
1 2147483639
695 2147483639
858 2147483639
79 2147483639
160 2147483639
928 2147483639
169 2147483639
736 2147483639
405 2147483639
797 2147483639
373 2147483639
588 2147483639
587 2147483639
514 2147483639
105 2147483639
788 2147483639
346 2147483639
422 2147483639
59 2147483639
161 2147483639
409 2147483639
946 2147483639
686 2147483640
402 2147483640
336 2147483640
304 2147483640
778 2147483640
92 2147483640
68 2147483640
176 2147483640
808 2147483640
525 2147483640
65 2147483640
704 2147483640
791 2147483640
864 2147483640
342 2147483640
71 2147483640
850 2147483640
937 2147483640
834 2147483640
550 2147483640
4 2147483640
673 2147483640
993 2147483640
643 2147483640
248 2147483640
599 2147483640
139 2147483640
570 2147483640
362 2147483640
781 2147483640
913 2147483640
79 2147483640
362 2147483640
252 2147483640
4 2147483640
634 2147483640
18 2147483640
299 2147483640
191 2147483640
122 2147483640
317 2147483640
161 2147483640
652 2147483640
990 2147483640
423 2147483640
45 2147483640
369 2147483640
246 2147483640
992 2147483640
430 2147483640
609 2147483640
671 2147483640
701 2147483640
922 2147483640
790 2147483640
397 2147483640
244 2147483640
755 2147483640
111 2147483640
778 2147483640
62 2147483640
284 2147483640
682 2147483640
462 2147483640
864 2147483640
381 2147483640
675 2147483640
572 2147483640
927 2147483640
874 2147483640
553 2147483640
695 2147483640
43 2147483640
514 2147483640
583 2147483640
675 2147483640
285 2147483640
820 2147483640
845 2147483640
32 2147483640
539 2147483641
7 2147483641
168 2147483641
734 2147483641
440 2147483641
570 2147483641
353 2147483641
322 2147483641
285 2147483641
972 2147483641
941 2147483641
318 2147483641
797 2147483641
983 2147483641
23 2147483641
248 2147483641
784 2147483641
914 2147483641
364 2147483641
549 2147483641
458 2147483641
17 2147483641
844 2147483641
342 2147483641
815 2147483641
358 2147483641
693 2147483641
867 2147483641
827 2147483641
132 2147483641
734 2147483641
613 2147483641
596 2147483641
340 2147483641
641 2147483641
810 2147483641
459 2147483641
624 2147483641
677 2147483641
358 2147483641
521 2147483641
35 2147483641
418 2147483641
458 2147483641
632 2147483641
336 2147483641
671 2147483641
774 2147483641
246 2147483641
433 2147483641
560 2147483641
844 2147483641
704 2147483641
920 2147483641
46 2147483641
670 2147483641
482 2147483641
308 2147483641
134 2147483641
453 2147483641
77 2147483641
805 2147483641
413 2147483641
80 2147483641
180 2147483641
793 2147483641
747 2147483641
78 2147483641
618 2147483641
244 2147483641
884 2147483641
91 2147483641
614 2147483641
101 2147483641
112 2147483641
795 2147483641
213 2147483641
815 2147483641
739 2147483641
887 2147483641
647 2147483641
359 2147483641
346 2147483641
426 2147483641
80 2147483641
58 2147483641
386 2147483641
808 2147483641
626 2147483641
967 2147483641
905 2147483641
263 2147483641
810 2147483641
994 2147483641
281 2147483641
85 2147483641
370 2147483642
68 2147483642
13 2147483642
377 2147483642
559 2147483642
416 2147483642
958 2147483642
298 2147483642
670 2147483642
496 2147483642
823 2147483642
658 2147483642
845 2147483642
534 2147483642
942 2147483642
836 2147483642
862 2147483642
560 2147483642
303 2147483642
206 2147483642
518 2147483642
479 2147483642
139 2147483642
451 2147483642
417 2147483642
967 2147483642
133 2147483642
6 2147483642
481 2147483642
154 2147483642
110 2147483642
923 2147483642
643 2147483642
225 2147483642
194 2147483642
223 2147483642
306 2147483642
893 2147483642
704 2147483642
659 2147483642
338 2147483642
399 2147483642
771 2147483642
752 2147483642
258 2147483642
968 2147483642
924 2147483642
450 2147483642
866 2147483642
149 2147483642
476 2147483642
676 2147483642
945 2147483642
231 2147483642
654 2147483642
364 2147483642
227 2147483642
314 2147483642
653 2147483642
844 2147483642
435 2147483642
586 2147483642
554 2147483642
348 2147483642
353 2147483642
634 2147483642
480 2147483642
434 2147483642
144 2147483642
642 2147483642
533 2147483642
200 2147483642
267 2147483642
937 2147483642
671 2147483642
134 2147483642
971 2147483642
181 2147483642
911 2147483642
130 2147483642
244 2147483642
26 2147483642
925 2147483642
289 2147483642
156 2147483643
337 2147483643
387 2147483643
438 2147483643
410 2147483643
178 2147483643
282 2147483643
809 2147483643
789 2147483643
496 2147483643
764 2147483643
531 2147483643
925 2147483643
557 2147483643
622 2147483643
17 2147483643
163 2147483643
60 2147483643
340 2147483643
931 2147483643
383 2147483643
500 2147483643
709 2147483643
790 2147483643
944 2147483643
105 2147483643
146 2147483643
665 2147483643
40 2147483643
99 2147483643
744 2147483643
625 2147483643
667 2147483643
572 2147483643
646 2147483643
800 2147483643
933 2147483643
674 2147483643
292 2147483643
317 2147483643
692 2147483643
280 2147483643
427 2147483643
568 2147483643
709 2147483643
341 2147483643
887 2147483643
901 2147483643
775 2147483643
698 2147483643
998 2147483643
838 2147483643
878 2147483643
155 2147483643
907 2147483643
65 2147483643
536 2147483643
725 2147483643
610 2147483643
483 2147483643
177 2147483643
220 2147483643
233 2147483643
933 2147483643
840 2147483643
161 2147483643
891 2147483643
328 2147483643
955 2147483643
345 2147483643
98 2147483643
574 2147483643
830 2147483643
115 2147483643
600 2147483643
114 2147483643
104 2147483643
541 2147483643
615 2147483643
962 2147483643
954 2147483643
427 2147483643
462 2147483643
85 2147483643
202 2147483643
373 2147483643
582 2147483643
122 2147483643
37 2147483644
41 2147483644
554 2147483644
443 2147483644
328 2147483644
555 2147483644
293 2147483644
974 2147483644
698 2147483644
257 2147483644
4 2147483644
825 2147483644
580 2147483644
906 2147483644
232 2147483644
783 2147483644
810 2147483644
706 2147483644
564 2147483644
41 2147483644
676 2147483644
660 2147483644
606 2147483644
461 2147483644
759 2147483644
36 2147483644
108 2147483644
383 2147483644
198 2147483644
880 2147483644
544 2147483644
718 2147483644
751 2147483644
814 2147483644
107 2147483644
207 2147483644
496 2147483644
671 2147483644
763 2147483644
916 2147483644
741 2147483644
624 2147483644
470 2147483644
438 2147483644
408 2147483644
238 2147483644
286 2147483644
271 2147483644
607 2147483644
223 2147483644
950 2147483644
605 2147483644
99 2147483644
988 2147483644
83 2147483644
6 2147483644
806 2147483644
201 2147483644
630 2147483644
638 2147483644
327 2147483644
607 2147483644
250 2147483644
17 2147483644
886 2147483644
267 2147483644
124 2147483644
5 2147483644
889 2147483644
339 2147483644
871 2147483644
762 2147483644
523 2147483644
921 2147483644
352 2147483644
459 2147483644
685 2147483644
484 2147483644
842 2147483644
721 2147483644
304 2147483644
428 2147483644
996 2147483645
795 2147483645
383 2147483645
375 2147483645
141 2147483645
193 2147483645
690 2147483645
988 2147483645
630 2147483645
804 2147483645
968 2147483645
500 2147483645
164 2147483645
232 2147483645
867 2147483645
231 2147483645
144 2147483645
627 2147483645
66 2147483645
875 2147483645
385 2147483645
948 2147483645
491 2147483645
41 2147483645
566 2147483645
609 2147483645
162 2147483645
481 2147483645
428 2147483645
948 2147483645
775 2147483645
454 2147483645
935 2147483645
87 2147483645
68 2147483645
718 2147483645
313 2147483645
88 2147483645
495 2147483645
950 2147483645
208 2147483645
528 2147483645
564 2147483645
800 2147483645
134 2147483645
827 2147483645
575 2147483645
595 2147483645
151 2147483645
169 2147483645
772 2147483645
73 2147483645
380 2147483645
27 2147483645
149 2147483645
322 2147483645
991 2147483645
345 2147483645
216 2147483645
546 2147483645
288 2147483645
286 2147483645
458 2147483645
453 2147483645
517 2147483645
557 2147483645
869 2147483645
501 2147483645
320 2147483645
818 2147483645
362 2147483645
571 2147483645
265 2147483645
161 2147483645
429 2147483645
649 2147483645
779 2147483645
583 2147483645
804 2147483645
961 2147483645
83 2147483645
571 2147483645
714 2147483645
866 2147483645
484 2147483645
55 2147483645
963 2147483645
791 2147483645
779 2147483645
925 2147483645
70 2147483645
698 2147483645
290 2147483646
774 2147483646
33 2147483646
865 2147483646
201 2147483646
413 2147483646
747 2147483646
485 2147483646
373 2147483646
881 2147483646
498 2147483646
447 2147483646
862 2147483646
714 2147483646
670 2147483646
908 2147483646
457 2147483646
281 2147483646
321 2147483646
950 2147483646
383 2147483646
551 2147483646
480 2147483646
147 2147483646
408 2147483646
858 2147483646
363 2147483646
405 2147483646
726 2147483646
16 2147483646
296 2147483646
668 2147483646
939 2147483646
502 2147483646
210 2147483646
165 2147483646
164 2147483646
913 2147483646
428 2147483646
29 2147483646
408 2147483646
533 2147483646
497 2147483646
212 2147483646
959 2147483646
237 2147483646
902 2147483646
756 2147483646
263 2147483646
135 2147483646
194 2147483646
529 2147483646
34 2147483646
315 2147483646
358 2147483646
522 2147483646
905 2147483646
439 2147483646
321 2147483646
947 2147483646
390 2147483646
246 2147483646
760 2147483646
648 2147483646
469 2147483646
250 2147483646
451 2147483646
877 2147483646
463 2147483646
635 2147483646
895 2147483646
609 2147483646
488 2147483646
282 2147483646
748 2147483646
920 2147483646
700 2147483646
4 2147483646
989 2147483646
517 2147483646
735 2147483646
398 2147483646
7 2147483646
356 2147483646
63 2147483646
54 2147483646
777 2147483646
960 2147483646
932 2147483646
839 2147483647
679 2147483647
854 2147483647
263 2147483647
376 2147483647
839 2147483647
321 2147483647
902 2147483647
222 2147483647
434 2147483647
571 2147483647
286 2147483647
592 2147483647
581 2147483647
841 2147483647
422 2147483647
935 2147483647
745 2147483647
742 2147483647
751 2147483647
421 2147483647
549 2147483647
579 2147483647
48 2147483647
800 2147483647
103 2147483647
777 2147483647
393 2147483647
982 2147483647
129 2147483647
559 2147483647
456 2147483647
429 2147483647
954 2147483647
424 2147483647
74 2147483647
667 2147483647
296 2147483647
256 2147483647
671 2147483647
842 2147483647
950 2147483647
468 2147483647
190 2147483647
311 2147483647
623 2147483647
660 2147483647
642 2147483647
429 2147483647
403 2147483647
156 2147483647
534 2147483647
145 2147483647
511 2147483647
342 2147483647
896 2147483647
897 2147483647
1000 2147483647
750 2147483647
254 2147483647
530 2147483647
346 2147483647
795 2147483647
609 2147483647
849 2147483647
764 2147483647
794 2147483647
356 2147483647
55 2147483647
132 2147483647
13 2147483647
148 2147483647
476 2147483647
852 2147483647
900 2147483647
450 2147483647
837 2147483647
849 2147483647
280 2147483647
467 2147483647
306 2147483647
468 2147483647
280 2147483647
27 2147483647
504 2147483647
424 2147483647
779 2147483647
664 2147483647
486 2147483647
407 2147483647
647 2147483647
725 2147483647
311 2147483647
731 2147483647
394 2147483647
835 2147483647
225 2147483647
873 2147483647
662 2147483647
671 2147483647
946 2147483647
483 2147483647
6 2147483647
