172
144 1
180 1
29 4
165 8
45 9
42 11
116 12
28 13
28 16
61 28
147 29
184 29
21 30
76 32
71 32
21 35
72 36
319 36
271 44
155 45
59 45
303 46
142 48
292 53
47 62
63 63
191 65
225 65
206 68
26 74
233 74
213 78
235 79
305 80
3 88
81 88
90 90
46 93
221 99
3 105
153 107
161 108
274 109
31 109
257 112
237 113
287 114
104 115
281 119
241 121
289 128
87 128
197 128
199 129
180 130
166 143
23 143
231 151
94 154
55 155
174 155
203 157
42 159
4 165
122 167
119 170
299 179
289 185
11 190
22 193
238 194
189 195
301 199
275 199
194 201
317 206
24 207
104 210
288 211
241 211
260 222
212 223
62 224
54 225
175 229
256 231
114 236
241 236
280 243
36 245
103 250
137 252
171 254
62 256
214 256
228 264
199 264
151 270
254 271
44 273
179 278
60 279
129 281
57 285
221 292
109 292
150 295
265 297
68 302
264 307
102 308
40 310
246 310
210 311
31 311
312 313
75 314
305 315
36 316
139 318
268 327
258 327
283 334
288 336
266 336
315 336
4 338
164 342
1 347
73 348
180 352
48 352
215 352
263 353
319 353
26 358
242 358
15 362
215 362
301 363
247 363
76 370
45 371
308 378
117 381
52 383
63 387
208 397
189 398
126 404
176 409
60 410
213 413
99 413
297 415
136 418
294 421
61 423
222 425
95 429
187 431
33 433
184 434
177 439
196 440
45 442
110 442
82 444
43 444
195 446
277 446
305 453
