981
222 0
232 0
45 0
84 0
106 0
126 0
344 0
412 0
265 0
399 0
181 0
309 0
343 0
389 0
111 0
236 0
400 0
327 0
388 0
29 0
339 0
259 0
59 0
147 0
341 0
36 0
81 0
383 0
161 0
96 0
372 0
83 1
31 1
205 1
291 1
53 1
242 1
358 1
21 1
334 1
26 1
151 1
80 1
152 1
357 1
370 1
334 1
164 1
291 1
157 1
56 1
390 1
375 1
356 1
283 1
146 1
340 1
167 1
333 2
52 2
156 2
163 2
213 2
183 2
242 2
45 2
345 2
366 2
194 2
301 2
139 2
114 2
256 2
170 2
106 2
163 2
193 2
332 2
345 2
260 2
117 2
39 2
313 2
412 2
175 2
249 2
6 2
208 3
331 3
85 3
304 3
382 3
169 3
186 3
43 3
330 3
187 3
78 3
225 3
120 3
63 3
142 3
136 3
13 3
308 3
247 3
160 3
141 3
260 4
353 4
114 4
28 4
309 4
115 4
370 4
157 4
31 4
227 4
52 4
126 4
270 4
236 4
208 4
347 4
199 4
214 4
131 4
347 4
177 4
416 4
296 4
17 4
158 4
315 5
388 5
292 5
294 5
77 5
375 5
81 5
398 5
369 5
22 5
124 5
242 5
346 5
223 5
43 5
116 5
6 6
153 6
364 6
220 6
125 6
34 6
114 6
309 6
299 6
179 6
396 6
22 6
42 6
17 6
246 6
109 6
303 6
239 6
166 6
178 6
238 6
98 6
38 6
123 6
150 6
213 6
251 6
42 6
77 7
312 7
85 7
321 7
351 7
315 7
180 7
33 7
420 7
422 7
231 7
283 7
353 7
122 7
224 7
163 7
351 7
317 7
134 7
191 7
8 7
128 7
296 7
178 7
8 7
99 7
180 8
319 8
196 8
103 8
344 8
256 8
37 8
357 8
65 8
289 8
420 8
304 8
115 8
63 8
279 8
394 8
323 8
221 8
182 8
275 8
305 8
301 8
224 8
67 8
400 8
225 8
318 8
285 9
239 9
274 9
420 9
127 9
133 9
96 9
417 9
154 9
418 9
2 9
236 9
104 9
194 9
353 9
363 9
33 9
311 9
173 9
262 9
13 9
412 9
49 9
62 9
372 9
128 9
67 9
413 9
30 10
284 10
420 10
29 10
176 10
232 10
142 10
387 10
2 10
131 10
22 10
245 10
154 10
25 10
28 10
315 10
177 10
150 11
114 11
345 11
154 11
288 11
410 11
24 11
408 11
53 11
147 11
189 11
124 11
338 11
234 11
268 11
6 11
319 11
7 11
84 11
295 11
94 11
72 11
401 11
239 11
288 11
340 11
73 11
371 11
414 11
207 11
180 11
376 11
260 12
414 12
130 12
271 12
358 12
370 12
361 12
104 12
82 12
408 12
264 12
186 12
122 12
42 12
4 12
374 12
310 12
188 12
301 12
409 12
173 12
420 12
277 12
425 12
81 13
315 13
142 13
44 13
29 13
210 13
259 13
81 13
405 13
336 13
424 13
132 13
421 13
214 13
210 13
409 13
92 13
377 13
147 13
34 13
360 13
178 13
249 13
93 13
323 13
218 13
120 13
320 14
37 14
411 14
123 14
154 14
277 14
45 14
366 14
373 14
348 14
371 14
268 14
204 14
76 14
305 14
138 14
188 14
241 14
34 14
340 14
90 14
240 14
293 14
313 14
204 14
271 14
270 14
247 14
231 14
90 14
276 14
200 15
321 15
414 15
212 15
13 15
233 15
34 15
245 15
67 15
153 15
3 15
374 15
256 15
403 15
259 15
392 15
381 15
406 15
169 15
331 15
285 15
425 15
345 16
237 16
180 16
89 16
280 16
353 16
231 16
4 16
333 16
328 16
263 16
237 16
267 16
405 16
275 16
287 16
382 16
342 16
221 16
20 16
54 16
246 16
209 16
93 16
318 16
193 16
74 16
239 16
64 17
281 17
136 17
388 17
160 17
302 17
415 17
165 17
336 17
275 17
132 17
275 17
46 17
50 17
211 17
176 17
56 17
202 17
109 17
149 17
1 17
287 17
78 18
403 18
79 18
201 18
60 18
125 18
264 18
356 18
392 18
418 18
378 18
156 18
378 18
396 18
13 18
362 18
248 18
75 19
198 19
179 19
198 19
76 19
149 19
155 19
357 19
232 19
399 19
275 19
349 19
169 19
151 19
46 19
318 19
401 19
290 19
217 19
226 19
21 19
43 19
223 19
394 19
259 20
198 20
229 20
263 20
167 20
414 20
347 20
397 20
395 20
219 20
426 20
233 20
385 20
167 20
281 20
30 20
317 20
407 20
162 20
270 20
243 20
337 20
46 20
297 21
80 21
256 21
215 21
291 21
379 21
206 21
78 21
321 21
40 21
338 21
219 21
360 21
94 21
255 21
3 21
159 21
30 21
183 21
317 21
48 21
349 21
131 21
221 21
226 21
9 21
126 21
427 22
12 22
297 22
98 22
280 22
305 22
11 22
337 22
138 22
56 22
29 22
106 22
319 22
281 22
91 22
133 22
369 22
421 22
340 22
56 22
340 22
314 22
385 22
183 22
324 22
291 22
24 22
246 22
355 23
49 23
422 23
124 23
227 23
166 23
91 23
23 23
207 23
376 23
207 23
175 23
378 23
102 23
147 23
413 23
15 23
30 23
399 23
13 23
149 23
367 23
351 23
228 24
267 24
418 24
15 24
158 24
27 24
349 24
65 24
357 24
127 24
88 24
67 24
159 24
12 24
102 24
342 24
280 24
17 24
262 24
284 24
222 24
187 24
370 24
255 24
409 24
39 24
138 25
66 25
404 25
130 25
330 25
82 25
286 25
254 25
117 25
41 25
132 25
321 25
243 25
196 25
407 25
141 25
12 25
29 25
202 25
414 25
136 25
251 25
175 25
127 26
422 26
115 26
162 26
108 26
285 26
286 26
95 26
239 26
360 26
273 26
43 26
401 26
7 26
355 26
94 26
53 26
275 26
77 26
181 26
305 26
311 26
336 26
2 27
56 27
60 27
110 27
136 27
318 27
182 27
100 27
350 27
414 27
200 27
24 27
275 27
278 27
409 27
163 27
406 27
345 27
154 27
417 27
392 27
80 27
205 27
111 27
330 27
317 27
110 27
145 27
355 27
61 27
339 27
310 27
7 27
369 27
159 27
182 27
372 27
328 27
257 27
155 28
122 28
123 28
423 28
347 28
197 28
125 28
333 28
126 28
332 28
269 28
421 28
266 28
107 28
98 28
80 28
142 28
145 28
70 28
382 28
26 28
77 28
17 28
357 28
260 28
293 28
345 28
359 28
55 29
164 29
290 29
109 29
283 29
50 29
133 29
400 29
113 29
170 29
103 29
163 29
381 29
229 29
8 29
2 29
395 29
96 29
319 29
19 29
344 29
228 29
272 29
373 29
259 29
209 29
319 29
363 29
124 29
50 30
336 30
281 30
292 30
115 30
253 30
26 30
308 30
333 30
252 30
421 30
292 30
230 30
377 30
400 30
314 30
235 30
123 30
5 30
376 30
342 30
166 30
276 30
59 31
422 31
193 31
59 31
99 31
240 31
4 31
201 31
55 31
210 31
405 31
247 31
73 31
326 31
299 31
12 31
28 31
250 31
8 31
410 31
127 32
123 32
205 32
95 32
337 32
194 32
349 32
376 32
38 32
252 32
235 32
406 32
388 32
260 32
367 32
178 32
417 32
355 32
360 32
210 32
379 32
213 32
122 32
240 32
4 32
259 33
271 33
261 33
400 33
363 33
180 33
273 33
413 33
7 33
244 33
285 33
34 33
222 33
292 33
1 33
119 33
259 33
306 33
7 33
131 33
177 33
199 33
191 33
112 33
294 33
296 33
89 33
291 33
340 33
161 34
278 34
298 34
154 34
75 34
283 34
286 34
290 34
230 34
154 34
364 34
218 34
231 34
356 34
149 34
265 34
417 34
259 34
25 34
424 34
132 34
21 34
41 34
330 35
328 35
254 35
302 35
247 35
147 35
268 35
210 35
400 35
157 35
324 35
281 35
205 35
237 35
367 35
235 35
141 35
130 35
83 35
304 35
264 36
349 36
129 36
86 36
181 36
185 36
50 36
247 36
375 36
301 36
125 36
371 36
218 36
136 36
293 36
199 36
357 36
122 36
52 36
209 36
420 36
302 36
246 36
274 36
371 36
42 36
369 36
309 37
198 37
139 37
152 37
36 37
120 37
181 37
280 37
21 37
203 37
151 37
22 37
54 37
407 37
27 37
336 37
351 37
323 37
215 37
51 37
201 37
285 38
134 38
10 38
227 38
221 38
160 38
264 38
398 38
169 38
135 38
70 38
127 38
62 38
294 38
208 38
109 38
196 38
33 38
137 38
80 38
176 38
422 38
