1000
744 0
6 1
849 1
273 1
355 3
590 3
248 3
891 3
236 3
224 4
572 5
168 6
587 7
240 8
433 8
700 8
180 8
158 9
251 9
385 11
811 13
707 15
814 15
975 17
174 17
984 19
816 19
44 21
509 23
887 23
404 24
853 24
8 25
147 25
155 29
508 30
408 30
349 31
576 34
811 34
150 37
590 38
121 39
806 39
241 42
554 43
140 43
207 43
675 44
811 44
153 45
182 46
83 48
806 49
684 49
806 51
355 52
221 53
332 55
177 55
466 55
327 56
487 58
890 59
662 60
739 60
881 62
272 63
106 63
424 64
458 64
65 64
539 66
78 67
716 67
135 68
67 69
191 72
512 73
518 75
273 75
820 75
601 76
369 77
428 77
889 78
554 79
189 79
845 80
97 81
811 81
765 82
187 82
228 83
754 84
512 84
357 85
641 85
795 85
266 87
206 88
381 91
81 92
424 92
41 93
954 93
285 95
818 96
618 98
439 99
88 100
589 100
547 100
316 103
85 104
18 105
889 108
345 111
998 112
429 112
8 112
936 115
698 116
657 118
99 118
881 118
780 118
777 120
132 122
288 124
373 126
303 129
238 130
249 132
504 133
936 136
81 136
430 138
268 140
771 141
884 143
69 144
160 145
536 146
982 146
487 146
911 148
547 149
576 149
4 149
525 150
431 151
94 151
981 153
331 154
848 155
307 156
133 160
281 160
924 160
451 165
860 166
739 166
116 169
160 169
887 170
74 173
59 173
34 175
974 175
752 175
696 176
188 177
62 177
391 178
884 179
276 179
206 179
796 180
775 182
597 182
534 183
809 183
590 184
631 186
202 186
577 186
372 187
15 188
380 189
592 189
353 191
421 192
144 192
372 192
278 194
805 196
781 196
835 197
948 198
841 199
15 199
241 200
465 201
120 202
323 203
49 203
643 203
465 204
802 206
158 206
322 207
362 208
242 208
687 208
682 208
649 210
814 212
99 212
828 213
328 216
1 217
130 218
266 219
783 220
997 222
366 222
81 226
481 226
814 227
379 229
787 230
558 230
500 231
107 232
885 233
228 234
337 234
358 235
765 235
824 236
541 238
921 238
143 239
64 240
193 240
569 242
117 242
362 242
494 243
65 244
732 245
686 245
684 246
1 247
198 249
247 250
52 250
386 253
615 253
32 255
844 255
816 255
55 256
919 258
367 260
41 263
110 265
383 265
475 265
634 266
817 267
99 269
642 269
502 269
163 270
428 270
847 271
971 272
759 272
632 274
528 275
1000 276
234 277
568 281
718 281
600 283
988 284
68 285
133 287
75 289
900 289
579 289
838 289
58 290
963 291
920 291
689 294
511 295
403 296
309 296
258 298
267 300
105 304
164 306
225 308
567 308
754 309
901 309
665 309
651 310
366 313
641 314
688 315
690 315
27 315
37 316
240 316
76 316
702 317
587 318
731 318
587 318
294 319
290 319
202 319
798 320
47 320
681 321
482 322
216 323
183 323
37 323
404 326
850 326
908 328
487 329
764 329
228 329
43 330
495 332
712 334
576 334
658 334
802 336
810 337
641 341
281 341
819 342
424 343
66 344
543 347
92 347
117 348
772 350
853 351
275 351
411 351
284 351
145 352
188 352
83 353
568 356
491 356
742 357
529 361
607 361
524 361
798 363
720 364
863 364
737 364
799 365
908 366
831 366
759 368
114 368
132 369
642 370
162 370
467 370
719 373
7 374
420 374
159 374
601 375
539 375
177 377
89 377
6 378
1 378
476 378
190 379
251 379
461 380
264 380
210 380
250 381
133 382
686 382
161 383
561 385
619 385
781 385
48 385
779 386
862 388
66 390
429 390
186 391
554 392
915 392
616 393
923 394
378 398
907 401
689 401
30 402
275 404
730 404
548 405
398 408
223 411
607 411
797 412
90 412
217 413
78 414
972 414
951 417
489 420
252 420
268 420
151 422
428 423
746 423
685 424
698 424
214 426
901 426
17 426
350 428
877 429
187 429
744 430
719 431
17 433
446 433
677 433
600 433
345 435
381 437
420 437
726 438
205 438
826 438
164 438
775 440
265 441
978 443
628 443
264 443
418 444
163 446
635 446
859 447
193 447
956 449
899 452
148 453
987 454
593 458
245 458
807 459
566 459
625 466
676 466
917 466
81 466
274 468
788 470
445 470
942 471
662 476
926 477
487 478
800 478
949 480
240 484
410 485
975 485
378 487
639 488
428 488
449 491
29 494
458 496
460 497
143 497
125 499
415 500
145 500
308 502
896 502
748 505
981 506
695 507
384 507
602 507
687 508
980 509
609 509
8 509
645 510
736 510
645 510
195 511
310 511
508 512
380 514
542 515
550 518
350 519
997 520
823 520
149 521
927 522
680 527
356 529
853 529
640 530
956 532
754 534
516 534
905 535
981 537
867 537
79 541
427 541
77 542
534 543
948 548
85 549
30 549
979 549
95 549
603 549
388 551
711 552
413 552
902 553
113 557
162 559
960 559
198 561
796 561
680 562
37 563
417 564
381 565
936 566
208 567
848 569
521 570
513 570
176 570
125 572
727 574
426 575
264 578
774 578
177 581
572 581
984 582
995 582
834 582
139 583
111 585
687 585
70 585
88 587
216 587
191 589
788 589
935 589
397 591
778 591
560 593
947 594
504 595
216 595
94 596
478 598
680 598
247 600
551 601
614 601
606 602
625 602
237 603
426 603
798 604
473 604
18 604
626 607
455 609
182 610
937 611
481 614
355 617
978 618
280 619
621 619
582 621
877 622
664 624
391 626
268 626
171 627
865 629
302 630
200 631
669 633
181 635
531 635
614 636
645 636
244 639
193 639
294 640
468 640
342 643
818 644
600 645
778 645
24 645
288 646
487 646
930 647
261 647
292 649
353 650
109 650
983 651
335 651
339 652
680 652
586 652
43 652
494 653
719 653
539 653
105 655
67 655
930 656
885 657
601 659
936 659
280 661
150 664
727 665
784 666
925 667
957 668
43 668
623 668
194 670
451 670
579 671
878 672
61 673
555 674
396 674
917 675
645 677
822 679
227 680
370 682
982 682
15 684
328 684
212 685
118 687
160 692
59 692
861 693
19 695
976 697
739 698
515 699
204 700
38 700
725 702
724 702
206 703
259 704
222 705
759 705
125 705
876 706
112 707
387 707
91 708
383 708
947 709
713 709
637 709
824 711
475 715
643 716
303 716
150 717
564 717
964 720
626 720
564 720
935 721
644 723
784 724
714 726
224 727
165 727
540 727
628 731
998 732
440 732
483 732
227 732
738 734
624 736
517 736
741 736
207 737
918 738
339 738
639 740
817 742
367 742
904 742
748 744
405 744
617 745
93 748
746 749
285 749
510 749
760 749
234 750
704 751
663 753
955 754
331 755
285 756
131 756
518 757
953 758
282 760
767 760
220 761
551 761
35 763
799 763
173 763
500 765
792 765
111 766
776 767
858 767
236 771
947 772
683 774
707 774
664 775
107 778
688 779
197 782
676 782
490 783
630 783
714 784
519 787
991 788
499 788
88 791
815 792
338 793
8 795
139 795
480 796
214 797
924 797
726 799
206 800
879 801
451 803
687 803
719 806
73 807
992 808
539 808
7 809
258 810
682 810
57 810
184 813
267 814
959 814
250 815
880 815
14 815
584 817
597 817
213 819
115 820
425 820
929 822
750 823
136 825
420 825
95 827
241 827
665 828
718 828
242 829
960 832
862 833
509 837
716 837
755 841
771 841
902 843
304 845
633 845
761 847
35 848
928 850
430 851
85 851
508 852
71 853
521 854
126 856
754 857
32 858
930 859
137 859
794 860
993 860
54 860
49 860
363 861
768 861
650 862
578 863
606 865
831 866
869 867
295 869
522 869
86 869
241 871
673 873
541 874
285 874
649 875
404 876
831 876
109 876
586 876
781 878
541 879
392 881
920 881
648 882
200 882
696 885
405 885
30 886
767 886
948 887
714 888
654 889
402 891
964 891
689 891
89 897
975 898
756 900
28 901
501 901
513 903
428 903
795 904
948 904
9 905
98 905
953 906
971 907
115 907
638 907
795 908
536 909
152 911
579 913
492 914
67 915
950 917
786 917
515 917
364 918
782 919
617 920
682 921
239 923
15 923
729 924
54 924
125 925
427 927
620 927
343 927
323 928
487 928
701 929
863 929
820 929
865 931
750 932
836 932
401 934
958 934
159 935
208 935
61 935
794 936
166 938
395 941
268 942
364 944
847 945
639 946
153 947
215 947
836 948
846 949
631 950
372 950
81 953
332 954
583 955
774 957
509 957
847 958
221 958
351 959
646 960
782 960
292 961
524 963
25 963
630 965
687 966
443 966
561 966
491 967
688 967
548 967
21 967
672 968
504 970
483 971
692 972
237 972
868 972
925 974
596 975
954 976
814 977
917 978
625 980
846 984
50 984
866 986
96 987
993 988
942 988
170 988
896 989
642 989
316 990
747 990
445 992
328 994
837 994
842 996
705 996
410 998
705 998
219 1000
535 1000
