1000
219 1
486 1
200 2
558 3
799 3
498 4
800 5
523 6
596 7
179 7
164 7
116 8
546 8
252 9
887 9
169 13
645 13
952 14
35 16
588 18
618 19
105 19
799 19
218 21
183 21
882 25
536 26
865 27
813 29
487 29
570 29
791 29
789 30
746 32
414 33
967 33
132 34
511 34
773 35
348 38
861 38
688 38
720 39
287 40
759 40
846 40
273 41
415 41
435 46
925 46
13 46
967 48
139 49
809 52
427 53
395 54
302 55
277 56
710 58
115 58
997 60
954 61
808 61
498 62
298 63
25 65
455 65
760 66
219 66
324 67
27 67
570 69
716 71
824 73
825 73
273 75
586 75
398 75
645 75
513 77
748 79
904 81
725 81
565 82
861 82
320 83
200 84
680 84
356 85
108 85
740 85
690 86
464 86
94 86
159 87
210 88
100 89
384 91
177 93
255 93
312 95
67 96
775 97
539 98
640 99
13 103
952 106
278 107
53 108
260 110
588 110
410 110
873 113
125 114
895 116
997 117
468 125
24 126
793 126
220 126
756 126
493 128
57 128
352 128
739 129
196 129
958 129
904 133
308 134
395 135
689 136
204 137
308 137
473 137
894 139
403 141
180 142
268 146
754 146
638 148
484 148
570 148
477 150
977 151
161 151
122 152
408 153
812 153
483 153
387 153
825 154
992 155
518 155
534 156
90 156
756 157
149 158
708 159
820 160
611 160
788 162
698 167
887 167
819 167
84 170
200 171
790 172
976 173
31 173
491 174
223 174
754 175
586 175
843 175
848 176
573 176
387 177
115 178
186 179
925 180
357 180
348 180
9 183
681 183
537 183
774 185
707 185
78 185
842 188
737 189
904 190
878 194
968 194
177 196
936 196
767 199
571 201
89 202
734 203
778 204
124 204
515 204
121 204
123 205
312 205
710 207
963 207
411 209
454 209
409 209
1000 210
322 212
851 215
981 215
678 217
225 218
769 220
373 220
912 221
761 223
193 223
505 227
818 228
911 228
353 234
845 234
710 234
988 234
120 236
444 236
150 237
261 237
358 238
630 240
411 240
192 242
191 242
900 244
136 245
211 246
69 246
94 246
274 246
852 247
434 250
760 250
192 250
198 253
26 254
611 259
487 260
150 260
529 261
86 265
203 265
585 266
131 266
745 267
743 270
72 271
913 272
617 273
953 274
165 274
551 275
385 276
701 277
103 277
386 277
282 278
28 279
1000 284
852 287
38 289
420 290
332 290
819 292
904 292
631 292
111 293
656 293
549 294
726 295
948 296
624 298
499 302
337 303
840 303
328 304
131 304
108 304
52 306
439 307
962 307
21 309
166 309
838 311
580 313
522 313
787 313
707 313
509 316
738 316
231 319
558 323
432 323
975 324
896 324
301 325
108 326
674 327
91 329
767 330
909 330
943 331
147 332
267 333
908 333
892 334
287 334
871 334
423 335
960 336
272 339
168 342
294 342
338 343
969 343
216 344
234 345
359 345
984 346
686 347
277 347
839 348
604 350
341 351
422 352
986 352
85 354
342 356
750 356
980 359
867 360
53 361
849 362
7 362
742 362
981 363
919 363
216 364
488 366
845 367
174 368
731 369
341 371
683 372
433 372
6 373
288 373
587 373
145 374
712 374
142 375
884 376
938 377
338 378
521 386
959 386
405 387
562 387
577 388
512 388
557 389
448 389
704 389
740 392
751 392
659 395
898 396
337 397
128 398
261 398
768 399
80 401
683 402
900 404
255 405
747 405
713 406
24 406
239 406
668 411
256 411
737 411
503 412
135 412
330 413
225 414
917 417
864 418
723 418
203 418
823 418
881 418
714 420
296 422
292 422
352 423
498 425
184 425
316 426
336 428
61 429
679 430
210 432
590 432
281 433
496 433
682 433
385 436
670 438
433 439
195 440
437 441
170 441
229 446
453 447
328 449
791 449
228 449
858 450
578 454
108 454
139 455
791 455
301 457
821 458
533 459
442 459
282 459
541 460
80 460
917 461
560 461
179 465
341 465
493 466
883 466
13 469
761 475
291 477
445 478
648 480
783 481
877 483
604 484
865 487
707 487
855 487
63 488
771 488
901 489
448 491
326 491
194 491
990 492
675 494
624 495
272 497
917 499
709 499
619 502
668 502
424 503
60 504
768 505
623 506
16 510
482 513
160 513
680 513
491 514
557 514
969 514
885 515
180 515
748 515
565 517
3 517
9 518
289 520
796 525
325 527
358 528
237 531
468 532
212 532
752 532
805 534
398 535
625 535
565 537
82 537
739 537
185 539
978 540
8 540
907 540
805 542
58 545
483 547
207 548
548 548
286 548
592 552
420 552
344 554
104 558
358 560
830 560
251 561
600 564
921 566
5 567
919 569
135 570
80 571
360 572
524 573
80 573
919 574
809 575
200 576
968 577
601 578
745 578
983 579
165 579
592 580
140 582
947 584
242 585
568 585
449 585
551 586
158 587
54 587
702 587
22 588
441 588
742 589
333 590
70 591
837 594
153 594
643 595
178 595
727 600
236 600
329 600
753 601
547 603
774 603
441 605
362 608
304 609
720 609
179 609
518 611
555 612
674 612
774 612
338 612
611 613
518 615
93 617
476 618
398 620
235 621
570 622
97 622
351 626
996 629
235 629
825 629
631 629
199 629
780 633
835 633
516 633
873 634
881 637
213 637
525 639
199 639
130 639
464 642
26 642
778 644
216 644
296 645
349 646
424 647
741 647
404 648
146 648
852 648
749 651
270 652
855 653
752 655
412 656
246 656
40 657
266 658
484 659
6 663
377 663
115 664
740 664
436 664
130 665
550 665
350 665
683 666
620 666
840 667
404 667
900 670
676 670
783 672
33 672
339 673
901 673
907 674
843 674
859 675
747 675
531 675
47 677
739 677
147 677
230 679
416 680
818 680
284 681
571 682
316 683
4 684
208 685
182 688
826 689
484 689
524 691
215 692
858 693
932 694
69 694
224 694
208 695
337 699
243 700
405 700
759 700
396 700
724 701
196 701
830 702
189 703
311 704
411 704
57 706
327 708
782 708
93 710
1000 711
878 711
393 712
754 712
223 713
828 713
25 714
80 714
443 717
437 718
748 719
305 719
966 719
936 722
729 722
9 723
162 724
316 724
862 725
379 726
544 727
439 729
224 732
120 732
369 733
40 735
680 737
348 737
891 738
123 739
184 741
908 742
673 742
793 745
886 746
34 750
836 751
970 751
865 751
10 752
615 752
328 752
482 754
176 755
568 756
529 756
275 757
255 759
732 759
809 759
851 759
115 761
451 761
658 763
602 764
278 765
519 766
923 767
651 767
989 770
646 772
427 772
693 773
443 774
272 775
200 775
306 775
331 777
541 779
922 780
464 780
889 781
807 782
617 783
477 783
471 785
102 785
299 785
457 785
469 785
93 786
363 786
410 787
493 788
357 788
527 789
862 789
430 791
239 793
175 793
195 794
754 796
802 796
879 797
240 798
11 798
346 798
189 798
668 798
61 798
188 800
600 800
513 800
88 804
208 804
849 805
59 805
922 806
730 806
44 807
51 807
847 808
142 809
234 809
992 810
698 810
140 811
964 812
798 812
197 814
516 817
159 817
564 819
347 820
287 820
943 822
232 823
122 824
218 824
407 824
539 825
344 825
408 826
990 827
765 828
965 830
805 830
422 830
803 830
297 831
591 832
874 833
169 833
133 837
845 839
498 839
959 839
262 840
483 841
279 841
571 844
224 844
136 846
761 846
119 846
951 848
935 850
451 850
309 851
564 852
106 852
744 853
418 853
467 854
509 855
967 857
41 857
449 858
929 859
202 861
199 863
68 863
702 864
52 865
802 866
102 868
130 868
238 869
406 869
200 872
7 873
697 875
105 875
198 875
223 876
286 876
579 877
365 879
436 879
396 882
588 883
251 883
976 883
66 884
714 884
426 886
392 889
180 890
125 891
995 894
282 895
549 895
906 896
932 897
830 898
954 901
974 901
217 902
963 902
710 903
545 903
800 903
456 903
448 908
703 910
693 912
380 913
135 914
92 914
680 915
650 915
737 916
816 916
7 917
254 919
545 921
565 921
535 922
636 923
763 924
855 925
515 925
378 926
710 927
895 927
139 927
711 929
209 929
950 929
162 930
234 930
98 930
379 930
432 930
790 933
794 933
442 933
452 933
276 934
55 934
489 935
94 935
367 935
424 936
789 936
94 937
703 940
277 941
990 942
370 943
500 945
947 945
809 945
263 949
101 949
654 950
73 951
802 951
785 951
284 952
206 953
670 953
564 953
945 954
311 954
911 954
482 954
398 956
407 957
745 958
754 959
611 960
732 961
803 961
160 962
131 963
279 965
599 966
892 967
810 967
99 967
9 970
876 970
658 971
199 972
797 973
83 973
858 974
329 976
143 977
80 979
363 980
598 980
110 980
820 980
544 981
257 981
836 983
960 986
409 990
99 990
622 990
89 992
60 992
214 993
819 994
229 994
332 995
615 996
685 996
612 997
86 998
647 998
830 999
