936
973 0
726 1
701 4
140 7
633 8
458 10
560 10
426 11
995 11
572 11
983 12
847 13
495 14
91 16
411 16
846 17
285 17
673 18
480 18
787 18
240 22
834 23
46 23
203 24
519 25
363 25
987 28
850 28
610 30
397 32
408 32
555 33
99 33
228 34
995 34
242 35
234 38
943 40
429 40
475 41
227 41
876 42
990 42
207 43
198 46
6 46
929 46
21 47
581 48
270 49
725 49
981 50
628 50
883 51
452 51
925 52
619 53
861 54
888 55
369 55
561 55
626 55
435 56
839 56
43 57
37 57
940 58
315 58
156 58
91 59
818 60
48 61
344 62
431 64
635 65
971 68
770 68
40 69
562 69
791 71
724 71
441 71
607 71
258 72
952 76
38 76
506 77
666 77
240 78
209 78
36 79
399 82
675 82
138 83
261 84
797 84
158 85
457 85
170 86
603 88
341 90
392 90
577 91
882 92
427 94
630 94
940 95
680 97
18 99
932 99
966 99
479 101
442 102
362 102
340 103
340 103
993 104
299 105
776 106
819 106
547 106
63 109
828 110
687 111
650 112
512 113
122 114
382 114
201 114
986 114
624 116
956 116
400 117
652 117
9 118
457 120
757 120
604 121
298 124
230 124
121 125
761 125
884 128
228 131
255 131
884 131
455 132
265 134
230 135
588 135
55 139
100 141
851 141
333 142
665 145
277 147
815 147
278 148
897 150
58 150
15 152
540 152
734 153
848 153
677 154
948 157
957 158
31 159
14 161
48 163
477 164
541 165
950 166
475 166
984 167
687 170
503 170
265 171
185 171
246 171
497 171
382 172
429 173
675 177
570 178
51 179
21 180
769 181
407 183
644 183
3 183
451 183
166 185
269 186
412 186
911 187
897 187
49 187
559 189
641 191
611 194
240 195
856 203
819 203
550 204
841 204
848 205
607 205
583 206
92 208
535 212
978 212
857 212
503 212
773 213
103 214
896 218
798 220
254 223
643 223
996 224
591 227
867 227
154 228
530 229
460 229
713 230
386 230
577 231
894 231
726 234
215 234
704 235
807 235
142 236
177 238
83 238
342 239
362 239
618 241
905 242
781 245
264 246
41 246
385 247
336 247
499 249
82 251
438 251
973 253
234 254
893 255
556 257
281 258
137 261
668 261
871 262
1000 264
33 264
294 265
187 266
442 266
134 266
596 270
697 271
111 272
8 272
700 273
498 274
325 274
296 275
477 275
242 280
604 281
957 281
719 285
883 285
384 286
490 286
307 287
379 288
633 289
230 290
338 295
96 299
59 303
398 303
924 304
536 305
715 305
200 306
675 306
19 307
961 308
399 309
493 309
918 310
187 310
666 312
517 312
14 312
308 316
45 319
402 321
100 321
899 324
617 327
510 327
530 328
633 330
773 331
434 331
702 334
398 334
737 339
732 339
64 341
669 341
928 342
16 342
469 343
761 346
162 347
917 350
511 353
569 353
340 353
858 355
158 355
691 356
902 356
300 358
130 359
495 361
658 363
782 364
668 364
750 364
762 364
449 368
267 369
667 370
704 371
477 371
978 372
124 373
715 375
575 375
998 375
332 377
485 378
760 379
799 380
236 383
668 384
930 385
482 386
12 387
589 389
515 389
939 393
911 395
651 396
908 396
356 396
72 397
215 398
621 399
107 400
384 401
527 401
589 402
460 402
759 403
364 403
481 404
897 406
99 406
966 410
677 411
897 413
966 415
419 417
71 418
301 421
922 422
989 422
178 424
163 426
403 426
859 429
532 429
980 430
890 430
1000 431
679 431
354 432
333 433
929 433
993 433
258 435
318 435
571 435
429 436
919 437
950 441
331 441
750 442
947 444
691 446
999 447
544 449
560 451
367 451
456 452
688 454
841 455
138 456
115 456
55 457
10 461
989 461
395 463
314 465
60 465
57 466
160 467
38 467
103 468
655 468
238 468
568 470
511 472
600 475
721 476
820 476
718 476
787 478
225 478
442 478
721 479
165 480
710 480
508 480
293 481
86 481
540 485
193 486
853 487
105 488
558 488
243 489
882 490
420 490
803 490
647 498
821 500
865 500
37 500
695 501
2 501
449 501
382 502
472 503
975 503
837 504
868 505
879 505
455 505
469 505
280 507
274 508
36 509
845 510
680 510
798 511
553 512
85 512
28 514
940 516
479 516
42 518
129 520
721 521
787 523
867 523
930 523
711 523
39 524
684 527
686 527
886 529
121 529
975 529
649 531
745 531
572 533
675 534
741 534
192 534
501 535
914 537
356 539
196 539
944 539
744 541
750 543
988 544
588 545
985 546
585 550
752 551
504 551
877 552
833 553
50 553
253 554
510 554
941 557
549 558
229 558
353 560
289 565
804 565
233 567
209 571
569 574
10 575
786 576
692 580
102 582
20 583
963 585
712 585
930 586
467 589
514 589
834 591
134 594
362 594
175 596
636 596
320 596
231 597
796 598
239 601
917 604
8 605
710 606
505 606
370 606
283 607
345 608
239 608
830 609
629 609
76 610
16 610
877 612
873 612
281 614
550 618
205 619
927 620
834 621
738 625
530 625
917 628
368 629
847 632
5 634
556 636
780 637
937 637
802 638
165 638
927 641
314 641
410 641
109 642
548 643
854 644
578 644
781 645
530 645
370 648
900 648
966 648
796 650
271 650
239 650
112 652
14 652
105 656
674 656
336 658
551 659
497 659
823 662
177 662
50 663
881 665
191 667
910 668
50 669
266 669
108 672
103 673
286 673
879 677
818 677
296 678
772 678
242 678
258 680
212 681
399 683
873 683
612 684
772 687
344 688
700 689
730 695
43 696
411 696
304 697
346 698
864 698
4 698
34 699
852 699
34 699
423 700
383 700
345 704
933 704
207 706
170 708
934 708
844 709
293 710
165 711
777 711
325 713
576 713
880 714
306 715
960 716
789 716
764 717
583 717
789 719
479 722
630 723
154 725
819 725
529 728
766 728
116 729
519 730
932 730
202 730
417 731
333 733
760 733
123 734
726 734
10 736
299 736
465 738
769 740
593 741
701 743
434 744
559 744
937 746
116 746
237 746
564 746
254 748
938 751
828 752
872 753
914 755
63 756
912 756
338 757
877 758
104 760
667 764
819 765
630 765
976 766
664 766
200 767
474 768
958 768
327 772
455 772
141 773
587 774
374 775
512 776
165 776
583 777
183 777
920 778
162 778
353 779
626 780
486 780
532 781
733 782
108 784
151 789
577 790
551 791
678 792
797 794
583 794
997 795
31 796
733 796
937 796
309 798
99 799
292 801
886 801
178 802
436 804
440 805
507 805
627 805
872 808
234 809
348 810
639 812
409 813
820 814
974 814
35 816
297 816
753 817
889 818
406 819
282 822
3 823
254 825
140 825
491 827
532 827
226 830
813 830
986 831
704 831
967 831
438 834
149 835
783 835
661 837
17 837
64 839
941 842
657 844
495 844
377 844
42 849
550 851
972 851
65 852
697 852
62 852
847 852
260 852
515 853
822 853
720 859
984 860
665 860
550 861
969 863
321 863
938 866
523 867
35 868
113 870
771 870
745 871
523 871
332 871
658 871
821 873
679 873
147 873
305 873
806 873
609 874
400 876
227 877
997 877
774 877
936 877
28 878
510 879
236 880
513 880
773 881
228 881
659 882
479 884
436 886
17 887
315 888
107 889
17 891
822 891
138 892
352 892
907 893
212 894
522 894
555 896
661 896
405 896
710 897
692 898
755 900
292 900
539 901
468 904
863 906
868 908
686 908
244 909
252 910
838 912
162 914
5 916
870 917
305 919
495 920
433 920
193 921
564 922
464 922
719 923
1 924
552 926
327 926
146 926
951 927
40 931
189 931
661 933
621 933
832 936
52 936
24 937
151 937
225 938
528 938
752 939
589 940
757 940
268 940
661 940
555 941
458 941
888 945
757 945
579 946
649 947
162 947
998 947
66 948
452 948
504 949
237 950
349 951
195 952
196 953
761 953
547 954
154 955
89 956
172 956
508 959
584 959
123 959
64 960
491 960
415 961
841 963
859 964
172 964
85 964
378 965
233 968
215 968
158 968
319 970
63 972
367 975
333 976
383 977
622 977
839 977
761 978
953 978
386 979
96 979
530 979
242 979
633 980
830 980
882 980
561 981
527 983
918 983
935 985
684 985
390 986
139 988
188 989
16 989
433 989
774 989
323 989
356 991
554 992
772 993
836 993
625 994
569 996
578 998
332 999
