254
235 0
723 0
734 0
689 0
312 0
674 0
562 0
495 0
169 0
279 0
62 0
97 0
310 0
30 0
511 0
764 0
181 0
441 0
53 0
494 0
475 0
384 0
153 0
623 0
679 0
626 0
1 0
506 0
107 0
222 0
647 0
44 0
461 0
19 0
209 0
29 0
261 0
715 0
146 0
133 0
693 0
513 0
100 0
607 0
622 0
652 0
554 0
157 0
797 0
761 0
624 0
73 0
271 0
529 0
316 0
35 0
193 0
319 0
708 0
73 0
677 0
591 0
8 0
429 0
123 0
29 0
377 0
314 0
736 0
452 0
549 0
365 0
60 0
462 0
199 0
217 0
728 0
206 0
138 0
521 0
593 0
122 0
64 0
338 0
137 0
581 0
569 0
321 0
464 0
50 0
391 0
361 0
719 0
435 0
206 0
72 0
124 0
185 0
39 0
455 1
587 1
635 1
516 1
645 1
573 1
252 1
691 1
722 1
326 1
648 1
770 1
787 1
664 1
706 1
309 1
597 1
761 1
195 1
542 1
288 1
651 1
305 1
701 1
52 1
8 1
670 1
787 1
109 1
38 1
217 1
631 1
263 1
255 1
8 1
525 1
282 1
618 1
229 1
270 1
465 1
255 1
217 1
620 1
31 1
306 1
792 1
407 1
37 1
274 1
738 1
535 1
478 1
762 1
690 1
689 1
660 1
785 1
296 1
725 1
784 1
633 1
4 1
274 1
249 1
71 1
62 1
589 1
760 1
287 1
590 1
412 1
250 1
575 1
441 1
705 2
710 2
479 2
304 2
117 2
696 2
668 2
251 2
634 2
346 2
348 2
235 2
557 2
444 2
159 2
30 2
693 2
227 2
741 2
635 2
332 2
433 2
11 2
770 2
328 2
691 2
676 2
794 2
596 2
741 2
21 2
88 2
735 2
597 2
640 2
514 2
3 2
488 2
445 2
77 2
324 2
444 2
509 2
120 2
405 2
2 2
209 2
771 2
579 2
519 2
423 2
295 2
382 2
563 2
708 2
785 2
583 2
208 2
364 2
526 2
259 2
493 2
605 2
60 2
169 2
305 2
457 2
743 2
733 2
245 2
501 2
14 2
127 2
350 2
660 2
658 2
764 2
570 2
521 2
233 2
