601
178 0
481 0
755 1
825 2
838 4
264 7
270 9
284 12
342 15
698 16
939 19
26 21
893 22
311 28
726 29
842 29
477 31
795 32
147 33
767 39
541 40
174 41
286 46
442 47
270 47
300 49
705 51
593 54
49 55
212 57
763 58
846 60
442 60
255 64
758 64
70 64
405 64
165 64
964 65
211 66
432 67
581 68
853 70
117 70
661 71
807 74
368 75
993 75
678 75
497 77
472 82
635 83
716 84
738 85
149 87
919 87
707 90
995 90
654 95
189 95
289 97
255 102
524 104
11 105
559 106
478 107
454 111
807 111
199 112
193 117
294 117
267 118
406 119
956 120
884 121
237 121
816 122
936 122
1000 123
304 124
21 125
649 125
763 127
542 133
664 135
344 136
658 137
322 139
520 141
431 149
975 149
228 149
23 150
706 151
888 153
297 154
210 154
488 156
800 159
566 166
960 169
419 183
776 183
25 184
726 189
863 194
864 194
680 198
913 199
400 199
290 202
500 203
305 208
602 209
788 211
241 212
919 213
707 214
888 217
253 220
85 220
692 220
265 223
568 226
620 228
969 230
199 231
477 232
534 236
620 238
629 238
225 244
183 244
177 246
506 249
892 250
91 251
605 252
106 253
278 258
939 258
124 259
951 262
950 262
176 264
532 266
511 266
120 270
715 272
303 273
268 274
221 276
794 278
36 283
395 283
349 284
808 287
672 287
683 287
9 288
838 289
330 289
111 290
380 290
519 295
229 295
753 297
26 298
947 298
532 299
43 299
736 301
107 302
96 303
86 303
305 304
224 304
266 305
523 306
2 306
578 307
789 307
22 311
302 317
543 318
293 321
87 323
295 323
249 324
700 325
949 327
274 329
356 330
461 331
246 332
747 332
380 333
870 333
420 333
372 334
561 334
304 334
998 337
809 342
272 343
333 343
681 345
816 348
576 349
203 353
892 359
522 361
982 363
44 368
50 370
774 370
322 371
662 372
39 374
736 375
317 377
516 377
341 383
407 385
100 385
944 386
616 389
872 389
439 391
933 391
23 391
729 392
986 395
649 398
968 398
488 403
785 404
669 405
751 407
487 407
964 408
981 408
537 409
303 411
626 412
181 413
629 413
310 414
37 415
399 416
854 417
415 418
935 418
288 421
841 422
72 424
92 427
15 427
97 429
1 429
663 430
48 432
610 433
955 433
541 435
329 437
498 437
984 440
691 441
998 441
570 441
253 441
337 444
573 449
497 451
70 454
763 455
161 458
912 459
208 464
802 465
148 466
423 466
352 467
10 467
815 467
28 470
560 474
710 474
817 475
684 479
511 481
351 488
555 490
518 492
548 492
136 492
781 493
37 495
14 495
16 496
764 499
488 504
453 504
778 507
939 508
84 510
447 511
287 511
662 512
775 513
701 516
850 517
180 521
781 521
677 522
382 527
611 527
27 532
328 536
336 538
167 541
408 545
736 545
623 547
767 548
262 550
348 553
985 553
345 554
635 555
616 557
690 558
422 561
239 564
440 571
821 572
325 572
936 572
506 574
650 575
847 575
43 578
764 579
568 579
828 582
299 582
562 585
709 587
123 588
25 589
191 590
467 592
451 593
545 595
680 597
586 601
527 602
354 602
822 604
849 604
987 604
177 605
183 608
23 609
663 616
585 617
995 617
157 617
122 620
139 621
419 622
727 623
570 623
861 626
228 627
593 627
266 627
95 630
653 631
176 632
961 634
59 634
57 634
952 636
206 637
131 637
401 637
471 638
91 640
567 645
161 650
180 651
858 654
333 656
250 656
526 657
136 662
987 662
84 662
795 663
485 663
220 664
909 670
620 673
417 674
560 674
931 677
418 679
312 682
596 685
453 686
98 686
979 687
330 691
566 692
604 692
215 693
820 698
814 698
241 698
27 698
425 698
707 699
683 700
339 704
800 705
562 707
304 707
776 709
30 710
237 711
601 712
508 713
296 714
349 715
774 717
849 720
229 723
689 723
48 725
92 725
978 727
189 730
238 731
967 732
384 732
713 733
129 734
489 735
338 737
994 737
455 737
960 740
160 740
344 743
663 748
186 752
565 755
405 759
146 760
721 763
337 764
63 766
432 767
139 768
119 769
454 771
887 773
850 774
546 775
651 780
367 783
870 783
265 785
65 786
263 788
584 789
877 789
90 790
462 791
877 796
266 796
252 797
665 798
646 800
305 801
483 803
695 805
928 809
181 809
291 811
711 812
405 815
412 819
136 822
573 823
165 823
752 823
726 823
828 825
101 829
570 837
923 837
182 838
317 839
304 842
758 844
873 844
377 849
609 851
455 852
148 854
140 860
245 860
492 861
480 863
917 864
241 865
859 867
815 868
607 872
268 873
217 873
353 873
78 880
805 882
894 883
985 885
92 885
563 888
396 888
322 890
38 891
590 894
196 895
213 895
391 900
25 902
313 903
27 903
901 904
666 905
466 909
982 910
749 912
467 913
536 916
429 918
126 918
139 920
639 920
928 922
471 928
912 928
485 929
157 931
454 932
250 933
783 933
356 935
131 936
198 936
657 940
933 941
6 942
99 944
213 944
813 947
719 949
730 951
663 951
656 952
129 954
370 954
863 958
174 958
721 959
882 962
572 963
196 964
40 966
650 967
583 967
392 968
295 971
935 975
117 977
456 979
274 984
652 986
86 986
450 988
806 988
106 988
401 991
579 992
480 992
493 992
971 994
926 1000
