1000
491 2147483637
30 2147483637
838 2147483637
205 2147483637
283 2147483637
669 2147483637
160 2147483637
99 2147483637
604 2147483637
56 2147483637
982 2147483637
841 2147483637
87 2147483637
255 2147483637
212 2147483637
201 2147483637
669 2147483637
933 2147483637
860 2147483637
366 2147483637
328 2147483637
948 2147483637
349 2147483637
248 2147483637
668 2147483637
422 2147483637
732 2147483637
329 2147483637
787 2147483637
910 2147483637
836 2147483637
534 2147483637
609 2147483637
831 2147483637
597 2147483637
17 2147483637
446 2147483637
259 2147483637
801 2147483637
517 2147483637
604 2147483637
371 2147483637
144 2147483637
528 2147483637
858 2147483637
324 2147483637
172 2147483637
1 2147483637
422 2147483637
48 2147483637
979 2147483637
68 2147483637
985 2147483637
317 2147483637
550 2147483637
643 2147483637
863 2147483637
651 2147483637
425 2147483637
853 2147483637
714 2147483637
888 2147483637
767 2147483637
932 2147483637
603 2147483637
206 2147483637
540 2147483637
345 2147483637
599 2147483637
496 2147483637
630 2147483637
746 2147483637
349 2147483637
417 2147483637
492 2147483637
758 2147483637
800 2147483637
790 2147483637
388 2147483637
826 2147483637
353 2147483637
108 2147483637
972 2147483637
753 2147483637
814 2147483637
79 2147483637
631 2147483637
638 2147483637
865 2147483637
239 2147483637
514 2147483637
632 2147483637
639 2147483637
687 2147483637
985 2147483637
49 2147483637
394 2147483637
443 2147483637
838 2147483637
363 2147483637
453 2147483637
454 2147483637
942 2147483638
577 2147483638
307 2147483638
513 2147483638
196 2147483638
778 2147483638
450 2147483638
342 2147483638
687 2147483638
371 2147483638
503 2147483638
66 2147483638
716 2147483638
900 2147483638
593 2147483638
505 2147483638
9 2147483638
623 2147483638
690 2147483638
160 2147483638
841 2147483638
368 2147483638
251 2147483638
922 2147483638
220 2147483638
702 2147483638
604 2147483638
434 2147483638
27 2147483638
350 2147483638
679 2147483638
625 2147483638
597 2147483638
767 2147483638
237 2147483638
320 2147483638
52 2147483638
201 2147483638
649 2147483638
840 2147483638
564 2147483638
606 2147483638
296 2147483638
346 2147483638
727 2147483638
323 2147483638
74 2147483638
624 2147483638
728 2147483638
806 2147483638
940 2147483638
518 2147483638
368 2147483638
957 2147483638
511 2147483638
915 2147483638
47 2147483638
11 2147483638
973 2147483638
321 2147483638
401 2147483638
302 2147483638
353 2147483638
597 2147483638
587 2147483638
527 2147483638
347 2147483638
367 2147483638
434 2147483638
81 2147483638
840 2147483638
888 2147483638
42 2147483638
672 2147483638
681 2147483638
228 2147483638
725 2147483638
695 2147483638
476 2147483638
528 2147483638
413 2147483638
694 2147483638
545 2147483638
105 2147483638
731 2147483638
12 2147483638
215 2147483638
542 2147483638
295 2147483638
968 2147483638
872 2147483639
259 2147483639
494 2147483639
723 2147483639
425 2147483639
704 2147483639
47 2147483639
468 2147483639
298 2147483639
321 2147483639
33 2147483639
796 2147483639
122 2147483639
433 2147483639
878 2147483639
853 2147483639
898 2147483639
354 2147483639
660 2147483639
293 2147483639
532 2147483639
742 2147483639
942 2147483639
523 2147483639
465 2147483639
838 2147483639
119 2147483639
393 2147483639
781 2147483639
784 2147483639
661 2147483639
194 2147483639
212 2147483639
807 2147483639
814 2147483639
511 2147483639
32 2147483639
809 2147483639
82 2147483639
266 2147483639
585 2147483639
709 2147483639
457 2147483639
667 2147483639
800 2147483639
77 2147483639
986 2147483639
432 2147483639
511 2147483639
324 2147483639
410 2147483639
540 2147483639
914 2147483639
622 2147483639
228 2147483639
134 2147483639
587 2147483639
932 2147483639
485 2147483639
150 2147483639
656 2147483639
456 2147483639
860 2147483639
108 2147483639
599 2147483639
963 2147483639
940 2147483639
511 2147483639
869 2147483639
611 2147483639
623 2147483639
62 2147483639
959 2147483639
694 2147483639
758 2147483639
508 2147483639
633 2147483639
418 2147483639
610 2147483640
564 2147483640
268 2147483640
926 2147483640
653 2147483640
420 2147483640
276 2147483640
651 2147483640
906 2147483640
861 2147483640
662 2147483640
690 2147483640
612 2147483640
26 2147483640
652 2147483640
93 2147483640
235 2147483640
398 2147483640
575 2147483640
17 2147483640
439 2147483640
312 2147483640
424 2147483640
398 2147483640
808 2147483640
258 2147483640
51 2147483640
886 2147483640
757 2147483640
98 2147483640
986 2147483640
646 2147483640
421 2147483640
198 2147483640
973 2147483640
237 2147483640
123 2147483640
607 2147483640
900 2147483640
909 2147483640
321 2147483640
424 2147483640
124 2147483640
752 2147483640
124 2147483640
454 2147483640
557 2147483640
687 2147483640
952 2147483640
96 2147483640
571 2147483640
7 2147483640
162 2147483640
593 2147483640
64 2147483640
950 2147483640
967 2147483640
528 2147483640
215 2147483640
139 2147483640
642 2147483640
813 2147483640
685 2147483640
292 2147483640
425 2147483640
968 2147483640
782 2147483640
719 2147483640
459 2147483640
595 2147483640
931 2147483640
146 2147483640
423 2147483640
901 2147483640
66 2147483640
826 2147483640
951 2147483640
56 2147483640
472 2147483640
114 2147483641
986 2147483641
650 2147483641
680 2147483641
473 2147483641
790 2147483641
645 2147483641
6 2147483641
554 2147483641
258 2147483641
999 2147483641
546 2147483641
236 2147483641
901 2147483641
854 2147483641
179 2147483641
507 2147483641
149 2147483641
842 2147483641
335 2147483641
523 2147483641
566 2147483641
862 2147483641
827 2147483641
34 2147483641
788 2147483641
123 2147483641
748 2147483641
717 2147483641
98 2147483641
804 2147483641
831 2147483641
402 2147483641
279 2147483641
227 2147483641
891 2147483641
249 2147483641
884 2147483641
529 2147483641
465 2147483641
726 2147483641
492 2147483641
337 2147483641
88 2147483641
492 2147483641
662 2147483641
476 2147483641
317 2147483641
865 2147483641
183 2147483641
671 2147483641
994 2147483641
615 2147483641
338 2147483641
243 2147483641
875 2147483641
206 2147483641
662 2147483641
329 2147483641
879 2147483641
180 2147483641
787 2147483641
107 2147483641
223 2147483641
463 2147483641
228 2147483641
552 2147483641
23 2147483641
870 2147483641
697 2147483641
226 2147483641
546 2147483641
13 2147483641
860 2147483641
88 2147483641
920 2147483641
456 2147483641
237 2147483641
559 2147483641
130 2147483642
887 2147483642
365 2147483642
461 2147483642
860 2147483642
324 2147483642
823 2147483642
983 2147483642
6 2147483642
444 2147483642
204 2147483642
340 2147483642
610 2147483642
358 2147483642
204 2147483642
302 2147483642
457 2147483642
261 2147483642
1 2147483642
382 2147483642
257 2147483642
128 2147483642
579 2147483642
88 2147483642
790 2147483642
603 2147483642
43 2147483642
344 2147483642
751 2147483642
364 2147483642
930 2147483642
719 2147483642
873 2147483642
516 2147483642
75 2147483642
472 2147483642
508 2147483642
545 2147483642
454 2147483642
403 2147483642
442 2147483642
280 2147483642
235 2147483642
154 2147483642
548 2147483642
610 2147483642
997 2147483642
797 2147483642
882 2147483642
997 2147483642
684 2147483642
366 2147483642
382 2147483642
223 2147483642
185 2147483642
569 2147483642
312 2147483642
363 2147483642
981 2147483642
36 2147483642
354 2147483642
671 2147483642
151 2147483642
289 2147483642
918 2147483642
171 2147483642
321 2147483642
523 2147483642
385 2147483642
142 2147483642
178 2147483642
525 2147483642
294 2147483642
696 2147483642
142 2147483642
354 2147483642
309 2147483642
258 2147483642
86 2147483642
112 2147483642
281 2147483642
51 2147483642
605 2147483642
168 2147483642
712 2147483642
836 2147483642
827 2147483642
569 2147483642
740 2147483642
67 2147483642
357 2147483642
37 2147483642
281 2147483642
60 2147483642
88 2147483642
325 2147483642
601 2147483642
790 2147483642
4 2147483643
892 2147483643
461 2147483643
857 2147483643
950 2147483643
947 2147483643
910 2147483643
321 2147483643
234 2147483643
512 2147483643
677 2147483643
642 2147483643
109 2147483643
103 2147483643
380 2147483643
662 2147483643
541 2147483643
672 2147483643
540 2147483643
412 2147483643
606 2147483643
613 2147483643
278 2147483643
139 2147483643
903 2147483643
516 2147483643
469 2147483643
691 2147483643
698 2147483643
861 2147483643
906 2147483643
134 2147483643
343 2147483643
832 2147483643
371 2147483643
702 2147483643
850 2147483643
612 2147483643
734 2147483643
637 2147483643
78 2147483643
63 2147483643
922 2147483643
997 2147483643
166 2147483643
388 2147483643
836 2147483643
746 2147483643
454 2147483643
425 2147483643
830 2147483643
891 2147483643
950 2147483643
209 2147483643
272 2147483643
421 2147483643
69 2147483643
260 2147483643
262 2147483643
407 2147483643
64 2147483643
851 2147483643
112 2147483643
640 2147483643
833 2147483643
841 2147483643
90 2147483643
659 2147483643
206 2147483643
887 2147483643
936 2147483643
707 2147483643
171 2147483643
49 2147483643
226 2147483643
287 2147483643
737 2147483643
618 2147483643
619 2147483643
825 2147483643
39 2147483643
474 2147483643
781 2147483643
917 2147483643
499 2147483643
346 2147483643
816 2147483643
478 2147483643
751 2147483643
4 2147483643
551 2147483643
192 2147483643
182 2147483643
732 2147483643
386 2147483643
713 2147483644
670 2147483644
247 2147483644
934 2147483644
337 2147483644
107 2147483644
169 2147483644
176 2147483644
260 2147483644
957 2147483644
573 2147483644
659 2147483644
328 2147483644
674 2147483644
737 2147483644
437 2147483644
524 2147483644
452 2147483644
54 2147483644
265 2147483644
715 2147483644
308 2147483644
472 2147483644
884 2147483644
374 2147483644
161 2147483644
941 2147483644
162 2147483644
557 2147483644
531 2147483644
764 2147483644
823 2147483644
721 2147483644
429 2147483644
584 2147483644
793 2147483644
245 2147483644
779 2147483644
709 2147483644
167 2147483644
219 2147483644
183 2147483644
303 2147483644
284 2147483644
855 2147483644
93 2147483644
999 2147483644
62 2147483644
607 2147483644
72 2147483644
841 2147483644
304 2147483644
706 2147483644
700 2147483644
172 2147483644
324 2147483644
424 2147483644
594 2147483644
907 2147483644
680 2147483644
542 2147483644
863 2147483644
304 2147483644
706 2147483644
999 2147483644
498 2147483644
586 2147483644
627 2147483644
282 2147483644
692 2147483644
949 2147483644
906 2147483644
845 2147483644
143 2147483644
781 2147483644
476 2147483644
229 2147483644
638 2147483644
770 2147483644
76 2147483644
461 2147483644
378 2147483644
16 2147483644
21 2147483644
960 2147483644
822 2147483644
856 2147483644
637 2147483644
289 2147483644
575 2147483644
189 2147483644
360 2147483644
27 2147483644
637 2147483644
917 2147483644
271 2147483644
212 2147483644
631 2147483644
8 2147483644
411 2147483644
980 2147483644
670 2147483644
313 2147483644
105 2147483644
481 2147483644
579 2147483644
191 2147483644
678 2147483644
268 2147483644
209 2147483644
73 2147483644
776 2147483644
999 2147483644
112 2147483645
618 2147483645
5 2147483645
45 2147483645
704 2147483645
698 2147483645
78 2147483645
396 2147483645
661 2147483645
82 2147483645
567 2147483645
560 2147483645
79 2147483645
961 2147483645
670 2147483645
198 2147483645
45 2147483645
108 2147483645
410 2147483645
98 2147483645
173 2147483645
824 2147483645
41 2147483645
468 2147483645
133 2147483645
128 2147483645
787 2147483645
854 2147483645
802 2147483645
862 2147483645
20 2147483645
289 2147483645
804 2147483645
710 2147483645
781 2147483645
130 2147483645
581 2147483645
618 2147483645
363 2147483645
493 2147483645
931 2147483645
386 2147483645
385 2147483645
685 2147483645
407 2147483645
73 2147483645
210 2147483645
662 2147483645
148 2147483645
844 2147483645
896 2147483645
796 2147483645
559 2147483645
632 2147483645
196 2147483645
199 2147483645
338 2147483645
995 2147483645
51 2147483645
379 2147483645
363 2147483645
319 2147483645
371 2147483645
611 2147483645
212 2147483645
43 2147483645
789 2147483645
133 2147483645
791 2147483645
478 2147483645
290 2147483645
254 2147483645
207 2147483645
879 2147483645
101 2147483645
680 2147483645
708 2147483645
298 2147483645
55 2147483645
346 2147483645
582 2147483646
777 2147483646
63 2147483646
934 2147483646
2 2147483646
723 2147483646
8 2147483646
940 2147483646
304 2147483646
807 2147483646
389 2147483646
675 2147483646
972 2147483646
783 2147483646
90 2147483646
402 2147483646
579 2147483646
63 2147483646
152 2147483646
699 2147483646
837 2147483646
176 2147483646
229 2147483646
315 2147483646
287 2147483646
490 2147483646
128 2147483646
44 2147483646
17 2147483646
219 2147483646
180 2147483646
287 2147483646
17 2147483646
691 2147483646
497 2147483646
952 2147483646
35 2147483646
582 2147483646
875 2147483646
279 2147483646
61 2147483646
132 2147483646
693 2147483646
934 2147483646
747 2147483646
957 2147483646
489 2147483646
935 2147483646
22 2147483646
366 2147483646
132 2147483646
980 2147483646
76 2147483646
887 2147483646
632 2147483646
841 2147483646
335 2147483646
300 2147483646
869 2147483646
820 2147483646
908 2147483646
774 2147483646
967 2147483646
9 2147483646
535 2147483646
78 2147483646
484 2147483646
142 2147483646
700 2147483646
915 2147483646
806 2147483646
806 2147483646
607 2147483646
709 2147483646
497 2147483646
776 2147483646
615 2147483646
345 2147483646
216 2147483646
656 2147483646
35 2147483646
782 2147483646
363 2147483646
49 2147483646
39 2147483646
539 2147483646
550 2147483646
629 2147483646
421 2147483646
39 2147483646
33 2147483646
185 2147483646
863 2147483646
227 2147483646
255 2147483646
123 2147483647
464 2147483647
203 2147483647
401 2147483647
751 2147483647
473 2147483647
863 2147483647
520 2147483647
126 2147483647
907 2147483647
880 2147483647
527 2147483647
543 2147483647
193 2147483647
101 2147483647
989 2147483647
599 2147483647
673 2147483647
264 2147483647
498 2147483647
978 2147483647
346 2147483647
23 2147483647
222 2147483647
477 2147483647
600 2147483647
877 2147483647
707 2147483647
838 2147483647
74 2147483647
873 2147483647
568 2147483647
727 2147483647
728 2147483647
392 2147483647
771 2147483647
371 2147483647
844 2147483647
50 2147483647
530 2147483647
144 2147483647
159 2147483647
299 2147483647
812 2147483647
209 2147483647
99 2147483647
598 2147483647
207 2147483647
215 2147483647
974 2147483647
878 2147483647
934 2147483647
342 2147483647
800 2147483647
915 2147483647
297 2147483647
33 2147483647
53 2147483647
888 2147483647
984 2147483647
930 2147483647
64 2147483647
679 2147483647
158 2147483647
607 2147483647
10 2147483647
970 2147483647
222 2147483647
583 2147483647
294 2147483647
74 2147483647
763 2147483647
285 2147483647
65 2147483647
278 2147483647
104 2147483647
264 2147483647
504 2147483647
859 2147483647
991 2147483647
25 2147483647
680 2147483647
235 2147483647
3 2147483647
915 2147483647
711 2147483647
838 2147483647
272 2147483647
588 2147483647
21 2147483647
525 2147483647
