619
412 0
485 0
392 7
581 8
32 8
211 9
530 9
26 14
580 15
92 15
129 15
434 16
285 17
247 17
271 18
160 18
569 20
46 20
336 21
80 23
50 23
91 24
520 24
4 24
322 27
51 28
154 29
326 32
319 34
511 34
25 35
112 36
162 36
65 37
268 38
30 41
332 41
256 42
145 44
462 45
76 46
566 47
120 48
135 49
462 54
62 54
1 62
192 63
212 63
612 64
311 65
129 65
369 66
164 68
325 68
536 71
311 71
277 72
231 74
427 75
142 75
362 76
372 76
423 76
460 77
601 79
256 80
303 81
8 86
558 87
200 87
428 93
436 93
408 96
103 97
334 98
513 99
139 100
386 103
107 104
261 105
27 106
576 114
237 116
457 117
148 118
121 123
100 124
403 124
16 124
16 125
248 126
482 128
525 129
48 131
105 133
232 134
331 135
346 136
367 137
206 138
477 138
556 140
350 141
47 143
10 145
428 145
537 147
25 154
118 155
162 155
300 161
245 162
275 162
532 164
19 164
473 167
291 167
603 172
441 174
487 176
112 176
257 177
300 177
277 178
615 180
193 180
435 181
162 185
541 186
86 187
114 189
63 189
435 191
546 192
11 193
337 195
389 196
293 197
7 200
66 200
434 201
502 201
111 204
454 205
152 205
583 205
101 205
39 206
231 206
21 208
38 209
605 210
322 210
365 213
421 214
203 215
173 215
155 218
529 224
357 227
493 231
608 231
189 231
189 232
372 233
619 236
228 236
517 238
389 242
407 245
294 248
509 248
113 249
581 250
228 252
34 252
616 253
390 253
175 256
20 256
59 257
576 258
535 259
310 261
576 262
434 264
37 264
135 267
57 268
572 269
239 271
494 272
470 274
125 276
403 277
32 280
312 280
209 281
382 281
610 281
164 284
249 285
16 287
233 289
343 292
311 298
236 298
278 300
11 302
508 307
209 308
173 311
548 311
174 314
367 314
36 314
156 315
31 317
131 318
13 319
607 321
593 321
142 323
315 326
411 328
56 330
191 331
190 332
346 332
7 333
155 335
477 336
360 337
349 337
406 337
184 338
81 340
231 344
73 345
308 347
208 348
346 349
97 350
558 352
186 354
459 354
496 355
91 360
36 361
47 363
567 363
315 366
540 367
106 368
474 369
580 370
478 372
204 373
176 373
372 374
342 376
419 377
570 378
335 384
569 385
522 385
505 387
597 387
324 392
565 393
156 399
94 399
213 400
472 406
336 407
297 407
310 408
514 410
394 410
97 411
588 411
360 412
12 414
606 415
141 420
550 422
421 425
589 426
438 426
338 427
38 428
11 429
532 429
215 430
195 431
383 432
132 432
193 433
76 435
147 437
616 437
593 442
443 449
216 452
399 452
85 454
566 456
44 456
559 457
478 457
139 460
341 461
256 462
312 463
484 465
24 467
261 471
494 472
37 473
247 473
6 474
72 475
78 475
355 477
282 480
345 481
446 481
269 482
92 482
78 483
9 484
72 484
529 484
536 486
198 486
134 488
280 491
75 491
444 493
374 493
394 494
335 497
179 497
348 499
433 500
585 500
328 500
326 502
442 503
74 504
161 505
369 505
350 506
431 512
436 513
226 513
385 514
218 516
593 520
604 520
577 521
602 522
440 525
300 533
354 534
184 534
610 536
39 538
271 539
528 539
482 540
360 540
103 540
503 544
527 544
561 544
367 547
457 547
118 548
58 548
64 550
468 551
17 552
588 554
370 560
275 561
439 564
489 565
58 566
1 566
599 566
507 566
407 571
368 573
441 573
267 574
554 574
165 575
153 577
91 580
578 580
84 582
43 584
406 585
186 588
616 591
219 593
519 593
120 593
234 596
305 600
292 604
393 605
31 606
493 607
22 608
115 614
181 617
235 618
67 619
295 619
387 621
273 623
528 625
542 625
218 626
481 631
179 636
557 642
400 648
97 651
343 653
352 655
229 656
595 657
160 660
185 660
459 664
197 664
412 665
384 666
325 668
103 670
162 670
292 671
171 671
598 672
81 672
271 673
507 673
42 674
226 677
160 681
474 685
384 686
259 687
117 688
296 688
439 689
132 690
556 692
390 694
42 697
257 702
261 702
255 702
130 704
423 704
619 704
44 705
566 706
97 707
352 709
500 715
108 715
563 716
17 717
523 720
537 721
8 721
2 723
171 724
513 725
443 726
274 727
520 733
164 734
604 735
82 737
413 738
214 739
90 739
580 739
603 739
82 741
23 743
556 744
540 745
465 746
93 747
161 747
329 748
389 749
342 751
592 757
113 759
441 759
601 760
207 763
475 767
43 776
294 777
586 779
498 779
611 783
456 785
533 786
455 789
95 791
411 792
580 796
334 799
432 799
49 802
270 806
602 806
317 806
233 808
318 810
170 811
511 812
322 812
343 813
298 813
305 819
267 819
374 822
58 822
223 823
508 824
618 830
232 832
116 832
470 833
177 833
536 833
357 834
227 835
273 836
345 836
292 838
378 838
149 838
537 840
554 840
561 840
420 843
224 844
315 844
594 844
33 844
71 845
259 845
249 845
287 845
124 849
369 851
289 852
66 852
391 855
591 855
155 858
477 859
6 859
185 864
167 866
297 869
406 871
212 874
51 875
182 877
477 879
379 879
591 880
279 880
377 881
44 881
193 882
525 884
77 884
559 884
343 885
447 885
415 886
250 886
112 886
526 887
245 888
214 889
458 892
553 892
395 894
269 895
484 897
608 897
130 902
533 903
302 908
490 909
549 909
245 910
12 910
85 911
19 911
512 911
244 911
182 912
411 912
