969
821 1
422 2
706 2
598 2
923 3
45 5
162 5
419 6
111 8
171 8
172 9
617 9
333 9
348 10
306 12
152 13
578 13
506 15
833 17
994 20
725 20
383 23
501 25
626 25
441 27
583 27
233 29
162 30
409 30
611 31
487 32
305 34
888 35
755 35
917 36
704 36
980 37
835 39
724 39
336 41
929 41
588 42
489 42
209 43
784 44
206 44
470 45
415 45
714 47
159 47
282 48
419 49
845 50
672 51
957 51
737 52
381 52
196 53
206 54
973 54
554 54
438 54
667 61
37 62
580 63
129 65
278 65
123 65
357 66
739 67
208 67
287 71
882 71
176 78
320 79
135 80
744 81
376 81
718 82
800 84
25 84
579 85
550 86
849 90
255 91
720 91
442 91
743 92
859 96
216 97
904 98
169 98
771 99
589 99
717 103
568 107
121 107
485 107
839 107
748 108
32 110
594 112
977 113
510 115
785 115
409 116
315 119
103 120
573 120
72 121
69 122
254 123
140 126
737 128
64 129
144 131
528 131
457 132
961 132
719 133
171 133
130 134
477 134
914 135
432 137
749 138
230 141
705 141
461 142
492 143
247 147
846 151
161 151
689 151
875 151
700 151
170 153
111 154
555 154
628 156
203 157
164 157
731 157
683 158
580 158
586 159
573 160
758 161
898 161
363 163
884 163
790 163
455 163
25 166
135 166
862 167
459 167
602 167
50 174
374 179
181 180
866 180
467 180
966 180
856 181
448 181
206 182
430 182
559 182
595 183
555 186
917 187
940 191
925 192
884 192
541 194
61 194
579 194
926 196
421 196
304 196
752 199
83 200
235 201
304 201
565 202
647 203
147 203
518 205
50 205
553 208
299 210
867 213
28 213
101 215
423 216
275 217
516 218
20 219
280 220
88 220
829 220
395 222
160 224
948 224
188 225
780 225
391 226
761 226
583 228
387 229
68 229
583 231
540 231
806 233
751 234
580 235
532 235
640 235
482 235
565 236
459 237
444 238
917 238
630 239
50 240
903 240
819 241
497 242
74 242
532 244
526 245
151 246
630 246
198 247
751 250
913 252
637 252
645 252
179 255
476 255
121 257
266 257
131 258
91 261
809 262
829 264
478 266
375 266
91 267
663 268
533 270
926 271
61 271
537 272
937 275
415 278
175 280
984 283
897 285
902 285
765 285
635 286
339 286
331 288
37 290
91 290
949 291
852 292
423 295
239 295
172 297
195 297
636 298
890 298
701 298
151 301
775 301
859 302
387 302
204 302
923 304
875 305
83 306
584 307
244 309
439 310
44 310
153 311
297 312
99 313
59 314
618 314
295 315
245 316
428 317
365 318
24 319
311 320
696 320
605 322
305 322
193 324
743 324
973 326
580 327
129 327
923 330
754 331
320 331
596 332
201 332
117 332
402 333
480 333
885 334
989 335
493 336
784 339
176 340
458 340
744 341
789 341
245 341
169 342
572 342
778 342
974 345
925 347
718 348
180 348
964 349
744 351
313 351
70 352
124 352
422 353
857 355
892 355
521 355
425 355
703 357
174 357
167 358
697 358
203 359
370 361
574 361
907 362
319 362
730 363
784 364
212 366
561 368
257 369
33 369
202 370
142 371
485 373
153 373
723 378
166 379
600 379
646 379
705 380
381 383
60 383
853 384
40 385
326 386
534 387
112 389
915 389
40 390
172 393
91 395
285 396
209 396
987 396
77 398
658 399
883 399
902 400
707 401
130 402
95 402
59 403
794 405
153 405
749 406
343 407
119 407
449 408
553 408
803 409
695 409
763 410
672 411
245 412
304 412
853 414
198 415
625 417
112 419
325 419
982 420
96 421
88 422
11 423
752 425
642 425
601 427
612 428
936 428
360 428
315 430
925 430
299 431
740 431
513 433
936 437
495 437
132 438
684 440
107 444
696 444
50 444
214 445
68 445
557 447
48 447
402 447
551 447
592 447
247 448
242 448
231 449
894 450
818 450
685 450
110 450
610 452
488 452
855 454
194 455
114 455
463 457
533 457
464 460
923 460
496 461
664 462
482 463
468 465
334 468
799 469
551 469
979 469
162 470
140 472
427 472
64 474
867 474
406 475
407 476
810 477
301 478
416 479
969 480
118 480
885 481
411 487
655 487
604 487
620 487
590 487
703 487
110 487
507 488
106 491
712 492
673 492
448 494
283 495
570 495
330 496
627 498
194 500
731 500
888 501
845 502
144 502
249 503
15 504
579 506
429 508
846 508
218 508
283 508
249 508
743 509
127 510
625 510
371 511
426 512
585 512
577 513
349 513
296 513
357 515
420 515
321 515
394 516
896 517
935 518
959 518
751 520
131 520
164 520
924 522
286 525
19 526
519 526
985 528
226 529
90 530
725 531
740 533
561 535
199 538
256 538
786 538
3 538
708 538
271 541
593 541
694 542
361 543
103 546
80 546
358 546
739 547
342 547
231 547
203 548
885 553
937 554
517 558
300 560
482 562
727 562
455 563
389 563
248 564
533 564
555 565
45 567
86 567
477 568
175 569
67 573
95 574
628 575
981 576
109 576
873 577
852 578
694 579
838 582
837 582
20 583
554 583
459 583
107 585
656 586
320 586
660 587
416 589
903 589
471 590
945 591
618 592
127 593
614 600
362 602
119 602
137 603
86 604
663 604
454 604
758 606
461 607
588 607
591 608
813 608
677 608
301 612
629 612
895 613
653 615
543 615
110 617
398 619
303 619
879 620
246 620
522 621
832 624
999 625
454 626
790 627
599 627
91 629
401 631
404 631
61 632
803 632
646 632
120 633
900 638
463 639
664 641
957 641
829 642
709 642
86 643
403 644
169 644
749 644
887 646
402 646
689 646
741 646
817 648
165 649
728 652
182 652
414 655
843 658
102 659
696 660
277 660
724 660
496 663
523 663
219 665
429 666
530 666
275 666
457 669
860 672
694 673
323 673
102 676
469 677
327 678
146 678
456 679
17 679
647 680
508 681
132 681
597 682
13 683
403 686
788 688
718 688
563 692
322 692
884 693
490 695
481 696
350 696
759 696
297 699
428 699
128 699
508 700
816 700
353 701
230 701
21 701
492 702
103 702
924 702
390 703
17 703
332 704
933 704
34 705
192 711
970 711
493 712
534 712
783 713
391 713
247 713
163 713
323 714
512 714
211 716
464 718
669 718
668 720
22 720
618 721
626 722
624 725
726 725
144 726
927 728
454 728
304 728
211 728
112 729
189 731
509 732
239 733
225 733
745 733
913 733
836 736
93 737
129 737
778 738
633 739
564 741
782 742
3 742
134 742
224 743
322 743
845 745
8 748
453 749
911 749
8 750
551 750
930 751
535 753
238 754
138 757
805 757
470 757
87 757
918 757
573 758
976 759
719 759
25 761
341 761
2 763
175 763
265 764
975 764
176 765
158 765
24 766
837 766
158 770
424 771
710 771
288 772
418 774
70 774
384 775
897 777
838 778
802 782
649 783
402 785
920 790
948 790
568 791
852 793
925 795
106 795
858 798
946 798
708 800
379 801
235 803
805 803
221 803
932 806
314 806
655 807
168 809
1 811
516 811
2 811
346 812
166 813
921 814
702 815
357 816
583 816
23 818
773 818
632 822
703 822
368 823
709 825
55 825
891 826
597 827
340 828
79 830
905 830
807 831
6 834
946 836
153 838
845 838
980 840
250 840
604 841
394 842
212 844
863 845
541 848
602 848
952 848
718 849
869 850
81 851
202 851
295 852
952 853
754 853
396 855
30 861
456 862
258 863
481 864
186 865
406 865
164 866
690 867
494 867
524 868
298 869
463 871
374 872
929 875
76 875
290 877
395 877
149 878
406 878
754 879
730 880
228 882
309 882
359 883
731 883
288 885
789 885
397 886
573 888
120 890
828 891
528 892
791 895
932 895
280 896
346 899
882 900
266 900
534 901
681 902
961 902
720 902
352 903
816 903
578 904
566 905
529 906
864 906
306 909
189 909
19 909
703 910
690 911
521 912
741 912
897 913
629 913
34 914
445 914
336 915
872 915
123 915
320 915
889 917
124 919
259 921
141 921
778 923
595 923
430 924
56 925
905 928
724 928
994 929
753 933
314 936
599 938
837 938
841 939
952 939
764 940
793 940
620 942
987 942
186 944
480 945
31 945
943 946
201 946
639 948
502 948
5 950
921 950
976 952
106 953
603 953
976 954
126 955
499 955
808 958
982 958
655 959
18 963
330 964
449 967
262 967
162 968
903 968
459 970
364 971
300 972
283 974
361 974
885 975
574 975
57 979
978 980
602 982
225 984
477 987
296 988
364 988
980 989
539 990
165 991
351 991
24 992
609 993
775 993
103 993
334 993
611 995
352 996
771 996
269 996
565 998
337 999
102 1000
