703
560 0
180 2
345 3
132 4
363 4
199 5
61 5
52 5
109 6
517 8
541 11
91 11
449 11
266 12
451 14
197 16
108 17
220 18
318 18
126 19
262 19
243 20
291 21
201 21
332 22
440 22
461 22
511 25
471 28
101 28
228 30
224 30
163 31
346 33
480 36
353 36
554 38
80 40
198 40
426 40
427 42
481 42
403 43
67 43
561 44
340 45
294 45
89 48
138 49
294 49
483 49
314 50
511 50
104 52
468 54
351 55
266 55
211 57
448 57
307 59
123 60
246 60
288 61
60 62
495 64
63 65
82 66
362 68
1 68
347 68
105 69
236 70
236 72
152 75
446 75
76 76
435 77
97 77
437 78
130 78
167 78
179 78
178 78
200 79
485 82
37 82
555 83
247 83
81 83
213 83
174 84
313 85
152 85
51 86
326 87
305 89
376 89
548 89
167 90
553 90
140 90
136 90
162 91
323 93
289 93
431 93
159 93
297 94
343 94
149 95
239 96
548 97
483 97
449 98
335 99
138 99
507 101
41 101
400 103
544 104
264 105
192 105
290 107
207 108
361 110
268 112
277 113
39 116
58 116
258 118
468 119
82 119
139 120
275 120
306 120
7 121
28 123
25 123
203 125
237 126
427 127
34 127
451 127
106 130
132 131
208 131
512 133
412 134
134 135
161 135
115 137
43 137
203 137
291 138
74 138
335 138
46 139
216 139
320 140
408 142
225 146
13 147
368 147
141 150
371 151
551 152
142 153
514 154
415 154
405 154
500 156
189 156
10 156
400 159
177 159
424 159
404 159
435 159
531 159
49 160
184 160
372 160
360 161
387 161
440 161
493 163
464 163
403 164
183 164
355 165
500 166
532 166
441 168
262 169
106 170
348 171
79 171
467 173
104 173
14 176
456 177
528 177
358 177
140 178
418 178
177 179
71 179
193 183
426 184
261 185
547 185
77 186
464 187
429 187
120 187
369 188
445 188
451 189
54 189
382 191
226 191
465 191
250 191
207 192
144 194
488 195
64 195
455 196
104 196
176 197
7 197
341 198
101 201
139 202
126 205
253 205
317 206
452 206
96 206
248 207
65 207
309 210
75 211
116 212
523 213
371 213
116 214
100 215
132 215
441 216
144 216
525 217
381 217
59 219
337 220
130 221
436 222
397 223
158 223
208 224
257 224
389 226
238 227
258 229
7 231
358 232
449 232
120 233
110 234
372 236
97 237
391 238
425 238
371 239
251 240
397 242
488 242
524 243
61 243
184 243
46 243
381 244
309 248
107 249
10 249
52 250
480 250
231 250
241 250
140 251
418 251
211 251
524 252
64 252
331 253
454 254
308 256
448 257
559 257
186 258
175 260
273 260
559 260
279 261
304 261
221 262
87 263
27 265
383 265
176 266
34 268
85 268
415 268
421 269
559 269
105 270
546 271
6 272
45 273
361 277
200 277
307 278
174 279
454 282
210 283
548 283
3 283
140 284
68 285
352 285
27 285
161 288
277 289
360 291
64 292
343 293
337 295
487 295
392 296
333 298
111 299
250 299
543 300
385 301
123 302
418 302
450 303
477 303
302 304
251 304
333 305
401 305
453 306
366 306
65 306
417 306
526 306
55 307
62 308
215 310
489 310
236 311
58 312
24 312
289 312
398 312
332 312
44 313
91 316
170 318
130 319
510 319
290 320
300 321
563 323
220 323
369 325
125 326
238 329
138 330
233 334
319 334
88 334
260 336
231 339
265 340
64 340
440 343
232 344
8 344
508 344
550 345
310 347
436 347
481 347
8 348
307 348
350 348
217 349
385 349
286 349
222 349
120 350
178 350
400 352
170 352
545 354
557 354
559 354
278 355
175 356
178 356
310 356
492 356
23 357
52 357
164 358
467 359
196 360
73 362
383 362
29 363
177 365
314 366
333 366
168 367
520 367
494 367
225 368
441 368
163 368
176 369
524 370
210 370
448 370
189 371
195 371
307 372
498 373
410 374
420 376
187 377
134 377
316 378
382 379
83 380
357 381
64 381
417 382
204 383
223 383
75 385
60 386
555 388
43 388
535 388
318 389
17 391
174 392
152 393
64 396
540 397
201 397
189 399
543 400
14 403
440 405
392 405
486 405
437 405
192 407
23 407
83 409
507 410
502 410
179 413
456 414
560 416
365 418
11 419
353 420
17 420
321 421
479 424
183 424
126 425
485 425
297 425
186 425
83 426
130 426
468 428
26 430
379 432
377 432
435 432
417 432
460 434
256 435
301 435
510 437
234 440
220 440
189 441
340 442
553 442
313 444
140 445
64 447
277 448
360 449
523 450
246 451
5 451
510 452
153 455
454 457
266 460
483 460
98 460
494 462
158 463
71 463
245 464
70 464
450 464
305 464
68 465
217 466
142 466
176 467
16 467
375 469
154 470
141 471
66 471
260 472
547 473
505 474
346 475
380 475
140 475
128 475
149 477
17 478
42 478
115 479
108 480
95 481
186 482
262 482
521 485
81 485
315 485
217 485
255 487
335 487
71 487
133 488
529 488
8 490
268 491
401 492
48 494
275 494
7 494
9 496
1 496
511 496
545 496
383 497
473 497
479 498
203 498
116 499
26 500
192 501
32 502
156 502
484 502
51 502
471 509
10 511
125 511
146 514
563 516
112 518
141 518
41 519
562 520
527 520
485 520
73 521
55 521
511 522
113 522
495 522
23 525
549 526
309 526
16 526
13 526
135 531
275 533
106 533
530 535
134 536
327 537
509 538
68 538
185 540
151 540
75 541
124 541
205 542
378 543
302 544
360 545
16 545
314 545
463 546
175 547
100 547
321 548
58 548
312 549
369 550
270 550
72 551
521 551
509 552
296 553
519 554
261 554
418 554
287 555
20 555
335 557
526 557
122 558
383 560
63 561
426 562
308 565
392 566
91 567
527 567
515 569
46 572
205 572
72 572
293 575
430 575
490 576
411 576
473 576
282 577
140 577
547 579
406 580
283 582
65 582
273 582
333 582
434 585
255 585
401 586
80 587
434 587
80 588
518 588
27 589
105 590
482 591
405 592
193 593
267 593
182 594
526 595
463 595
502 595
73 596
111 596
10 596
352 598
403 598
328 599
384 600
90 600
492 602
250 602
563 602
438 602
31 603
134 603
432 603
336 610
451 610
378 610
367 611
232 611
12 612
78 613
