1000
977 0
504 1
795 1
609 1
715 2
94 5
947 6
161 6
790 6
445 6
842 7
722 7
807 8
217 9
569 10
687 10
617 10
412 11
644 11
287 12
191 13
748 14
822 15
489 15
435 16
569 17
742 18
483 19
881 21
502 23
496 24
20 24
260 25
612 25
546 25
452 26
483 26
81 27
982 28
439 28
395 29
438 29
320 29
106 29
725 30
948 31
588 31
150 32
355 32
245 33
524 33
598 38
287 41
582 43
310 45
481 49
409 50
146 50
341 52
256 52
901 54
205 55
160 56
955 57
407 57
621 58
4 59
808 60
837 63
340 63
775 65
267 65
350 65
616 67
658 71
439 75
154 75
325 77
797 77
804 77
97 81
711 82
48 82
407 83
732 84
127 86
446 86
462 87
425 87
45 88
519 90
857 94
245 95
495 96
267 96
748 98
347 99
266 99
581 101
770 101
649 101
169 101
170 102
428 102
417 106
744 106
230 106
406 108
182 111
94 112
345 112
358 112
254 112
695 114
653 115
107 117
83 117
505 120
510 121
377 121
525 122
387 124
960 124
69 125
12 127
464 128
797 128
356 128
252 129
544 129
955 129
637 133
461 133
360 133
712 133
492 134
356 134
558 135
46 137
319 138
54 139
806 139
735 140
590 140
540 140
933 141
913 143
492 143
596 144
331 144
884 147
7 147
680 147
151 148
352 148
781 150
658 153
304 154
856 155
749 156
911 156
289 157
108 157
792 158
887 159
574 161
223 162
56 162
88 165
160 165
738 168
3 169
982 169
936 170
782 172
564 172
358 172
633 174
210 175
833 175
254 176
449 177
364 177
137 180
296 183
836 183
926 183
383 183
623 186
171 186
963 188
138 188
657 190
697 193
964 193
545 195
362 195
707 196
34 197
72 197
288 197
810 199
795 199
403 200
548 200
115 202
55 202
768 204
547 204
566 205
904 208
208 208
173 208
182 210
855 210
51 210
199 212
792 214
326 215
850 215
952 219
640 220
745 220
511 221
527 223
310 223
340 224
271 224
583 227
16 227
688 227
525 228
31 231
925 232
759 233
947 233
790 234
199 234
6 235
110 236
270 237
95 239
591 240
665 241
161 243
904 245
704 246
11 247
232 252
986 254
832 255
493 257
768 258
750 258
712 258
151 260
922 262
621 262
282 264
359 265
941 266
860 267
9 268
472 268
176 269
184 271
843 271
278 272
714 272
997 272
923 274
133 276
604 277
801 278
285 281
655 281
10 282
540 283
461 283
438 283
310 288
281 290
388 292
31 292
859 292
55 293
147 295
401 299
370 300
372 300
310 300
684 302
644 302
883 304
768 305
681 305
406 309
767 309
666 309
478 310
487 314
414 315
62 317
382 319
785 319
906 319
849 321
515 321
60 321
483 323
633 324
62 324
710 325
328 326
222 326
4 328
450 329
59 331
506 334
392 334
566 335
324 336
402 337
233 338
526 338
468 339
44 340
71 341
858 342
45 345
716 345
69 346
295 348
875 349
533 349
727 349
543 349
175 350
329 351
704 351
156 352
987 353
922 353
400 354
163 356
350 357
72 358
770 358
902 360
72 360
809 362
613 362
729 362
648 363
210 365
352 365
659 367
518 368
873 369
136 369
619 370
44 370
464 371
107 372
997 373
841 373
48 374
277 374
138 377
724 377
549 378
259 380
102 380
480 382
313 384
997 384
982 384
528 384
641 385
231 386
910 386
732 386
341 386
382 387
105 388
47 389
302 389
330 390
165 393
683 393
132 394
383 394
94 396
921 397
512 397
77 397
869 400
261 404
651 407
853 408
732 408
475 409
643 410
550 411
333 411
473 412
224 413
580 414
34 414
131 417
230 417
580 419
738 423
676 424
655 425
237 425
125 425
92 426
658 430
799 430
280 430
375 432
646 433
117 433
234 434
237 435
181 436
523 437
694 437
80 438
937 438
417 439
602 439
306 440
912 441
492 441
52 441
841 442
268 443
935 443
501 445
72 446
477 447
3 451
475 452
962 454
173 455
349 457
499 458
232 459
819 459
537 459
640 460
739 462
255 464
918 467
245 469
295 470
5 471
687 472
181 472
651 474
615 475
643 476
784 476
591 477
225 479
816 479
179 480
196 481
506 482
431 484
38 485
734 485
999 487
878 487
582 488
57 489
974 490
445 490
488 490
56 491
717 492
161 492
633 493
831 493
823 496
179 497
496 497
489 500
606 500
919 501
944 502
533 504
861 505
193 506
706 508
572 509
811 509
869 509
213 511
189 511
802 511
688 511
1 512
993 513
387 514
732 515
935 516
769 517
189 518
99 519
304 521
140 521
164 523
505 523
595 524
832 525
653 526
245 526
579 526
384 528
436 528
629 529
752 529
494 531
476 532
175 533
279 534
106 534
639 534
264 535
951 536
850 537
40 537
545 538
355 538
920 539
276 540
985 541
169 543
117 543
676 546
120 548
981 549
733 549
552 550
645 550
939 554
169 554
81 556
767 556
668 556
292 557
482 557
859 559
180 562
497 562
997 563
621 563
599 564
825 565
901 565
563 566
196 566
212 567
883 568
608 568
787 568
410 569
803 569
952 570
390 571
661 572
65 572
845 575
669 576
515 576
857 577
379 578
918 579
10 579
419 580
876 581
865 582
835 582
627 582
565 582
41 583
888 583
105 583
33 584
89 585
529 585
773 587
365 587
26 587
517 588
959 588
710 589
354 591
263 591
772 593
739 594
814 595
88 596
916 598
764 598
222 600
180 602
89 603
178 604
738 604
331 606
98 606
936 606
513 607
841 607
451 609
625 610
292 610
789 612
514 614
86 614
241 614
212 615
912 615
504 617
549 617
171 618
430 619
928 621
782 621
633 621
56 623
865 624
736 624
481 624
616 624
948 624
755 625
906 626
503 626
421 627
610 627
297 627
199 632
602 633
790 633
289 635
629 635
961 637
41 637
158 639
504 643
775 644
284 646
223 646
225 647
183 647
90 647
298 651
748 651
231 651
807 652
824 652
475 655
867 655
923 655
573 656
190 656
247 657
208 657
852 658
774 659
728 663
378 663
146 664
170 665
760 665
84 666
925 667
676 667
245 668
576 668
809 669
694 669
618 670
508 670
570 670
910 671
301 672
213 674
476 675
713 676
210 677
875 678
957 679
547 679
459 680
240 683
499 687
1 692
126 695
596 696
795 696
483 698
826 699
444 699
635 699
842 701
955 702
841 704
451 704
254 706
739 707
174 707
565 714
681 715
485 717
490 718
367 719
861 719
506 721
994 722
615 722
959 723
72 725
303 727
553 727
363 728
66 729
714 731
899 731
399 732
368 733
547 733
978 733
351 734
124 734
484 737
748 738
21 739
648 739
570 741
239 742
859 742
19 742
942 743
457 743
599 747
822 749
574 750
617 755
48 755
585 755
243 755
55 757
911 757
733 758
711 759
310 761
459 763
89 763
5 766
472 767
422 770
420 770
237 770
321 772
770 774
870 775
221 776
415 776
869 777
756 777
948 778
715 778
862 778
712 778
576 779
233 780
123 783
789 783
91 784
980 787
60 787
502 788
130 789
351 790
426 790
229 791
386 792
354 792
422 794
95 794
742 796
101 798
303 799
210 801
752 801
723 801
403 802
525 805
982 805
996 808
991 809
499 809
321 809
702 810
326 812
768 813
353 814
71 814
968 815
113 815
83 816
982 816
143 816
260 817
606 819
451 820
157 820
404 820
120 821
79 822
350 823
223 824
661 824
671 824
230 826
139 827
130 828
605 829
33 830
557 834
247 834
358 835
274 838
254 839
759 842
348 843
276 844
419 845
417 845
487 845
236 846
760 846
53 847
269 847
177 848
445 848
227 848
784 851
318 851
411 852
119 854
869 854
368 855
608 856
945 856
659 857
212 857
376 857
338 858
290 858
643 859
745 860
744 861
144 862
372 863
906 863
521 864
147 865
67 867
718 867
616 867
361 868
175 868
718 868
573 869
543 869
266 872
905 873
401 873
604 875
204 875
448 878
204 881
617 881
671 882
217 882
365 883
272 883
986 883
275 884
254 884
881 885
197 885
641 887
924 888
46 888
211 889
252 892
341 893
499 896
849 899
924 902
925 902
458 904
656 906
120 909
25 910
879 911
244 912
195 912
308 913
306 913
691 915
696 916
379 916
636 916
323 918
405 921
746 921
579 921
785 922
542 923
355 923
27 923
609 924
701 926
660 927
757 929
282 930
220 931
336 937
415 939
524 943
83 945
664 946
368 946
724 946
112 946
859 948
523 948
145 950
899 950
771 951
424 955
403 956
241 956
414 956
933 957
120 959
62 959
238 960
394 961
817 961
891 963
508 963
364 964
714 964
801 965
85 966
845 967
133 967
740 967
167 967
113 968
778 969
334 971
550 972
231 972
909 974
838 975
961 976
272 976
235 977
428 977
610 977
527 978
112 978
868 978
985 979
475 980
979 980
398 981
601 981
770 983
252 986
953 986
640 988
828 991
481 992
339 993
736 994
593 994
909 998
956 1000
