1000
253 2147483637
333 2147483637
995 2147483637
853 2147483637
47 2147483637
594 2147483637
605 2147483637
903 2147483637
147 2147483637
512 2147483637
527 2147483637
93 2147483637
848 2147483637
409 2147483637
527 2147483637
197 2147483637
617 2147483637
506 2147483637
366 2147483637
457 2147483637
126 2147483637
115 2147483637
10 2147483637
907 2147483637
431 2147483637
237 2147483637
181 2147483637
188 2147483637
494 2147483637
903 2147483637
804 2147483637
839 2147483637
480 2147483637
887 2147483637
386 2147483637
675 2147483637
312 2147483637
898 2147483637
256 2147483637
608 2147483637
331 2147483637
150 2147483637
471 2147483637
438 2147483637
811 2147483637
754 2147483637
333 2147483637
569 2147483637
334 2147483637
797 2147483637
838 2147483637
972 2147483637
451 2147483637
246 2147483637
109 2147483637
852 2147483637
101 2147483637
80 2147483637
319 2147483637
337 2147483637
322 2147483637
439 2147483637
538 2147483637
379 2147483637
95 2147483637
173 2147483637
306 2147483637
146 2147483637
759 2147483637
122 2147483637
466 2147483637
90 2147483637
665 2147483637
903 2147483637
617 2147483637
73 2147483637
46 2147483637
785 2147483637
134 2147483637
523 2147483637
945 2147483637
176 2147483637
898 2147483637
952 2147483637
96 2147483637
728 2147483637
75 2147483638
154 2147483638
723 2147483638
340 2147483638
210 2147483638
223 2147483638
860 2147483638
120 2147483638
860 2147483638
333 2147483638
55 2147483638
523 2147483638
453 2147483638
66 2147483638
289 2147483638
338 2147483638
108 2147483638
701 2147483638
866 2147483638
917 2147483638
666 2147483638
704 2147483638
810 2147483638
650 2147483638
625 2147483638
697 2147483638
59 2147483638
589 2147483638
425 2147483638
776 2147483638
946 2147483638
402 2147483638
216 2147483638
919 2147483638
60 2147483638
304 2147483638
63 2147483638
965 2147483638
57 2147483638
982 2147483638
722 2147483638
460 2147483638
3 2147483638
962 2147483638
88 2147483638
759 2147483638
403 2147483638
270 2147483638
778 2147483638
175 2147483638
647 2147483638
736 2147483638
658 2147483638
526 2147483638
892 2147483638
816 2147483638
922 2147483638
194 2147483638
318 2147483638
889 2147483638
578 2147483638
990 2147483638
310 2147483638
893 2147483638
78 2147483638
499 2147483638
551 2147483638
787 2147483638
119 2147483638
344 2147483638
577 2147483638
935 2147483638
526 2147483638
783 2147483638
902 2147483638
895 2147483638
581 2147483638
881 2147483638
752 2147483638
802 2147483638
443 2147483638
369 2147483638
924 2147483638
56 2147483638
468 2147483638
10 2147483638
318 2147483638
882 2147483638
689 2147483638
52 2147483638
181 2147483638
872 2147483638
467 2147483638
902 2147483638
405 2147483638
906 2147483639
651 2147483639
786 2147483639
518 2147483639
631 2147483639
51 2147483639
112 2147483639
616 2147483639
319 2147483639
638 2147483639
903 2147483639
997 2147483639
135 2147483639
994 2147483639
85 2147483639
72 2147483639
477 2147483639
950 2147483639
756 2147483639
355 2147483639
979 2147483639
147 2147483639
738 2147483639
247 2147483639
185 2147483639
183 2147483639
366 2147483639
642 2147483639
807 2147483639
264 2147483639
39 2147483639
291 2147483639
228 2147483639
977 2147483639
975 2147483639
191 2147483639
461 2147483639
35 2147483639
74 2147483639
177 2147483639
378 2147483639
465 2147483639
719 2147483639
753 2147483639
244 2147483639
592 2147483639
188 2147483639
577 2147483639
783 2147483639
102 2147483639
881 2147483639
657 2147483639
920 2147483639
819 2147483639
303 2147483639
101 2147483639
235 2147483639
500 2147483639
113 2147483639
303 2147483639
827 2147483639
961 2147483639
175 2147483639
477 2147483639
435 2147483639
30 2147483639
17 2147483639
476 2147483639
853 2147483639
915 2147483639
926 2147483639
814 2147483639
944 2147483639
573 2147483639
166 2147483639
997 2147483639
561 2147483639
812 2147483639
295 2147483639
595 2147483639
611 2147483639
924 2147483639
696 2147483639
567 2147483639
902 2147483639
611 2147483639
737 2147483639
325 2147483639
398 2147483639
867 2147483639
654 2147483640
852 2147483640
892 2147483640
355 2147483640
242 2147483640
893 2147483640
170 2147483640
413 2147483640
175 2147483640
812 2147483640
498 2147483640
253 2147483640
952 2147483640
925 2147483640
382 2147483640
605 2147483640
532 2147483640
527 2147483640
864 2147483640
752 2147483640
710 2147483640
957 2147483640
454 2147483640
170 2147483640
163 2147483640
99 2147483640
581 2147483640
412 2147483640
683 2147483640
609 2147483640
368 2147483640
83 2147483640
822 2147483640
174 2147483640
773 2147483640
883 2147483640
909 2147483640
560 2147483640
49 2147483640
689 2147483640
322 2147483640
80 2147483640
277 2147483640
188 2147483640
583 2147483640
575 2147483640
171 2147483640
994 2147483640
905 2147483640
968 2147483640
379 2147483640
342 2147483640
6 2147483640
583 2147483640
679 2147483640
541 2147483640
276 2147483640
247 2147483640
466 2147483640
843 2147483640
256 2147483640
213 2147483640
761 2147483640
615 2147483640
68 2147483640
601 2147483640
501 2147483640
320 2147483640
650 2147483640
918 2147483640
497 2147483640
917 2147483640
477 2147483640
546 2147483640
162 2147483640
502 2147483640
159 2147483640
753 2147483640
167 2147483640
260 2147483640
386 2147483640
610 2147483640
588 2147483640
779 2147483640
388 2147483640
111 2147483640
528 2147483640
830 2147483640
565 2147483640
612 2147483640
666 2147483640
247 2147483640
224 2147483640
933 2147483640
200 2147483640
88 2147483640
236 2147483640
98 2147483641
871 2147483641
611 2147483641
85 2147483641
174 2147483641
6 2147483641
752 2147483641
183 2147483641
224 2147483641
141 2147483641
457 2147483641
779 2147483641
186 2147483641
568 2147483641
85 2147483641
226 2147483641
112 2147483641
422 2147483641
170 2147483641
385 2147483641
734 2147483641
48 2147483641
561 2147483641
525 2147483641
755 2147483641
492 2147483641
492 2147483641
930 2147483641
192 2147483641
354 2147483641
482 2147483641
10 2147483641
213 2147483641
548 2147483641
946 2147483641
739 2147483641
325 2147483641
721 2147483641
458 2147483641
479 2147483641
337 2147483641
523 2147483641
305 2147483641
987 2147483641
961 2147483641
315 2147483641
696 2147483641
590 2147483641
847 2147483641
742 2147483641
159 2147483641
911 2147483641
868 2147483641
773 2147483641
190 2147483641
979 2147483641
918 2147483641
385 2147483641
119 2147483641
807 2147483641
376 2147483641
645 2147483641
197 2147483641
841 2147483641
42 2147483641
289 2147483641
511 2147483641
191 2147483641
619 2147483641
365 2147483641
432 2147483641
529 2147483641
118 2147483641
466 2147483641
926 2147483641
407 2147483641
571 2147483641
388 2147483641
490 2147483641
769 2147483641
685 2147483641
858 2147483641
939 2147483641
131 2147483641
15 2147483641
944 2147483642
718 2147483642
193 2147483642
599 2147483642
767 2147483642
846 2147483642
335 2147483642
294 2147483642
194 2147483642
658 2147483642
796 2147483642
421 2147483642
972 2147483642
891 2147483642
824 2147483642
812 2147483642
551 2147483642
684 2147483642
17 2147483642
643 2147483642
306 2147483642
155 2147483642
110 2147483642
964 2147483642
381 2147483642
56 2147483642
567 2147483642
79 2147483642
95 2147483642
724 2147483642
490 2147483642
133 2147483642
332 2147483642
625 2147483642
994 2147483642
462 2147483642
22 2147483642
964 2147483642
243 2147483642
686 2147483642
244 2147483642
956 2147483642
162 2147483642
171 2147483642
794 2147483642
995 2147483642
541 2147483642
686 2147483642
775 2147483642
947 2147483642
779 2147483642
543 2147483642
66 2147483642
240 2147483642
643 2147483642
912 2147483642
924 2147483642
281 2147483642
869 2147483642
116 2147483642
43 2147483642
555 2147483642
234 2147483642
375 2147483642
737 2147483642
403 2147483642
122 2147483642
940 2147483642
331 2147483642
154 2147483642
636 2147483642
594 2147483642
350 2147483642
52 2147483642
52 2147483642
726 2147483642
244 2147483642
932 2147483642
602 2147483642
551 2147483642
141 2147483642
662 2147483642
55 2147483642
111 2147483642
116 2147483642
764 2147483642
174 2147483642
642 2147483642
424 2147483642
244 2147483642
639 2147483642
696 2147483643
529 2147483643
286 2147483643
723 2147483643
182 2147483643
498 2147483643
721 2147483643
609 2147483643
176 2147483643
907 2147483643
244 2147483643
957 2147483643
511 2147483643
408 2147483643
826 2147483643
570 2147483643
475 2147483643
434 2147483643
892 2147483643
493 2147483643
254 2147483643
457 2147483643
310 2147483643
497 2147483643
170 2147483643
256 2147483643
915 2147483643
58 2147483643
614 2147483643
949 2147483643
775 2147483643
613 2147483643
825 2147483643
489 2147483643
391 2147483643
449 2147483643
424 2147483643
73 2147483643
938 2147483643
947 2147483643
63 2147483643
69 2147483643
866 2147483643
539 2147483643
800 2147483643
962 2147483643
981 2147483643
881 2147483643
769 2147483643
422 2147483643
148 2147483643
236 2147483643
870 2147483643
671 2147483643
127 2147483643
472 2147483643
82 2147483643
396 2147483643
928 2147483643
364 2147483643
468 2147483643
428 2147483643
420 2147483643
911 2147483643
342 2147483643
22 2147483643
881 2147483643
900 2147483643
836 2147483643
679 2147483643
867 2147483643
790 2147483643
361 2147483643
637 2147483643
51 2147483643
711 2147483643
945 2147483643
251 2147483643
423 2147483643
154 2147483643
133 2147483643
950 2147483643
798 2147483643
826 2147483643
33 2147483643
108 2147483643
99 2147483643
763 2147483643
824 2147483643
256 2147483643
928 2147483643
838 2147483643
560 2147483643
75 2147483644
913 2147483644
759 2147483644
407 2147483644
367 2147483644
16 2147483644
407 2147483644
452 2147483644
743 2147483644
761 2147483644
116 2147483644
111 2147483644
107 2147483644
664 2147483644
953 2147483644
213 2147483644
855 2147483644
757 2147483644
450 2147483644
494 2147483644
25 2147483644
795 2147483644
925 2147483644
547 2147483644
213 2147483644
384 2147483644
703 2147483644
962 2147483644
916 2147483644
289 2147483644
66 2147483644
233 2147483644
945 2147483644
418 2147483644
700 2147483644
192 2147483644
271 2147483644
73 2147483644
926 2147483644
575 2147483644
274 2147483644
308 2147483644
26 2147483644
391 2147483644
694 2147483644
945 2147483644
205 2147483644
77 2147483644
830 2147483644
322 2147483644
460 2147483644
890 2147483644
988 2147483644
622 2147483644
871 2147483644
850 2147483644
321 2147483644
405 2147483644
223 2147483644
601 2147483644
491 2147483644
301 2147483644
910 2147483644
856 2147483644
886 2147483644
732 2147483644
778 2147483644
126 2147483644
134 2147483644
5 2147483644
922 2147483644
687 2147483644
620 2147483644
736 2147483644
858 2147483644
595 2147483644
121 2147483644
856 2147483644
501 2147483644
474 2147483644
288 2147483644
863 2147483644
697 2147483644
185 2147483644
282 2147483644
637 2147483644
490 2147483644
570 2147483644
906 2147483644
585 2147483645
175 2147483645
549 2147483645
119 2147483645
120 2147483645
529 2147483645
937 2147483645
660 2147483645
569 2147483645
400 2147483645
241 2147483645
822 2147483645
350 2147483645
291 2147483645
63 2147483645
371 2147483645
191 2147483645
660 2147483645
765 2147483645
997 2147483645
129 2147483645
285 2147483645
197 2147483645
74 2147483645
248 2147483645
539 2147483645
106 2147483645
75 2147483645
973 2147483645
151 2147483645
418 2147483645
122 2147483645
724 2147483645
469 2147483645
596 2147483645
761 2147483645
165 2147483645
263 2147483645
425 2147483645
519 2147483645
900 2147483645
780 2147483645
342 2147483645
615 2147483645
795 2147483645
662 2147483645
39 2147483645
454 2147483645
20 2147483645
73 2147483645
310 2147483645
510 2147483645
151 2147483645
292 2147483645
294 2147483645
75 2147483645
656 2147483645
253 2147483645
257 2147483645
613 2147483645
272 2147483645
379 2147483645
617 2147483645
345 2147483645
47 2147483645
62 2147483645
780 2147483645
737 2147483645
866 2147483645
189 2147483645
416 2147483645
699 2147483645
338 2147483645
142 2147483645
986 2147483645
878 2147483645
850 2147483645
774 2147483645
520 2147483645
483 2147483645
147 2147483645
289 2147483645
650 2147483645
620 2147483645
495 2147483645
793 2147483645
541 2147483646
310 2147483646
782 2147483646
474 2147483646
944 2147483646
297 2147483646
971 2147483646
569 2147483646
903 2147483646
118 2147483646
84 2147483646
545 2147483646
16 2147483646
899 2147483646
711 2147483646
829 2147483646
408 2147483646
597 2147483646
446 2147483646
135 2147483646
733 2147483646
256 2147483646
929 2147483646
926 2147483646
727 2147483646
354 2147483646
333 2147483646
999 2147483646
909 2147483646
49 2147483646
698 2147483646
260 2147483646
293 2147483646
419 2147483646
297 2147483646
225 2147483646
49 2147483646
807 2147483646
887 2147483646
237 2147483646
485 2147483646
531 2147483646
461 2147483646
951 2147483646
59 2147483646
229 2147483646
653 2147483646
372 2147483646
245 2147483646
265 2147483646
956 2147483646
957 2147483646
278 2147483646
575 2147483646
633 2147483646
345 2147483646
139 2147483646
144 2147483646
313 2147483646
660 2147483646
745 2147483646
333 2147483646
495 2147483646
670 2147483646
853 2147483646
365 2147483646
616 2147483646
153 2147483646
899 2147483646
93 2147483646
54 2147483646
436 2147483646
394 2147483646
303 2147483646
540 2147483646
939 2147483646
404 2147483646
226 2147483646
795 2147483646
415 2147483646
457 2147483646
928 2147483646
382 2147483646
420 2147483646
581 2147483646
146 2147483647
97 2147483647
387 2147483647
941 2147483647
869 2147483647
647 2147483647
261 2147483647
772 2147483647
840 2147483647
887 2147483647
287 2147483647
277 2147483647
729 2147483647
322 2147483647
400 2147483647
525 2147483647
70 2147483647
81 2147483647
429 2147483647
559 2147483647
697 2147483647
726 2147483647
647 2147483647
292 2147483647
946 2147483647
896 2147483647
965 2147483647
824 2147483647
941 2147483647
901 2147483647
426 2147483647
992 2147483647
846 2147483647
215 2147483647
278 2147483647
18 2147483647
883 2147483647
973 2147483647
963 2147483647
34 2147483647
129 2147483647
645 2147483647
377 2147483647
393 2147483647
38 2147483647
360 2147483647
517 2147483647
446 2147483647
468 2147483647
486 2147483647
977 2147483647
585 2147483647
224 2147483647
796 2147483647
805 2147483647
872 2147483647
394 2147483647
303 2147483647
21 2147483647
360 2147483647
535 2147483647
768 2147483647
669 2147483647
181 2147483647
840 2147483647
876 2147483647
155 2147483647
241 2147483647
758 2147483647
725 2147483647
848 2147483647
571 2147483647
108 2147483647
899 2147483647
44 2147483647
171 2147483647
956 2147483647
91 2147483647
136 2147483647
786 2147483647
764 2147483647
223 2147483647
164 2147483647
751 2147483647
639 2147483647
179 2147483647
842 2147483647
879 2147483647
155 2147483647
71 2147483647
517 2147483647
392 2147483647
653 2147483647
482 2147483647
563 2147483647
279 2147483647
467 2147483647
756 2147483647
279 2147483647
778 2147483647
836 2147483647
237 2147483647
959 2147483647
