148
964 0
79 2
827 3
525 6
709 35
686 37
242 39
113 43
806 49
92 54
659 54
580 56
182 64
700 68
735 69
273 82
419 92
543 101
824 117
531 124
122 127
764 132
143 141
690 145
748 150
737 153
917 157
237 158
546 165
479 177
64 189
966 190
473 191
800 208
569 212
923 212
28 224
106 225
277 255
602 264
714 267
367 267
546 273
930 274
891 276
381 283
272 299
215 327
110 331
229 334
94 336
824 350
685 361
2 363
741 372
727 373
466 383
642 392
584 403
259 404
848 415
313 418
731 443
361 446
54 461
133 464
146 470
485 483
229 506
271 509
796 511
334 511
33 512
225 514
966 520
521 522
25 538
732 544
530 550
642 554
700 564
287 565
594 568
955 584
881 587
413 587
877 595
131 606
358 612
778 614
817 619
256 628
91 638
743 639
58 648
714 653
555 672
216 673
128 680
947 692
435 698
648 701
113 716
811 718
324 720
262 729
528 733
712 746
428 747
669 749
818 751
743 755
241 761
356 772
572 773
820 774
822 779
604 785
128 789
153 791
761 796
939 798
223 799
695 810
929 818
59 825
337 831
935 838
572 848
461 867
210 878
546 886
283 897
392 915
800 915
983 921
416 932
515 946
532 953
305 962
122 963
357 964
511 967
353 980
845 984
318 985
540 986
337 1000
