675
18 0
556 2
224 6
216 7
392 7
67 10
332 12
991 12
956 13
993 14
203 15
884 19
797 24
808 25
768 25
64 27
398 28
28 30
502 32
279 33
922 34
995 34
903 36
858 36
700 36
401 39
661 40
807 41
186 41
903 46
298 50
349 53
765 53
272 57
226 59
713 59
269 60
116 62
455 64
148 64
76 64
903 65
556 65
372 65
529 66
162 66
467 67
316 67
354 67
801 69
656 70
871 71
709 71
774 71
29 72
99 73
364 76
767 76
290 77
93 80
777 83
315 84
376 85
64 86
202 87
666 89
946 91
552 91
752 92
402 93
154 94
237 95
652 95
328 96
516 99
446 102
19 102
79 103
304 105
217 107
922 108
143 108
785 109
491 111
263 111
872 111
118 115
168 115
818 116
745 119
357 120
60 120
811 121
990 123
717 124
322 125
38 126
57 127
11 131
487 132
742 132
363 133
145 134
815 136
759 137
371 141
348 142
105 142
43 142
354 146
618 147
40 148
235 149
987 150
695 153
847 153
681 153
463 154
648 154
2 155
517 157
388 157
784 158
319 158
442 158
175 158
176 159
720 165
829 167
59 167
416 170
698 170
701 171
289 173
862 174
441 174
101 176
767 176
471 177
176 178
577 178
54 179
12 181
625 182
632 182
764 182
563 183
67 186
451 189
801 194
135 195
778 196
489 196
697 197
268 197
893 197
460 197
928 202
843 203
208 204
701 206
82 208
926 209
886 213
773 219
296 219
877 220
989 221
882 223
894 225
90 225
212 226
302 229
196 229
637 232
72 235
419 235
697 237
255 244
855 245
756 248
271 249
328 250
672 250
2 252
89 253
573 254
678 255
269 256
286 261
223 265
971 268
682 271
65 272
671 274
279 274
641 280
114 282
406 282
455 283
308 284
576 284
135 286
473 294
261 295
79 295
74 297
36 298
278 298
61 299
660 305
583 305
959 305
596 309
231 310
212 310
443 310
656 310
117 311
976 311
450 313
352 319
893 322
396 322
954 323
810 323
151 325
930 326
394 328
693 328
775 329
878 334
727 334
582 335
846 337
653 342
876 342
491 344
257 344
78 344
775 346
164 347
694 352
684 354
730 355
835 356
88 356
678 356
213 356
231 356
944 356
442 357
215 360
108 361
504 362
436 362
278 362
904 363
774 364
571 364
908 365
82 368
310 368
2 369
464 371
290 375
299 379
716 381
749 381
595 383
103 384
218 387
384 387
525 388
163 390
278 392
897 395
537 396
647 396
155 400
152 401
724 405
90 407
102 408
448 409
526 410
702 419
265 420
316 420
777 421
466 428
457 433
972 435
372 435
883 436
828 437
329 439
603 439
651 441
601 441
476 442
101 443
872 445
613 445
971 445
173 450
120 451
744 451
528 454
700 456
170 457
484 457
730 457
489 458
741 458
221 462
999 463
759 463
862 464
875 464
574 464
801 465
526 467
36 467
185 471
672 474
184 474
452 474
119 475
415 476
77 478
382 478
937 479
674 483
331 484
383 485
142 487
509 487
597 489
568 490
656 492
568 493
453 494
240 494
903 495
177 495
332 496
284 500
585 501
778 502
471 504
261 507
807 507
486 508
763 508
149 508
132 509
39 510
451 512
556 516
892 519
531 522
490 523
55 524
692 525
954 527
791 529
625 530
655 530
333 533
362 535
757 535
554 544
967 545
797 547
553 548
1000 550
648 551
812 551
770 551
424 553
347 554
165 554
745 556
356 556
238 560
357 560
412 561
487 561
515 564
968 564
820 567
405 572
861 576
163 580
513 582
193 583
561 584
405 584
849 585
229 586
395 592
771 592
450 595
146 595
749 595
941 595
673 598
224 600
446 600
689 607
958 607
855 607
386 609
359 611
594 614
935 615
856 616
114 616
353 617
650 618
841 619
576 621
691 621
166 622
814 622
913 624
162 625
509 630
584 632
109 633
890 633
798 636
634 637
120 639
868 639
31 640
491 641
79 641
548 642
835 643
250 645
936 647
404 648
734 650
193 651
8 651
380 652
888 652
352 656
584 660
894 662
925 662
250 663
215 664
415 665
960 666
448 667
464 668
794 670
917 671
174 671
946 672
325 672
48 677
87 684
722 686
962 687
80 687
154 687
487 691
792 692
846 692
196 694
145 694
442 695
107 696
342 697
851 698
233 701
91 703
378 705
925 706
450 706
477 706
220 712
413 716
761 716
224 719
458 721
586 721
914 722
835 722
955 725
938 726
367 726
121 726
669 726
881 726
799 727
318 727
864 728
870 732
275 740
967 740
507 744
105 744
354 746
5 750
636 751
43 751
705 755
78 756
472 762
991 763
928 763
580 766
723 768
276 769
436 772
947 773
733 774
185 774
945 774
626 775
134 776
168 778
657 780
34 783
83 788
874 790
861 790
558 794
554 795
827 795
981 796
542 797
753 797
754 800
72 801
615 802
632 803
144 803
731 805
557 805
544 807
626 808
136 810
315 811
918 815
868 815
622 818
727 821
605 824
897 828
124 831
859 834
225 834
323 835
320 838
507 846
969 847
797 850
763 851
926 852
179 853
243 854
470 854
961 855
904 857
706 857
963 857
864 858
959 859
408 859
328 860
226 860
985 862
692 862
757 866
951 867
43 868
228 872
497 873
719 875
531 877
534 881
589 882
717 882
668 884
822 885
202 888
156 888
842 889
245 891
769 892
318 894
604 895
903 897
613 897
284 900
153 901
345 903
694 903
53 904
508 908
168 910
500 913
880 915
540 915
571 916
200 916
393 919
307 919
11 923
410 927
553 927
205 928
481 929
190 932
130 932
411 933
480 933
16 934
935 935
224 938
737 938
912 941
611 941
912 942
882 943
623 943
239 943
780 947
762 948
218 948
837 956
772 956
393 957
173 957
361 959
296 959
721 960
100 960
317 961
692 963
713 965
413 966
215 969
551 970
384 971
523 973
771 974
838 977
149 982
206 982
306 983
505 984
940 984
402 985
165 986
294 987
708 988
386 990
684 991
837 991
218 991
840 992
595 992
204 993
793 996
256 997
100 998
280 1000
4 1000
