287
129 1
143 5
121 7
164 10
2 12
94 12
152 12
79 24
160 26
12 30
105 31
2 33
73 41
165 44
127 46
61 48
23 52
77 56
171 56
104 63
79 64
80 64
71 65
8 68
154 70
99 71
104 73
17 75
118 76
42 76
105 82
131 85
95 102
35 120
66 124
134 125
149 131
129 134
15 135
35 137
17 138
155 143
98 149
65 151
101 152
4 157
115 157
4 158
13 158
132 159
16 163
121 166
52 169
107 173
78 182
160 188
175 191
157 196
63 200
144 202
74 204
45 207
38 210
133 211
22 213
72 216
2 216
69 216
59 217
113 223
68 230
142 231
60 232
170 233
147 234
23 234
50 244
107 246
74 248
120 249
168 251
62 252
8 252
87 253
107 254
172 256
178 257
96 265
13 268
152 268
16 270
143 281
162 284
100 287
40 289
125 289
149 295
44 297
70 298
57 299
112 300
32 304
76 305
111 305
50 307
76 308
182 318
78 319
89 322
58 327
152 328
101 330
153 330
110 330
107 335
109 336
129 341
109 349
169 349
37 351
148 351
16 354
71 367
120 370
133 376
32 378
84 379
154 387
111 388
86 393
101 395
109 395
170 402
66 407
164 407
106 409
92 417
7 419
103 420
146 422
114 425
129 428
163 431
158 432
110 441
72 442
98 446
158 447
115 448
10 449
53 455
53 456
79 464
55 466
55 474
12 474
50 480
138 482
27 484
141 484
108 485
166 485
121 486
84 486
124 490
104 494
52 494
132 496
119 499
137 500
167 502
120 505
131 508
141 508
95 510
56 512
45 517
171 517
116 520
119 520
83 521
127 521
163 527
4 532
129 532
51 537
139 540
125 542
31 550
83 551
116 553
3 554
65 555
83 557
127 559
1 566
25 568
16 570
82 574
178 575
179 576
102 577
44 580
172 586
62 589
170 600
138 603
23 606
126 607
60 610
48 611
146 611
21 612
78 614
137 615
19 617
158 618
84 622
10 623
57 635
87 635
7 639
34 645
112 646
147 652
24 661
75 663
37 664
108 673
131 675
26 678
143 680
161 680
41 682
47 689
164 691
87 691
119 691
131 698
64 704
37 707
22 709
57 711
82 711
167 718
137 718
67 721
150 722
50 729
137 730
26 732
175 732
140 734
155 735
44 740
133 748
49 749
122 753
30 754
94 760
147 762
181 762
77 770
9 771
161 778
6 781
158 787
137 788
101 791
62 793
21 793
76 793
139 797
144 799
108 804
160 807
75 815
144 828
60 830
76 834
85 835
5 836
67 837
134 846
5 854
7 857
132 860
