1000
461 0
408 1
901 1
307 2
228 5
99 6
601 6
777 7
511 9
645 9
954 9
425 10
633 12
113 13
365 15
595 15
436 16
904 18
772 20
797 22
887 24
411 25
880 26
720 27
953 27
513 30
604 31
180 31
624 37
735 37
600 40
927 41
345 43
714 43
560 45
387 46
167 46
496 48
243 49
303 49
850 51
720 51
533 54
266 54
821 54
285 54
818 56
258 56
14 57
813 59
455 59
289 60
816 62
311 63
829 64
403 65
656 65
867 66
390 66
86 66
914 66
776 67
159 67
707 68
202 69
957 71
190 75
646 76
592 79
184 80
130 82
613 83
809 83
973 83
521 83
139 84
467 85
648 86
557 86
429 86
223 89
778 89
624 90
443 91
74 93
825 95
194 96
763 103
634 104
294 105
864 105
993 106
546 106
440 106
738 110
673 110
601 111
895 111
342 111
52 111
605 112
555 112
331 113
423 115
88 115
793 116
148 117
182 118
793 120
489 121
409 122
747 122
98 123
82 124
170 127
773 127
321 127
21 127
49 128
393 129
384 130
876 132
401 132
666 134
462 135
40 139
872 140
828 140
675 140
551 145
124 146
243 146
590 146
510 147
729 147
779 150
618 151
126 153
260 153
14 154
616 156
77 156
962 159
234 160
232 163
147 164
593 165
710 165
376 166
457 166
248 167
224 168
834 169
641 171
975 172
258 172
692 172
884 173
692 173
763 175
266 175
370 175
112 175
236 176
263 177
869 178
15 178
632 180
421 180
701 181
626 181
151 182
189 182
383 182
95 183
103 184
764 184
536 185
193 186
168 187
655 187
771 187
79 188
810 189
638 191
460 192
869 192
828 192
800 193
9 194
129 196
961 197
621 199
194 199
479 200
597 200
497 200
692 200
641 200
131 200
200 202
728 202
878 203
452 204
800 204
961 204
203 206
402 208
882 208
547 208
295 209
981 210
226 211
59 211
79 212
402 214
256 215
708 216
890 216
764 216
947 219
369 221
958 221
904 222
238 224
967 224
416 226
858 226
382 227
206 228
979 229
460 230
549 234
66 234
685 234
108 235
627 239
513 239
422 241
936 241
65 243
345 243
35 243
310 245
653 246
675 249
691 250
905 255
611 256
643 256
254 257
869 257
474 258
129 259
420 262
893 263
593 264
635 266
254 266
897 266
862 267
866 268
518 269
55 270
85 272
524 272
783 273
832 273
877 273
725 277
758 277
181 278
415 278
640 279
389 279
589 280
979 280
743 281
636 281
303 281
737 282
300 284
906 285
450 286
589 288
582 289
187 291
20 291
886 291
372 292
559 293
351 293
815 294
298 297
287 298
886 299
181 300
436 300
610 302
125 303
765 304
609 304
351 304
156 305
950 307
267 307
858 308
734 309
284 310
702 311
648 311
136 311
791 312
338 313
591 313
821 313
683 315
834 315
549 316
871 317
674 319
39 320
622 321
285 322
327 323
37 323
286 324
574 326
754 327
364 328
132 328
279 329
299 330
850 330
432 331
719 332
661 334
449 334
648 338
21 338
44 338
866 340
930 340
971 341
371 342
24 343
378 345
324 347
86 347
53 349
129 350
838 351
556 351
716 352
161 354
889 354
771 354
64 354
450 356
315 356
379 357
822 358
683 359
398 359
457 360
995 360
749 361
234 362
680 362
890 366
851 366
99 368
881 369
802 370
638 371
285 375
64 375
121 376
884 377
190 377
253 379
926 380
422 380
490 380
100 380
627 381
697 381
707 382
352 382
111 382
319 382
675 383
66 383
282 386
370 387
112 387
115 387
335 388
419 389
244 389
761 390
815 390
590 391
211 392
722 393
23 394
457 394
973 395
717 396
279 397
993 397
684 398
931 398
633 398
502 399
351 400
930 401
766 401
37 402
229 402
843 403
322 404
708 406
685 407
442 409
806 410
14 410
371 412
834 412
180 413
829 414
357 415
921 415
933 416
925 420
732 421
878 424
866 425
983 426
343 427
21 428
713 429
863 431
241 431
656 432
90 433
163 433
656 434
270 434
174 437
753 437
112 439
493 439
319 440
412 441
15 441
613 441
63 442
876 442
259 442
637 443
995 443
40 444
348 444
238 445
183 445
757 446
819 446
396 447
726 448
509 449
709 450
699 452
595 452
797 453
43 453
197 454
44 454
588 454
364 455
483 458
69 460
398 460
226 462
295 462
436 463
70 464
834 465
121 465
550 468
276 468
868 470
449 470
49 471
873 472
377 473
2 473
930 476
134 477
616 477
657 479
710 480
938 480
199 481
891 481
439 482
776 484
137 484
229 485
802 485
476 485
889 485
186 488
956 488
29 488
119 490
998 491
193 492
373 492
502 497
747 498
632 499
281 499
510 499
39 501
238 502
888 502
765 503
316 505
861 506
179 507
284 508
977 508
551 508
329 510
450 511
971 511
9 511
34 513
800 514
705 514
516 516
257 518
107 519
222 519
608 522
317 523
642 524
789 527
973 527
536 529
244 529
679 530
645 532
816 533
542 533
851 534
279 535
191 535
563 536
718 536
652 536
176 537
548 537
482 540
149 540
276 541
640 543
301 544
98 544
592 546
178 547
185 548
741 548
519 549
802 549
443 551
462 559
943 560
646 560
787 560
457 561
173 561
560 562
708 563
152 563
217 564
969 565
238 565
406 565
940 567
149 569
328 569
12 570
437 570
161 570
659 571
869 571
177 572
594 574
310 574
848 574
760 576
806 576
890 576
953 577
421 577
383 578
617 581
853 583
581 585
740 586
833 586
32 587
365 588
636 588
114 590
848 592
313 594
422 596
541 597
976 598
235 600
957 601
341 602
245 602
943 605
922 606
880 606
861 607
362 609
611 611
385 612
967 612
632 614
800 617
364 617
735 618
768 619
527 620
460 622
465 623
912 627
806 627
928 627
254 628
806 628
782 630
206 630
653 630
39 631
233 631
248 632
405 634
302 635
683 638
452 639
268 639
126 640
544 641
977 642
92 643
240 643
713 643
879 645
254 646
541 647
616 648
886 649
621 654
377 654
599 655
725 655
153 656
811 657
379 659
720 659
201 659
498 661
945 661
115 663
980 664
451 666
62 667
282 668
611 668
324 668
319 669
47 671
853 672
668 673
272 673
964 676
148 676
346 676
781 677
487 677
361 677
773 677
876 681
27 681
610 681
187 682
876 684
749 684
252 684
867 686
333 686
316 688
670 689
255 689
782 690
59 690
153 691
872 691
687 693
537 694
323 694
534 695
142 696
188 696
122 696
665 696
545 697
360 705
463 706
813 706
465 706
329 710
795 711
708 713
844 716
771 718
22 720
41 722
366 723
721 723
841 723
284 723
292 724
733 726
395 726
346 727
357 727
959 727
493 728
717 728
415 729
971 729
421 734
722 735
164 735
232 736
466 737
448 737
657 737
347 738
813 739
562 739
367 740
837 741
894 741
964 745
845 746
86 748
69 749
391 751
331 752
326 752
822 757
142 758
91 758
642 760
981 761
832 761
725 761
247 762
778 764
74 765
113 766
960 766
395 767
228 769
823 769
924 771
339 773
193 775
858 776
790 776
59 778
282 781
499 782
661 782
671 783
36 784
44 785
827 785
911 787
684 787
836 788
792 791
600 793
755 794
385 795
334 796
787 798
6 799
173 799
157 802
593 804
393 804
569 804
710 806
626 808
564 809
659 809
130 809
225 810
517 811
341 812
547 814
643 815
886 817
181 817
24 818
453 820
874 820
105 821
872 821
848 821
1000 821
168 822
313 823
704 823
167 828
952 829
314 829
212 829
402 830
728 834
972 835
508 835
441 838
655 838
497 839
975 839
158 840
378 842
402 844
604 845
783 847
303 847
305 850
532 851
725 852
330 852
40 854
240 855
678 858
587 860
202 860
871 862
66 863
645 867
355 867
722 868
922 871
731 872
301 875
946 876
547 876
753 877
984 877
447 878
613 880
568 881
878 881
617 881
861 882
408 883
295 885
375 886
615 887
308 887
600 888
148 889
900 891
440 891
281 894
225 896
968 896
774 899
471 901
443 901
155 902
20 902
242 903
241 903
134 903
632 905
701 905
83 908
7 913
75 914
913 914
554 915
223 915
600 915
516 915
604 915
852 917
395 918
359 918
53 919
632 921
432 924
872 926
76 928
112 928
312 929
343 930
935 933
976 934
997 934
311 935
587 936
733 937
855 939
825 939
966 941
733 942
122 942
55 943
628 943
721 944
362 944
555 945
936 946
861 946
283 947
707 948
502 948
578 950
141 950
197 951
639 951
294 951
103 951
591 955
502 955
78 956
65 956
966 957
602 957
482 958
187 961
175 961
432 962
64 962
68 964
882 965
109 965
613 966
334 966
955 966
140 966
522 968
179 969
835 969
185 970
552 974
861 974
665 975
503 976
31 977
419 978
669 979
726 979
377 980
604 980
85 981
169 982
465 983
450 984
553 984
974 986
375 989
20 990
891 992
713 993
252 993
151 993
482 994
685 995
657 996
625 996
142 997
356 998
682 1000
253 1000
