646
343 0
464 1
973 2
925 6
335 7
974 8
453 11
627 11
52 15
580 17
738 18
945 23
189 24
200 27
446 27
612 32
15 33
350 33
459 35
16 36
299 36
572 38
23 38
322 39
325 40
24 41
205 45
239 45
99 46
573 47
970 51
94 53
585 54
37 54
37 57
803 62
8 62
267 63
913 63
368 64
387 64
761 65
631 65
191 66
894 71
510 71
792 72
44 78
365 79
29 80
847 81
762 82
480 83
124 92
518 93
340 94
567 95
26 95
657 97
832 97
682 98
304 99
625 99
388 99
578 100
792 100
21 100
497 102
728 104
132 106
593 109
863 112
49 114
333 114
842 116
49 118
285 120
98 121
825 123
205 124
361 126
818 126
516 127
138 127
461 128
959 129
854 129
129 129
1 131
953 134
380 141
670 141
885 144
43 144
920 144
819 147
18 147
951 148
163 149
287 149
336 150
822 153
860 153
465 154
767 154
101 155
534 158
433 159
802 160
767 160
165 161
704 165
974 167
835 168
619 168
343 169
654 170
353 171
573 172
140 174
574 178
560 178
83 179
550 180
823 181
606 181
633 183
266 186
903 186
254 187
253 188
989 193
215 194
176 195
981 196
359 198
46 199
984 201
114 202
433 203
425 205
525 205
283 210
90 210
924 212
509 215
543 216
271 217
949 218
630 219
898 220
249 225
216 225
824 228
75 230
472 230
12 236
696 236
925 236
205 238
96 239
817 239
722 240
249 240
628 241
897 242
971 243
215 245
133 248
351 251
359 256
319 257
56 258
448 259
835 260
502 267
947 267
377 269
929 271
483 274
177 277
879 277
747 279
817 279
766 281
278 281
321 282
682 283
349 286
856 288
272 289
619 290
226 290
161 295
965 299
137 301
769 303
471 306
570 307
149 311
744 314
506 315
662 317
438 318
674 319
916 321
597 325
826 327
588 327
398 327
441 327
826 332
581 332
222 332
587 333
265 334
190 334
175 337
273 338
758 340
393 340
462 342
911 343
313 345
769 345
59 345
783 348
252 352
411 353
36 355
884 357
458 358
745 362
625 365
441 366
649 369
61 371
70 372
673 372
613 375
789 377
21 378
271 381
689 381
259 383
368 384
390 386
780 386
741 391
330 392
877 392
833 394
727 394
151 396
845 396
936 397
297 398
330 399
491 401
146 403
796 404
316 407
792 412
885 414
449 416
532 416
634 418
606 420
324 421
792 422
978 423
530 427
555 428
617 436
148 436
98 437
571 437
535 438
719 440
632 440
571 442
115 446
746 446
57 447
39 448
664 448
415 450
692 453
977 454
840 454
85 455
536 456
685 459
938 462
962 463
908 463
176 465
97 466
543 467
773 468
612 469
694 470
505 470
251 472
723 472
974 476
721 477
803 479
741 479
344 480
479 480
586 481
361 482
976 484
606 484
519 485
18 488
192 490
4 493
598 494
46 495
362 496
154 497
933 498
282 499
180 501
615 501
505 504
522 510
289 511
929 513
748 515
800 516
3 519
189 520
52 521
187 522
692 525
91 525
12 526
217 527
737 528
567 529
550 531
327 532
992 539
506 541
333 542
901 547
355 548
856 549
145 549
296 549
464 552
93 553
710 555
105 557
44 557
664 557
941 558
899 559
14 565
538 565
418 572
712 572
165 572
638 574
895 574
975 574
638 579
952 579
256 580
574 581
915 582
486 583
38 584
614 586
701 592
434 593
726 593
436 594
355 600
441 601
403 602
822 602
844 603
600 603
655 604
554 607
489 608
50 609
298 610
663 611
417 613
221 613
567 619
498 619
323 621
528 622
866 622
667 623
980 624
617 625
474 626
980 627
505 631
809 631
211 632
145 633
33 634
678 635
443 639
574 641
887 641
205 644
531 650
359 651
881 651
18 652
15 656
664 656
223 658
327 658
767 659
426 660
290 666
418 667
92 668
142 670
636 670
323 672
645 672
799 672
678 676
572 677
524 677
565 677
979 678
433 685
476 686
217 686
379 693
898 693
658 694
604 694
517 694
173 695
552 696
961 697
395 697
747 697
925 699
907 699
712 700
108 701
593 703
25 706
96 706
52 707
613 710
994 710
904 710
105 711
459 718
55 719
901 720
892 721
617 723
338 725
754 725
970 726
957 726
701 727
116 728
498 729
559 729
598 732
674 733
289 734
190 734
827 735
970 735
713 744
101 745
107 747
199 751
383 752
256 756
868 757
265 759
335 765
231 766
488 766
474 767
197 767
809 769
728 770
899 775
251 776
831 780
686 781
308 783
577 784
716 790
62 791
950 792
65 793
682 794
248 796
959 799
15 799
748 805
21 806
118 806
464 806
676 810
632 810
904 813
427 813
598 813
302 817
124 818
238 819
507 820
349 820
635 821
605 822
53 822
390 826
84 828
979 829
591 831
665 832
768 833
296 834
586 835
800 837
321 837
275 838
553 840
184 841
838 841
979 842
545 844
755 844
926 850
732 851
72 851
852 851
669 852
413 854
250 856
673 856
566 856
3 861
920 862
33 862
752 863
175 864
690 865
635 866
215 867
804 868
654 870
272 870
366 873
499 875
286 881
739 881
151 882
48 885
175 888
410 888
649 888
155 893
363 895
103 897
357 898
753 900
463 900
467 902
267 902
824 902
510 902
818 905
948 905
172 907
985 908
967 916
698 917
454 919
224 919
452 919
962 919
215 923
381 923
665 923
971 924
810 925
342 926
580 930
449 931
726 932
347 934
114 937
759 937
25 938
301 939
671 942
297 944
783 944
753 945
98 947
513 951
677 953
335 955
714 961
132 961
675 962
181 962
142 962
885 964
116 965
726 967
849 971
721 971
175 972
631 974
210 974
854 974
887 977
233 979
270 982
761 982
933 983
369 986
992 987
121 989
363 991
935 992
164 995
662 995
919 995
710 998
283 999
46 1000
