645
75 0
40 0
36 0
10 0
70 1
98 1
165 1
102 1
146 1
74 2
67 2
156 2
11 2
105 2
133 3
40 3
78 3
113 3
85 4
11 4
6 4
2 4
163 4
25 4
137 4
177 5
105 5
81 5
115 5
134 6
23 6
56 6
82 6
9 6
29 6
74 6
86 6
137 6
36 7
112 7
108 7
59 8
154 8
71 8
102 8
76 8
118 8
70 9
73 9
1 9
130 9
27 9
124 9
148 9
34 9
102 10
59 10
145 10
62 10
74 10
12 10
172 11
148 11
113 11
106 11
3 12
101 12
35 12
77 12
91 13
145 13
47 14
132 14
86 14
51 14
31 15
30 15
77 16
144 16
93 16
18 16
17 17
24 17
48 18
171 18
38 18
128 19
74 19
29 19
135 19
36 19
44 20
143 20
125 20
173 20
152 20
2 21
74 21
73 21
133 21
3 21
163 21
102 22
61 22
27 22
172 22
159 22
45 22
46 23
126 23
165 23
161 24
99 24
150 24
129 24
58 25
63 25
69 25
10 25
89 25
170 26
46 26
174 26
41 26
58 27
169 27
59 27
128 27
100 27
127 27
72 27
88 27
168 28
157 28
17 28
67 28
17 29
170 29
29 29
84 29
10 29
6 29
41 30
111 30
18 31
160 31
161 31
21 31
30 32
42 32
150 33
70 33
49 33
70 33
70 33
69 33
107 34
16 34
54 34
51 35
134 35
62 36
95 36
52 36
141 37
4 38
59 38
41 38
157 38
12 38
50 38
97 38
82 38
43 38
138 39
17 39
110 39
140 39
66 39
62 40
68 40
58 41
38 41
120 41
4 41
58 41
125 41
101 41
105 42
89 42
80 42
25 42
36 42
138 42
69 43
48 43
178 43
5 43
27 43
45 43
99 43
107 43
154 43
159 44
42 44
51 44
33 44
83 44
128 44
101 45
110 45
170 45
177 45
139 46
53 46
147 46
120 46
24 46
29 47
52 48
9 48
178 48
1 48
176 49
23 49
62 49
116 50
35 50
39 50
41 50
35 50
68 51
28 51
115 52
67 52
26 52
86 52
117 52
136 52
79 52
122 53
41 53
113 53
170 53
72 54
141 54
163 54
70 54
100 54
136 54
69 55
122 56
95 56
19 56
42 57
139 57
119 57
59 57
92 57
65 58
48 58
119 58
61 58
10 58
173 58
22 59
22 59
45 60
44 60
81 61
75 61
73 62
132 62
50 63
54 63
97 63
108 63
10 64
4 64
52 64
111 64
155 64
5 64
30 65
172 65
127 65
38 66
156 66
79 66
62 66
44 66
79 66
137 67
110 68
168 68
63 68
22 68
99 68
55 68
132 69
5 69
98 69
111 69
139 69
167 69
110 70
110 70
143 70
42 70
48 70
178 70
17 70
126 70
48 71
73 71
176 71
89 72
118 72
75 72
27 72
113 72
57 72
58 72
120 73
89 73
41 73
155 73
82 73
94 74
53 74
87 74
46 74
86 74
53 74
124 75
38 75
73 75
1 75
150 75
150 76
84 76
159 76
153 76
26 76
176 77
122 77
124 77
173 77
18 77
137 77
91 77
160 77
179 77
104 77
78 77
173 77
92 78
80 78
120 78
51 78
73 79
124 79
20 79
177 79
80 80
32 80
87 80
117 81
83 81
71 81
166 82
75 83
3 83
166 83
41 83
14 83
6 84
35 84
132 84
99 85
84 85
129 85
10 85
73 85
2 85
169 85
3 86
53 86
41 87
165 87
11 87
52 88
113 88
72 88
151 88
179 88
173 88
29 89
84 90
132 90
100 90
100 91
88 92
47 92
74 92
122 92
97 93
151 93
145 93
76 93
113 93
76 93
35 93
159 93
39 94
80 94
107 94
124 94
26 94
66 94
48 95
169 95
82 95
96 95
115 95
79 95
148 95
5 95
80 95
46 96
158 97
141 97
36 97
74 97
60 97
63 98
56 98
22 99
140 99
10 99
117 99
90 99
75 99
118 100
67 101
165 101
5 101
31 102
63 102
151 102
64 102
75 102
30 102
99 103
53 103
125 103
138 103
76 103
103 103
36 103
112 104
150 104
120 104
84 105
151 106
51 106
2 106
139 107
167 107
79 107
165 107
91 107
14 107
109 107
100 108
179 108
23 108
102 108
88 108
74 108
4 109
91 110
36 110
9 110
116 110
90 111
132 111
64 111
158 111
115 111
176 111
70 112
172 112
54 112
84 112
177 112
80 112
178 112
60 112
47 112
125 113
81 113
56 113
59 113
156 113
96 113
139 113
138 113
103 114
31 114
93 114
12 114
167 114
118 114
28 115
108 115
167 115
103 115
85 115
17 115
44 115
50 115
27 116
111 116
62 116
36 116
170 116
66 117
166 117
164 117
15 117
44 117
91 117
113 117
67 117
143 117
161 117
173 118
102 118
59 118
100 119
127 120
176 120
60 120
155 120
65 120
74 121
108 121
177 121
92 121
177 121
158 122
110 122
136 122
178 122
64 122
17 122
131 123
18 123
140 123
126 124
118 124
140 124
80 125
120 125
14 125
95 125
123 125
1 125
178 125
112 125
88 126
88 126
175 126
176 126
128 126
157 126
165 126
128 127
53 127
71 128
165 128
142 128
39 129
1 129
81 129
117 129
92 129
131 129
58 129
90 130
141 130
144 130
159 130
134 131
154 131
153 131
172 131
55 131
111 132
84 132
76 133
9 133
118 133
92 133
67 134
154 134
165 134
56 134
65 135
8 135
165 135
127 135
127 135
91 136
70 136
100 136
138 136
50 136
2 136
59 136
52 137
106 137
107 137
78 137
89 137
6 138
4 138
108 139
105 139
16 139
25 139
81 139
40 140
173 140
112 140
122 140
70 140
172 140
57 140
14 140
85 140
60 140
105 141
18 141
