641
94 0
222 0
187 0
235 0
250 1
252 2
57 2
31 2
166 2
203 3
134 3
187 3
250 3
89 3
41 4
113 4
195 4
228 4
130 4
59 5
289 5
287 5
86 5
198 5
149 7
285 7
175 7
73 7
36 7
167 7
273 7
285 8
100 8
198 8
106 9
270 9
58 9
146 9
14 10
264 10
183 10
196 10
89 10
198 10
5 11
245 11
201 13
125 13
273 13
100 13
164 13
207 14
155 14
147 14
113 14
7 15
8 15
122 15
233 15
16 16
124 16
164 16
272 16
84 16
230 16
62 16
151 16
93 17
79 17
148 17
255 17
230 17
67 17
288 17
36 17
302 18
140 18
289 18
120 18
261 19
4 19
24 20
272 20
112 20
5 20
74 20
9 20
196 21
67 21
99 21
1 22
279 22
161 22
224 22
7 22
169 23
148 23
136 24
268 24
113 24
211 24
9 24
121 24
20 24
188 24
28 25
143 25
283 26
72 26
104 26
178 26
252 27
72 27
29 27
299 27
142 28
278 28
305 28
259 28
24 28
178 28
136 28
232 29
165 29
260 29
281 29
290 29
205 29
5 30
175 30
284 30
160 31
288 31
77 31
302 31
146 31
168 32
241 32
117 32
27 32
285 33
243 33
21 33
69 33
194 33
80 34
223 34
184 34
41 34
165 34
222 35
219 35
67 36
35 36
222 36
136 36
222 37
288 37
5 37
50 38
295 38
60 38
82 38
287 38
82 38
295 39
36 39
276 39
292 40
139 40
22 40
118 40
5 40
64 41
63 41
196 41
283 41
257 41
247 42
198 42
176 42
20 43
85 43
13 43
13 44
297 44
229 44
27 44
179 45
31 45
1 45
220 45
91 45
293 46
164 46
181 46
256 47
195 47
35 47
228 47
121 47
6 47
121 47
92 48
208 48
216 48
155 48
232 48
117 49
263 49
294 49
76 49
226 50
76 50
91 50
188 50
41 50
288 51
49 51
220 51
244 51
36 51
262 51
172 51
256 51
56 52
298 52
51 52
288 53
140 53
305 53
148 53
289 53
191 53
145 54
285 54
221 54
93 54
209 55
104 55
238 55
25 55
274 55
234 56
72 56
295 56
43 56
137 56
63 56
296 56
134 56
281 57
14 57
45 57
302 57
49 57
41 57
247 57
306 57
223 58
194 58
234 58
177 58
164 59
306 59
186 59
3 60
214 60
305 60
267 60
168 60
98 60
7 60
240 61
158 61
33 61
253 61
147 61
160 62
204 62
43 62
289 62
168 62
141 62
103 62
135 62
83 63
14 63
56 63
232 63
180 63
141 63
264 63
231 63
224 63
286 64
45 64
301 64
217 64
2 65
73 65
254 65
182 65
48 65
9 65
295 65
243 66
228 67
152 67
80 67
20 67
224 67
35 67
109 68
200 68
67 68
196 68
119 68
109 68
166 69
45 69
45 69
246 69
153 70
274 70
165 70
13 70
271 71
301 72
35 72
71 72
266 72
280 72
218 73
251 73
207 73
2 73
194 73
150 73
81 73
272 74
187 74
209 74
242 75
237 75
203 75
198 75
210 75
277 75
229 76
274 76
127 76
188 77
195 77
141 77
145 77
245 77
219 78
51 78
8 78
70 79
207 79
280 79
303 79
53 79
65 79
244 80
21 80
133 81
276 81
232 81
190 81
103 82
55 82
148 82
263 83
172 83
67 83
142 83
260 84
118 84
82 84
252 85
212 85
213 85
136 85
78 85
207 85
145 85
133 86
125 86
12 87
152 87
87 87
84 87
198 87
146 87
215 88
43 88
154 88
194 88
204 89
76 89
65 89
150 89
273 89
242 89
48 90
122 90
10 90
123 90
267 90
43 91
20 91
11 91
250 91
38 91
183 92
207 92
262 92
218 93
170 93
89 93
130 93
271 93
6 93
263 93
23 94
59 94
178 94
179 94
275 94
128 94
226 94
20 95
104 95
86 96
170 96
11 96
83 96
20 96
24 96
28 97
76 97
133 97
101 97
254 97
75 97
209 97
276 97
122 98
40 98
123 98
31 99
290 99
30 99
41 99
139 100
204 100
91 100
253 100
69 100
118 101
118 101
239 101
76 101
181 102
153 102
239 102
84 102
35 103
210 103
93 103
150 103
162 103
47 104
87 104
2 104
221 104
11 104
265 105
263 105
47 105
247 105
81 105
288 105
221 106
42 106
66 106
95 106
4 106
162 106
207 106
230 107
202 107
231 107
43 107
250 108
138 108
8 108
12 108
306 108
133 109
258 109
242 109
233 109
30 109
42 109
99 110
288 110
54 110
157 110
185 111
300 111
74 111
118 111
298 111
263 111
226 111
176 112
283 112
73 112
262 112
179 112
294 113
194 113
214 113
111 113
268 113
284 114
247 114
212 114
164 114
285 114
266 114
97 115
162 115
77 115
287 116
76 116
133 116
46 116
293 116
107 116
129 116
139 116
23 116
253 117
10 117
220 117
121 117
154 118
232 118
181 118
217 118
41 119
288 119
39 119
286 119
119 119
113 119
72 119
256 119
234 120
217 120
91 120
287 120
242 120
14 120
42 120
87 120
100 121
56 121
224 121
288 122
219 122
272 122
61 123
55 123
237 123
155 123
289 123
195 123
57 123
161 124
209 124
11 124
203 124
292 124
148 124
189 124
100 125
264 126
210 126
238 126
253 126
236 126
260 126
238 126
93 126
198 126
274 127
85 127
17 127
105 127
186 127
295 128
248 128
132 128
83 128
72 128
305 129
255 129
185 129
275 129
252 129
221 129
22 129
29 130
295 130
246 130
61 130
106 131
211 131
145 131
71 131
39 131
239 131
210 131
171 131
252 132
193 132
161 132
12 132
54 132
299 133
283 133
26 133
190 133
3 133
294 133
