1000
955 2
322 2
813 7
176 7
853 7
80 8
944 9
744 11
24 12
279 12
829 12
769 13
645 13
628 15
594 15
375 17
269 18
730 19
436 20
545 22
691 22
174 22
429 22
232 24
836 25
66 25
334 26
462 28
365 28
493 29
646 29
343 29
24 29
409 32
454 34
222 37
702 38
592 38
794 39
214 40
721 40
632 40
511 42
445 43
870 44
530 45
79 48
757 49
831 50
54 51
441 51
61 52
424 54
729 56
655 58
87 58
725 59
690 59
776 59
581 63
842 64
447 66
510 67
150 67
137 67
486 68
147 70
192 70
427 72
442 74
693 74
20 75
124 77
714 80
10 82
26 83
318 84
944 86
657 88
684 89
163 89
108 91
104 91
936 92
454 92
169 92
797 93
54 93
725 93
824 94
38 98
111 98
575 99
609 99
734 100
255 101
587 102
235 103
738 104
378 105
407 106
73 107
707 108
309 108
674 108
747 110
493 110
975 111
662 111
10 111
449 112
324 114
49 116
130 118
222 119
746 120
943 122
676 124
16 125
216 126
983 126
416 128
188 130
375 131
480 131
983 132
489 133
169 134
225 135
988 135
402 136
851 140
943 142
608 142
261 143
402 143
702 145
711 145
685 146
1000 149
127 151
501 152
431 155
93 157
225 158
150 159
584 161
959 162
42 162
623 163
200 163
650 165
310 166
132 168
248 169
609 169
482 171
642 171
32 174
590 174
799 175
689 177
852 177
873 177
487 178
773 179
453 180
554 182
180 184
792 184
660 188
900 189
590 189
940 190
40 193
47 197
769 197
769 199
631 199
415 208
739 208
430 210
95 210
864 212
668 212
113 214
487 215
266 215
843 220
285 221
245 221
999 222
222 224
128 225
865 226
438 228
588 229
305 230
217 232
967 232
22 233
939 233
398 233
348 233
836 234
93 234
450 236
948 236
31 237
547 238
707 239
360 239
816 240
795 241
828 242
59 242
981 243
902 244
97 245
905 246
795 246
763 246
510 248
979 251
644 251
176 252
697 253
2 253
697 254
328 256
578 259
568 260
56 260
833 260
429 261
1 262
14 263
969 263
590 263
1 265
753 265
640 265
590 265
513 267
679 269
281 269
603 271
445 273
620 274
846 274
942 275
691 276
78 276
319 276
130 277
814 277
991 278
756 279
974 279
181 279
974 280
698 282
449 282
372 282
659 286
274 286
96 289
210 291
567 295
270 295
462 297
275 299
328 299
876 300
978 301
5 303
14 306
414 306
47 307
188 308
473 309
620 310
117 311
597 314
408 314
103 315
953 316
490 319
133 320
629 322
366 326
362 326
228 327
993 327
169 329
403 329
711 330
716 330
1 331
398 335
211 335
934 336
814 336
460 336
86 337
284 337
214 338
318 338
112 338
612 340
363 340
776 340
532 341
3 341
926 341
618 342
552 342
597 343
186 344
59 345
182 346
699 346
153 347
264 347
59 350
351 351
528 351
456 352
802 353
356 354
596 354
81 354
943 355
245 355
194 356
403 357
744 358
709 358
462 359
17 359
538 359
919 360
381 360
723 361
854 362
854 362
250 362
692 362
795 365
958 367
391 368
92 368
195 368
847 368
48 368
682 370
570 370
677 370
274 374
357 375
18 376
956 376
183 376
864 376
796 378
563 380
455 380
717 383
330 384
142 384
960 384
975 384
586 384
898 389
403 389
801 392
997 393
153 393
191 393
683 394
636 394
246 394
811 394
936 396
53 399
773 399
772 400
818 400
340 400
62 401
920 403
789 403
137 406
763 409
959 409
502 409
615 410
879 410
267 412
665 412
70 413
712 415
875 418
532 418
606 419
583 419
881 420
699 421
740 422
381 423
849 424
245 425
60 427
773 428
320 428
590 428
59 429
545 429
308 429
394 430
524 430
664 432
831 433
331 436
269 436
666 437
340 437
685 438
843 440
223 441
102 441
30 441
589 442
633 443
548 443
965 444
915 444
671 446
344 447
487 448
100 448
68 449
534 449
266 450
618 452
325 453
488 454
877 454
806 458
692 459
418 460
154 461
755 462
366 462
313 464
197 464
414 464
546 465
835 465
939 466
299 466
247 468
947 468
339 468
933 471
934 471
884 471
529 474
812 478
139 478
799 478
138 479
557 480
8 480
824 480
31 481
653 482
487 483
99 483
411 485
900 487
602 488
837 492
4 493
118 494
531 494
248 495
811 495
993 496
548 497
148 498
652 498
234 499
352 501
24 502
550 502
509 503
234 503
770 505
930 506
69 507
211 508
370 512
594 512
265 514
215 517
940 522
399 525
388 526
534 527
343 528
809 528
542 529
510 531
54 531
342 532
421 532
235 536
217 536
529 538
982 538
892 539
849 539
893 539
761 540
225 540
292 541
427 544
504 544
82 545
654 546
704 546
854 547
858 547
631 552
499 553
886 553
664 554
808 554
474 555
160 556
316 557
927 557
653 560
73 561
850 561
771 564
580 567
992 567
359 567
261 569
648 570
560 571
1000 572
829 574
185 575
474 577
158 578
266 578
516 579
75 581
727 583
224 584
204 586
361 587
31 587
408 589
923 590
296 592
598 592
320 595
669 595
33 595
856 595
277 595
598 596
481 596
839 596
290 597
305 598
895 599
653 600
219 603
225 603
803 607
969 608
788 612
925 612
230 613
348 614
16 614
62 617
87 617
389 618
254 619
278 619
235 621
563 621
178 621
820 623
881 623
132 623
881 624
954 626
919 627
527 627
945 628
743 630
440 631
481 631
915 632
288 632
230 632
814 634
542 634
20 635
267 636
74 636
488 638
292 641
443 642
170 642
427 642
22 643
375 647
639 647
376 647
810 649
348 649
12 651
900 658
505 658
323 658
666 659
916 659
748 660
600 662
312 663
149 663
363 664
26 667
161 668
966 670
664 670
809 672
35 674
980 676
569 676
733 676
415 677
728 678
972 678
696 680
232 682
26 685
276 686
416 689
121 690
491 691
249 691
819 692
819 693
541 693
671 694
348 694
615 695
55 697
960 698
264 699
180 700
532 701
657 701
33 702
187 702
378 703
894 705
163 708
700 710
885 711
206 715
365 715
397 717
526 718
39 719
616 719
582 720
762 722
122 723
144 723
21 723
218 724
184 724
101 725
27 725
928 725
280 727
569 727
107 729
337 731
491 732
640 733
718 734
702 735
217 736
363 736
969 737
370 739
393 741
720 741
265 742
332 743
336 744
203 744
143 745
178 745
461 746
445 747
878 747
381 747
918 747
724 748
420 748
258 749
414 751
994 752
172 753
311 753
284 753
336 756
797 757
316 760
218 760
657 760
176 761
542 761
124 761
348 761
487 762
978 762
11 762
989 763
420 765
944 766
244 766
550 767
599 769
166 771
679 772
682 772
213 773
309 773
783 776
582 779
286 780
491 780
222 781
401 781
56 784
418 784
165 785
809 786
625 786
260 787
333 789
573 789
131 790
237 790
403 790
836 791
989 792
530 794
987 794
384 795
744 795
480 796
90 796
50 803
682 805
542 807
932 808
245 808
611 808
128 810
922 811
839 811
106 814
133 814
261 817
363 818
969 818
962 819
432 820
956 821
608 823
981 823
248 825
42 829
501 829
371 830
462 830
488 831
845 831
783 833
923 834
593 836
115 837
719 837
711 838
67 838
275 838
523 839
598 839
569 840
36 840
189 840
863 841
572 844
588 844
159 847
422 847
664 848
930 848
7 850
474 851
518 852
889 853
999 856
342 859
615 859
330 860
649 860
281 861
104 865
373 865
504 868
943 868
245 869
392 869
673 870
252 870
943 870
649 870
122 871
515 872
559 874
591 874
526 875
484 877
489 880
78 880
218 880
640 881
848 881
638 881
28 882
960 883
626 883
477 883
885 883
508 884
915 886
331 887
914 891
524 892
390 892
558 896
831 896
564 897
179 897
473 898
429 899
673 899
295 900
643 903
628 904
597 905
994 905
425 905
665 907
561 907
970 909
11 909
739 909
495 909
438 909
732 909
276 910
605 910
392 911
885 911
647 911
20 913
383 913
54 914
680 914
354 914
688 915
671 916
670 916
754 916
408 916
842 917
655 917
598 918
899 919
515 920
408 920
995 923
193 925
2 925
701 926
200 926
852 927
865 927
874 929
21 929
352 930
974 930
935 931
200 931
680 931
940 932
187 932
600 933
22 933
169 934
440 935
582 935
191 937
795 938
801 938
458 938
983 942
584 942
200 944
153 944
754 947
500 947
148 950
390 951
109 952
320 953
1000 954
764 954
694 954
458 957
501 959
659 960
275 960
355 960
317 961
715 961
120 961
771 962
263 962
941 966
963 968
395 969
635 970
595 970
579 971
927 971
75 971
94 971
434 972
349 973
491 973
786 974
130 974
106 976
469 976
195 977
733 977
952 978
393 979
189 981
141 982
708 982
464 984
389 984
919 985
509 986
900 986
89 987
446 989
113 990
650 991
137 992
679 992
237 992
54 994
919 994
392 995
53 996
318 997
866 998
993 999
554 999
739 999
428 1000
