657
883 0
769 2
382 7
763 11
287 12
97 16
843 16
812 16
57 17
737 17
602 19
438 24
164 24
935 25
683 25
899 26
338 27
33 27
244 28
346 28
687 28
641 29
923 32
223 33
68 33
961 35
389 35
348 35
426 36
402 37
764 38
483 39
28 39
467 39
757 39
607 40
140 41
20 42
981 44
752 47
757 49
531 50
580 55
355 57
229 57
195 60
526 61
580 66
25 68
788 71
658 71
892 74
649 75
290 78
397 79
16 80
906 81
629 83
453 84
133 84
744 84
429 85
279 86
677 87
445 88
492 88
411 88
967 92
568 92
320 92
540 92
873 93
487 94
40 94
328 97
16 98
295 100
610 100
561 102
147 103
459 103
67 105
924 107
862 109
711 112
193 113
709 114
409 115
685 116
663 117
554 118
309 118
332 118
814 118
855 119
963 120
842 120
917 122
388 126
818 128
913 128
870 129
659 129
202 134
147 135
546 136
919 137
377 138
449 140
803 141
71 142
101 144
937 148
696 150
144 150
971 150
187 150
217 151
322 152
93 152
7 154
528 155
721 156
984 158
71 158
113 160
25 162
787 164
599 164
229 165
192 168
160 170
167 171
337 171
506 174
448 177
47 179
57 180
133 182
365 182
712 184
766 185
141 186
471 187
205 189
413 190
47 193
414 198
714 198
196 201
485 202
847 203
736 204
922 210
330 211
661 212
520 213
882 214
258 217
170 218
681 219
147 219
94 222
59 225
791 226
797 226
608 227
921 229
475 232
761 232
970 236
165 237
887 239
368 243
712 245
574 250
237 250
440 252
657 253
800 254
682 255
162 255
349 257
205 257
252 260
64 262
857 263
280 269
74 269
732 271
324 272
65 273
321 274
288 283
182 286
444 288
507 288
277 288
770 290
461 290
877 291
932 291
947 292
801 293
820 294
625 296
939 297
321 301
476 302
203 302
502 303
623 307
805 309
254 310
89 313
820 317
93 319
647 322
725 322
169 324
365 324
404 325
839 326
207 327
82 329
427 332
803 334
670 336
922 336
195 336
112 337
804 338
306 339
656 340
131 340
632 344
181 345
52 346
485 348
470 350
96 353
754 355
128 356
74 356
692 356
524 358
236 360
118 360
442 361
807 361
964 362
300 363
37 365
423 365
37 366
730 367
907 369
512 371
754 371
659 373
547 375
282 375
836 375
648 376
531 377
474 379
145 380
277 381
838 381
166 385
199 389
480 390
118 394
405 394
568 396
407 400
469 402
635 403
778 403
229 404
378 406
414 406
424 406
638 408
319 409
279 418
764 419
55 420
577 421
240 422
156 423
293 424
555 425
449 426
553 426
59 429
70 430
177 430
110 431
822 431
989 433
932 434
712 435
142 435
46 435
705 437
299 438
955 438
869 438
429 440
421 440
614 441
897 445
176 447
970 450
288 451
349 453
977 453
552 453
955 453
360 453
254 453
245 455
164 456
280 459
1 460
567 461
44 465
207 466
78 471
135 473
712 477
304 478
376 479
58 480
446 485
776 488
845 490
281 497
875 497
751 497
334 499
632 500
384 501
902 502
839 503
417 504
306 506
13 507
737 510
219 510
177 514
7 516
922 520
590 522
620 524
171 525
914 527
639 528
438 531
737 531
864 532
289 533
267 533
830 534
947 534
251 535
470 535
261 535
968 537
669 538
31 539
573 541
641 542
440 543
2 544
320 549
925 552
578 553
498 553
505 554
684 558
268 560
755 566
321 566
283 568
776 571
112 571
993 573
112 573
382 577
434 578
705 579
129 580
958 581
266 583
264 584
338 586
711 588
857 589
453 590
135 594
198 594
748 596
134 598
212 599
938 601
407 604
592 604
483 607
186 612
827 614
412 616
103 617
541 622
90 622
81 622
140 625
789 626
323 630
518 631
723 631
520 632
838 633
554 640
911 641
695 641
631 648
195 649
998 650
679 651
392 653
379 653
973 654
317 654
547 654
958 655
590 656
440 659
41 660
331 661
145 665
1000 665
274 667
991 671
798 671
448 672
698 675
548 676
847 678
634 678
587 680
329 680
33 682
717 686
207 687
925 689
84 690
48 692
766 696
335 697
225 702
566 703
84 703
135 708
601 709
677 715
968 716
534 717
399 721
8 721
638 722
462 722
55 723
373 724
870 724
438 726
102 730
771 732
688 735
729 738
343 741
113 741
167 741
753 742
841 742
585 744
551 744
477 745
150 746
991 747
294 747
576 748
230 749
434 750
94 750
250 751
757 752
849 753
729 753
362 753
183 756
931 757
104 757
732 758
636 760
845 761
311 762
458 765
41 765
761 768
660 772
203 774
712 778
454 779
440 779
177 779
341 779
113 780
419 780
82 780
143 781
542 782
623 782
1 785
721 787
227 788
802 789
652 789
326 792
134 793
840 793
729 795
265 795
31 798
785 801
248 802
874 809
116 815
821 815
966 815
90 820
953 822
335 823
389 825
754 826
908 826
540 827
349 829
464 829
825 831
586 831
588 832
15 837
258 837
340 843
120 845
156 849
656 850
224 850
972 854
37 857
255 858
623 859
440 859
712 861
935 861
686 862
404 862
591 866
795 867
758 867
890 868
580 869
881 869
189 872
192 874
736 875
168 877
41 877
663 879
841 880
991 880
26 882
565 884
964 884
346 884
301 885
866 885
878 889
976 890
17 891
918 891
522 892
3 892
648 894
139 894
835 900
644 902
898 904
672 904
171 907
854 911
456 911
204 912
371 915
284 919
598 920
773 923
90 926
723 926
393 933
469 935
648 936
778 937
385 937
601 938
496 940
391 941
425 942
334 943
143 947
975 950
574 951
675 951
682 951
578 952
891 953
733 953
696 957
368 957
254 961
775 961
533 962
4 962
751 963
388 963
464 966
426 969
131 969
254 972
837 973
855 981
732 981
501 982
348 984
56 985
442 986
40 988
22 990
764 991
492 993
202 994
178 995
142 996
919 999
826 1000
