869
681 1
41 2
687 3
408 3
530 4
446 7
182 7
44 8
723 8
540 8
641 8
995 8
416 8
271 11
169 11
863 11
224 13
1 15
501 16
437 16
768 18
257 18
27 18
23 19
710 19
468 19
735 21
969 21
148 23
681 24
724 24
390 25
887 25
151 26
323 29
489 29
579 29
323 30
426 31
532 32
523 34
828 34
23 35
620 35
571 36
418 37
931 37
67 38
293 39
556 39
668 42
356 42
435 43
351 44
573 46
206 46
779 47
558 47
972 49
895 51
588 51
512 52
257 53
115 53
147 55
888 55
153 58
533 60
190 60
570 60
474 61
275 62
197 62
207 63
736 64
844 64
604 65
85 67
987 67
678 69
197 71
524 71
227 72
491 73
73 74
17 74
285 74
939 78
174 82
969 83
30 83
580 83
640 86
647 86
937 89
819 92
907 94
130 96
128 99
880 101
472 101
705 102
312 102
882 103
556 107
634 109
971 110
322 112
733 112
888 112
106 115
297 116
869 117
66 118
151 119
761 120
166 120
702 121
322 123
670 124
69 124
196 126
992 126
422 126
870 127
17 127
310 128
194 130
467 134
859 136
790 136
422 136
646 136
970 137
213 138
286 139
638 140
886 142
709 142
993 142
995 142
881 146
974 148
234 150
895 151
900 152
390 152
835 152
369 154
19 155
605 156
677 156
169 156
700 157
63 160
908 160
421 162
733 162
771 163
749 164
558 164
329 165
673 165
822 166
781 170
210 172
822 173
448 173
214 174
542 175
689 177
273 177
107 177
152 177
162 181
601 182
617 182
996 183
864 183
134 185
370 187
444 188
306 189
134 189
778 191
801 192
784 196
383 196
69 197
173 197
173 198
549 200
305 200
357 203
423 204
549 204
66 206
222 206
823 208
613 209
718 210
801 210
217 211
709 211
873 212
919 216
374 217
980 217
808 218
478 219
746 221
764 221
687 222
269 224
279 224
196 227
700 227
676 228
979 230
73 230
412 232
142 233
92 233
595 233
332 238
166 238
730 240
301 240
729 241
360 241
217 242
364 243
870 243
69 245
884 245
184 246
495 249
979 249
994 251
546 255
685 255
562 257
359 258
309 259
428 261
837 262
520 262
565 263
286 264
492 264
77 265
512 267
939 268
114 268
756 271
739 272
787 273
500 273
291 280
540 282
591 283
974 284
749 285
738 285
781 285
265 287
193 287
662 289
885 290
1 292
449 293
288 294
520 295
446 297
123 298
376 299
684 302
310 302
74 304
631 305
725 307
192 310
153 310
559 311
961 312
719 314
695 314
751 315
418 318
609 319
770 319
662 321
645 324
355 328
862 328
912 329
745 329
155 329
434 329
607 332
947 332
206 332
274 333
726 333
189 335
456 335
526 335
894 336
987 336
389 337
980 338
251 338
567 338
955 338
216 339
407 341
32 342
558 342
36 343
268 344
589 345
526 347
379 351
14 352
641 352
345 353
31 354
115 355
593 355
322 356
698 358
494 359
149 360
239 361
113 361
619 362
29 362
74 363
840 364
167 364
701 369
99 370
211 371
11 371
999 376
161 379
984 380
937 382
227 383
988 384
982 384
330 384
148 387
616 388
210 391
287 393
6 393
882 393
650 394
442 402
947 402
26 403
244 403
923 410
292 411
380 411
683 411
388 412
814 412
869 413
165 413
213 414
605 414
172 419
316 421
442 423
841 424
832 426
964 426
771 428
261 429
57 429
730 430
232 431
155 431
323 432
469 433
1000 433
758 433
874 435
333 436
192 437
547 437
189 438
104 438
620 440
99 440
681 441
935 441
593 442
873 443
652 448
638 449
805 450
288 451
531 452
305 452
468 453
2 455
347 455
82 457
39 461
320 466
442 467
902 468
618 473
519 473
647 474
913 475
73 475
406 476
502 477
100 480
620 481
485 481
30 483
891 484
530 488
449 488
649 490
115 491
951 491
565 497
358 502
745 502
116 503
451 505
265 506
387 506
44 507
207 510
46 510
470 512
17 515
262 516
31 517
104 518
984 519
738 521
181 522
890 524
929 525
618 525
94 526
525 526
206 527
696 527
759 530
821 530
318 539
371 539
389 541
305 543
104 543
815 544
101 544
675 545
941 546
102 546
37 546
332 550
514 551
168 551
923 553
396 553
686 555
269 556
286 557
12 557
381 559
962 559
185 560
355 562
359 562
317 564
109 565
571 568
360 569
749 570
455 570
929 570
627 575
377 575
909 577
645 577
739 577
707 578
162 579
673 579
41 579
788 582
16 582
167 583
413 585
282 589
373 591
555 595
712 596
456 596
929 596
631 597
178 597
685 597
632 599
792 601
929 601
621 601
631 605
551 605
789 605
138 605
234 607
436 609
241 615
928 615
91 617
743 617
822 617
693 620
340 623
483 625
415 625
943 625
451 626
339 626
958 627
748 631
577 632
523 633
801 633
893 633
257 637
235 638
599 639
225 640
96 641
412 642
104 642
667 645
139 646
591 646
134 646
447 646
994 648
527 650
201 652
27 654
699 654
115 655
985 657
982 657
431 657
415 658
53 660
603 662
315 662
552 665
585 666
121 667
169 668
901 669
909 670
489 670
375 670
626 671
954 672
169 672
251 672
990 672
979 674
714 676
888 676
300 677
476 678
981 679
245 679
198 681
73 682
521 685
827 689
670 692
400 693
378 693
726 693
665 694
437 694
418 695
148 697
186 697
535 699
370 699
35 700
248 701
763 701
105 701
914 702
704 702
7 704
213 707
879 709
111 709
17 710
92 711
555 711
713 712
617 713
257 714
884 715
883 715
496 716
363 716
860 717
780 717
626 718
406 720
549 721
266 723
978 723
563 728
897 728
352 728
491 730
993 730
647 731
773 731
739 734
396 738
81 739
754 739
54 740
860 740
939 741
522 742
850 742
154 744
206 745
753 746
475 746
873 747
607 747
39 747
450 749
643 752
743 752
884 753
701 754
809 755
502 756
615 757
463 758
907 759
505 759
406 759
733 760
145 760
184 761
499 761
888 762
778 763
988 764
490 764
24 766
783 767
374 768
144 768
902 770
727 771
425 774
47 774
994 775
91 775
904 778
988 778
178 778
530 779
498 782
908 782
587 783
717 784
776 784
808 785
624 791
923 792
678 794
857 795
249 797
444 799
562 799
744 800
640 801
107 802
536 803
989 804
770 805
51 806
271 807
88 807
15 813
738 813
70 814
442 815
172 816
195 816
946 820
512 820
929 821
827 821
773 822
291 822
138 823
900 824
153 824
836 829
115 833
68 834
84 839
372 839
113 840
24 845
484 845
69 845
735 851
546 852
585 853
9 855
698 856
877 856
450 858
794 861
295 861
513 863
867 864
30 864
612 865
623 868
287 870
850 871
451 872
920 873
113 873
750 875
300 875
621 878
541 879
749 883
450 886
158 887
108 888
282 890
238 891
709 891
160 891
463 892
227 892
788 893
421 893
47 895
220 896
911 898
450 899
62 899
866 900
592 900
262 900
330 901
303 902
125 904
515 904
971 905
848 907
572 909
868 913
208 915
970 918
571 918
287 920
143 921
164 923
778 924
214 925
982 929
595 930
958 930
30 931
666 932
23 933
33 935
646 935
589 936
669 937
701 937
352 937
48 937
234 938
384 939
784 940
617 940
243 942
969 942
428 942
512 942
536 942
984 944
208 944
395 944
618 944
640 946
888 948
149 949
432 950
748 950
828 952
193 952
965 952
817 954
592 957
568 959
842 960
844 963
847 963
269 965
311 965
191 967
199 968
110 969
354 969
345 972
222 972
289 973
392 973
275 973
873 974
2 975
251 975
361 978
715 979
688 981
587 981
171 981
290 984
76 984
833 984
815 985
473 985
470 986
702 986
604 989
877 991
574 991
491 994
658 994
561 996
657 997
385 997
192 999
303 999
121 999
318 999
659 1000
