1000
365 0
121 1
596 1
660 1
739 2
430 2
524 3
250 4
845 4
797 5
230 6
536 8
958 8
682 9
144 10
889 10
417 10
825 10
857 11
729 13
45 14
172 14
278 16
539 19
817 20
569 21
149 21
134 22
421 24
827 27
439 29
960 31
727 31
399 31
416 32
6 34
844 34
242 34
319 35
962 38
23 39
856 42
889 42
433 42
557 44
187 45
4 45
722 46
901 49
829 52
750 52
310 52
662 53
856 54
888 55
568 58
798 58
547 58
550 59
209 59
664 59
346 60
641 61
118 62
243 63
369 64
255 65
850 65
126 66
501 68
211 69
529 70
942 71
693 71
508 71
251 71
942 72
460 73
60 73
905 74
314 75
745 75
155 75
709 76
281 78
921 79
85 79
437 79
69 79
531 80
954 80
263 80
111 81
694 81
395 81
138 82
400 85
242 86
75 88
330 91
17 91
547 91
289 91
281 92
733 94
701 94
882 95
606 96
210 97
753 97
146 99
859 100
917 100
443 101
144 103
769 103
812 104
335 105
662 107
97 108
866 109
819 111
80 111
505 112
270 113
416 113
838 113
949 115
995 117
1000 118
485 118
14 118
336 119
63 119
293 120
586 120
112 123
8 123
58 124
169 124
37 127
613 128
530 129
707 129
563 130
225 130
84 131
502 131
727 131
120 133
67 134
517 135
843 141
50 141
28 144
384 145
327 146
593 147
838 148
302 149
155 152
110 152
90 153
178 155
37 156
133 157
163 157
828 158
425 158
37 158
420 159
594 160
379 161
828 163
894 163
800 163
809 164
588 164
449 164
650 166
680 167
910 167
620 169
153 169
545 169
472 170
568 171
605 172
826 173
518 173
534 173
824 175
98 176
209 176
775 177
39 177
373 177
430 178
994 180
372 181
585 183
728 185
301 186
757 186
336 187
497 187
599 187
125 189
961 190
485 191
389 191
61 192
884 192
163 192
182 194
860 194
721 196
792 196
681 197
699 197
5 198
433 198
736 199
326 201
863 202
421 202
607 204
585 205
1000 207
125 207
428 207
552 208
280 210
735 210
607 210
873 210
386 210
662 211
496 211
815 213
601 214
473 215
43 217
391 218
82 219
68 219
694 219
617 221
495 222
275 226
509 228
988 231
7 231
227 232
996 235
484 236
464 238
527 239
967 242
462 245
710 245
84 248
239 248
60 249
993 249
285 251
98 254
54 254
886 256
668 256
851 256
639 257
732 257
808 257
900 258
447 260
150 260
292 261
492 261
374 261
992 261
902 262
22 262
659 265
93 265
358 265
174 266
72 266
484 267
99 268
539 269
115 270
730 270
798 271
964 272
800 274
870 275
880 276
744 276
368 277
221 278
138 279
315 280
867 280
925 280
786 281
932 281
820 281
941 282
316 284
69 284
35 286
803 287
994 288
41 291
810 292
512 293
626 293
984 295
898 296
558 297
886 297
418 298
852 300
56 304
916 304
959 304
244 308
5 309
879 311
473 311
873 312
632 313
461 314
434 314
228 315
565 315
497 315
679 317
979 318
892 322
451 323
562 324
743 325
271 327
35 329
380 330
811 330
69 330
824 330
439 332
38 332
218 333
936 333
751 334
182 335
224 335
541 336
365 336
837 338
207 342
932 342
847 342
651 342
711 343
550 343
173 343
875 344
938 344
147 345
485 347
896 347
244 350
772 350
233 355
782 356
20 358
374 359
567 360
732 360
245 360
582 361
175 361
453 361
729 362
685 363
733 365
671 365
773 366
712 366
901 367
606 367
779 368
491 368
474 369
807 370
155 371
597 372
205 372
359 373
600 374
474 376
908 376
200 377
537 378
727 380
89 380
989 380
46 380
633 382
432 384
907 385
737 388
576 391
265 393
82 393
37 394
399 394
467 395
548 398
783 400
36 401
577 402
646 402
901 403
326 403
707 403
980 403
893 405
627 407
986 407
926 410
310 410
662 411
19 413
973 413
345 416
684 416
713 417
787 419
568 420
945 420
498 420
756 421
858 421
443 422
512 423
684 423
187 428
85 428
476 428
316 428
763 429
389 429
331 429
649 430
618 433
339 434
727 437
795 438
471 439
226 439
86 441
146 442
431 444
370 446
161 448
448 448
682 448
462 449
466 449
737 450
231 450
582 451
141 452
515 452
37 452
703 453
8 456
422 456
537 456
668 457
822 458
60 459
529 459
457 460
857 462
752 462
276 463
984 465
502 465
855 466
399 468
9 469
231 469
763 469
43 471
247 471
943 473
47 474
144 475
208 476
834 476
849 477
168 477
684 478
719 479
67 479
260 480
910 481
820 483
92 483
568 484
479 484
472 484
447 484
38 485
634 490
768 495
131 498
480 499
770 501
462 502
213 502
269 503
730 503
431 505
15 508
651 508
906 511
698 512
81 512
857 514
894 515
735 517
217 518
906 519
198 522
3 522
773 523
493 524
833 524
140 526
993 528
123 530
836 530
559 532
980 533
989 534
992 534
318 535
133 540
871 540
37 541
64 541
876 542
770 542
439 542
639 544
24 544
235 545
428 546
447 547
284 548
20 549
744 549
416 551
633 552
498 552
363 552
978 553
995 554
306 555
755 555
547 556
459 557
426 558
298 559
355 560
455 560
812 561
411 561
275 561
659 563
924 563
60 565
38 565
8 567
888 567
205 567
612 569
761 570
118 570
268 571
176 572
385 573
168 573
586 576
357 577
534 579
536 580
388 583
514 583
864 587
813 589
414 589
534 590
858 590
496 591
302 593
749 593
239 593
570 594
871 596
831 596
505 598
200 600
773 600
595 601
387 602
646 602
342 604
369 604
174 606
866 606
746 607
279 607
428 607
676 608
971 614
917 614
781 614
344 614
612 615
50 616
437 620
997 621
33 622
809 622
493 624
835 625
905 625
972 626
844 626
32 626
977 627
833 627
945 629
577 629
617 629
113 630
460 630
56 630
137 630
221 631
277 631
347 632
611 633
112 635
144 637
141 638
573 638
919 639
332 639
684 641
729 644
653 644
911 645
79 645
987 646
2 647
641 648
518 648
440 648
930 649
137 650
556 650
681 652
606 655
869 656
350 657
831 658
415 660
853 661
477 661
502 661
825 662
878 662
764 663
561 663
961 664
127 666
755 667
822 669
332 669
354 670
545 671
290 673
109 676
155 677
619 680
488 682
509 682
274 682
283 683
678 684
380 687
515 687
606 687
16 690
983 691
134 691
361 691
809 692
969 694
430 694
879 697
639 697
928 697
712 698
398 702
20 702
979 702
908 706
65 706
392 706
453 706
407 708
988 708
463 709
259 710
722 714
391 716
119 718
394 718
561 719
101 720
575 720
115 720
915 722
171 722
118 722
884 727
75 728
291 729
777 729
105 729
994 730
653 730
185 732
100 732
632 733
227 733
924 734
769 737
126 738
716 738
123 740
589 741
445 741
274 742
945 744
466 744
490 745
640 747
797 748
562 750
453 752
673 754
750 758
330 758
590 759
204 759
35 761
244 769
181 771
65 771
471 772
346 773
590 774
862 776
815 776
710 777
321 777
759 778
764 779
214 782
623 787
820 787
291 787
231 787
389 790
354 791
374 792
824 793
21 796
566 799
939 800
128 800
484 801
35 803
859 803
936 803
597 803
975 804
732 804
49 804
907 805
357 805
705 807
82 807
166 809
335 809
118 809
412 810
308 810
297 811
870 812
177 813
612 814
877 815
377 817
727 818
236 820
417 820
626 823
766 824
686 825
875 826
869 827
843 828
247 829
694 830
209 831
262 832
557 833
503 834
684 840
675 841
421 842
589 843
193 843
732 844
626 845
575 846
152 846
446 848
50 849
674 850
705 851
186 855
929 857
445 857
469 859
620 860
576 860
35 863
617 864
285 865
24 870
739 873
241 874
468 875
754 875
200 876
997 877
360 877
28 877
845 878
107 878
218 879
858 880
576 881
543 885
498 885
459 886
511 887
106 887
37 888
138 890
253 890
555 892
554 892
75 892
293 894
630 896
496 898
896 899
847 899
68 900
694 900
914 902
576 902
884 903
260 904
451 904
116 904
643 904
716 904
520 904
513 904
165 904
989 904
904 904
303 905
317 905
792 905
859 905
541 906
56 907
620 908
511 908
147 908
475 913
381 914
830 915
878 915
846 916
651 916
355 916
210 917
977 918
888 921
893 922
563 925
432 926
36 926
929 927
298 927
695 929
80 933
94 936
493 937
513 938
433 938
403 940
444 941
601 942
910 942
455 944
940 944
987 944
985 946
661 948
172 948
403 948
346 950
60 950
524 951
128 952
151 952
357 954
825 954
105 954
412 954
709 958
937 958
908 960
48 961
246 962
114 963
830 964
317 964
205 964
298 964
329 966
101 966
602 967
873 968
932 968
529 968
356 970
541 970
117 971
909 971
774 972
62 972
188 973
235 975
510 976
832 976
693 977
47 977
960 978
787 979
824 981
867 986
395 987
139 988
2 989
562 989
1000 992
748 993
546 994
557 994
295 996
607 997
353 1000
493 1000
476 1000
