973
176 1
679 3
834 3
611 3
516 4
241 5
131 5
878 7
981 8
739 9
960 9
647 11
581 12
103 12
265 13
810 18
187 19
688 20
366 21
759 22
578 22
48 23
861 23
163 23
253 24
753 26
424 27
60 28
137 28
889 29
735 32
564 32
338 33
668 33
837 35
400 35
633 37
578 38
458 39
164 40
495 41
140 41
234 41
47 42
292 42
958 44
666 49
797 49
727 49
891 49
526 50
606 52
650 53
805 54
181 55
189 56
205 56
451 58
706 58
969 60
551 60
682 61
820 64
560 64
497 64
151 64
888 66
687 67
59 67
8 67
478 68
4 68
112 69
373 72
185 72
889 74
196 75
244 75
467 78
862 78
503 78
491 78
946 79
241 80
333 82
434 84
236 85
285 85
764 86
511 87
683 88
725 88
205 90
513 93
583 93
895 93
388 95
588 95
396 98
128 99
874 99
967 101
503 101
664 103
389 103
881 104
1000 106
333 106
203 108
590 112
629 113
76 115
468 116
655 117
393 118
128 120
593 121
158 121
977 123
837 125
193 125
499 128
191 128
663 129
256 129
512 130
247 131
11 131
925 132
242 132
445 133
207 133
713 134
142 135
666 136
496 138
817 139
110 139
261 141
302 142
622 143
123 145
290 146
177 150
241 155
679 156
17 157
466 157
81 158
419 158
851 158
20 159
877 159
132 160
278 161
714 162
36 162
823 162
815 164
394 165
358 165
694 166
45 167
938 169
348 171
451 172
698 175
15 175
173 176
619 178
144 180
138 181
473 181
368 183
214 183
859 188
570 189
172 190
883 192
242 192
690 193
674 194
971 195
763 195
30 196
276 197
685 197
174 199
369 200
803 201
46 201
468 201
315 202
995 202
479 203
593 203
500 206
801 206
912 206
834 207
785 207
839 207
287 208
911 210
762 210
730 211
519 211
386 212
592 215
532 217
334 218
760 221
800 221
793 222
216 224
611 225
99 226
635 228
57 230
757 230
785 232
892 232
369 234
644 234
184 234
697 235
505 236
818 236
539 237
579 238
249 238
467 239
430 240
953 240
955 240
292 241
403 241
755 242
854 244
511 248
371 250
809 252
693 252
951 253
204 253
568 255
853 256
449 257
248 258
595 260
618 263
575 263
234 263
613 264
924 265
120 265
759 269
946 270
972 270
452 276
158 277
540 279
55 280
682 281
29 282
14 284
467 284
989 285
228 285
312 286
429 286
284 287
803 289
508 291
439 293
882 294
598 295
469 297
33 297
201 298
55 299
754 299
939 300
123 301
328 302
625 303
332 304
542 304
165 306
927 307
616 308
254 309
82 309
227 310
723 312
13 314
211 317
458 317
541 318
350 321
346 322
114 323
439 326
129 326
563 326
160 327
267 327
458 331
323 335
358 336
467 340
347 340
511 342
613 343
350 344
618 346
229 346
251 348
46 349
271 351
414 352
328 354
46 354
159 356
14 356
953 357
560 361
812 362
756 365
128 365
770 365
727 366
226 367
874 369
607 369
624 369
985 369
579 370
111 371
684 372
47 373
950 374
320 374
255 374
597 375
638 377
853 377
232 377
222 377
42 378
872 383
58 384
863 384
576 385
892 385
982 386
355 389
156 389
288 389
282 390
629 391
666 392
870 392
532 392
976 392
836 397
609 398
361 399
655 400
745 401
709 401
288 401
21 405
914 405
221 405
575 408
405 409
920 411
164 411
166 411
329 411
290 414
340 414
919 416
147 416
830 417
936 417
492 419
920 420
20 421
244 422
894 424
820 425
239 428
550 430
276 431
404 431
690 431
324 433
34 433
846 433
241 435
13 437
693 437
628 438
359 438
339 439
655 440
699 440
211 441
928 441
390 442
583 443
913 443
294 443
125 444
329 447
419 447
654 449
191 449
31 452
236 452
715 453
877 455
759 455
811 455
714 456
41 456
998 457
379 459
38 460
148 460
435 462
134 467
620 467
723 468
848 469
843 469
543 470
693 471
699 471
701 472
784 474
626 474
499 474
182 475
112 476
373 476
228 478
898 480
431 481
853 483
47 484
832 485
868 487
37 487
328 488
563 488
165 489
972 490
49 490
832 490
567 493
291 494
744 494
786 497
718 498
249 498
594 499
896 499
891 500
791 501
32 501
508 501
920 502
22 502
845 503
690 503
465 504
863 506
128 507
779 507
110 509
890 511
514 511
460 512
501 513
125 513
139 513
192 513
641 513
937 514
514 514
698 515
279 515
214 515
246 517
80 517
228 517
648 517
439 520
149 520
131 521
95 522
966 525
785 526
768 528
667 528
495 528
733 528
116 529
616 532
904 532
625 534
849 534
575 537
217 538
814 539
728 539
69 540
219 540
247 544
462 545
696 547
95 547
962 548
295 550
15 551
917 552
932 552
84 554
384 554
892 555
916 555
803 556
661 557
98 558
525 558
140 560
36 561
410 562
516 563
544 563
895 566
920 567
345 568
850 570
995 572
510 574
858 574
273 575
698 577
110 578
775 579
194 580
110 580
26 583
917 583
973 586
362 586
715 587
969 589
719 592
423 592
782 592
704 592
356 593
86 593
24 594
305 594
500 594
460 594
265 595
752 595
978 596
683 599
176 600
236 600
364 601
963 602
930 603
245 604
957 605
781 605
985 606
595 607
223 608
30 609
550 612
403 612
85 613
996 613
313 613
180 613
909 613
697 616
822 618
231 618
104 620
140 621
504 622
920 622
589 624
211 626
758 627
81 628
541 628
431 628
610 629
289 630
407 631
518 632
178 632
280 634
14 634
40 634
220 634
676 635
618 635
717 636
861 638
221 638
919 639
604 639
830 641
558 643
830 646
925 648
746 650
49 652
219 654
164 655
934 655
227 656
887 656
991 657
315 658
394 658
815 659
439 659
424 659
692 660
18 661
745 662
548 662
987 662
287 663
550 663
283 663
433 664
871 664
997 666
326 666
675 666
642 667
750 667
634 668
617 669
906 669
675 670
7 670
560 670
469 671
893 672
967 673
385 673
69 674
524 677
384 677
199 677
801 677
336 678
595 680
787 681
530 681
685 682
264 683
640 684
359 687
228 688
185 688
391 691
5 692
839 692
508 692
310 692
120 693
329 695
692 695
904 698
159 698
681 700
903 700
381 700
505 702
412 702
824 702
99 704
552 704
557 706
836 706
525 706
65 706
358 706
635 707
132 707
264 710
664 711
785 712
826 712
797 714
855 717
129 717
66 718
98 719
697 720
965 720
908 722
950 722
880 722
71 723
120 723
555 723
694 724
316 725
511 725
337 731
751 732
258 734
269 737
619 739
172 740
117 741
875 741
553 745
372 746
618 748
93 750
444 750
963 751
396 751
130 751
298 752
773 752
730 753
315 755
963 757
973 760
175 760
477 760
274 761
771 761
338 762
46 763
501 763
149 763
178 764
5 764
443 767
313 770
299 770
642 771
704 771
427 771
476 772
419 773
512 774
342 777
850 778
182 780
191 781
575 781
697 784
523 785
644 786
905 789
904 789
379 790
622 791
553 791
114 792
413 792
751 795
523 800
74 800
128 800
969 800
62 801
887 801
720 805
464 806
725 806
825 807
695 809
946 809
108 810
232 811
134 813
439 813
671 815
614 816
918 819
978 819
875 823
664 825
786 825
518 825
239 827
310 829
579 831
283 832
4 833
421 833
718 834
796 834
252 834
741 835
442 835
70 835
531 835
16 836
139 837
626 839
899 839
961 839
991 841
327 842
686 843
874 844
25 844
174 845
584 846
598 846
238 847
960 848
392 848
160 849
241 850
821 850
802 852
703 852
325 853
647 853
507 856
483 856
720 858
12 860
559 861
125 861
796 863
469 864
37 865
2 866
982 870
902 871
877 871
470 874
442 875
827 880
679 881
465 882
86 883
726 883
885 883
133 885
231 885
675 885
515 886
730 886
62 887
531 887
95 889
913 889
507 890
327 891
221 893
151 894
50 894
131 894
335 895
104 898
535 899
223 899
509 900
90 900
849 902
812 902
983 903
329 903
179 905
264 905
6 907
115 908
874 909
831 910
714 910
391 912
672 914
789 914
225 916
190 916
345 916
684 917
998 920
676 923
11 925
720 926
994 930
545 931
596 931
675 932
404 934
133 937
24 938
969 939
321 939
447 940
507 940
939 941
962 943
298 946
843 946
604 947
765 948
904 948
16 949
732 950
134 952
332 952
693 953
134 954
79 955
413 956
318 960
928 962
896 963
40 964
776 965
629 965
264 966
332 968
36 968
64 971
395 971
802 972
697 977
671 977
776 978
348 981
504 984
125 985
943 985
196 986
504 988
876 989
879 991
474 991
451 991
792 992
166 993
507 993
718 994
350 994
622 994
339 994
45 994
387 995
737 996
779 997
613 997
743 997
305 999
465 999
