1000
774 2147483637
306 2147483637
900 2147483637
665 2147483637
698 2147483637
519 2147483637
449 2147483637
69 2147483637
670 2147483637
468 2147483637
592 2147483637
488 2147483637
326 2147483637
261 2147483637
448 2147483637
874 2147483637
418 2147483637
431 2147483637
674 2147483637
1 2147483637
308 2147483637
211 2147483637
376 2147483637
913 2147483637
25 2147483637
990 2147483637
718 2147483637
17 2147483637
848 2147483637
630 2147483637
388 2147483637
109 2147483637
962 2147483637
251 2147483637
248 2147483637
867 2147483637
853 2147483637
727 2147483637
829 2147483637
361 2147483637
971 2147483637
576 2147483637
390 2147483637
761 2147483637
234 2147483637
92 2147483637
80 2147483637
761 2147483637
69 2147483637
820 2147483637
209 2147483637
75 2147483637
289 2147483637
887 2147483637
986 2147483637
974 2147483637
334 2147483637
999 2147483637
48 2147483637
773 2147483637
593 2147483637
140 2147483637
391 2147483637
182 2147483637
527 2147483637
549 2147483637
963 2147483637
214 2147483637
150 2147483637
30 2147483637
560 2147483637
322 2147483637
133 2147483637
513 2147483637
343 2147483637
930 2147483637
969 2147483637
668 2147483637
836 2147483637
242 2147483638
234 2147483638
509 2147483638
196 2147483638
573 2147483638
798 2147483638
375 2147483638
411 2147483638
89 2147483638
792 2147483638
535 2147483638
730 2147483638
293 2147483638
70 2147483638
646 2147483638
861 2147483638
606 2147483638
396 2147483638
669 2147483638
952 2147483638
641 2147483638
569 2147483638
607 2147483638
801 2147483638
421 2147483638
92 2147483638
364 2147483638
972 2147483638
830 2147483638
689 2147483638
844 2147483638
463 2147483638
936 2147483638
279 2147483638
827 2147483638
287 2147483638
471 2147483638
224 2147483638
337 2147483638
48 2147483638
278 2147483638
128 2147483638
42 2147483638
958 2147483638
207 2147483638
892 2147483638
64 2147483638
656 2147483638
136 2147483638
667 2147483638
902 2147483638
122 2147483638
540 2147483638
581 2147483638
802 2147483638
175 2147483638
357 2147483638
943 2147483638
541 2147483638
839 2147483638
102 2147483638
980 2147483638
974 2147483638
322 2147483638
374 2147483638
773 2147483638
554 2147483638
449 2147483638
381 2147483638
872 2147483638
589 2147483638
661 2147483638
509 2147483638
918 2147483638
744 2147483638
816 2147483638
888 2147483638
170 2147483638
649 2147483638
904 2147483638
648 2147483638
127 2147483638
93 2147483638
298 2147483638
926 2147483638
262 2147483638
230 2147483638
861 2147483638
917 2147483638
148 2147483638
324 2147483638
885 2147483638
617 2147483639
249 2147483639
571 2147483639
831 2147483639
9 2147483639
167 2147483639
539 2147483639
264 2147483639
346 2147483639
141 2147483639
215 2147483639
624 2147483639
825 2147483639
363 2147483639
305 2147483639
581 2147483639
828 2147483639
426 2147483639
908 2147483639
995 2147483639
559 2147483639
813 2147483639
378 2147483639
587 2147483639
895 2147483639
414 2147483639
102 2147483639
862 2147483639
142 2147483639
188 2147483639
297 2147483639
741 2147483639
650 2147483639
188 2147483639
563 2147483639
542 2147483639
853 2147483639
408 2147483639
993 2147483639
681 2147483639
577 2147483639
604 2147483639
166 2147483639
727 2147483639
151 2147483639
215 2147483639
466 2147483639
871 2147483639
23 2147483639
505 2147483639
154 2147483639
376 2147483639
482 2147483639
301 2147483639
154 2147483639
334 2147483639
985 2147483639
603 2147483639
325 2147483639
492 2147483639
67 2147483639
226 2147483639
700 2147483639
681 2147483639
754 2147483639
798 2147483639
147 2147483639
534 2147483639
409 2147483639
380 2147483639
204 2147483639
193 2147483639
953 2147483639
967 2147483639
241 2147483639
871 2147483639
432 2147483639
958 2147483639
218 2147483639
645 2147483639
610 2147483639
305 2147483639
348 2147483639
25 2147483639
160 2147483639
475 2147483639
123 2147483639
675 2147483639
33 2147483639
365 2147483639
929 2147483639
250 2147483639
746 2147483639
873 2147483639
332 2147483639
795 2147483639
898 2147483639
299 2147483639
822 2147483639
464 2147483639
15 2147483639
509 2147483640
834 2147483640
810 2147483640
836 2147483640
891 2147483640
692 2147483640
364 2147483640
867 2147483640
226 2147483640
275 2147483640
764 2147483640
302 2147483640
811 2147483640
863 2147483640
409 2147483640
757 2147483640
399 2147483640
5 2147483640
764 2147483640
524 2147483640
153 2147483640
129 2147483640
730 2147483640
908 2147483640
958 2147483640
451 2147483640
282 2147483640
879 2147483640
457 2147483640
706 2147483640
792 2147483640
432 2147483640
263 2147483640
706 2147483640
317 2147483640
477 2147483640
864 2147483640
330 2147483640
364 2147483640
612 2147483640
714 2147483640
905 2147483640
724 2147483640
865 2147483640
158 2147483640
533 2147483640
612 2147483640
321 2147483640
968 2147483640
565 2147483640
832 2147483640
660 2147483640
442 2147483640
678 2147483640
510 2147483640
510 2147483640
273 2147483640
775 2147483640
602 2147483640
508 2147483640
116 2147483640
277 2147483640
766 2147483640
518 2147483640
316 2147483640
162 2147483640
472 2147483640
178 2147483640
978 2147483640
766 2147483640
128 2147483640
590 2147483640
169 2147483640
566 2147483640
48 2147483640
631 2147483640
212 2147483640
158 2147483640
506 2147483640
832 2147483640
12 2147483640
641 2147483640
798 2147483640
153 2147483640
533 2147483640
219 2147483640
496 2147483640
840 2147483640
482 2147483640
716 2147483640
693 2147483640
407 2147483641
527 2147483641
997 2147483641
419 2147483641
528 2147483641
289 2147483641
783 2147483641
616 2147483641
823 2147483641
485 2147483641
666 2147483641
50 2147483641
142 2147483641
588 2147483641
646 2147483641
61 2147483641
756 2147483641
631 2147483641
180 2147483641
25 2147483641
716 2147483641
987 2147483641
100 2147483641
141 2147483641
328 2147483641
216 2147483641
278 2147483641
927 2147483641
872 2147483641
154 2147483641
200 2147483641
230 2147483641
419 2147483641
899 2147483641
253 2147483641
333 2147483641
749 2147483641
176 2147483641
978 2147483641
884 2147483641
273 2147483641
368 2147483641
109 2147483641
389 2147483641
874 2147483641
679 2147483641
180 2147483641
869 2147483641
531 2147483641
754 2147483641
673 2147483641
768 2147483641
902 2147483641
299 2147483641
545 2147483641
56 2147483641
101 2147483641
359 2147483641
663 2147483641
306 2147483641
111 2147483641
240 2147483641
411 2147483641
355 2147483641
510 2147483641
556 2147483641
219 2147483641
169 2147483641
595 2147483641
835 2147483641
18 2147483641
736 2147483641
981 2147483641
119 2147483641
329 2147483641
737 2147483641
155 2147483641
852 2147483641
316 2147483641
25 2147483641
454 2147483641
860 2147483641
814 2147483641
149 2147483641
562 2147483641
72 2147483641
438 2147483641
307 2147483641
904 2147483641
3 2147483641
918 2147483641
895 2147483641
298 2147483641
989 2147483641
671 2147483641
88 2147483641
284 2147483641
806 2147483641
69 2147483641
773 2147483642
238 2147483642
567 2147483642
996 2147483642
469 2147483642
509 2147483642
790 2147483642
190 2147483642
960 2147483642
466 2147483642
746 2147483642
839 2147483642
546 2147483642
68 2147483642
23 2147483642
770 2147483642
381 2147483642
975 2147483642
823 2147483642
796 2147483642
43 2147483642
774 2147483642
249 2147483642
282 2147483642
644 2147483642
945 2147483642
964 2147483642
682 2147483642
990 2147483642
155 2147483642
794 2147483642
804 2147483642
87 2147483642
754 2147483642
474 2147483642
401 2147483642
423 2147483642
428 2147483642
786 2147483642
870 2147483642
802 2147483642
801 2147483642
444 2147483642
224 2147483642
35 2147483642
645 2147483642
772 2147483642
754 2147483642
271 2147483642
358 2147483642
354 2147483642
985 2147483642
994 2147483642
494 2147483642
990 2147483642
393 2147483642
895 2147483642
829 2147483642
715 2147483642
967 2147483642
370 2147483642
314 2147483642
808 2147483642
607 2147483642
546 2147483642
798 2147483642
579 2147483642
438 2147483642
589 2147483642
673 2147483642
95 2147483642
802 2147483642
81 2147483642
127 2147483642
779 2147483642
768 2147483642
616 2147483642
794 2147483642
867 2147483642
751 2147483642
188 2147483642
697 2147483642
660 2147483642
944 2147483642
657 2147483642
563 2147483642
815 2147483642
87 2147483642
431 2147483642
425 2147483643
887 2147483643
633 2147483643
491 2147483643
925 2147483643
7 2147483643
649 2147483643
94 2147483643
853 2147483643
338 2147483643
9 2147483643
339 2147483643
815 2147483643
649 2147483643
43 2147483643
3 2147483643
516 2147483643
502 2147483643
863 2147483643
150 2147483643
803 2147483643
188 2147483643
245 2147483643
794 2147483643
140 2147483643
122 2147483643
593 2147483643
197 2147483643
728 2147483643
706 2147483643
816 2147483643
910 2147483643
670 2147483643
653 2147483643
113 2147483643
502 2147483643
922 2147483643
236 2147483643
61 2147483643
403 2147483643
800 2147483643
679 2147483643
127 2147483643
901 2147483643
100 2147483643
587 2147483643
390 2147483643
237 2147483643
237 2147483643
904 2147483643
278 2147483643
760 2147483643
379 2147483643
239 2147483643
690 2147483643
824 2147483643
337 2147483643
647 2147483643
31 2147483643
905 2147483643
305 2147483643
497 2147483643
143 2147483643
653 2147483643
381 2147483643
604 2147483643
221 2147483643
388 2147483643
623 2147483643
805 2147483643
263 2147483643
464 2147483643
369 2147483643
96 2147483643
935 2147483643
178 2147483643
364 2147483643
525 2147483643
936 2147483643
622 2147483643
313 2147483643
621 2147483643
685 2147483643
189 2147483643
381 2147483643
937 2147483643
731 2147483643
205 2147483643
944 2147483643
149 2147483643
162 2147483644
636 2147483644
53 2147483644
78 2147483644
179 2147483644
955 2147483644
715 2147483644
102 2147483644
253 2147483644
262 2147483644
111 2147483644
667 2147483644
199 2147483644
348 2147483644
119 2147483644
227 2147483644
566 2147483644
559 2147483644
445 2147483644
791 2147483644
920 2147483644
871 2147483644
66 2147483644
846 2147483644
605 2147483644
773 2147483644
253 2147483644
465 2147483644
444 2147483644
280 2147483644
267 2147483644
216 2147483644
761 2147483644
478 2147483644
781 2147483644
119 2147483644
274 2147483644
241 2147483644
518 2147483644
274 2147483644
877 2147483644
614 2147483644
670 2147483644
699 2147483644
597 2147483644
168 2147483644
604 2147483644
676 2147483644
52 2147483644
464 2147483644
686 2147483644
811 2147483644
555 2147483644
472 2147483644
982 2147483644
295 2147483644
583 2147483644
747 2147483644
198 2147483644
402 2147483644
264 2147483644
717 2147483644
922 2147483644
158 2147483644
708 2147483644
176 2147483644
530 2147483644
339 2147483644
995 2147483644
723 2147483644
617 2147483644
369 2147483644
919 2147483644
636 2147483644
972 2147483644
349 2147483644
375 2147483644
503 2147483644
764 2147483644
641 2147483644
833 2147483644
279 2147483644
645 2147483644
593 2147483644
246 2147483644
765 2147483644
654 2147483644
560 2147483644
320 2147483644
358 2147483644
73 2147483644
484 2147483644
785 2147483645
491 2147483645
147 2147483645
184 2147483645
232 2147483645
153 2147483645
859 2147483645
922 2147483645
625 2147483645
711 2147483645
213 2147483645
834 2147483645
932 2147483645
914 2147483645
534 2147483645
889 2147483645
730 2147483645
634 2147483645
821 2147483645
808 2147483645
275 2147483645
14 2147483645
777 2147483645
86 2147483645
550 2147483645
475 2147483645
898 2147483645
41 2147483645
155 2147483645
854 2147483645
888 2147483645
771 2147483645
809 2147483645
678 2147483645
495 2147483645
240 2147483645
922 2147483645
738 2147483645
285 2147483645
344 2147483645
95 2147483645
2 2147483645
732 2147483645
169 2147483645
647 2147483645
160 2147483645
480 2147483645
937 2147483645
588 2147483645
790 2147483645
887 2147483645
762 2147483645
927 2147483645
723 2147483645
133 2147483645
934 2147483645
944 2147483645
766 2147483645
387 2147483645
656 2147483645
971 2147483645
306 2147483645
305 2147483645
266 2147483645
687 2147483645
949 2147483645
162 2147483645
985 2147483645
543 2147483645
833 2147483645
743 2147483645
868 2147483645
276 2147483645
869 2147483645
617 2147483645
453 2147483645
63 2147483645
36 2147483645
750 2147483645
340 2147483645
248 2147483645
577 2147483645
285 2147483645
334 2147483645
722 2147483645
203 2147483645
663 2147483645
2 2147483645
747 2147483645
821 2147483645
228 2147483645
898 2147483646
175 2147483646
424 2147483646
597 2147483646
470 2147483646
351 2147483646
172 2147483646
592 2147483646
24 2147483646
788 2147483646
820 2147483646
200 2147483646
610 2147483646
667 2147483646
666 2147483646
253 2147483646
290 2147483646
687 2147483646
747 2147483646
760 2147483646
552 2147483646
148 2147483646
115 2147483646
446 2147483646
791 2147483646
876 2147483646
466 2147483646
601 2147483646
52 2147483646
700 2147483646
970 2147483646
218 2147483646
80 2147483646
213 2147483646
750 2147483646
363 2147483646
1 2147483646
338 2147483646
253 2147483646
457 2147483646
751 2147483646
527 2147483646
53 2147483646
698 2147483646
18 2147483646
445 2147483646
972 2147483646
864 2147483646
63 2147483646
170 2147483646
378 2147483646
264 2147483646
288 2147483646
366 2147483646
165 2147483646
991 2147483646
960 2147483646
322 2147483646
730 2147483646
265 2147483646
516 2147483646
136 2147483646
52 2147483646
803 2147483646
480 2147483646
705 2147483646
8 2147483646
911 2147483646
202 2147483646
657 2147483646
345 2147483646
691 2147483646
388 2147483646
312 2147483646
410 2147483646
143 2147483646
776 2147483646
328 2147483646
769 2147483646
243 2147483646
99 2147483646
382 2147483646
408 2147483646
462 2147483646
971 2147483646
526 2147483646
644 2147483646
806 2147483646
271 2147483646
869 2147483646
608 2147483646
74 2147483646
483 2147483646
844 2147483646
766 2147483646
230 2147483647
268 2147483647
882 2147483647
452 2147483647
566 2147483647
54 2147483647
189 2147483647
12 2147483647
109 2147483647
203 2147483647
695 2147483647
171 2147483647
596 2147483647
455 2147483647
415 2147483647
516 2147483647
894 2147483647
759 2147483647
160 2147483647
593 2147483647
325 2147483647
601 2147483647
608 2147483647
436 2147483647
231 2147483647
206 2147483647
581 2147483647
634 2147483647
112 2147483647
837 2147483647
349 2147483647
439 2147483647
241 2147483647
400 2147483647
195 2147483647
169 2147483647
492 2147483647
969 2147483647
835 2147483647
976 2147483647
877 2147483647
997 2147483647
973 2147483647
664 2147483647
786 2147483647
675 2147483647
44 2147483647
468 2147483647
549 2147483647
150 2147483647
613 2147483647
373 2147483647
769 2147483647
698 2147483647
771 2147483647
527 2147483647
489 2147483647
67 2147483647
96 2147483647
282 2147483647
555 2147483647
986 2147483647
212 2147483647
145 2147483647
528 2147483647
824 2147483647
236 2147483647
296 2147483647
88 2147483647
312 2147483647
295 2147483647
839 2147483647
581 2147483647
157 2147483647
781 2147483647
409 2147483647
914 2147483647
681 2147483647
750 2147483647
315 2147483647
766 2147483647
