1000
227 2147483637
501 2147483637
148 2147483637
622 2147483637
244 2147483637
716 2147483637
857 2147483637
265 2147483637
910 2147483637
423 2147483637
394 2147483637
68 2147483637
856 2147483637
664 2147483637
364 2147483637
851 2147483637
381 2147483637
958 2147483637
183 2147483637
264 2147483637
683 2147483637
78 2147483637
790 2147483637
610 2147483637
533 2147483637
257 2147483637
333 2147483637
507 2147483637
581 2147483637
829 2147483637
102 2147483637
584 2147483637
259 2147483637
509 2147483637
267 2147483637
441 2147483637
236 2147483637
24 2147483637
122 2147483637
856 2147483637
837 2147483637
130 2147483637
534 2147483637
917 2147483637
335 2147483637
824 2147483637
387 2147483637
711 2147483637
647 2147483637
19 2147483637
699 2147483637
977 2147483637
428 2147483637
235 2147483637
57 2147483637
798 2147483637
875 2147483637
551 2147483637
251 2147483637
804 2147483637
966 2147483637
822 2147483637
91 2147483637
574 2147483637
196 2147483637
627 2147483637
996 2147483637
140 2147483637
417 2147483637
738 2147483637
790 2147483637
97 2147483637
926 2147483637
305 2147483637
864 2147483637
517 2147483637
782 2147483637
408 2147483637
22 2147483637
777 2147483637
533 2147483637
521 2147483637
478 2147483637
643 2147483637
475 2147483637
655 2147483637
570 2147483637
325 2147483637
407 2147483637
608 2147483637
840 2147483637
297 2147483637
479 2147483637
956 2147483637
184 2147483637
712 2147483637
57 2147483637
963 2147483637
714 2147483638
794 2147483638
244 2147483638
789 2147483638
412 2147483638
930 2147483638
803 2147483638
542 2147483638
912 2147483638
31 2147483638
260 2147483638
988 2147483638
786 2147483638
283 2147483638
565 2147483638
43 2147483638
415 2147483638
300 2147483638
807 2147483638
272 2147483638
268 2147483638
535 2147483638
923 2147483638
449 2147483638
86 2147483638
196 2147483638
935 2147483638
74 2147483638
65 2147483638
938 2147483638
202 2147483638
582 2147483638
159 2147483638
664 2147483638
373 2147483638
655 2147483638
402 2147483638
571 2147483638
972 2147483638
439 2147483638
586 2147483638
271 2147483638
896 2147483638
989 2147483638
629 2147483638
187 2147483638
916 2147483638
757 2147483638
543 2147483638
824 2147483638
550 2147483638
23 2147483638
377 2147483638
843 2147483638
283 2147483638
721 2147483638
592 2147483638
906 2147483638
325 2147483638
820 2147483638
694 2147483638
705 2147483638
792 2147483638
171 2147483638
607 2147483638
13 2147483638
752 2147483638
429 2147483638
805 2147483638
848 2147483638
708 2147483638
295 2147483638
797 2147483638
242 2147483638
10 2147483638
26 2147483638
352 2147483638
127 2147483638
877 2147483638
683 2147483638
119 2147483638
826 2147483638
212 2147483638
328 2147483638
777 2147483638
708 2147483638
112 2147483638
122 2147483638
191 2147483638
19 2147483638
417 2147483639
764 2147483639
681 2147483639
128 2147483639
103 2147483639
980 2147483639
384 2147483639
281 2147483639
974 2147483639
915 2147483639
152 2147483639
508 2147483639
637 2147483639
690 2147483639
993 2147483639
309 2147483639
473 2147483639
357 2147483639
361 2147483639
829 2147483639
583 2147483639
754 2147483639
880 2147483639
93 2147483639
686 2147483639
288 2147483639
931 2147483639
319 2147483639
123 2147483639
428 2147483639
585 2147483639
152 2147483639
240 2147483639
629 2147483639
176 2147483639
738 2147483639
255 2147483639
726 2147483639
485 2147483639
51 2147483639
863 2147483639
165 2147483639
169 2147483639
731 2147483639
58 2147483639
39 2147483639
107 2147483639
651 2147483639
205 2147483639
689 2147483639
377 2147483639
395 2147483639
647 2147483639
864 2147483639
880 2147483639
397 2147483639
772 2147483639
391 2147483639
939 2147483639
153 2147483639
679 2147483639
223 2147483639
350 2147483639
776 2147483639
960 2147483639
55 2147483639
403 2147483639
456 2147483639
751 2147483639
556 2147483639
663 2147483639
987 2147483639
869 2147483639
659 2147483639
845 2147483639
116 2147483639
576 2147483639
143 2147483639
314 2147483639
44 2147483639
149 2147483639
535 2147483639
678 2147483639
337 2147483640
939 2147483640
454 2147483640
375 2147483640
289 2147483640
159 2147483640
413 2147483640
583 2147483640
573 2147483640
393 2147483640
283 2147483640
223 2147483640
849 2147483640
76 2147483640
779 2147483640
405 2147483640
973 2147483640
265 2147483640
335 2147483640
461 2147483640
837 2147483640
716 2147483640
238 2147483640
516 2147483640
182 2147483640
956 2147483640
556 2147483640
984 2147483640
413 2147483640
243 2147483640
813 2147483640
459 2147483640
532 2147483640
706 2147483640
829 2147483640
892 2147483640
278 2147483640
34 2147483640
839 2147483640
184 2147483640
217 2147483640
60 2147483640
927 2147483640
607 2147483640
853 2147483640
194 2147483640
827 2147483640
955 2147483640
923 2147483640
852 2147483640
1000 2147483640
924 2147483640
271 2147483640
537 2147483640
43 2147483640
324 2147483640
475 2147483640
241 2147483640
63 2147483640
802 2147483640
666 2147483640
851 2147483640
38 2147483640
607 2147483640
121 2147483640
289 2147483640
371 2147483640
347 2147483640
395 2147483640
681 2147483640
110 2147483640
162 2147483640
220 2147483640
190 2147483640
772 2147483640
732 2147483640
35 2147483640
322 2147483640
964 2147483640
854 2147483640
410 2147483640
445 2147483640
394 2147483640
85 2147483640
946 2147483640
690 2147483640
172 2147483640
349 2147483640
363 2147483640
505 2147483640
511 2147483640
414 2147483640
933 2147483640
126 2147483640
201 2147483640
735 2147483640
400 2147483640
938 2147483641
788 2147483641
807 2147483641
158 2147483641
504 2147483641
974 2147483641
770 2147483641
22 2147483641
31 2147483641
488 2147483641
840 2147483641
830 2147483641
675 2147483641
280 2147483641
141 2147483641
208 2147483641
424 2147483641
150 2147483641
376 2147483641
998 2147483641
707 2147483641
864 2147483641
739 2147483641
113 2147483641
560 2147483641
205 2147483641
243 2147483641
315 2147483641
437 2147483641
159 2147483641
575 2147483641
332 2147483641
869 2147483641
852 2147483641
907 2147483641
966 2147483641
763 2147483641
677 2147483641
161 2147483641
18 2147483641
230 2147483641
941 2147483641
387 2147483641
992 2147483641
59 2147483641
213 2147483641
715 2147483641
72 2147483641
596 2147483641
312 2147483641
657 2147483641
965 2147483641
32 2147483641
825 2147483641
355 2147483641
5 2147483641
890 2147483641
949 2147483641
699 2147483641
117 2147483641
465 2147483641
574 2147483641
201 2147483641
600 2147483641
147 2147483641
624 2147483641
788 2147483641
902 2147483641
757 2147483641
630 2147483641
567 2147483641
736 2147483641
695 2147483641
138 2147483641
63 2147483641
24 2147483641
833 2147483641
318 2147483641
78 2147483641
921 2147483641
107 2147483641
206 2147483641
154 2147483641
983 2147483641
353 2147483641
284 2147483641
86 2147483641
459 2147483641
991 2147483641
128 2147483641
848 2147483641
114 2147483641
454 2147483641
242 2147483641
392 2147483641
631 2147483641
585 2147483641
302 2147483641
312 2147483641
924 2147483641
287 2147483641
112 2147483641
191 2147483641
470 2147483641
381 2147483641
862 2147483641
681 2147483641
491 2147483641
663 2147483641
715 2147483642
345 2147483642
461 2147483642
214 2147483642
86 2147483642
68 2147483642
197 2147483642
116 2147483642
1000 2147483642
251 2147483642
570 2147483642
630 2147483642
256 2147483642
735 2147483642
371 2147483642
504 2147483642
44 2147483642
597 2147483642
576 2147483642
188 2147483642
705 2147483642
836 2147483642
270 2147483642
474 2147483642
606 2147483642
751 2147483642
277 2147483642
414 2147483642
141 2147483642
38 2147483642
264 2147483642
858 2147483642
263 2147483642
228 2147483642
189 2147483642
845 2147483642
380 2147483642
826 2147483642
809 2147483642
757 2147483642
236 2147483642
537 2147483642
653 2147483642
413 2147483642
907 2147483642
513 2147483642
926 2147483642
56 2147483642
645 2147483642
141 2147483642
17 2147483642
980 2147483642
99 2147483642
49 2147483642
64 2147483642
164 2147483642
635 2147483642
523 2147483642
601 2147483642
695 2147483642
911 2147483642
601 2147483642
517 2147483642
570 2147483642
135 2147483642
590 2147483642
382 2147483642
66 2147483642
11 2147483642
885 2147483642
480 2147483642
706 2147483642
949 2147483642
416 2147483642
224 2147483642
19 2147483642
788 2147483643
47 2147483643
207 2147483643
372 2147483643
452 2147483643
599 2147483643
765 2147483643
758 2147483643
740 2147483643
985 2147483643
593 2147483643
761 2147483643
908 2147483643
51 2147483643
725 2147483643
996 2147483643
85 2147483643
760 2147483643
950 2147483643
797 2147483643
234 2147483643
753 2147483643
996 2147483643
456 2147483643
707 2147483643
290 2147483643
211 2147483643
218 2147483643
943 2147483643
663 2147483643
212 2147483643
480 2147483643
325 2147483643
281 2147483643
839 2147483643
126 2147483643
781 2147483643
346 2147483643
562 2147483643
642 2147483643
318 2147483643
961 2147483643
461 2147483643
713 2147483643
656 2147483643
436 2147483643
412 2147483643
130 2147483643
591 2147483643
122 2147483643
348 2147483643
510 2147483643
807 2147483643
443 2147483643
409 2147483643
897 2147483643
177 2147483643
886 2147483643
230 2147483643
963 2147483643
747 2147483643
484 2147483643
258 2147483643
538 2147483643
182 2147483643
231 2147483643
304 2147483643
355 2147483643
934 2147483643
919 2147483643
516 2147483643
419 2147483643
270 2147483643
274 2147483643
521 2147483643
777 2147483643
609 2147483643
42 2147483643
531 2147483644
889 2147483644
259 2147483644
739 2147483644
677 2147483644
644 2147483644
899 2147483644
857 2147483644
514 2147483644
280 2147483644
43 2147483644
244 2147483644
942 2147483644
820 2147483644
326 2147483644
692 2147483644
151 2147483644
380 2147483644
608 2147483644
168 2147483644
267 2147483644
559 2147483644
624 2147483644
95 2147483644
507 2147483644
289 2147483644
922 2147483644
194 2147483644
792 2147483644
696 2147483644
953 2147483644
944 2147483644
341 2147483644
826 2147483644
876 2147483644
148 2147483644
251 2147483644
619 2147483644
941 2147483644
167 2147483644
464 2147483644
432 2147483644
762 2147483644
53 2147483644
558 2147483644
342 2147483644
557 2147483644
371 2147483644
920 2147483644
654 2147483644
890 2147483644
31 2147483644
853 2147483644
715 2147483644
792 2147483644
743 2147483644
247 2147483644
110 2147483644
930 2147483644
241 2147483644
757 2147483644
435 2147483644
476 2147483644
324 2147483644
629 2147483644
924 2147483644
534 2147483644
558 2147483644
881 2147483644
479 2147483644
288 2147483644
334 2147483644
222 2147483644
568 2147483644
840 2147483644
145 2147483644
613 2147483644
418 2147483644
903 2147483644
443 2147483644
356 2147483644
365 2147483644
646 2147483644
233 2147483644
426 2147483644
780 2147483644
884 2147483644
428 2147483644
322 2147483644
52 2147483644
926 2147483644
368 2147483644
369 2147483644
272 2147483644
689 2147483644
136 2147483644
238 2147483645
490 2147483645
269 2147483645
623 2147483645
343 2147483645
674 2147483645
905 2147483645
990 2147483645
219 2147483645
699 2147483645
554 2147483645
666 2147483645
530 2147483645
166 2147483645
923 2147483645
234 2147483645
108 2147483645
694 2147483645
349 2147483645
179 2147483645
989 2147483645
502 2147483645
920 2147483645
106 2147483645
376 2147483645
810 2147483645
317 2147483645
469 2147483645
149 2147483645
228 2147483645
64 2147483645
954 2147483645
314 2147483645
308 2147483645
969 2147483645
850 2147483645
351 2147483645
835 2147483645
152 2147483645
903 2147483645
83 2147483645
635 2147483645
506 2147483645
569 2147483645
276 2147483645
771 2147483645
528 2147483645
137 2147483645
122 2147483645
87 2147483645
770 2147483645
472 2147483645
96 2147483645
699 2147483645
312 2147483645
426 2147483645
25 2147483645
155 2147483645
649 2147483645
230 2147483645
793 2147483645
923 2147483645
469 2147483645
642 2147483645
162 2147483645
885 2147483645
401 2147483645
328 2147483645
508 2147483645
179 2147483645
468 2147483645
482 2147483645
733 2147483645
889 2147483645
191 2147483645
251 2147483645
991 2147483645
494 2147483645
259 2147483646
296 2147483646
653 2147483646
807 2147483646
217 2147483646
5 2147483646
702 2147483646
457 2147483646
186 2147483646
949 2147483646
41 2147483646
953 2147483646
268 2147483646
337 2147483646
335 2147483646
919 2147483646
434 2147483646
693 2147483646
658 2147483646
934 2147483646
655 2147483646
149 2147483646
628 2147483646
395 2147483646
424 2147483646
982 2147483646
952 2147483646
619 2147483646
715 2147483646
781 2147483646
280 2147483646
547 2147483646
953 2147483646
19 2147483646
426 2147483646
196 2147483646
795 2147483646
118 2147483646
549 2147483646
639 2147483646
5 2147483646
768 2147483646
350 2147483646
144 2147483646
904 2147483646
679 2147483646
355 2147483646
360 2147483646
849 2147483646
914 2147483646
766 2147483646
132 2147483646
26 2147483646
160 2147483646
239 2147483646
590 2147483646
312 2147483646
403 2147483646
852 2147483646
958 2147483646
66 2147483646
517 2147483646
989 2147483646
544 2147483646
120 2147483646
465 2147483646
160 2147483646
287 2147483646
433 2147483646
34 2147483646
851 2147483646
211 2147483646
83 2147483646
217 2147483646
339 2147483646
545 2147483646
705 2147483646
181 2147483646
135 2147483646
104 2147483646
913 2147483646
445 2147483646
499 2147483646
196 2147483646
192 2147483646
333 2147483646
518 2147483646
551 2147483646
24 2147483646
876 2147483646
624 2147483646
760 2147483647
100 2147483647
239 2147483647
327 2147483647
332 2147483647
640 2147483647
958 2147483647
642 2147483647
402 2147483647
304 2147483647
992 2147483647
245 2147483647
647 2147483647
438 2147483647
717 2147483647
578 2147483647
537 2147483647
902 2147483647
744 2147483647
111 2147483647
944 2147483647
709 2147483647
341 2147483647
932 2147483647
364 2147483647
696 2147483647
989 2147483647
264 2147483647
48 2147483647
814 2147483647
998 2147483647
619 2147483647
803 2147483647
86 2147483647
946 2147483647
198 2147483647
272 2147483647
771 2147483647
996 2147483647
332 2147483647
755 2147483647
435 2147483647
918 2147483647
97 2147483647
701 2147483647
748 2147483647
428 2147483647
34 2147483647
68 2147483647
383 2147483647
456 2147483647
138 2147483647
498 2147483647
177 2147483647
756 2147483647
754 2147483647
925 2147483647
776 2147483647
128 2147483647
607 2147483647
67 2147483647
481 2147483647
197 2147483647
159 2147483647
399 2147483647
888 2147483647
612 2147483647
19 2147483647
574 2147483647
793 2147483647
549 2147483647
115 2147483647
742 2147483647
187 2147483647
841 2147483647
240 2147483647
422 2147483647
776 2147483647
940 2147483647
440 2147483647
131 2147483647
862 2147483647
194 2147483647
873 2147483647
848 2147483647
166 2147483647
666 2147483647
852 2147483647
657 2147483647
632 2147483647
700 2147483647
218 2147483647
696 2147483647
319 2147483647
760 2147483647
389 2147483647
407 2147483647
325 2147483647
958 2147483647
393 2147483647
294 2147483647
204 2147483647
526 2147483647
151 2147483647
