1000
321 2147483637
880 2147483637
142 2147483637
378 2147483637
772 2147483637
516 2147483637
921 2147483637
931 2147483637
414 2147483637
822 2147483637
792 2147483637
185 2147483637
790 2147483637
81 2147483637
497 2147483637
208 2147483637
117 2147483637
936 2147483637
615 2147483637
480 2147483637
19 2147483637
920 2147483637
937 2147483637
341 2147483637
214 2147483637
228 2147483637
317 2147483637
483 2147483637
443 2147483637
921 2147483637
647 2147483637
601 2147483637
755 2147483637
330 2147483637
796 2147483637
78 2147483637
937 2147483637
759 2147483637
862 2147483637
836 2147483637
650 2147483637
608 2147483637
517 2147483637
764 2147483637
438 2147483637
8 2147483637
2 2147483637
153 2147483637
629 2147483637
754 2147483637
957 2147483637
253 2147483637
737 2147483637
197 2147483637
489 2147483637
625 2147483637
662 2147483637
349 2147483637
346 2147483637
357 2147483637
499 2147483637
458 2147483637
820 2147483637
153 2147483637
913 2147483637
20 2147483637
144 2147483637
599 2147483637
396 2147483637
857 2147483637
972 2147483637
395 2147483637
246 2147483637
660 2147483638
691 2147483638
642 2147483638
653 2147483638
586 2147483638
698 2147483638
86 2147483638
870 2147483638
546 2147483638
85 2147483638
565 2147483638
793 2147483638
439 2147483638
901 2147483638
433 2147483638
636 2147483638
737 2147483638
932 2147483638
573 2147483638
374 2147483638
232 2147483638
765 2147483638
239 2147483638
321 2147483638
800 2147483638
584 2147483638
111 2147483638
899 2147483638
552 2147483638
704 2147483638
784 2147483638
794 2147483638
223 2147483638
963 2147483638
324 2147483638
760 2147483638
506 2147483638
985 2147483638
752 2147483638
33 2147483638
836 2147483638
174 2147483638
170 2147483638
678 2147483638
294 2147483638
634 2147483638
595 2147483638
121 2147483638
478 2147483638
393 2147483638
614 2147483638
261 2147483638
568 2147483638
740 2147483638
629 2147483638
900 2147483638
608 2147483638
379 2147483638
150 2147483638
812 2147483638
728 2147483638
875 2147483638
260 2147483638
924 2147483638
824 2147483638
240 2147483638
741 2147483638
586 2147483638
798 2147483638
336 2147483638
752 2147483638
807 2147483638
575 2147483638
193 2147483638
594 2147483638
211 2147483638
837 2147483638
425 2147483638
739 2147483638
825 2147483638
719 2147483638
96 2147483638
339 2147483638
809 2147483638
265 2147483638
521 2147483639
726 2147483639
673 2147483639
805 2147483639
451 2147483639
914 2147483639
898 2147483639
222 2147483639
855 2147483639
948 2147483639
690 2147483639
585 2147483639
731 2147483639
966 2147483639
894 2147483639
32 2147483639
39 2147483639
614 2147483639
413 2147483639
789 2147483639
500 2147483639
895 2147483639
618 2147483639
324 2147483639
513 2147483639
214 2147483639
31 2147483639
670 2147483639
189 2147483639
390 2147483639
550 2147483639
901 2147483639
616 2147483639
408 2147483639
79 2147483639
634 2147483639
760 2147483639
552 2147483639
116 2147483639
3 2147483639
730 2147483639
864 2147483639
295 2147483639
336 2147483639
418 2147483639
225 2147483639
24 2147483639
765 2147483639
404 2147483639
866 2147483639
209 2147483639
907 2147483639
616 2147483639
698 2147483639
343 2147483639
776 2147483639
983 2147483639
475 2147483639
414 2147483639
569 2147483639
105 2147483639
146 2147483639
828 2147483639
401 2147483639
569 2147483639
647 2147483639
980 2147483639
715 2147483639
632 2147483639
246 2147483639
266 2147483639
775 2147483639
865 2147483639
517 2147483639
227 2147483639
253 2147483639
54 2147483639
725 2147483639
945 2147483639
4 2147483639
118 2147483639
41 2147483639
42 2147483639
48 2147483639
203 2147483639
230 2147483639
368 2147483639
7 2147483639
161 2147483639
142 2147483639
316 2147483639
702 2147483639
467 2147483639
661 2147483639
301 2147483639
837 2147483639
354 2147483639
209 2147483639
67 2147483639
567 2147483639
358 2147483639
284 2147483639
132 2147483639
321 2147483640
149 2147483640
742 2147483640
579 2147483640
70 2147483640
150 2147483640
548 2147483640
965 2147483640
792 2147483640
731 2147483640
598 2147483640
277 2147483640
821 2147483640
998 2147483640
677 2147483640
674 2147483640
318 2147483640
483 2147483640
431 2147483640
110 2147483640
840 2147483640
205 2147483640
812 2147483640
737 2147483640
629 2147483640
903 2147483640
606 2147483640
282 2147483640
807 2147483640
800 2147483640
463 2147483640
645 2147483640
152 2147483640
331 2147483640
410 2147483640
510 2147483640
565 2147483640
724 2147483640
380 2147483640
247 2147483640
116 2147483640
59 2147483640
791 2147483640
607 2147483640
527 2147483640
103 2147483640
568 2147483640
99 2147483640
225 2147483640
354 2147483640
4 2147483640
105 2147483640
781 2147483640
393 2147483640
31 2147483640
971 2147483640
382 2147483640
93 2147483640
76 2147483640
978 2147483640
176 2147483640
502 2147483640
54 2147483640
291 2147483640
259 2147483640
25 2147483640
672 2147483640
71 2147483640
399 2147483640
93 2147483640
598 2147483640
175 2147483640
803 2147483640
253 2147483640
202 2147483640
268 2147483640
926 2147483640
559 2147483640
265 2147483640
392 2147483640
137 2147483640
356 2147483640
80 2147483640
111 2147483640
565 2147483640
583 2147483640
832 2147483640
734 2147483640
311 2147483640
707 2147483640
463 2147483640
262 2147483640
100 2147483640
892 2147483641
336 2147483641
263 2147483641
73 2147483641
61 2147483641
547 2147483641
111 2147483641
502 2147483641
89 2147483641
652 2147483641
459 2147483641
314 2147483641
749 2147483641
260 2147483641
973 2147483641
614 2147483641
979 2147483641
653 2147483641
108 2147483641
550 2147483641
496 2147483641
400 2147483641
701 2147483641
833 2147483641
643 2147483641
9 2147483641
789 2147483641
357 2147483641
3 2147483641
994 2147483641
389 2147483641
772 2147483641
86 2147483641
469 2147483641
198 2147483641
45 2147483641
988 2147483641
427 2147483641
221 2147483641
458 2147483641
538 2147483641
404 2147483641
770 2147483641
914 2147483641
838 2147483641
827 2147483641
901 2147483641
40 2147483641
883 2147483641
951 2147483641
77 2147483641
398 2147483641
171 2147483641
206 2147483641
546 2147483641
565 2147483641
815 2147483641
894 2147483641
96 2147483641
807 2147483641
708 2147483641
705 2147483641
211 2147483641
346 2147483641
784 2147483641
535 2147483641
35 2147483641
58 2147483641
651 2147483641
252 2147483641
933 2147483641
329 2147483641
388 2147483641
48 2147483641
860 2147483641
297 2147483641
340 2147483641
89 2147483641
282 2147483641
576 2147483641
43 2147483641
456 2147483641
280 2147483641
21 2147483642
527 2147483642
5 2147483642
27 2147483642
220 2147483642
120 2147483642
901 2147483642
671 2147483642
632 2147483642
215 2147483642
802 2147483642
653 2147483642
513 2147483642
504 2147483642
823 2147483642
158 2147483642
814 2147483642
90 2147483642
632 2147483642
695 2147483642
172 2147483642
284 2147483642
325 2147483642
970 2147483642
886 2147483642
177 2147483642
11 2147483642
279 2147483642
105 2147483642
695 2147483642
925 2147483642
892 2147483642
192 2147483642
794 2147483642
913 2147483642
538 2147483642
881 2147483642
804 2147483642
636 2147483642
643 2147483642
619 2147483642
712 2147483642
954 2147483642
834 2147483642
134 2147483642
427 2147483642
163 2147483642
301 2147483642
363 2147483642
142 2147483642
166 2147483642
893 2147483642
109 2147483642
488 2147483642
150 2147483642
236 2147483642
393 2147483642
127 2147483642
825 2147483642
248 2147483642
757 2147483642
465 2147483642
542 2147483642
234 2147483642
420 2147483642
360 2147483642
567 2147483642
392 2147483642
896 2147483642
570 2147483642
679 2147483642
38 2147483642
746 2147483642
78 2147483642
210 2147483642
766 2147483642
473 2147483642
90 2147483642
195 2147483642
170 2147483642
356 2147483642
876 2147483642
577 2147483642
604 2147483642
898 2147483642
520 2147483642
488 2147483642
990 2147483642
697 2147483642
10 2147483642
777 2147483642
739 2147483642
722 2147483642
505 2147483642
764 2147483642
153 2147483642
451 2147483642
77 2147483642
847 2147483642
478 2147483642
954 2147483643
749 2147483643
9 2147483643
141 2147483643
469 2147483643
337 2147483643
737 2147483643
377 2147483643
199 2147483643
885 2147483643
339 2147483643
304 2147483643
226 2147483643
924 2147483643
936 2147483643
660 2147483643
922 2147483643
795 2147483643
314 2147483643
605 2147483643
140 2147483643
402 2147483643
821 2147483643
918 2147483643
909 2147483643
412 2147483643
933 2147483643
445 2147483643
389 2147483643
773 2147483643
515 2147483643
638 2147483643
606 2147483643
629 2147483643
669 2147483643
210 2147483643
514 2147483643
226 2147483643
512 2147483643
244 2147483643
596 2147483643
583 2147483643
870 2147483643
820 2147483643
844 2147483643
244 2147483643
905 2147483643
676 2147483643
239 2147483643
592 2147483643
20 2147483643
451 2147483643
720 2147483643
755 2147483643
192 2147483643
645 2147483643
98 2147483643
989 2147483643
89 2147483643
493 2147483643
367 2147483643
956 2147483643
955 2147483643
423 2147483643
10 2147483643
574 2147483643
407 2147483643
119 2147483643
712 2147483643
258 2147483643
125 2147483643
949 2147483643
981 2147483643
845 2147483643
955 2147483643
372 2147483643
247 2147483643
700 2147483643
754 2147483643
27 2147483643
228 2147483643
377 2147483643
190 2147483643
575 2147483643
771 2147483643
356 2147483643
28 2147483643
78 2147483643
337 2147483643
164 2147483643
268 2147483643
272 2147483643
918 2147483643
659 2147483643
78 2147483643
142 2147483643
492 2147483643
291 2147483643
506 2147483644
959 2147483644
424 2147483644
474 2147483644
839 2147483644
625 2147483644
437 2147483644
962 2147483644
806 2147483644
577 2147483644
632 2147483644
629 2147483644
1000 2147483644
698 2147483644
765 2147483644
769 2147483644
102 2147483644
972 2147483644
697 2147483644
305 2147483644
355 2147483644
647 2147483644
50 2147483644
701 2147483644
970 2147483644
801 2147483644
341 2147483644
57 2147483644
725 2147483644
485 2147483644
841 2147483644
589 2147483644
686 2147483644
333 2147483644
991 2147483644
543 2147483644
477 2147483644
898 2147483644
712 2147483644
378 2147483644
817 2147483644
795 2147483644
525 2147483644
743 2147483644
660 2147483644
121 2147483644
968 2147483644
423 2147483644
70 2147483644
444 2147483644
657 2147483644
334 2147483644
537 2147483644
216 2147483644
387 2147483644
344 2147483644
834 2147483644
836 2147483644
666 2147483644
870 2147483644
369 2147483644
817 2147483644
488 2147483644
866 2147483644
990 2147483644
362 2147483644
167 2147483644
439 2147483644
180 2147483644
863 2147483644
78 2147483644
164 2147483644
550 2147483644
245 2147483644
454 2147483644
919 2147483644
642 2147483644
900 2147483644
129 2147483644
169 2147483644
199 2147483644
845 2147483644
816 2147483644
143 2147483644
725 2147483644
96 2147483645
263 2147483645
109 2147483645
721 2147483645
306 2147483645
715 2147483645
704 2147483645
628 2147483645
869 2147483645
866 2147483645
645 2147483645
807 2147483645
643 2147483645
435 2147483645
792 2147483645
757 2147483645
689 2147483645
348 2147483645
973 2147483645
436 2147483645
570 2147483645
270 2147483645
488 2147483645
558 2147483645
339 2147483645
422 2147483645
339 2147483645
617 2147483645
125 2147483645
287 2147483645
487 2147483645
53 2147483645
79 2147483645
744 2147483645
294 2147483645
440 2147483645
307 2147483645
88 2147483645
344 2147483645
6 2147483645
865 2147483645
640 2147483645
443 2147483645
492 2147483645
915 2147483645
111 2147483645
253 2147483645
315 2147483645
791 2147483645
980 2147483645
746 2147483645
895 2147483645
724 2147483645
240 2147483645
307 2147483645
20 2147483645
452 2147483645
409 2147483645
121 2147483645
898 2147483645
286 2147483645
417 2147483645
569 2147483645
501 2147483645
240 2147483645
256 2147483645
122 2147483645
734 2147483645
405 2147483645
70 2147483645
854 2147483645
683 2147483645
391 2147483645
772 2147483645
630 2147483645
539 2147483645
413 2147483645
679 2147483645
906 2147483645
857 2147483645
935 2147483645
21 2147483645
53 2147483645
398 2147483645
89 2147483645
257 2147483645
263 2147483645
600 2147483645
844 2147483646
113 2147483646
895 2147483646
665 2147483646
832 2147483646
273 2147483646
34 2147483646
840 2147483646
186 2147483646
475 2147483646
918 2147483646
876 2147483646
781 2147483646
836 2147483646
701 2147483646
511 2147483646
568 2147483646
654 2147483646
991 2147483646
938 2147483646
236 2147483646
884 2147483646
834 2147483646
296 2147483646
845 2147483646
286 2147483646
402 2147483646
169 2147483646
55 2147483646
479 2147483646
606 2147483646
221 2147483646
529 2147483646
25 2147483646
945 2147483646
154 2147483646
686 2147483646
325 2147483646
377 2147483646
884 2147483646
764 2147483646
967 2147483646
227 2147483646
555 2147483646
983 2147483646
625 2147483646
973 2147483646
836 2147483646
158 2147483646
762 2147483646
164 2147483646
948 2147483646
709 2147483646
87 2147483646
382 2147483646
648 2147483646
850 2147483646
213 2147483646
608 2147483646
227 2147483646
541 2147483646
966 2147483646
46 2147483646
863 2147483646
583 2147483646
34 2147483646
453 2147483646
141 2147483646
505 2147483646
43 2147483646
35 2147483646
469 2147483646
426 2147483646
216 2147483646
331 2147483646
29 2147483646
693 2147483646
228 2147483646
474 2147483646
544 2147483646
526 2147483646
386 2147483646
940 2147483646
320 2147483646
104 2147483646
707 2147483646
501 2147483646
468 2147483647
558 2147483647
980 2147483647
219 2147483647
916 2147483647
608 2147483647
731 2147483647
302 2147483647
437 2147483647
830 2147483647
577 2147483647
509 2147483647
599 2147483647
288 2147483647
121 2147483647
454 2147483647
51 2147483647
902 2147483647
866 2147483647
127 2147483647
86 2147483647
34 2147483647
539 2147483647
314 2147483647
430 2147483647
100 2147483647
747 2147483647
404 2147483647
185 2147483647
986 2147483647
738 2147483647
712 2147483647
248 2147483647
371 2147483647
538 2147483647
217 2147483647
13 2147483647
48 2147483647
267 2147483647
416 2147483647
551 2147483647
972 2147483647
103 2147483647
930 2147483647
788 2147483647
525 2147483647
991 2147483647
119 2147483647
445 2147483647
815 2147483647
399 2147483647
801 2147483647
790 2147483647
161 2147483647
105 2147483647
133 2147483647
692 2147483647
977 2147483647
48 2147483647
454 2147483647
993 2147483647
717 2147483647
284 2147483647
840 2147483647
908 2147483647
950 2147483647
158 2147483647
711 2147483647
964 2147483647
6 2147483647
128 2147483647
231 2147483647
322 2147483647
998 2147483647
735 2147483647
435 2147483647
815 2147483647
94 2147483647
903 2147483647
574 2147483647
520 2147483647
522 2147483647
765 2147483647
48 2147483647
115 2147483647
419 2147483647
5 2147483647
996 2147483647
766 2147483647
607 2147483647
383 2147483647
147 2147483647
218 2147483647
676 2147483647
875 2147483647
723 2147483647
932 2147483647
484 2147483647
415 2147483647
732 2147483647
884 2147483647
837 2147483647
337 2147483647
32 2147483647
845 2147483647
