1000
78 0
623 0
380 1
226 1
166 1
981 3
237 5
595 6
936 6
881 6
475 7
727 7
389 8
75 8
942 10
453 12
797 13
554 15
661 15
326 16
538 16
508 17
785 17
991 20
766 21
529 22
502 25
794 25
863 26
803 26
257 28
278 29
32 32
734 33
747 34
390 35
156 38
410 42
475 42
519 43
331 45
925 46
518 46
858 48
960 49
969 49
198 50
893 50
254 52
28 53
968 54
736 55
696 55
586 56
654 56
693 58
304 58
164 58
206 60
654 64
586 65
530 66
806 66
276 66
247 67
999 69
858 69
122 70
621 71
497 72
923 73
334 73
646 74
971 74
684 75
803 78
642 79
317 79
272 80
499 81
246 86
42 87
357 87
539 88
432 88
69 90
202 90
376 91
398 91
743 92
474 94
666 96
48 97
688 99
700 99
646 100
784 101
157 101
423 101
755 103
68 104
593 104
898 106
642 107
854 109
421 109
319 110
487 112
330 112
995 113
834 119
447 119
933 122
530 123
449 123
989 126
613 126
62 126
421 128
762 130
239 130
722 131
400 131
869 132
844 132
892 132
498 134
558 136
950 137
134 138
975 140
835 142
704 142
919 142
798 143
289 143
477 143
876 145
266 146
30 146
466 146
825 147
858 148
195 148
531 148
97 150
663 151
55 151
573 151
249 152
871 154
620 155
774 157
894 157
839 157
447 157
996 161
505 166
564 166
138 167
987 167
37 169
579 169
457 169
603 170
464 171
554 172
331 174
210 174
841 176
544 176
502 176
705 176
985 178
600 180
718 181
141 182
519 182
965 183
866 183
515 184
113 185
303 185
937 186
501 187
572 190
51 190
625 190
287 191
367 193
686 193
899 194
94 196
522 196
543 196
512 197
896 197
26 198
691 198
882 198
409 198
236 199
294 199
41 199
78 200
975 201
759 201
991 202
802 202
320 204
907 204
581 206
137 209
673 209
410 209
531 209
600 209
667 210
746 210
936 211
470 211
16 212
544 212
241 213
955 216
820 216
966 217
888 218
368 219
884 219
49 220
892 220
756 223
389 225
797 227
530 232
491 234
111 238
768 239
891 240
190 241
291 242
912 244
55 245
736 246
122 247
1 247
810 248
223 249
419 249
465 252
479 252
361 253
741 254
866 254
769 254
783 256
29 256
484 258
485 258
126 259
421 261
627 261
259 262
498 263
119 266
297 266
622 267
82 267
36 268
287 269
992 269
462 270
790 270
39 270
21 271
497 272
415 273
18 275
55 276
845 276
225 276
565 277
894 278
471 279
741 280
356 283
939 284
587 284
708 285
86 285
842 285
382 287
487 287
834 289
643 289
729 291
219 292
247 292
923 293
28 295
12 295
237 297
656 298
315 298
671 298
111 299
957 300
897 302
288 303
403 303
610 303
288 303
584 306
540 306
284 307
566 309
419 309
933 309
608 310
170 310
499 311
924 312
387 312
455 312
413 313
713 313
268 313
654 314
836 315
696 316
338 317
806 318
223 319
319 320
679 322
891 322
440 326
829 326
717 327
860 332
13 332
708 333
851 334
322 336
55 340
215 343
809 343
845 344
404 345
100 345
98 345
750 348
813 348
3 349
469 350
878 351
796 351
387 355
163 355
214 355
686 357
353 358
785 358
15 359
23 362
413 363
329 365
413 366
704 366
820 367
427 371
190 372
936 373
41 373
65 375
286 377
456 378
176 379
422 380
565 380
53 381
200 383
614 384
616 384
625 385
855 387
836 390
643 395
18 396
159 396
397 397
955 399
91 400
126 400
817 404
689 404
821 405
976 406
766 407
420 408
511 410
28 412
76 412
295 413
614 413
685 413
512 414
229 414
315 414
811 415
47 415
295 415
468 418
292 419
480 422
329 424
873 425
995 425
271 425
343 425
266 428
783 428
741 431
398 432
977 432
113 432
143 433
328 433
355 434
252 435
165 437
569 437
331 437
388 439
750 440
407 441
635 441
733 442
873 444
921 444
582 444
292 445
448 447
953 447
162 449
154 449
215 450
480 450
459 451
132 451
991 452
175 452
776 455
628 456
758 457
479 458
783 459
892 460
725 462
888 462
248 462
398 463
495 463
578 463
444 466
928 467
257 468
56 468
749 468
701 469
578 473
106 473
353 478
857 479
920 479
446 480
744 483
465 484
210 485
970 489
895 489
570 490
600 490
194 491
264 491
575 491
322 491
689 493
396 495
633 495
960 496
422 497
995 498
874 498
607 502
604 504
616 504
189 504
119 505
615 505
688 505
466 507
381 508
301 509
922 509
90 510
873 510
545 511
876 512
520 512
10 514
834 514
549 514
518 514
901 514
303 517
274 517
500 517
672 518
311 520
957 520
227 522
710 522
301 523
405 524
503 524
782 526
773 528
277 529
216 529
986 529
63 530
814 532
92 532
87 533
412 534
452 534
141 535
533 540
915 541
641 541
612 541
253 542
596 543
462 544
744 544
216 545
530 546
924 546
598 547
620 548
838 549
39 550
373 550
183 550
244 553
372 555
461 557
455 557
70 558
155 558
784 559
115 559
262 559
924 560
296 560
6 562
408 564
473 564
185 566
688 567
68 567
384 567
748 569
444 569
254 573
128 573
337 574
347 574
437 576
817 577
425 579
328 580
733 581
492 581
276 582
837 582
296 582
202 583
433 583
422 585
544 586
950 586
489 586
570 588
174 588
30 589
945 590
962 590
367 591
880 592
470 593
419 596
859 596
701 597
72 598
506 599
890 600
488 601
118 602
204 602
344 602
116 602
913 603
139 605
318 608
373 608
660 608
113 610
919 611
192 611
183 612
392 612
740 614
795 615
289 615
571 618
234 619
467 620
26 623
98 623
879 623
75 625
901 626
132 627
872 628
964 630
345 630
517 630
715 632
296 632
576 632
517 633
144 638
667 638
293 638
408 639
587 640
569 640
957 643
262 643
255 643
904 644
784 644
683 646
44 647
90 647
828 650
724 650
997 650
453 651
543 652
556 653
515 656
543 656
920 657
596 659
346 661
3 661
217 662
805 662
219 663
246 663
424 664
359 664
587 667
196 667
743 668
765 669
734 669
657 671
744 671
464 675
310 677
273 677
669 682
213 683
130 684
424 684
463 686
84 687
383 688
309 689
697 690
363 691
251 692
784 694
897 695
378 695
237 699
148 699
202 699
927 700
9 700
916 702
577 702
508 702
8 703
966 703
984 705
883 706
825 707
806 707
24 708
158 710
320 710
799 710
840 712
835 714
783 715
285 715
415 716
638 716
899 716
607 719
829 719
452 720
26 721
97 721
694 722
261 725
983 727
846 728
37 728
9 729
997 732
927 732
733 732
190 733
396 734
42 735
44 737
787 737
668 738
947 739
451 739
386 739
316 740
282 740
721 741
240 744
411 745
235 747
779 748
804 751
565 752
635 753
687 753
806 753
127 754
862 755
207 756
242 756
679 756
952 757
685 759
901 759
500 759
814 760
296 760
632 762
557 766
757 766
100 767
83 769
532 770
456 770
134 770
64 771
279 774
33 775
825 776
958 776
299 777
834 778
948 778
660 778
167 779
910 779
464 781
47 782
372 784
358 784
300 785
222 786
204 786
816 787
12 791
794 793
552 794
525 794
737 795
927 796
730 796
817 798
382 799
757 799
297 799
15 799
499 800
108 801
682 802
187 803
828 805
52 806
30 806
515 806
183 807
57 807
741 808
629 808
23 808
482 811
984 811
783 813
740 813
521 814
503 814
133 815
156 816
84 818
44 818
390 820
779 822
788 822
873 823
472 823
920 825
479 825
460 826
930 827
290 827
249 828
475 828
825 830
720 831
311 831
80 832
810 833
292 836
238 837
76 839
452 839
599 840
94 841
711 846
190 847
508 850
793 850
551 850
173 851
109 851
668 852
564 852
360 855
150 856
601 859
306 859
379 861
310 861
811 861
144 862
379 863
390 863
781 864
384 869
684 870
615 871
333 871
553 872
58 873
55 874
981 875
244 876
739 876
985 880
183 882
988 883
373 883
910 885
51 886
601 888
575 888
788 890
889 890
886 891
873 891
229 891
989 892
773 892
621 892
114 893
211 893
428 894
223 897
163 898
507 898
390 899
646 900
3 903
600 905
329 907
723 908
833 908
863 908
728 908
111 910
678 912
181 913
428 917
858 920
709 920
776 921
200 922
618 924
995 926
75 926
989 928
57 929
529 929
192 931
835 932
799 937
175 937
564 938
887 940
978 943
352 944
438 944
181 944
544 945
660 945
472 946
521 947
160 949
521 950
244 951
498 951
747 952
267 952
107 953
572 953
228 954
832 954
161 956
232 956
552 956
705 957
58 957
962 958
652 958
306 958
555 958
839 959
798 959
909 960
19 960
399 961
151 962
745 962
412 963
21 966
715 967
953 968
742 969
826 970
120 972
401 972
395 973
901 973
449 974
88 976
876 976
256 976
102 977
96 979
830 979
130 980
644 980
868 982
889 983
62 984
247 988
931 988
254 993
954 995
458 996
477 997
783 1000
