244
704 1
242 4
520 9
594 9
297 10
255 11
311 12
37 16
496 18
130 21
766 27
274 28
136 30
260 32
637 35
336 38
531 40
334 41
657 42
758 44
365 46
65 47
647 50
382 61
420 62
433 65
80 70
647 73
106 75
35 77
393 78
335 83
148 84
644 85
763 86
205 88
169 89
365 91
240 93
749 94
746 96
503 98
222 99
495 100
577 100
430 101
293 101
244 102
424 103
572 105
633 106
428 111
396 114
64 118
727 123
32 126
3 146
716 148
25 153
420 153
54 153
638 154
302 157
722 158
363 160
481 161
611 161
488 162
28 162
768 165
342 165
111 170
25 177
129 177
451 182
260 183
112 184
49 184
724 185
669 186
706 190
397 191
342 193
732 194
657 197
38 200
474 205
211 207
625 208
321 217
598 220
454 221
287 221
41 225
652 227
566 227
5 234
115 237
349 240
441 250
161 252
289 259
257 259
555 260
286 263
61 266
24 268
612 269
755 271
98 272
108 276
656 278
622 283
23 283
735 290
315 291
147 293
672 294
705 296
369 297
378 300
500 300
645 302
669 302
106 303
445 305
760 305
432 308
765 311
209 312
711 316
609 321
432 321
481 323
202 329
252 332
699 336
529 337
348 338
377 340
658 344
497 346
326 349
688 353
140 356
535 357
687 360
372 361
59 362
4 365
701 369
314 373
217 375
42 375
152 376
18 378
440 380
99 380
295 380
737 389
593 392
89 393
99 404
92 404
674 408
436 409
128 410
15 412
697 415
560 415
76 419
140 419
436 421
367 425
386 427
551 429
746 430
463 430
395 431
440 433
39 434
456 440
89 442
418 446
429 449
694 451
327 452
697 453
647 455
494 456
593 462
158 463
415 466
587 471
379 473
419 474
235 476
658 480
605 480
395 481
229 484
501 485
220 487
720 488
434 490
169 494
529 494
679 496
190 499
595 500
443 501
557 503
569 506
402 509
258 510
565 513
279 515
8 515
760 516
512 516
779 516
444 517
219 518
262 520
625 521
133 522
79 524
754 526
176 528
159 534
232 535
259 538
547 541
110 546
504 550
174 550
419 551
341 554
574 555
98 557
781 561
335 562
166 566
488 567
