1000
456 2147483637
294 2147483637
31 2147483637
540 2147483637
769 2147483637
653 2147483637
404 2147483637
40 2147483637
560 2147483637
668 2147483637
460 2147483637
415 2147483637
340 2147483637
268 2147483637
165 2147483637
579 2147483637
961 2147483637
81 2147483637
314 2147483637
549 2147483637
525 2147483637
235 2147483637
277 2147483637
578 2147483637
611 2147483637
403 2147483637
814 2147483637
328 2147483637
705 2147483637
44 2147483637
838 2147483637
948 2147483637
925 2147483637
445 2147483637
745 2147483637
669 2147483637
359 2147483637
238 2147483637
137 2147483637
605 2147483637
105 2147483637
381 2147483637
352 2147483637
806 2147483637
354 2147483637
672 2147483637
412 2147483637
620 2147483637
937 2147483637
742 2147483637
513 2147483637
31 2147483637
967 2147483637
85 2147483637
942 2147483637
201 2147483637
765 2147483637
561 2147483637
279 2147483637
991 2147483637
712 2147483637
210 2147483637
269 2147483637
484 2147483637
748 2147483637
514 2147483637
610 2147483637
785 2147483637
779 2147483637
51 2147483637
866 2147483637
398 2147483637
793 2147483637
65 2147483637
337 2147483637
124 2147483637
767 2147483637
729 2147483637
481 2147483637
879 2147483637
268 2147483637
324 2147483637
109 2147483637
865 2147483637
203 2147483638
941 2147483638
957 2147483638
665 2147483638
196 2147483638
876 2147483638
784 2147483638
746 2147483638
455 2147483638
409 2147483638
873 2147483638
284 2147483638
768 2147483638
517 2147483638
348 2147483638
362 2147483638
451 2147483638
552 2147483638
987 2147483638
33 2147483638
606 2147483638
561 2147483638
808 2147483638
708 2147483638
164 2147483638
361 2147483638
483 2147483638
696 2147483638
440 2147483638
88 2147483638
667 2147483638
65 2147483638
822 2147483638
438 2147483638
895 2147483638
392 2147483638
409 2147483638
388 2147483638
217 2147483638
422 2147483638
81 2147483638
19 2147483638
623 2147483638
437 2147483638
452 2147483638
266 2147483638
350 2147483638
894 2147483638
635 2147483638
384 2147483638
851 2147483638
585 2147483638
225 2147483638
719 2147483638
604 2147483638
34 2147483638
717 2147483638
2 2147483638
670 2147483638
124 2147483638
249 2147483638
572 2147483638
453 2147483638
165 2147483638
440 2147483638
186 2147483638
626 2147483638
861 2147483638
212 2147483638
860 2147483638
90 2147483638
694 2147483638
385 2147483638
14 2147483638
62 2147483638
943 2147483638
239 2147483638
966 2147483638
69 2147483638
333 2147483638
684 2147483638
299 2147483638
615 2147483638
476 2147483638
153 2147483638
71 2147483638
1 2147483638
721 2147483638
606 2147483638
9 2147483638
537 2147483638
174 2147483638
33 2147483638
444 2147483638
960 2147483638
142 2147483638
554 2147483638
336 2147483638
890 2147483638
414 2147483638
374 2147483638
648 2147483638
568 2147483638
902 2147483638
52 2147483638
159 2147483638
170 2147483638
280 2147483638
762 2147483639
380 2147483639
853 2147483639
255 2147483639
651 2147483639
712 2147483639
770 2147483639
870 2147483639
670 2147483639
6 2147483639
476 2147483639
588 2147483639
454 2147483639
744 2147483639
891 2147483639
749 2147483639
153 2147483639
146 2147483639
476 2147483639
550 2147483639
579 2147483639
433 2147483639
449 2147483639
679 2147483639
766 2147483639
268 2147483639
212 2147483639
115 2147483639
939 2147483639
407 2147483639
445 2147483639
394 2147483639
802 2147483639
390 2147483639
527 2147483639
706 2147483639
758 2147483639
531 2147483639
925 2147483639
204 2147483639
500 2147483639
918 2147483639
585 2147483639
79 2147483639
124 2147483639
499 2147483639
612 2147483639
559 2147483639
156 2147483639
92 2147483639
396 2147483639
486 2147483639
797 2147483639
696 2147483639
959 2147483639
57 2147483639
562 2147483639
471 2147483639
571 2147483639
363 2147483639
282 2147483639
481 2147483639
717 2147483639
443 2147483639
556 2147483639
335 2147483639
810 2147483639
420 2147483639
355 2147483639
662 2147483639
66 2147483639
913 2147483639
42 2147483639
458 2147483639
138 2147483639
867 2147483639
381 2147483639
796 2147483639
757 2147483639
624 2147483639
921 2147483639
674 2147483639
311 2147483639
806 2147483639
99 2147483639
606 2147483639
593 2147483639
723 2147483639
861 2147483639
714 2147483639
146 2147483639
156 2147483639
423 2147483639
503 2147483639
489 2147483639
425 2147483639
146 2147483639
200 2147483639
167 2147483639
359 2147483639
31 2147483639
593 2147483640
391 2147483640
918 2147483640
619 2147483640
79 2147483640
966 2147483640
362 2147483640
449 2147483640
308 2147483640
951 2147483640
592 2147483640
214 2147483640
802 2147483640
716 2147483640
633 2147483640
134 2147483640
868 2147483640
642 2147483640
209 2147483640
189 2147483640
630 2147483640
563 2147483640
29 2147483640
841 2147483640
559 2147483640
177 2147483640
259 2147483640
474 2147483640
224 2147483640
246 2147483640
830 2147483640
16 2147483640
297 2147483640
745 2147483640
9 2147483640
671 2147483640
358 2147483640
36 2147483640
87 2147483640
281 2147483640
254 2147483640
505 2147483640
775 2147483640
450 2147483640
379 2147483640
294 2147483640
330 2147483640
243 2147483640
219 2147483640
224 2147483640
485 2147483640
722 2147483640
264 2147483640
348 2147483640
360 2147483640
915 2147483640
896 2147483640
198 2147483640
951 2147483640
633 2147483640
385 2147483640
296 2147483640
522 2147483640
861 2147483640
185 2147483640
781 2147483640
196 2147483640
398 2147483640
324 2147483640
625 2147483640
853 2147483640
454 2147483640
745 2147483640
72 2147483640
466 2147483640
458 2147483640
332 2147483640
671 2147483640
825 2147483640
349 2147483640
1000 2147483640
783 2147483640
405 2147483640
401 2147483640
131 2147483640
249 2147483640
678 2147483640
484 2147483641
807 2147483641
483 2147483641
920 2147483641
251 2147483641
120 2147483641
774 2147483641
7 2147483641
157 2147483641
822 2147483641
635 2147483641
625 2147483641
304 2147483641
342 2147483641
988 2147483641
976 2147483641
949 2147483641
794 2147483641
138 2147483641
9 2147483641
939 2147483641
897 2147483641
747 2147483641
172 2147483641
852 2147483641
230 2147483641
517 2147483641
595 2147483641
881 2147483641
280 2147483641
962 2147483641
547 2147483641
955 2147483641
573 2147483641
598 2147483641
804 2147483641
1 2147483641
168 2147483641
682 2147483641
974 2147483641
500 2147483641
180 2147483641
514 2147483641
258 2147483641
653 2147483641
807 2147483641
185 2147483641
698 2147483641
975 2147483641
406 2147483641
162 2147483641
712 2147483641
898 2147483641
280 2147483641
734 2147483641
712 2147483641
649 2147483641
80 2147483641
747 2147483641
816 2147483641
368 2147483641
572 2147483641
735 2147483641
700 2147483641
87 2147483641
34 2147483641
919 2147483641
846 2147483641
597 2147483641
830 2147483641
796 2147483641
536 2147483641
754 2147483641
437 2147483641
148 2147483641
629 2147483641
860 2147483641
438 2147483641
767 2147483641
561 2147483641
728 2147483641
869 2147483641
633 2147483641
847 2147483642
853 2147483642
817 2147483642
733 2147483642
592 2147483642
249 2147483642
303 2147483642
982 2147483642
266 2147483642
9 2147483642
267 2147483642
311 2147483642
999 2147483642
6 2147483642
363 2147483642
504 2147483642
26 2147483642
703 2147483642
72 2147483642
140 2147483642
808 2147483642
931 2147483642
192 2147483642
303 2147483642
140 2147483642
699 2147483642
682 2147483642
280 2147483642
592 2147483642
198 2147483642
140 2147483642
599 2147483642
795 2147483642
614 2147483642
19 2147483642
787 2147483642
325 2147483642
677 2147483642
27 2147483642
367 2147483642
730 2147483642
468 2147483642
447 2147483642
281 2147483642
521 2147483642
443 2147483642
336 2147483642
429 2147483642
666 2147483642
699 2147483642
375 2147483642
362 2147483642
176 2147483642
97 2147483642
813 2147483642
349 2147483642
156 2147483642
765 2147483642
735 2147483642
28 2147483642
833 2147483642
912 2147483642
144 2147483642
40 2147483642
826 2147483642
869 2147483642
628 2147483642
747 2147483642
542 2147483642
227 2147483642
253 2147483642
979 2147483642
681 2147483642
433 2147483642
863 2147483642
630 2147483642
177 2147483642
971 2147483642
834 2147483642
598 2147483642
629 2147483643
798 2147483643
645 2147483643
945 2147483643
914 2147483643
462 2147483643
133 2147483643
131 2147483643
341 2147483643
725 2147483643
926 2147483643
236 2147483643
889 2147483643
8 2147483643
674 2147483643
480 2147483643
321 2147483643
71 2147483643
514 2147483643
898 2147483643
146 2147483643
404 2147483643
342 2147483643
136 2147483643
45 2147483643
227 2147483643
705 2147483643
549 2147483643
696 2147483643
424 2147483643
947 2147483643
502 2147483643
224 2147483643
949 2147483643
653 2147483643
887 2147483643
128 2147483643
953 2147483643
651 2147483643
314 2147483643
600 2147483643
962 2147483643
992 2147483643
985 2147483643
886 2147483643
823 2147483643
236 2147483643
301 2147483643
922 2147483643
494 2147483643
699 2147483643
161 2147483643
258 2147483643
84 2147483643
281 2147483643
765 2147483643
268 2147483643
942 2147483643
163 2147483643
438 2147483643
687 2147483643
493 2147483643
369 2147483643
858 2147483643
521 2147483643
768 2147483643
126 2147483643
35 2147483643
656 2147483643
32 2147483643
255 2147483643
552 2147483643
751 2147483643
870 2147483643
851 2147483643
870 2147483643
313 2147483643
824 2147483643
496 2147483643
305 2147483643
238 2147483643
209 2147483643
272 2147483643
894 2147483643
927 2147483643
297 2147483643
750 2147483643
653 2147483643
13 2147483643
970 2147483643
45 2147483643
441 2147483643
663 2147483643
998 2147483643
841 2147483643
108 2147483643
385 2147483643
886 2147483643
335 2147483643
310 2147483643
900 2147483644
793 2147483644
220 2147483644
217 2147483644
709 2147483644
542 2147483644
649 2147483644
808 2147483644
398 2147483644
144 2147483644
817 2147483644
190 2147483644
278 2147483644
290 2147483644
53 2147483644
896 2147483644
697 2147483644
248 2147483644
192 2147483644
868 2147483644
334 2147483644
377 2147483644
799 2147483644
900 2147483644
571 2147483644
371 2147483644
499 2147483644
588 2147483644
385 2147483644
241 2147483644
640 2147483644
900 2147483644
378 2147483644
434 2147483644
183 2147483644
100 2147483644
258 2147483644
318 2147483644
931 2147483644
932 2147483644
306 2147483644
893 2147483644
517 2147483644
330 2147483644
999 2147483644
943 2147483644
48 2147483644
770 2147483644
296 2147483644
611 2147483644
457 2147483644
994 2147483644
832 2147483644
282 2147483644
978 2147483644
599 2147483644
44 2147483644
105 2147483644
69 2147483644
639 2147483644
868 2147483644
455 2147483644
121 2147483644
952 2147483644
119 2147483644
799 2147483644
476 2147483644
544 2147483644
80 2147483644
144 2147483644
463 2147483644
896 2147483644
412 2147483644
305 2147483644
155 2147483644
675 2147483644
105 2147483644
378 2147483644
789 2147483644
976 2147483644
914 2147483644
674 2147483644
247 2147483644
402 2147483644
202 2147483644
8 2147483644
312 2147483644
166 2147483645
758 2147483645
511 2147483645
444 2147483645
494 2147483645
215 2147483645
181 2147483645
447 2147483645
395 2147483645
899 2147483645
80 2147483645
816 2147483645
362 2147483645
668 2147483645
709 2147483645
554 2147483645
664 2147483645
460 2147483645
215 2147483645
991 2147483645
773 2147483645
17 2147483645
88 2147483645
753 2147483645
712 2147483645
336 2147483645
282 2147483645
492 2147483645
993 2147483645
395 2147483645
15 2147483645
993 2147483645
220 2147483645
312 2147483645
478 2147483645
881 2147483645
539 2147483645
849 2147483645
535 2147483645
298 2147483645
158 2147483645
566 2147483645
469 2147483645
474 2147483645
737 2147483645
619 2147483645
248 2147483645
71 2147483645
443 2147483645
968 2147483645
965 2147483645
252 2147483645
743 2147483645
552 2147483645
478 2147483645
559 2147483645
400 2147483645
383 2147483645
280 2147483645
947 2147483645
704 2147483645
942 2147483645
952 2147483645
676 2147483645
28 2147483645
866 2147483645
560 2147483645
940 2147483645
624 2147483645
769 2147483645
665 2147483645
709 2147483645
234 2147483645
695 2147483645
725 2147483645
653 2147483645
129 2147483645
523 2147483645
833 2147483645
160 2147483645
963 2147483646
436 2147483646
830 2147483646
201 2147483646
708 2147483646
249 2147483646
546 2147483646
499 2147483646
568 2147483646
218 2147483646
690 2147483646
148 2147483646
73 2147483646
336 2147483646
712 2147483646
916 2147483646
335 2147483646
264 2147483646
577 2147483646
685 2147483646
227 2147483646
35 2147483646
430 2147483646
35 2147483646
357 2147483646
199 2147483646
905 2147483646
306 2147483646
326 2147483646
417 2147483646
279 2147483646
246 2147483646
531 2147483646
195 2147483646
515 2147483646
108 2147483646
704 2147483646
298 2147483646
80 2147483646
111 2147483646
820 2147483646
252 2147483646
55 2147483646
777 2147483646
819 2147483646
849 2147483646
718 2147483646
726 2147483646
414 2147483646
14 2147483646
309 2147483646
917 2147483646
976 2147483646
663 2147483646
836 2147483646
24 2147483646
272 2147483646
593 2147483646
362 2147483646
944 2147483646
649 2147483646
612 2147483646
30 2147483646
539 2147483646
721 2147483646
495 2147483646
319 2147483646
603 2147483646
601 2147483646
609 2147483646
34 2147483646
139 2147483646
521 2147483646
653 2147483646
906 2147483646
240 2147483646
955 2147483646
674 2147483646
795 2147483646
38 2147483646
794 2147483646
424 2147483646
830 2147483646
659 2147483646
160 2147483646
833 2147483646
541 2147483646
281 2147483646
918 2147483646
444 2147483646
596 2147483646
815 2147483646
232 2147483646
723 2147483646
740 2147483646
349 2147483646
22 2147483646
211 2147483646
324 2147483647
910 2147483647
308 2147483647
731 2147483647
677 2147483647
362 2147483647
967 2147483647
69 2147483647
546 2147483647
641 2147483647
562 2147483647
56 2147483647
810 2147483647
954 2147483647
204 2147483647
253 2147483647
594 2147483647
834 2147483647
362 2147483647
457 2147483647
159 2147483647
220 2147483647
45 2147483647
805 2147483647
257 2147483647
455 2147483647
369 2147483647
851 2147483647
476 2147483647
565 2147483647
148 2147483647
226 2147483647
456 2147483647
527 2147483647
878 2147483647
425 2147483647
901 2147483647
563 2147483647
423 2147483647
810 2147483647
224 2147483647
146 2147483647
73 2147483647
930 2147483647
502 2147483647
853 2147483647
313 2147483647
17 2147483647
628 2147483647
389 2147483647
388 2147483647
183 2147483647
814 2147483647
237 2147483647
627 2147483647
39 2147483647
416 2147483647
32 2147483647
940 2147483647
377 2147483647
723 2147483647
498 2147483647
601 2147483647
205 2147483647
219 2147483647
375 2147483647
881 2147483647
304 2147483647
845 2147483647
603 2147483647
335 2147483647
151 2147483647
996 2147483647
416 2147483647
441 2147483647
800 2147483647
264 2147483647
594 2147483647
76 2147483647
914 2147483647
59 2147483647
944 2147483647
52 2147483647
739 2147483647
883 2147483647
757 2147483647
504 2147483647
361 2147483647
242 2147483647
249 2147483647
389 2147483647
4 2147483647
