1000
462 1
723 1
645 1
217 1
472 1
468 3
319 4
614 5
106 5
764 7
504 7
728 8
31 8
856 9
594 9
39 10
861 13
24 14
612 18
526 18
875 19
454 19
819 20
534 22
608 23
914 23
898 27
319 28
476 28
869 28
568 29
715 30
853 31
204 32
529 35
437 35
191 36
762 36
6 40
619 41
933 43
17 45
437 46
367 47
332 47
762 48
461 48
908 49
441 49
901 53
578 53
243 58
887 58
457 59
637 59
220 59
373 60
38 60
146 61
186 62
339 62
844 63
178 63
577 65
413 66
756 67
24 67
416 67
976 68
515 69
210 69
750 70
952 71
431 72
756 73
186 74
289 79
22 79
725 80
838 81
635 84
955 85
632 87
166 90
44 91
146 91
12 92
911 93
376 94
966 94
87 95
983 96
677 96
110 96
657 100
517 102
230 103
112 107
615 108
631 111
531 112
432 113
268 114
376 114
416 115
986 115
855 117
812 117
504 119
85 120
448 123
936 126
148 126
424 127
883 127
578 128
562 130
368 130
36 131
88 131
399 131
33 134
873 135
924 138
456 139
897 139
258 140
254 144
478 148
34 148
653 149
140 150
621 150
601 151
846 154
495 154
339 156
752 156
427 158
617 158
279 159
322 159
149 160
125 161
969 162
37 164
877 165
485 166
471 167
135 167
492 168
988 168
530 170
935 170
990 170
114 170
226 171
972 178
533 178
851 180
364 182
439 183
366 184
265 186
158 187
966 189
358 190
911 191
345 194
349 195
688 197
765 198
482 198
514 199
936 199
381 201
166 201
72 202
826 202
838 203
303 203
869 203
908 205
681 205
862 205
858 205
22 207
949 207
302 208
806 208
784 210
228 211
305 211
361 211
428 212
173 212
447 212
161 213
717 213
470 214
627 215
972 215
883 218
53 218
849 218
164 218
139 219
517 219
252 219
884 222
363 222
435 223
925 223
976 225
637 226
901 226
968 228
707 228
756 230
245 232
898 232
869 233
571 234
917 235
751 236
283 238
556 239
175 239
63 239
691 240
785 241
292 241
233 243
340 243
252 243
323 245
873 247
570 247
708 249
393 251
296 252
143 253
911 253
304 255
30 256
656 257
93 257
268 260
950 264
224 264
142 265
585 267
872 268
64 271
92 272
842 273
136 275
245 275
761 275
154 277
642 282
956 282
537 283
836 283
697 283
181 284
318 284
310 284
852 285
944 285
744 287
792 288
402 288
154 289
583 290
159 292
117 293
272 295
267 295
964 295
298 296
716 298
847 298
48 299
416 299
132 300
699 304
407 304
989 308
3 310
814 311
160 312
367 312
114 313
176 313
731 314
913 314
122 314
842 315
321 315
756 316
123 319
283 321
876 322
555 325
231 327
21 328
450 328
151 328
312 329
511 329
420 329
354 330
735 331
479 334
575 334
115 334
718 337
373 337
478 337
861 338
819 343
838 344
611 344
242 344
324 346
924 346
923 346
320 351
346 353
391 353
186 355
77 355
203 356
582 356
214 356
689 357
922 359
706 362
537 363
380 363
884 363
875 363
669 368
756 368
591 369
43 369
42 371
421 373
274 375
752 377
22 377
156 380
422 382
16 383
818 383
511 386
956 386
439 387
375 387
58 387
754 388
280 389
797 389
700 390
385 390
23 391
449 391
207 391
957 392
12 392
718 392
129 393
688 393
784 394
269 396
851 396
896 399
753 400
552 400
183 401
501 402
351 402
386 405
705 407
722 409
703 409
677 410
920 412
1000 414
635 415
972 416
908 417
667 418
544 418
581 420
833 421
178 421
287 424
360 426
977 427
580 432
601 432
13 432
95 433
235 433
9 437
838 437
310 437
177 439
690 440
272 441
450 441
141 441
40 442
251 442
536 443
478 445
124 445
41 446
383 447
802 447
637 450
136 456
629 456
11 457
122 458
587 459
756 459
197 460
826 460
429 464
289 464
41 464
161 465
843 466
205 469
550 470
792 470
243 470
15 471
232 471
155 472
846 474
54 475
726 479
965 480
953 480
857 480
894 483
313 485
658 486
899 486
147 486
30 488
193 490
323 491
330 493
677 493
840 493
616 493
119 493
869 493
304 496
993 497
700 497
69 498
253 498
74 498
521 499
746 501
792 501
22 502
581 503
103 505
833 505
915 505
625 506
431 506
803 507
383 508
377 508
718 509
885 510
601 510
3 511
725 511
861 512
530 513
413 513
294 515
282 515
287 518
873 518
643 518
134 519
441 519
690 520
443 521
355 522
440 522
822 522
515 523
717 525
994 525
929 526
240 526
378 526
815 529
957 529
922 531
807 531
716 532
944 532
453 532
934 533
596 534
847 535
919 535
270 536
519 537
189 539
977 540
909 540
638 540
578 540
96 541
307 541
564 541
621 542
364 543
232 544
749 544
932 545
404 546
355 546
427 546
736 547
646 549
997 549
626 549
769 551
651 552
634 553
381 553
923 557
909 557
164 558
333 558
926 559
782 560
167 562
185 563
488 564
410 564
669 564
355 565
287 565
747 566
912 568
87 569
408 569
749 570
201 571
209 571
368 572
922 572
490 572
526 574
349 574
664 575
738 575
907 577
623 577
32 577
60 577
922 578
140 578
871 580
122 582
982 584
168 586
62 587
407 587
530 590
390 593
681 593
158 593
123 594
554 594
983 597
583 597
905 597
479 598
843 599
194 602
532 602
44 604
290 604
996 605
11 606
362 606
18 607
203 608
792 610
201 611
106 611
797 612
136 616
305 616
769 617
108 617
813 622
430 622
381 623
345 625
523 628
329 629
177 629
696 631
440 634
934 636
72 637
166 637
725 638
637 640
902 640
985 641
619 643
846 643
434 643
918 645
513 645
927 645
249 646
858 646
342 647
681 647
411 649
129 650
443 650
994 650
773 650
477 651
362 651
9 651
568 652
942 653
474 654
678 655
464 656
925 657
214 659
994 659
65 664
253 666
703 666
387 668
363 669
375 671
847 672
755 672
651 674
212 674
807 674
644 674
9 676
844 679
168 679
43 679
110 680
780 680
705 680
74 681
249 682
684 682
151 686
924 687
671 688
788 689
180 689
233 690
210 691
804 691
794 691
241 693
471 694
249 696
49 696
856 697
644 697
478 698
749 698
842 699
96 699
447 700
752 700
516 702
462 703
869 705
471 707
871 707
292 708
40 708
761 709
29 710
144 710
124 710
874 713
240 715
64 715
398 718
801 718
347 718
322 720
639 720
415 720
10 721
711 722
364 726
900 727
681 728
444 728
857 730
73 731
684 732
814 732
681 735
918 735
961 735
485 739
494 739
204 740
475 742
37 743
77 743
578 747
244 748
832 748
234 749
810 750
122 751
269 752
614 753
777 754
828 755
376 755
622 757
331 757
289 757
3 758
511 759
445 760
1000 761
773 766
106 768
791 768
117 769
571 769
404 770
84 770
254 775
544 778
496 778
737 779
378 781
715 781
868 783
369 783
794 783
672 783
920 784
700 786
700 786
996 787
754 791
316 792
572 792
707 793
986 795
86 796
276 798
949 801
474 803
232 803
223 806
515 806
354 806
436 807
292 807
492 808
992 809
639 809
866 810
706 811
537 812
608 813
52 816
205 816
447 818
378 819
348 819
848 819
27 821
634 821
138 821
785 821
694 822
479 822
477 823
662 824
102 825
335 828
638 828
765 828
515 828
442 830
504 832
578 832
718 833
100 833
871 834
800 834
962 835
948 836
9 836
180 837
132 838
666 840
766 841
157 841
234 842
109 842
578 843
268 844
265 844
788 845
356 845
233 846
292 848
954 849
807 849
93 850
41 851
751 851
936 851
900 851
794 852
117 852
988 852
214 852
615 853
493 856
512 856
787 856
83 857
335 859
341 860
347 860
275 862
993 862
176 862
702 864
82 865
980 865
645 867
887 868
993 870
672 871
196 872
834 873
607 875
564 876
473 877
172 877
397 878
701 878
559 879
634 879
273 880
797 880
902 881
913 883
596 884
525 886
898 886
735 888
466 888
944 890
550 890
246 891
864 892
634 895
38 896
588 896
897 897
678 898
423 899
263 899
391 899
519 900
234 901
372 901
568 904
45 905
558 905
521 906
252 907
22 907
530 908
756 909
833 912
628 913
515 915
268 915
636 916
603 916
606 916
310 917
606 918
507 919
67 919
655 919
241 919
938 922
836 923
382 924
253 924
95 924
308 924
458 925
941 926
652 926
12 926
430 927
841 928
256 931
31 932
39 935
293 936
814 936
244 937
229 937
933 938
125 939
410 939
933 940
264 940
641 941
774 943
971 943
480 944
298 947
917 947
82 947
632 948
139 950
118 952
451 952
316 952
892 953
832 954
209 954
97 954
695 957
305 958
410 960
172 962
616 963
761 964
330 965
888 966
506 968
948 968
112 969
985 970
253 972
640 973
264 976
850 977
870 977
192 978
756 979
304 980
585 982
393 983
474 983
509 984
902 985
642 986
296 986
460 987
38 987
898 989
733 989
104 990
468 992
512 993
953 993
831 997
