99
64 0
27 0
84 1
86 2
100 3
73 6
69 7
38 8
46 9
42 11
68 12
25 12
49 13
89 13
65 13
1 14
52 14
21 15
65 17
18 18
93 21
37 21
90 21
31 22
96 22
41 22
81 23
16 25
81 29
20 31
26 33
100 34
18 35
93 35
61 37
79 37
15 38
38 39
31 39
3 39
84 41
4 42
87 43
71 43
52 44
37 45
16 47
96 48
12 49
36 49
2 50
17 52
43 54
93 54
27 56
79 56
98 57
62 57
39 57
64 63
18 64
93 68
100 68
61 69
77 72
3 73
76 73
73 73
83 77
83 78
8 78
99 79
89 82
92 83
99 84
6 84
78 85
9 85
77 85
13 86
58 86
39 86
36 87
87 88
16 91
44 91
84 91
37 91
42 91
25 91
81 92
3 93
57 93
45 93
67 93
88 97
76 97
16 97
37 100
