100
29 0
85 0
79 2
72 4
13 5
9 7
18 7
4 8
67 8
94 10
16 10
71 10
93 11
29 14
98 14
28 14
3 14
88 15
23 15
27 15
17 16
92 18
72 19
28 20
80 20
82 23
75 23
70 23
45 24
23 25
48 26
2 26
80 26
65 27
45 27
43 28
19 31
24 36
60 36
61 36
2 39
51 39
75 39
92 41
3 42
50 42
23 43
23 43
13 44
51 44
77 46
42 46
73 47
64 47
32 49
4 50
33 51
26 52
20 54
69 56
57 57
7 57
25 58
73 58
6 65
50 66
37 69
11 70
60 70
84 71
10 71
65 71
99 71
80 71
90 72
44 75
52 77
53 77
16 78
48 80
49 81
54 81
98 82
49 86
41 88
79 89
52 89
95 91
26 92
7 92
62 93
15 93
49 93
56 93
64 95
97 98
100 99
69 99
3 100
97 100
