88
32 0
54 1
63 4
61 6
42 6
31 6
48 7
88 7
6 8
36 12
58 13
53 15
41 16
84 19
93 19
41 21
1 22
16 22
54 22
35 23
83 24
16 26
42 26
84 26
91 28
93 29
47 29
11 30
33 32
11 33
38 34
92 36
71 36
57 38
11 40
80 41
62 42
6 42
89 43
12 44
46 46
68 48
92 50
21 51
42 54
71 54
71 58
71 59
45 59
1 61
76 62
56 64
91 64
21 65
55 65
85 66
85 68
21 69
94 69
64 70
14 73
75 75
77 76
82 77
68 77
89 77
57 78
74 79
5 79
87 82
19 82
10 83
63 84
79 87
53 88
29 88
99 88
58 89
89 93
100 93
29 94
68 96
10 96
71 97
74 98
38 99
23 99
26 100
