100
2 0
75 0
65 0
99 3
84 3
19 3
2 4
84 5
38 5
82 6
83 7
40 8
95 8
37 9
56 10
93 13
56 14
88 14
58 15
62 16
10 17
44 19
98 20
58 22
99 25
22 28
28 29
62 31
43 32
77 39
75 40
43 42
74 48
43 48
49 49
30 49
58 50
86 51
59 51
5 51
80 52
18 52
75 54
50 54
77 55
42 56
60 57
23 58
7 59
53 60
81 60
47 61
19 62
3 63
18 64
55 64
90 66
49 67
2 68
41 68
100 68
32 68
9 70
39 71
21 71
48 72
40 72
71 72
58 73
10 74
32 74
11 74
10 75
70 75
19 76
31 76
30 76
68 77
67 79
58 79
15 80
79 81
57 82
20 85
81 85
18 85
4 87
96 87
5 88
96 88
33 90
20 90
88 91
31 93
93 94
15 96
22 96
70 97
7 97
47 100
