100
93 2147483637
97 2147483637
45 2147483637
1 2147483637
1 2147483637
70 2147483637
10 2147483637
87 2147483637
41 2147483638
45 2147483638
28 2147483638
36 2147483638
67 2147483638
100 2147483639
98 2147483639
11 2147483639
55 2147483639
71 2147483639
76 2147483639
56 2147483639
56 2147483640
79 2147483640
1 2147483640
79 2147483640
47 2147483640
47 2147483640
56 2147483640
34 2147483640
44 2147483640
47 2147483640
96 2147483640
51 2147483641
50 2147483641
56 2147483641
98 2147483641
10 2147483641
18 2147483641
30 2147483641
19 2147483641
2 2147483641
63 2147483641
88 2147483641
4 2147483641
73 2147483642
16 2147483642
17 2147483642
34 2147483642
64 2147483642
57 2147483642
28 2147483642
12 2147483643
45 2147483643
48 2147483643
23 2147483643
34 2147483643
58 2147483643
64 2147483643
31 2147483643
3 2147483643
67 2147483643
55 2147483643
42 2147483643
75 2147483643
22 2147483643
52 2147483644
86 2147483644
57 2147483644
58 2147483644
53 2147483644
39 2147483644
14 2147483645
36 2147483645
30 2147483645
43 2147483645
82 2147483645
20 2147483645
95 2147483645
10 2147483645
28 2147483645
81 2147483645
43 2147483645
60 2147483645
18 2147483646
51 2147483646
22 2147483646
6 2147483646
77 2147483646
40 2147483646
77 2147483646
37 2147483646
45 2147483647
52 2147483647
59 2147483647
47 2147483647
98 2147483647
75 2147483647
12 2147483647
41 2147483647
54 2147483647
55 2147483647
