100
67 0
87 0
80 1
87 2
40 2
38 3
59 4
3 6
55 7
41 8
12 8
71 10
11 13
91 13
57 14
16 15
57 16
43 16
87 16
70 16
6 17
48 17
52 18
54 18
68 22
7 23
45 23
11 27
9 28
62 28
33 30
12 32
41 33
18 34
3 35
92 35
1 35
69 37
95 38
92 39
77 39
65 40
94 40
21 41
86 45
53 45
85 45
64 47
20 49
62 50
89 54
94 54
6 55
18 56
76 56
72 58
11 59
44 61
94 62
88 63
52 63
29 64
51 65
65 65
56 65
42 66
58 69
22 69
91 70
26 72
1 73
50 73
25 74
44 75
41 77
50 77
77 79
89 81
18 81
54 82
80 84
68 86
38 87
68 87
34 87
33 87
96 90
44 90
86 91
95 91
46 92
15 92
68 93
69 93
13 94
76 94
76 94
38 94
67 97
70 100
