100
50 2147483637
62 2147483637
38 2147483637
39 2147483637
99 2147483637
53 2147483637
38 2147483637
8 2147483638
5 2147483638
75 2147483638
43 2147483638
93 2147483638
99 2147483638
86 2147483638
15 2147483638
87 2147483638
52 2147483639
45 2147483639
11 2147483639
22 2147483639
25 2147483639
97 2147483639
18 2147483639
62 2147483639
12 2147483639
70 2147483639
91 2147483639
1 2147483640
57 2147483640
77 2147483640
15 2147483640
15 2147483640
3 2147483640
90 2147483640
37 2147483640
4 2147483640
65 2147483641
79 2147483641
55 2147483641
28 2147483641
40 2147483641
25 2147483641
56 2147483641
61 2147483641
94 2147483641
2 2147483641
85 2147483641
58 2147483642
77 2147483642
91 2147483642
21 2147483642
21 2147483642
29 2147483642
28 2147483642
25 2147483642
4 2147483642
69 2147483642
18 2147483642
71 2147483642
16 2147483642
23 2147483643
45 2147483643
8 2147483643
68 2147483643
90 2147483643
60 2147483643
25 2147483643
16 2147483643
38 2147483643
2 2147483643
37 2147483644
44 2147483644
14 2147483644
2 2147483644
89 2147483644
92 2147483644
78 2147483645
63 2147483645
12 2147483645
76 2147483645
96 2147483645
100 2147483645
28 2147483645
83 2147483645
87 2147483645
5 2147483646
90 2147483646
5 2147483646
2 2147483646
24 2147483646
14 2147483646
2 2147483646
68 2147483646
70 2147483647
70 2147483647
22 2147483647
61 2147483647
52 2147483647
22 2147483647
30 2147483647
