100
93 0
34 1
38 1
2 2
54 4
75 5
86 7
31 7
90 7
88 8
25 8
31 8
66 10
96 10
63 10
11 10
10 11
38 11
64 12
30 14
67 15
23 16
5 16
12 17
78 18
93 19
20 21
33 22
66 23
93 27
98 27
41 28
82 28
4 29
40 31
50 31
72 32
80 34
10 35
6 38
23 38
45 39
77 41
26 42
86 43
17 44
55 46
62 47
80 48
95 48
86 52
29 52
77 54
21 54
24 56
20 56
60 57
13 59
60 61
36 61
62 61
50 63
54 63
52 65
9 65
55 65
50 66
93 66
83 67
49 68
22 68
24 68
37 69
59 69
10 71
21 72
83 73
100 74
66 75
42 76
52 76
83 78
70 79
99 79
3 79
40 82
43 82
59 82
33 85
90 85
81 87
76 87
73 88
51 91
91 93
88 93
51 94
81 95
87 98
85 100
