100
92 1
26 3
59 3
87 4
49 5
41 7
98 8
51 9
65 9
33 12
37 13
8 13
54 17
18 18
95 19
78 19
58 20
8 20
76 21
85 22
74 22
91 23
63 24
42 26
2 26
74 26
51 26
100 27
8 30
52 30
18 32
92 33
67 33
9 34
11 34
67 34
35 35
54 35
74 36
86 37
21 38
75 39
18 42
84 44
95 44
70 45
53 46
48 46
81 48
29 48
79 49
40 50
14 50
100 51
56 54
99 54
20 55
90 58
10 65
56 65
27 65
92 65
70 66
48 66
30 67
8 67
26 67
6 68
31 68
14 70
27 72
42 72
91 73
80 74
93 76
48 77
90 77
38 78
75 78
9 79
74 80
27 80
46 81
20 84
87 85
15 85
72 85
96 86
55 86
98 86
57 88
6 89
12 89
13 91
60 93
54 93
70 94
12 97
66 98
68 100
