100
47 2147483637
38 2147483637
47 2147483637
50 2147483637
5 2147483637
23 2147483637
29 2147483637
87 2147483637
26 2147483637
74 2147483637
6 2147483637
76 2147483637
89 2147483638
46 2147483638
24 2147483638
11 2147483638
41 2147483638
50 2147483638
39 2147483638
33 2147483638
66 2147483639
67 2147483639
18 2147483639
34 2147483639
62 2147483639
73 2147483639
83 2147483639
51 2147483639
47 2147483640
46 2147483640
56 2147483640
39 2147483640
89 2147483640
73 2147483640
49 2147483640
97 2147483640
21 2147483640
70 2147483641
30 2147483641
10 2147483641
23 2147483641
25 2147483641
11 2147483641
96 2147483641
94 2147483641
22 2147483641
24 2147483641
6 2147483642
62 2147483642
83 2147483642
70 2147483642
25 2147483642
6 2147483642
9 2147483642
37 2147483642
89 2147483642
16 2147483642
61 2147483643
32 2147483643
19 2147483643
43 2147483643
22 2147483643
1 2147483643
27 2147483643
66 2147483644
15 2147483644
65 2147483644
25 2147483644
56 2147483644
19 2147483644
3 2147483644
48 2147483644
13 2147483644
78 2147483644
12 2147483644
3 2147483645
89 2147483645
94 2147483645
54 2147483645
20 2147483646
51 2147483646
26 2147483646
79 2147483646
63 2147483647
36 2147483647
63 2147483647
62 2147483647
73 2147483647
76 2147483647
19 2147483647
71 2147483647
36 2147483647
13 2147483647
72 2147483647
10 2147483647
1 2147483647
32 2147483647
5 2147483647
12 2147483647
82 2147483647
