100
33 0
69 1
38 1
5 2
9 3
94 3
73 3
56 5
35 5
48 5
10 6
33 6
62 6
85 7
18 8
58 11
20 13
2 14
81 15
15 18
61 18
18 19
83 20
82 21
13 21
36 23
85 24
66 24
52 25
75 28
71 28
16 28
59 29
52 29
7 31
79 31
96 31
52 32
65 33
83 35
29 35
94 35
6 36
59 38
33 40
60 43
52 45
70 46
66 47
59 50
19 54
18 54
79 55
76 56
35 56
98 56
18 57
93 60
41 60
30 62
98 62
11 63
37 64
53 65
51 66
85 67
67 67
94 68
39 70
78 70
18 70
40 72
46 72
98 73
62 75
8 75
67 76
73 77
13 79
37 84
35 85
87 85
76 86
85 88
55 88
2 89
57 90
53 91
50 91
62 91
38 92
39 93
99 93
53 93
38 95
8 96
5 97
75 97
43 97
93 98
