99
22 1
35 2
39 2
22 2
41 2
46 2
14 4
41 4
45 6
40 7
42 7
7 8
41 9
15 10
24 11
13 14
20 14
7 15
45 15
11 15
16 17
27 18
3 18
12 19
46 20
36 21
42 21
6 23
26 23
30 23
1 24
37 24
44 25
42 26
16 26
30 29
37 30
27 31
26 31
42 31
44 32
4 33
2 33
34 33
34 33
23 34
2 35
32 35
29 36
46 37
14 38
46 39
2 39
43 40
37 40
15 43
37 44
35 44
19 45
12 46
18 46
24 47
5 49
32 49
7 50
45 50
7 51
14 53
4 53
27 54
11 55
31 56
1 58
15 58
16 62
37 63
13 63
32 63
19 64
27 64
22 64
16 65
41 66
21 67
41 70
36 72
12 73
47 74
7 75
41 75
18 76
1 78
17 83
26 83
48 84
14 84
9 85
15 85
7 86
