100
32 0
95 1
65 2
75 3
52 3
70 4
85 8
57 12
78 13
95 13
87 14
17 14
36 17
62 18
42 19
48 20
57 20
65 21
74 21
20 23
59 24
63 24
62 24
83 25
76 26
21 27
93 31
51 31
28 33
8 34
2 35
48 35
99 40
41 40
78 41
99 42
49 44
76 44
72 48
29 49
21 50
18 50
97 51
78 51
97 51
60 53
50 54
48 55
43 56
58 56
11 56
80 57
4 57
86 58
40 58
68 58
8 59
68 61
77 61
76 61
77 63
97 64
26 66
47 70
96 71
74 71
20 72
90 73
63 75
51 76
34 77
14 78
64 78
84 78
90 79
36 79
64 81
52 82
4 83
22 85
72 86
72 86
82 86
76 88
23 88
45 88
29 88
56 88
72 89
80 90
5 91
91 92
68 96
69 97
99 97
20 98
24 98
29 98
11 99
23 100
