100
72 2147483637
59 2147483637
11 2147483637
77 2147483637
98 2147483637
58 2147483637
84 2147483637
49 2147483637
31 2147483637
72 2147483638
29 2147483638
83 2147483638
1 2147483638
10 2147483638
81 2147483638
100 2147483638
8 2147483638
81 2147483638
86 2147483638
60 2147483639
82 2147483639
1 2147483639
72 2147483639
13 2147483639
57 2147483639
97 2147483639
79 2147483639
73 2147483639
69 2147483639
92 2147483639
70 2147483640
46 2147483640
47 2147483640
82 2147483640
6 2147483640
49 2147483640
62 2147483640
69 2147483641
10 2147483641
49 2147483641
15 2147483641
38 2147483641
56 2147483641
84 2147483641
96 2147483641
27 2147483641
93 2147483641
49 2147483641
57 2147483642
29 2147483642
25 2147483642
8 2147483642
80 2147483642
99 2147483642
88 2147483643
84 2147483643
6 2147483643
57 2147483643
88 2147483643
65 2147483643
69 2147483643
53 2147483643
37 2147483643
18 2147483644
24 2147483644
50 2147483644
60 2147483644
6 2147483644
50 2147483644
43 2147483644
44 2147483644
4 2147483644
51 2147483644
81 2147483644
42 2147483644
80 2147483645
22 2147483645
34 2147483645
7 2147483645
11 2147483646
38 2147483646
16 2147483646
25 2147483646
93 2147483646
99 2147483646
42 2147483646
22 2147483646
26 2147483647
95 2147483647
54 2147483647
35 2147483647
5 2147483647
47 2147483647
71 2147483647
84 2147483647
43 2147483647
30 2147483647
60 2147483647
39 2147483647
57 2147483647
