98
6 0
41 0
22 1
23 3
5 3
30 3
11 3
16 4
28 4
10 4
41 4
31 4
23 4
31 5
35 5
33 5
19 5
24 6
28 6
15 6
32 8
29 8
34 8
40 8
30 9
40 9
36 9
3 9
33 11
14 11
7 11
14 12
43 13
27 14
26 15
7 15
20 16
14 16
24 16
33 17
31 17
32 17
32 17
40 18
33 19
21 21
10 21
37 21
26 22
20 22
19 22
43 23
9 24
37 25
14 25
17 26
24 27
24 27
2 27
43 27
28 28
11 29
27 29
3 29
36 30
37 32
17 33
41 33
12 34
28 35
32 35
13 36
40 36
3 36
32 36
39 37
36 37
8 38
6 39
41 40
37 40
20 40
42 40
8 40
15 41
32 41
35 43
16 43
2 43
41 44
33 44
27 45
28 45
3 45
39 46
14 46
29 46
2 47
