95
50 1
11 1
29 4
57 5
51 8
14 10
71 11
98 11
24 12
3 12
17 13
75 16
70 18
54 19
89 19
22 21
89 26
35 26
9 26
56 27
59 28
96 29
83 34
72 34
59 36
9 36
76 38
45 40
78 40
20 41
23 41
54 43
19 44
3 45
83 47
24 47
45 48
71 50
2 51
94 52
3 52
86 53
43 53
83 53
33 56
9 57
65 57
44 58
54 58
9 59
48 59
82 59
96 59
76 61
85 63
93 65
79 65
72 66
15 68
56 69
71 70
46 71
27 72
60 73
73 73
37 74
89 74
21 76
36 77
90 77
37 79
15 82
70 84
15 84
74 84
55 85
23 86
10 87
50 88
56 88
81 88
90 91
40 91
71 92
12 92
100 92
29 93
68 93
66 97
63 97
83 98
3 99
83 100
71 100
60 100
