100
21 0
75 1
28 1
4 2
50 2
20 3
64 7
56 9
92 10
49 10
25 11
59 12
77 12
67 12
46 17
53 17
20 17
21 18
43 19
78 21
33 24
37 25
68 25
66 27
43 29
83 30
30 32
4 32
2 33
52 33
47 33
49 36
24 38
44 39
7 39
16 40
80 41
63 41
7 44
28 45
67 49
94 50
23 50
67 51
51 51
8 54
50 54
61 54
84 55
21 55
85 55
8 56
93 57
79 57
52 59
1 60
77 60
70 61
30 64
81 65
93 66
9 68
29 69
87 69
90 70
5 71
73 71
63 73
83 74
28 74
44 74
69 76
40 77
90 77
58 80
96 80
43 81
81 81
9 83
91 84
97 85
98 85
11 88
30 89
64 89
83 90
86 90
51 90
66 90
33 91
27 91
52 93
69 94
100 94
17 96
40 97
88 98
17 99
71 99
99 100
