100
3 2147483637
49 2147483637
50 2147483637
2 2147483637
78 2147483637
50 2147483637
30 2147483637
86 2147483637
87 2147483637
9 2147483638
72 2147483638
77 2147483638
70 2147483638
60 2147483638
64 2147483638
40 2147483638
99 2147483638
99 2147483638
29 2147483638
77 2147483638
31 2147483639
98 2147483639
21 2147483639
17 2147483639
92 2147483639
41 2147483639
56 2147483639
22 2147483640
42 2147483640
40 2147483640
33 2147483640
99 2147483640
2 2147483640
18 2147483640
34 2147483640
73 2147483640
54 2147483640
74 2147483640
47 2147483640
35 2147483640
28 2147483641
58 2147483641
85 2147483641
97 2147483641
23 2147483641
95 2147483641
52 2147483641
69 2147483641
95 2147483641
57 2147483642
3 2147483642
100 2147483642
38 2147483642
80 2147483643
1 2147483643
85 2147483643
9 2147483643
27 2147483643
11 2147483643
88 2147483643
15 2147483643
45 2147483643
62 2147483643
37 2147483643
26 2147483644
89 2147483644
93 2147483644
68 2147483644
38 2147483644
14 2147483644
32 2147483644
37 2147483644
65 2147483644
100 2147483644
83 2147483644
14 2147483644
92 2147483644
59 2147483644
49 2147483645
41 2147483645
55 2147483645
75 2147483645
49 2147483645
54 2147483646
6 2147483646
19 2147483646
20 2147483646
35 2147483646
69 2147483646
32 2147483646
66 2147483646
28 2147483647
59 2147483647
23 2147483647
25 2147483647
4 2147483647
79 2147483647
23 2147483647
57 2147483647
23 2147483647
