95
19 0
11 5
47 7
37 7
39 8
69 10
29 12
74 13
44 13
27 14
20 14
23 14
65 16
24 17
34 18
21 19
18 19
76 20
34 20
39 21
88 22
2 22
40 26
93 26
36 27
9 28
53 29
86 31
69 33
22 37
95 38
9 39
79 41
89 43
41 46
81 47
2 48
81 48
49 48
68 48
14 49
54 49
79 50
88 51
5 52
90 52
79 53
76 54
31 55
88 55
4 57
36 58
53 60
98 65
98 66
9 67
73 68
56 68
31 68
30 68
91 69
16 69
85 70
19 70
27 71
78 74
93 74
76 75
8 76
91 77
23 79
18 79
96 85
75 85
20 85
43 86
6 87
25 87
82 90
15 91
25 91
50 91
68 92
27 93
26 93
88 93
9 94
54 94
84 94
83 95
51 95
86 95
40 95
21 96
1 100
