92
22 0
61 0
84 2
1 3
45 3
45 4
68 5
32 6
19 7
6 8
3 12
64 12
98 13
36 16
39 16
14 17
84 17
38 20
70 21
16 21
70 22
77 23
6 24
32 24
5 26
12 28
83 28
63 28
14 29
68 33
14 34
67 36
92 37
66 38
5 38
99 39
13 43
98 45
72 45
50 46
50 48
15 48
78 49
6 52
43 52
76 53
46 54
22 54
48 55
8 57
69 57
75 57
40 58
50 58
75 58
30 58
83 59
4 60
97 64
84 64
23 66
81 67
6 67
68 68
99 68
89 68
62 70
13 71
92 73
29 74
68 74
77 78
35 79
15 79
52 83
94 83
69 85
3 86
68 86
75 87
94 90
17 90
85 91
87 91
61 93
43 94
98 97
24 98
36 98
87 99
57 100
77 100
