100
79 1
56 2
79 2
55 4
56 6
46 9
7 10
81 10
92 11
54 12
31 13
2 14
100 17
6 17
89 19
26 20
52 21
75 24
76 25
71 26
43 27
14 31
8 31
74 32
92 32
9 33
15 33
74 33
9 33
38 33
85 34
99 35
85 35
7 36
50 38
72 41
48 43
10 44
99 44
6 44
48 44
59 45
88 46
11 48
51 49
72 50
68 50
9 51
26 51
92 51
77 52
19 53
80 53
59 56
100 58
64 60
49 61
42 62
2 63
49 63
70 64
5 65
86 65
32 66
11 66
74 68
98 70
71 71
17 71
74 72
2 72
30 73
47 74
67 74
70 74
34 77
60 77
4 78
45 78
2 79
21 80
75 80
28 80
4 81
50 81
20 84
64 85
56 86
92 86
49 88
25 91
59 92
77 94
67 94
46 95
53 96
20 96
21 97
43 98
78 99
