95
49 2
13 2
73 3
88 4
47 6
94 10
40 12
37 12
10 14
19 14
5 15
66 16
64 18
45 18
40 18
46 19
44 20
46 20
4 21
52 23
71 24
9 25
19 26
68 26
44 27
66 27
12 27
95 28
78 28
46 28
26 29
43 30
21 30
95 31
34 31
3 32
52 32
2 33
63 33
58 35
30 38
96 38
77 40
43 40
85 40
19 41
52 41
4 41
27 42
11 46
13 48
85 49
52 52
98 52
72 53
18 55
79 55
18 55
90 57
34 58
37 60
12 61
67 63
58 63
22 67
66 67
82 67
48 68
26 69
69 69
28 70
77 71
24 72
95 73
6 76
67 77
56 78
24 78
87 79
67 80
2 81
40 87
96 87
93 88
97 88
53 89
1 91
19 94
75 95
72 97
77 97
32 98
89 98
84 99
23 100
