100
50 3
41 7
17 7
51 7
27 8
68 8
75 10
45 10
97 11
55 11
8 14
29 15
87 15
34 15
66 16
33 17
7 20
23 22
61 26
46 26
82 29
53 29
91 30
19 31
46 33
53 34
46 35
73 36
34 37
73 37
70 38
53 38
34 38
99 39
33 40
2 40
47 41
19 42
65 42
75 43
32 45
99 45
50 45
93 46
84 46
81 46
33 46
57 48
53 49
89 49
39 50
53 51
32 52
37 52
39 54
98 56
24 56
41 57
13 57
39 58
6 59
79 59
40 61
7 61
94 62
87 62
60 62
27 62
12 63
60 63
15 64
32 65
25 66
70 69
45 69
56 72
99 74
99 74
25 78
35 78
27 80
60 80
63 81
68 83
15 83
31 84
1 86
31 87
42 89
62 89
86 92
74 92
4 93
54 93
26 96
86 96
28 98
23 98
3 99
71 100
