91
15 0
22 1
34 1
38 1
35 1
34 1
27 2
50 2
25 2
52 3
16 4
8 4
15 5
11 5
42 5
33 6
40 6
26 7
27 7
24 8
38 9
4 10
33 13
30 13
21 13
33 13
18 13
50 13
33 14
29 14
10 16
2 16
12 16
48 17
49 17
15 18
8 18
30 18
38 19
10 20
40 20
9 21
9 21
7 21
2 21
1 21
10 22
7 23
6 23
20 24
14 24
43 24
39 25
18 25
52 26
25 26
35 27
24 28
39 28
42 28
9 28
6 29
50 29
4 30
15 30
13 31
36 31
11 32
53 33
32 33
45 34
18 34
2 34
38 35
5 35
34 35
26 36
47 36
33 36
39 37
54 37
25 37
32 37
53 38
54 38
22 38
9 38
11 38
49 39
2 39
50 39
