100
82 2147483637
98 2147483637
20 2147483637
67 2147483637
56 2147483637
99 2147483637
78 2147483637
81 2147483637
97 2147483637
4 2147483638
26 2147483638
87 2147483638
53 2147483638
14 2147483638
20 2147483638
58 2147483638
20 2147483638
40 2147483638
44 2147483638
52 2147483639
9 2147483639
37 2147483639
80 2147483639
35 2147483639
71 2147483639
12 2147483639
31 2147483639
52 2147483639
80 2147483639
25 2147483639
77 2147483639
63 2147483639
51 2147483639
58 2147483640
35 2147483640
25 2147483640
96 2147483640
36 2147483640
90 2147483640
47 2147483641
98 2147483641
8 2147483641
46 2147483641
38 2147483641
92 2147483641
96 2147483641
79 2147483641
12 2147483641
5 2147483641
82 2147483641
44 2147483641
58 2147483641
22 2147483641
36 2147483642
98 2147483642
98 2147483642
25 2147483642
6 2147483643
79 2147483643
87 2147483643
75 2147483643
40 2147483643
28 2147483643
37 2147483643
60 2147483643
35 2147483643
66 2147483644
10 2147483644
68 2147483644
86 2147483644
26 2147483644
99 2147483644
13 2147483644
24 2147483644
100 2147483644
58 2147483644
25 2147483645
62 2147483645
59 2147483645
9 2147483645
20 2147483645
56 2147483645
39 2147483645
74 2147483646
90 2147483646
77 2147483646
82 2147483646
58 2147483646
43 2147483646
14 2147483646
85 2147483647
80 2147483647
48 2147483647
26 2147483647
92 2147483647
78 2147483647
84 2147483647
21 2147483647
83 2147483647
92 2147483647
