100
23 0
63 0
33 0
66 2
68 4
77 5
22 6
81 6
95 7
62 8
48 10
51 12
27 12
35 13
77 13
10 13
77 15
87 17
30 17
84 19
46 20
13 20
76 22
29 23
25 24
54 27
34 27
83 28
10 30
64 30
100 31
42 33
30 34
43 35
68 35
15 36
58 36
36 38
33 40
84 41
71 43
74 43
27 43
45 44
98 44
92 45
7 45
64 46
100 46
3 49
14 51
80 52
87 53
53 53
2 54
68 54
22 54
93 56
23 58
99 61
23 65
40 65
43 67
6 67
49 67
80 68
63 70
54 71
28 72
70 72
74 72
50 72
36 75
58 76
54 78
42 78
56 80
98 80
50 80
69 82
14 84
7 86
13 86
92 86
57 88
49 88
6 89
67 90
22 91
54 92
27 92
23 92
9 94
62 94
2 95
38 95
69 97
69 100
33 100
86 100
