100
64 2147483637
46 2147483637
82 2147483637
96 2147483637
16 2147483637
39 2147483637
31 2147483637
7 2147483637
95 2147483637
16 2147483637
48 2147483637
94 2147483637
22 2147483637
6 2147483638
50 2147483638
18 2147483638
66 2147483638
1 2147483638
54 2147483639
12 2147483639
36 2147483639
78 2147483639
31 2147483639
99 2147483639
1 2147483639
76 2147483639
98 2147483639
35 2147483639
61 2147483639
94 2147483640
93 2147483640
64 2147483640
72 2147483641
22 2147483641
43 2147483641
13 2147483641
52 2147483641
58 2147483641
53 2147483641
92 2147483641
86 2147483641
92 2147483641
98 2147483641
49 2147483642
35 2147483642
2 2147483642
36 2147483642
83 2147483642
37 2147483643
17 2147483643
11 2147483643
90 2147483643
54 2147483643
68 2147483643
56 2147483643
18 2147483643
2 2147483643
46 2147483643
75 2147483644
58 2147483644
86 2147483644
3 2147483644
45 2147483645
57 2147483645
13 2147483645
11 2147483645
56 2147483645
7 2147483645
8 2147483645
38 2147483645
23 2147483645
22 2147483645
46 2147483645
22 2147483645
93 2147483645
42 2147483645
53 2147483645
86 2147483646
36 2147483646
23 2147483646
25 2147483646
1 2147483646
93 2147483646
59 2147483646
89 2147483646
50 2147483646
59 2147483646
73 2147483646
25 2147483646
26 2147483647
20 2147483647
98 2147483647
100 2147483647
72 2147483647
34 2147483647
81 2147483647
52 2147483647
72 2147483647
47 2147483647
89 2147483647
