95
35 0
4 1
5 1
10 1
16 3
16 3
25 5
53 6
15 6
51 6
30 7
38 7
19 9
20 9
41 10
45 11
5 13
44 15
46 16
13 16
19 18
21 19
25 20
42 20
15 23
1 23
6 23
46 24
42 24
12 24
12 24
23 25
25 26
42 27
25 28
37 30
28 30
40 30
31 33
14 34
21 34
3 34
26 37
50 38
46 38
49 38
39 39
38 39
42 40
38 41
14 42
7 42
22 43
37 43
36 43
5 44
52 45
52 49
12 50
2 50
5 50
6 51
46 52
47 53
42 54
15 55
48 55
17 57
24 58
9 58
23 60
45 62
13 63
4 63
52 63
46 65
33 66
26 66
9 69
21 69
53 70
3 70
8 71
36 72
12 72
42 72
49 74
28 74
1 75
18 76
38 77
30 77
9 77
36 78
51 78
