100
44 0
37 0
14 1
68 2
67 3
28 3
34 4
86 5
24 6
51 8
75 9
33 10
65 11
82 15
69 15
84 15
100 19
82 20
83 20
100 22
10 22
28 24
74 25
28 27
40 27
62 28
41 29
23 29
20 30
97 30
39 31
35 32
7 35
79 35
23 36
73 36
65 37
66 37
65 39
60 40
14 40
95 44
86 45
50 46
71 46
11 46
43 48
8 51
62 53
43 53
59 53
41 54
45 54
89 55
75 55
99 55
58 55
34 57
31 58
64 59
88 60
91 61
41 62
60 63
3 63
23 63
7 64
36 65
23 66
3 67
78 69
49 70
10 71
41 72
83 73
62 74
15 76
61 79
52 79
33 79
71 80
82 81
1 82
78 83
71 84
45 84
76 86
90 87
78 87
63 88
79 89
28 89
57 90
40 91
50 94
25 94
32 94
12 95
52 98
10 100
