100
41 0
3 1
83 1
9 4
66 4
43 4
10 6
76 8
3 8
92 8
7 9
43 10
73 11
31 12
67 12
16 13
27 14
69 17
35 18
82 19
22 19
15 20
4 22
21 25
96 25
23 25
10 25
86 28
77 29
97 29
71 30
64 30
77 30
80 32
24 35
77 35
95 35
26 36
86 36
95 38
100 38
39 39
92 41
95 41
71 42
14 45
11 47
10 47
76 47
62 48
3 49
79 49
12 49
52 50
100 50
68 52
58 53
52 53
97 53
87 54
86 55
10 55
3 57
30 57
74 57
51 58
18 59
13 63
54 63
35 64
60 67
23 68
91 70
62 71
62 72
72 72
4 73
2 74
46 79
66 80
96 81
25 82
44 83
49 83
67 84
94 87
50 91
4 93
100 93
34 93
88 93
70 94
64 94
79 94
41 95
62 95
14 96
100 97
44 99
61 100
