100
48 2147483637
14 2147483637
2 2147483637
23 2147483637
11 2147483637
96 2147483637
100 2147483637
99 2147483637
70 2147483637
43 2147483637
94 2147483637
14 2147483637
13 2147483637
45 2147483638
35 2147483638
30 2147483638
93 2147483638
1 2147483638
58 2147483638
58 2147483638
17 2147483638
83 2147483639
91 2147483639
22 2147483639
39 2147483639
5 2147483639
24 2147483639
90 2147483639
31 2147483640
19 2147483640
28 2147483640
30 2147483640
58 2147483641
75 2147483641
99 2147483641
52 2147483641
52 2147483641
43 2147483641
12 2147483641
98 2147483641
54 2147483641
8 2147483642
94 2147483642
75 2147483642
25 2147483642
97 2147483642
7 2147483642
77 2147483642
59 2147483642
26 2147483642
50 2147483642
72 2147483642
73 2147483642
74 2147483642
3 2147483642
88 2147483642
88 2147483643
24 2147483643
84 2147483643
28 2147483643
57 2147483643
15 2147483643
58 2147483643
66 2147483643
71 2147483643
30 2147483643
89 2147483643
17 2147483643
85 2147483644
10 2147483644
45 2147483644
44 2147483644
77 2147483644
20 2147483644
61 2147483645
80 2147483645
68 2147483645
4 2147483645
37 2147483645
34 2147483645
25 2147483645
26 2147483645
72 2147483645
59 2147483646
96 2147483646
36 2147483646
41 2147483646
88 2147483646
68 2147483646
10 2147483646
88 2147483646
97 2147483647
80 2147483647
24 2147483647
41 2147483647
65 2147483647
77 2147483647
14 2147483647
25 2147483647
69 2147483647
