100
100 2
71 4
21 4
43 4
76 5
31 6
87 7
85 8
34 8
15 8
13 9
72 10
36 10
40 11
66 13
62 15
28 16
62 16
99 17
71 20
40 21
7 21
60 23
12 24
21 27
80 27
1 28
19 30
80 31
95 31
24 31
54 33
30 33
37 35
92 37
66 38
83 40
79 45
95 47
49 47
23 48
15 49
51 49
64 52
14 53
77 57
18 59
43 59
88 59
46 60
54 61
24 62
94 62
81 62
18 63
68 63
15 64
92 66
8 66
62 67
90 68
92 71
40 71
97 71
49 71
56 71
25 73
80 73
42 73
47 74
30 74
19 77
87 79
1 79
44 80
44 80
29 81
23 81
5 81
74 82
66 83
11 85
72 86
85 86
74 86
75 86
91 91
73 92
35 93
17 93
21 93
1 93
17 94
74 96
30 97
55 98
9 98
19 98
21 98
7 100
