100
44 1
33 2
55 5
100 5
39 6
74 7
19 7
100 8
43 8
56 11
64 12
96 13
85 14
22 15
37 15
9 17
94 19
75 19
98 19
55 19
29 20
14 21
65 24
97 26
73 26
3 27
32 27
40 28
94 28
20 31
92 32
9 33
68 34
24 36
9 37
5 39
78 39
17 39
87 39
88 39
55 40
59 41
65 42
28 42
92 44
64 45
62 46
27 46
5 47
30 49
91 51
45 53
40 53
19 55
99 56
55 56
94 57
52 57
59 58
18 59
18 60
23 60
69 62
10 63
31 63
98 63
38 63
46 67
44 68
79 69
77 70
32 70
13 70
52 71
83 72
25 73
48 76
75 76
60 77
98 77
14 78
49 80
26 82
76 82
9 86
32 86
97 87
95 89
44 91
70 91
29 91
64 92
19 93
52 96
13 96
43 96
32 96
84 99
45 99
100 99
