100
34 1
18 1
13 1
75 1
13 2
81 3
55 3
57 4
16 6
15 7
78 8
87 8
47 9
19 9
24 11
85 12
93 14
6 17
80 17
41 17
36 17
99 18
98 18
38 19
96 22
50 22
12 24
97 28
28 28
15 30
61 30
19 31
41 31
44 32
4 33
17 33
16 34
81 42
67 44
97 46
81 46
94 49
50 50
55 50
6 51
85 51
11 54
69 54
90 55
96 55
27 56
24 56
85 58
18 58
86 58
13 62
58 63
78 63
68 64
6 65
90 66
65 67
62 68
6 68
15 68
29 69
61 71
91 71
29 71
53 72
82 72
2 74
45 74
8 75
35 76
17 76
76 76
23 76
55 77
32 79
48 80
67 81
65 84
49 85
14 85
83 86
21 86
99 90
53 92
51 93
57 93
62 94
36 97
84 97
95 97
81 98
82 98
61 99
62 100
19 100
