100
94 1
75 2
90 2
88 3
11 3
63 3
16 5
41 7
17 7
44 9
91 9
43 9
23 10
89 12
48 13
30 14
76 16
59 16
9 17
46 18
80 19
80 19
49 22
32 23
88 23
51 23
1 25
94 25
89 25
38 25
10 27
9 27
1 28
6 29
89 30
2 30
41 30
29 31
22 33
45 34
32 35
49 35
52 36
91 36
6 36
81 37
42 37
87 40
44 41
47 41
32 43
12 44
95 45
48 45
6 46
38 48
50 49
75 49
69 49
94 50
54 50
59 53
11 53
17 55
10 56
55 57
37 58
7 59
100 60
66 60
69 62
15 65
78 66
1 66
24 69
30 72
83 72
26 73
24 73
40 75
11 75
40 76
22 80
58 81
28 81
27 82
65 83
71 86
31 87
96 88
70 89
38 91
78 91
7 93
24 94
30 96
67 96
87 99
17 99
83 100
