100
49 0
41 0
55 0
75 2
49 2
54 4
6 7
19 8
20 9
35 11
69 14
32 14
66 16
28 18
59 18
23 19
25 20
4 20
79 20
23 22
57 24
23 25
3 25
12 25
65 25
64 28
57 31
37 33
1 36
67 36
73 37
6 38
11 38
48 39
14 41
69 43
85 43
67 44
72 45
90 46
89 47
51 48
27 48
73 49
35 49
69 52
64 52
94 52
76 52
76 53
9 54
59 54
94 54
29 55
74 59
57 62
48 62
74 62
88 62
60 63
49 64
79 65
8 66
28 69
14 69
34 69
82 69
77 69
35 71
89 71
52 71
69 72
96 72
84 72
50 79
91 79
33 82
76 82
95 83
83 84
65 85
74 85
96 85
82 87
53 88
79 88
9 88
63 89
49 89
60 90
19 91
21 92
28 93
53 94
26 94
31 95
12 95
96 97
57 98
25 98
