100
22 1
74 2
42 5
29 6
10 7
24 7
12 8
22 9
83 10
66 11
99 14
76 14
12 15
62 15
1 17
9 18
93 19
42 20
7 22
21 23
22 23
72 24
90 25
1 27
21 29
50 29
29 29
2 30
19 31
1 31
41 33
18 33
98 33
32 35
34 35
13 37
3 37
63 37
9 37
53 41
57 42
37 43
80 46
92 46
9 48
59 48
73 50
66 50
28 51
4 51
34 54
27 54
6 55
78 55
75 56
32 58
37 59
82 59
90 61
4 63
96 65
51 66
73 72
60 73
86 75
74 75
80 77
89 78
48 78
2 78
21 78
90 81
14 81
34 82
92 84
76 84
14 85
80 85
73 86
45 88
88 90
28 91
82 92
13 92
36 93
79 93
9 94
99 95
56 95
38 95
97 96
56 97
58 97
63 98
99 99
84 99
13 99
8 100
60 100
80 100
