100
62 0
7 0
15 0
5 1
92 2
36 2
7 3
38 3
47 5
99 5
67 5
28 5
22 8
98 10
73 11
35 11
54 13
47 14
13 16
23 16
76 19
37 19
53 20
76 21
39 21
29 22
67 22
69 24
8 25
87 25
38 26
46 27
87 29
62 29
41 31
37 32
42 33
84 33
53 35
25 35
47 35
56 36
15 36
34 38
60 39
58 39
88 40
67 41
2 42
100 43
100 43
98 46
56 49
64 49
89 50
23 50
60 51
84 51
42 52
64 52
46 52
71 53
90 55
75 58
86 58
81 59
59 59
70 59
92 61
99 62
94 62
67 64
66 65
54 67
72 67
55 68
10 69
61 69
82 69
89 72
15 73
15 73
76 75
60 79
21 79
57 80
48 80
45 80
23 84
46 86
62 86
94 87
29 87
97 90
80 93
42 93
74 94
17 98
42 98
29 100
