100
48 2147483637
95 2147483637
51 2147483637
94 2147483637
73 2147483637
17 2147483637
71 2147483637
71 2147483638
46 2147483638
42 2147483638
1 2147483638
26 2147483638
24 2147483638
76 2147483638
43 2147483638
41 2147483638
99 2147483639
53 2147483639
52 2147483639
60 2147483640
24 2147483640
73 2147483640
53 2147483640
79 2147483640
32 2147483640
94 2147483640
68 2147483640
26 2147483640
39 2147483641
64 2147483641
26 2147483641
99 2147483641
57 2147483641
51 2147483641
20 2147483641
95 2147483642
96 2147483642
54 2147483642
56 2147483642
5 2147483642
87 2147483642
99 2147483642
13 2147483643
57 2147483643
81 2147483643
83 2147483643
84 2147483643
28 2147483643
7 2147483644
1 2147483644
78 2147483644
92 2147483644
93 2147483644
89 2147483644
9 2147483644
3 2147483644
87 2147483644
48 2147483644
62 2147483644
43 2147483645
2 2147483645
50 2147483645
66 2147483645
63 2147483645
26 2147483645
77 2147483645
4 2147483645
61 2147483645
50 2147483645
10 2147483645
6 2147483645
8 2147483645
45 2147483645
65 2147483645
22 2147483646
28 2147483646
34 2147483646
97 2147483646
61 2147483646
45 2147483646
76 2147483646
40 2147483646
24 2147483646
43 2147483646
2 2147483646
46 2147483647
84 2147483647
15 2147483647
8 2147483647
88 2147483647
64 2147483647
17 2147483647
31 2147483647
75 2147483647
93 2147483647
32 2147483647
66 2147483647
46 2147483647
100 2147483647
23 2147483647
