100
24 1
89 2
46 3
8 4
45 5
5 6
77 7
41 8
37 8
16 10
27 10
82 12
18 12
65 13
81 15
13 15
94 15
19 16
22 16
57 17
79 17
61 18
62 19
3 24
48 26
11 26
77 29
18 29
86 29
96 31
51 32
1 33
84 34
1 34
89 35
9 37
8 37
81 38
96 38
9 38
51 43
1 43
82 44
99 47
85 48
24 48
49 48
3 49
95 49
11 50
84 52
20 52
89 53
49 53
45 53
82 54
61 55
46 55
62 57
58 57
61 59
42 61
59 61
15 62
56 62
60 64
15 65
53 66
67 66
37 67
44 69
79 69
2 70
66 72
89 72
65 74
21 75
6 77
87 77
66 79
44 80
51 82
8 85
98 85
44 86
37 86
100 87
32 89
89 90
22 91
48 92
6 92
99 92
85 93
42 93
75 95
22 96
25 96
70 97
76 97
