100
93 4
60 5
19 5
3 8
63 8
16 8
34 8
67 12
31 12
41 14
71 16
50 16
62 17
94 22
76 24
92 25
69 27
57 29
72 30
8 31
88 31
36 31
83 31
49 31
82 34
21 37
27 37
64 39
99 39
81 39
90 39
70 40
18 44
55 44
69 45
25 46
36 47
65 48
39 48
60 49
93 51
54 51
36 51
86 54
70 55
92 57
42 58
21 59
26 60
4 60
21 61
13 62
59 62
37 62
80 63
85 64
10 64
31 64
1 66
46 66
53 67
43 67
13 68
78 68
85 69
74 69
98 70
84 70
3 72
32 72
69 72
84 73
68 76
53 76
67 77
81 77
26 80
53 80
70 80
38 80
21 80
64 81
36 81
19 82
97 82
14 87
22 87
2 90
86 92
43 93
6 93
38 94
89 94
33 96
8 96
62 98
88 98
53 99
100 100
29 100
