100
11 3
16 3
67 3
4 4
58 6
53 7
30 8
76 9
63 13
1 15
34 15
80 16
16 17
7 19
72 21
23 21
91 21
63 21
35 21
93 23
74 25
44 26
16 27
39 27
72 27
96 28
45 29
65 29
48 29
3 30
52 31
72 34
52 35
75 36
94 38
99 40
74 40
16 41
52 42
20 43
34 44
39 46
21 47
11 47
29 48
72 49
73 50
85 50
58 50
23 52
47 53
37 53
76 54
73 56
66 56
20 56
99 59
64 60
73 60
74 60
14 60
56 61
91 61
1 63
40 63
8 65
44 65
97 66
88 67
2 67
68 68
94 70
18 71
86 72
92 73
30 74
65 74
73 75
82 76
60 77
17 79
89 80
85 82
49 83
82 84
83 85
90 85
26 86
50 87
28 87
70 91
24 91
40 92
73 93
23 95
68 95
72 96
38 96
7 98
21 99
