97
34 1
51 2
56 3
55 3
73 3
90 4
93 4
35 5
92 5
76 5
45 6
74 7
35 7
18 9
56 10
3 10
70 11
64 14
20 15
1 16
43 17
40 19
62 22
55 23
70 23
79 26
13 27
35 28
32 29
39 29
75 30
46 30
88 30
20 30
25 31
20 31
30 31
86 33
92 33
45 33
98 33
9 33
49 34
7 35
30 38
30 38
70 39
89 39
92 41
87 42
61 42
40 43
4 44
95 44
18 45
30 46
80 47
97 47
42 47
94 48
81 48
95 49
53 49
18 55
83 56
76 59
38 60
66 61
54 62
72 66
23 68
10 68
90 71
11 72
56 75
63 76
24 77
7 78
82 79
80 80
62 82
12 84
43 85
69 86
79 86
27 87
52 90
42 93
40 94
31 94
81 94
1 95
99 95
99 97
22 97
64 99
60 100
