89
38 0
98 0
27 0
26 1
65 4
16 4
89 7
64 9
80 9
55 10
62 10
92 11
9 12
26 14
44 15
67 16
17 18
25 19
8 20
33 20
71 24
91 27
70 28
10 30
98 30
11 31
91 32
55 32
99 33
93 34
51 36
40 39
83 39
92 43
26 43
63 43
86 46
23 46
43 49
25 50
4 51
74 52
77 52
30 52
81 55
28 56
27 57
63 57
37 57
16 58
31 59
22 60
47 63
3 67
44 67
42 69
92 70
12 72
58 73
50 73
84 75
28 77
35 78
35 78
76 78
77 79
36 79
39 79
2 80
80 84
26 86
8 86
78 88
37 90
53 91
65 92
5 92
44 93
98 93
25 95
26 97
92 97
73 98
28 98
54 99
36 99
25 99
84 100
13 100
