100
25 0
43 3
7 3
53 4
5 4
65 4
25 5
91 6
13 7
67 7
82 9
62 10
43 10
32 10
54 10
22 10
59 10
24 11
32 12
48 13
22 15
26 15
87 15
61 15
49 17
43 18
91 19
64 20
88 20
79 21
91 21
69 22
43 23
36 24
25 28
49 28
28 28
57 32
36 33
57 35
21 38
97 39
96 40
93 41
67 43
60 43
38 44
72 46
88 48
47 48
60 50
46 50
98 51
53 51
77 53
57 53
60 53
1 53
79 54
95 54
77 55
60 55
42 55
38 57
39 59
19 59
17 61
5 61
43 63
98 63
95 64
65 66
71 67
53 68
98 69
40 69
34 70
35 70
25 71
76 73
71 77
81 79
98 80
51 80
49 81
3 81
78 81
24 81
84 81
95 85
51 86
11 90
12 90
50 90
16 96
76 96
14 96
60 97
17 98
8 99
