100
66 3
56 4
61 5
11 5
14 7
11 12
60 12
52 12
41 12
31 12
54 13
99 17
17 17
57 20
82 21
77 21
86 23
11 24
96 25
80 25
23 27
82 28
88 28
33 28
70 30
10 33
74 34
40 35
71 35
89 36
47 38
39 39
75 39
64 39
100 42
86 45
64 45
16 45
88 46
19 50
85 51
9 53
3 54
1 56
65 58
97 58
33 60
46 60
99 61
64 61
15 62
96 62
68 63
55 63
98 64
9 64
89 65
21 65
50 65
93 65
79 66
45 67
40 68
5 70
98 71
12 73
21 73
77 74
46 75
90 75
21 76
19 77
15 77
27 78
9 80
83 81
68 82
3 82
5 82
86 84
55 84
42 85
12 86
69 86
6 87
79 88
86 89
91 89
79 92
68 92
8 93
12 94
34 95
50 95
37 98
48 98
29 99
78 100
45 100
21 100
