100
18 2147483637
23 2147483637
94 2147483637
93 2147483637
8 2147483637
88 2147483637
75 2147483637
47 2147483637
72 2147483637
99 2147483637
34 2147483638
79 2147483638
99 2147483638
37 2147483638
63 2147483638
38 2147483638
54 2147483638
80 2147483638
48 2147483638
85 2147483638
16 2147483638
85 2147483638
9 2147483639
88 2147483639
16 2147483639
84 2147483639
50 2147483639
81 2147483639
50 2147483639
91 2147483639
38 2147483640
59 2147483640
99 2147483640
27 2147483640
14 2147483640
33 2147483640
83 2147483640
4 2147483640
23 2147483640
93 2147483641
53 2147483641
76 2147483641
38 2147483641
9 2147483641
73 2147483641
16 2147483641
21 2147483641
61 2147483641
56 2147483641
61 2147483642
21 2147483642
34 2147483642
45 2147483642
75 2147483643
98 2147483643
84 2147483643
38 2147483643
31 2147483643
95 2147483644
31 2147483644
59 2147483644
53 2147483644
84 2147483644
88 2147483644
55 2147483644
80 2147483644
46 2147483645
10 2147483645
90 2147483645
27 2147483645
10 2147483645
26 2147483645
37 2147483645
17 2147483645
44 2147483645
19 2147483645
37 2147483645
3 2147483645
36 2147483646
68 2147483646
24 2147483646
24 2147483646
81 2147483646
9 2147483646
20 2147483646
21 2147483646
90 2147483646
56 2147483646
44 2147483646
5 2147483647
48 2147483647
23 2147483647
55 2147483647
69 2147483647
59 2147483647
54 2147483647
5 2147483647
32 2147483647
1 2147483647
98 2147483647
