100
72 0
16 1
84 2
38 2
75 4
32 6
12 8
14 9
99 10
56 11
75 12
28 13
99 13
1 14
98 14
11 18
60 18
31 18
86 20
12 21
51 27
13 32
29 32
20 32
43 35
100 35
21 36
10 38
64 39
19 40
77 42
44 44
36 47
11 47
29 48
16 48
81 48
31 49
16 51
65 53
33 54
47 54
13 54
92 54
19 55
46 56
73 57
62 57
94 58
18 59
44 61
44 62
27 62
64 62
27 64
34 64
11 64
33 64
71 65
15 66
47 68
83 69
80 69
28 72
57 73
4 75
87 76
42 78
26 80
43 81
96 81
90 82
18 83
3 83
97 84
64 86
72 88
67 89
51 89
72 90
9 90
46 91
65 92
20 93
69 94
86 94
59 95
81 95
85 95
75 95
44 95
32 95
86 96
10 96
61 96
27 97
3 97
99 97
24 98
47 100
