100
94 0
60 2
28 3
96 4
46 4
25 6
35 6
59 7
100 8
38 8
96 10
83 12
59 12
27 14
41 15
59 16
36 16
61 18
27 19
95 20
97 20
69 22
81 23
74 24
89 25
50 25
99 26
42 27
23 30
84 31
5 33
81 33
33 33
32 34
86 36
82 37
88 37
20 39
31 39
89 40
88 41
1 42
54 42
79 43
71 43
66 46
5 46
77 47
13 48
42 49
76 51
13 53
48 55
87 56
92 57
50 60
26 60
84 61
39 62
79 62
68 63
98 65
82 67
60 68
9 71
73 72
6 73
47 73
65 75
75 76
21 78
17 79
99 80
11 81
13 81
77 82
55 83
22 83
45 83
23 83
55 84
3 85
19 88
42 88
51 88
53 89
52 89
99 89
20 91
83 92
18 92
24 93
58 93
58 93
40 96
81 97
47 98
79 99
26 100
70 100
