100
84 0
78 1
17 2
58 3
29 3
85 8
86 9
48 9
38 10
38 11
26 12
6 12
90 12
73 13
19 14
27 14
52 15
70 16
99 16
41 18
2 19
45 20
69 21
65 21
7 23
80 24
96 25
8 26
66 26
45 26
88 26
74 27
55 27
80 28
70 29
52 31
95 32
7 32
83 33
88 34
72 36
12 36
29 40
49 40
77 42
17 43
59 44
61 46
22 47
4 47
50 48
16 49
8 49
68 49
32 49
59 50
15 51
50 52
52 52
67 54
80 58
16 63
94 64
46 64
17 64
73 65
24 66
77 67
14 67
97 69
78 69
65 70
53 70
66 72
10 74
64 75
86 76
34 76
72 77
24 77
24 78
23 80
6 80
51 81
50 82
18 83
23 83
94 85
93 86
8 88
88 90
75 90
47 90
72 94
99 96
34 98
79 98
99 99
37 99
63 100
