100
31 0
53 1
57 2
85 2
61 3
63 4
91 4
53 4
86 5
46 6
97 8
42 9
36 10
62 10
16 11
97 11
26 11
82 12
81 12
63 12
30 16
29 18
9 19
66 19
58 19
71 22
44 24
91 24
8 25
38 27
51 28
60 29
65 32
100 33
36 33
46 34
46 34
58 36
65 36
17 38
23 40
19 40
34 40
53 41
99 44
52 45
29 46
55 46
42 47
86 48
13 49
76 49
73 52
34 53
72 56
92 60
59 61
86 62
62 62
75 63
50 63
85 64
30 64
88 65
33 66
54 67
33 68
56 69
44 71
49 72
75 72
42 72
6 72
67 75
9 76
30 77
5 78
37 79
58 79
39 79
43 80
6 81
30 83
77 83
32 83
97 84
44 84
8 85
85 86
80 87
20 92
92 93
22 94
18 94
1 96
67 96
86 98
4 98
100 100
78 100
