100
24 0
54 1
81 2
49 3
61 5
75 5
63 6
83 8
91 8
60 9
64 11
22 12
43 14
34 14
100 18
89 18
48 18
24 19
23 21
72 21
88 21
75 22
74 23
85 23
96 25
80 26
5 28
95 29
24 33
25 33
2 34
95 34
33 36
44 40
31 42
6 43
93 43
88 44
95 44
16 45
18 46
62 48
100 48
13 49
12 50
58 50
26 51
23 51
20 52
93 52
42 53
1 53
85 54
56 54
19 57
39 59
100 63
34 65
21 66
95 66
19 66
42 68
40 69
71 70
41 71
53 72
69 73
28 74
38 77
83 78
45 78
81 80
94 80
94 81
77 81
63 81
56 82
24 83
85 83
94 84
99 84
77 86
51 87
54 87
41 88
26 88
56 89
99 89
82 91
10 91
43 91
90 92
78 93
63 93
79 94
29 94
65 94
89 98
4 98
10 100
