100
53 1
97 4
97 6
68 7
98 7
40 9
65 9
20 9
62 10
22 11
37 12
20 12
55 13
89 14
44 14
57 16
12 17
67 18
86 18
49 20
37 21
62 21
1 22
19 22
82 24
17 26
46 27
11 28
92 29
13 31
59 33
11 34
4 36
42 38
10 38
41 39
2 39
23 39
64 41
49 44
82 45
32 47
61 49
90 49
55 49
3 50
80 52
58 53
68 54
82 54
65 55
61 58
39 60
100 60
45 62
90 63
76 64
57 64
6 64
8 65
2 66
26 68
16 68
63 71
84 71
36 72
1 73
78 74
98 74
89 74
77 75
48 75
37 75
26 76
72 77
46 77
16 78
41 78
6 80
92 81
83 82
40 82
16 82
5 82
66 87
92 87
45 87
9 90
87 90
45 91
61 94
76 94
98 94
44 96
67 96
30 97
79 98
3 99
88 99
56 100
