100
43 0
95 2
98 2
49 3
11 3
6 4
100 4
94 5
32 6
90 7
39 8
78 8
34 11
97 11
13 12
8 13
46 16
97 16
72 18
92 18
45 18
88 19
15 20
53 21
99 21
53 21
84 23
98 23
75 24
77 24
11 24
95 24
63 26
44 27
71 27
67 28
76 28
72 30
52 33
10 33
90 34
95 35
88 36
68 37
34 38
74 39
76 40
74 41
52 41
83 42
6 44
94 46
6 46
36 49
40 54
35 54
54 54
2 55
1 55
44 55
6 55
57 56
56 60
32 61
14 63
38 65
33 67
67 67
65 67
55 68
35 68
81 69
33 71
27 72
16 73
89 73
100 75
50 77
96 79
65 79
94 79
53 79
96 79
7 80
82 81
6 83
17 84
9 84
20 88
61 89
42 89
36 90
37 91
95 91
66 92
14 95
82 95
55 97
4 98
99 99
