100
30 0
25 0
1 1
70 2
93 4
73 8
7 9
5 13
39 15
57 18
67 18
86 19
53 20
18 21
18 22
35 24
1 24
67 25
91 28
27 28
27 30
17 31
58 31
93 31
96 33
98 34
99 34
47 35
20 35
10 36
69 36
36 36
27 37
66 39
75 41
32 41
48 42
80 43
14 43
69 43
36 44
73 45
36 45
82 48
24 49
57 49
18 50
35 50
10 50
1 51
80 51
22 52
64 52
66 53
92 55
48 56
29 57
99 58
90 58
66 59
27 59
15 59
43 62
39 62
65 63
47 63
56 64
51 66
30 66
67 67
32 67
84 68
1 69
4 70
8 70
73 71
64 72
15 73
60 75
82 77
100 77
36 78
93 78
4 79
40 81
12 82
75 85
12 85
8 85
45 85
44 90
56 93
12 94
6 94
97 95
63 96
43 98
61 98
11 98
97 99
