100
10 2147483637
86 2147483637
32 2147483637
90 2147483637
41 2147483637
50 2147483637
45 2147483638
42 2147483638
26 2147483638
91 2147483638
35 2147483638
13 2147483638
99 2147483638
8 2147483638
26 2147483638
30 2147483639
18 2147483639
3 2147483639
82 2147483639
30 2147483639
58 2147483639
26 2147483639
71 2147483639
14 2147483639
78 2147483639
34 2147483639
38 2147483639
41 2147483640
21 2147483640
35 2147483640
47 2147483640
83 2147483640
10 2147483640
23 2147483640
42 2147483640
49 2147483640
55 2147483641
70 2147483641
37 2147483641
81 2147483641
75 2147483642
10 2147483642
46 2147483642
51 2147483642
92 2147483642
18 2147483642
22 2147483642
26 2147483642
28 2147483642
97 2147483642
11 2147483643
18 2147483643
27 2147483643
12 2147483643
42 2147483643
86 2147483643
9 2147483643
59 2147483643
53 2147483643
25 2147483643
59 2147483643
47 2147483643
85 2147483643
67 2147483644
2 2147483644
51 2147483644
67 2147483644
86 2147483644
35 2147483644
38 2147483644
57 2147483644
78 2147483644
42 2147483644
89 2147483644
68 2147483644
65 2147483645
9 2147483645
16 2147483645
58 2147483645
81 2147483645
32 2147483645
14 2147483645
78 2147483645
32 2147483645
46 2147483645
55 2147483645
53 2147483645
100 2147483646
97 2147483646
12 2147483646
29 2147483647
91 2147483647
75 2147483647
76 2147483647
45 2147483647
100 2147483647
64 2147483647
10 2147483647
90 2147483647
89 2147483647
