100
53 2147483637
53 2147483637
8 2147483637
24 2147483637
72 2147483637
21 2147483637
22 2147483637
46 2147483637
20 2147483637
72 2147483637
17 2147483637
54 2147483637
71 2147483637
60 2147483637
29 2147483637
25 2147483637
66 2147483637
51 2147483637
31 2147483637
92 2147483638
77 2147483638
31 2147483638
80 2147483638
8 2147483638
65 2147483638
39 2147483639
77 2147483639
7 2147483639
31 2147483639
48 2147483639
28 2147483639
41 2147483639
8 2147483639
19 2147483639
16 2147483639
23 2147483639
85 2147483640
52 2147483640
66 2147483640
41 2147483640
74 2147483640
56 2147483640
44 2147483641
31 2147483641
44 2147483641
13 2147483641
9 2147483641
80 2147483641
41 2147483641
25 2147483641
31 2147483641
93 2147483641
40 2147483641
66 2147483641
83 2147483641
9 2147483641
17 2147483642
69 2147483642
22 2147483642
89 2147483642
91 2147483642
82 2147483642
19 2147483642
31 2147483642
59 2147483642
61 2147483643
73 2147483643
30 2147483643
52 2147483643
26 2147483643
68 2147483643
6 2147483643
32 2147483643
40 2147483644
61 2147483644
100 2147483644
1 2147483644
14 2147483644
8 2147483644
88 2147483644
40 2147483644
81 2147483644
67 2147483644
39 2147483644
8 2147483645
73 2147483645
4 2147483645
66 2147483645
80 2147483646
85 2147483646
100 2147483646
29 2147483646
96 2147483647
54 2147483647
80 2147483647
29 2147483647
79 2147483647
48 2147483647
84 2147483647
76 2147483647
