100
25 0
23 1
9 2
58 3
49 3
78 7
35 9
84 10
86 11
86 12
60 15
24 18
96 19
1 19
77 20
30 20
86 23
40 23
5 23
93 25
54 25
71 27
47 29
43 30
45 33
33 34
14 35
24 36
50 36
53 39
62 39
58 40
21 40
5 40
36 41
16 41
62 42
82 43
9 43
94 44
41 46
3 46
4 46
97 46
93 48
96 50
79 50
61 50
29 51
98 52
40 53
45 54
100 54
85 55
42 57
72 57
50 60
88 62
44 63
7 64
91 66
68 68
9 69
36 69
9 73
3 73
25 73
71 73
56 74
16 75
73 76
45 76
84 76
50 77
63 79
83 80
89 81
17 81
97 82
29 83
85 85
80 86
13 87
6 88
44 90
77 91
7 92
91 92
9 93
7 94
83 97
64 97
46 98
8 98
1 98
21 98
77 99
81 99
66 100
66 100
