100
5 0
14 0
70 3
23 4
21 5
13 5
34 5
54 6
69 7
92 8
7 8
5 8
15 9
7 9
20 10
57 12
81 12
2 13
94 15
100 16
48 17
3 18
48 18
79 19
71 20
83 22
83 26
58 28
52 29
69 30
38 31
18 31
100 32
34 33
48 33
77 35
62 37
41 38
18 39
28 40
8 41
26 41
1 44
91 45
89 46
1 47
10 47
53 47
58 48
56 49
12 50
66 50
16 51
16 53
35 53
40 53
87 56
26 56
95 56
80 57
9 57
18 58
24 58
62 60
100 62
13 63
87 64
14 65
35 68
29 70
88 71
30 72
35 72
1 74
31 78
96 80
60 81
97 82
8 83
77 84
85 84
61 84
35 85
60 86
88 86
93 87
31 88
9 89
85 90
39 91
7 92
45 93
17 94
61 94
36 94
47 96
21 98
5 99
14 99
38 100
