100
63 2147483637
80 2147483637
93 2147483637
84 2147483637
25 2147483637
5 2147483637
81 2147483637
1 2147483637
27 2147483637
21 2147483637
55 2147483638
86 2147483638
87 2147483638
86 2147483638
95 2147483638
21 2147483638
66 2147483638
24 2147483639
89 2147483639
51 2147483639
60 2147483639
22 2147483639
60 2147483640
16 2147483640
46 2147483640
35 2147483640
100 2147483640
58 2147483640
55 2147483640
66 2147483640
98 2147483640
19 2147483641
40 2147483641
51 2147483641
23 2147483641
47 2147483641
52 2147483642
74 2147483642
19 2147483642
25 2147483642
25 2147483642
45 2147483642
17 2147483642
65 2147483642
59 2147483642
8 2147483642
82 2147483642
73 2147483642
38 2147483642
80 2147483643
18 2147483643
47 2147483643
20 2147483643
87 2147483643
89 2147483643
5 2147483643
34 2147483643
31 2147483643
31 2147483643
69 2147483643
23 2147483643
88 2147483643
97 2147483643
69 2147483643
50 2147483643
15 2147483644
49 2147483644
19 2147483644
61 2147483644
32 2147483644
27 2147483645
68 2147483645
76 2147483645
2 2147483645
10 2147483645
67 2147483645
49 2147483645
60 2147483645
72 2147483645
99 2147483645
38 2147483646
80 2147483646
23 2147483646
35 2147483646
9 2147483646
2 2147483646
48 2147483646
12 2147483646
26 2147483646
72 2147483646
17 2147483647
71 2147483647
28 2147483647
30 2147483647
43 2147483647
91 2147483647
8 2147483647
43 2147483647
3 2147483647
94 2147483647
