97
52 2
100 2
6 3
18 5
72 5
43 7
44 9
23 9
29 9
53 10
13 11
88 12
99 13
94 13
81 14
54 14
28 14
9 14
7 15
64 15
23 18
34 19
28 20
91 21
18 22
90 27
4 27
95 28
26 29
67 29
48 29
68 34
19 35
44 37
91 38
9 39
77 39
24 39
55 40
32 40
17 40
80 41
7 43
82 47
79 49
59 50
40 50
67 52
47 54
52 54
72 55
59 56
36 56
88 59
22 59
64 60
33 62
53 63
35 65
46 66
39 67
43 68
72 68
47 69
88 71
18 72
9 73
70 73
59 73
6 75
57 75
20 75
45 76
1 77
5 78
91 78
12 79
72 79
90 81
2 81
23 82
6 82
68 82
56 83
57 83
54 84
44 86
92 86
15 89
56 90
81 91
3 93
97 95
87 95
59 96
39 100
23 100
