100
82 0
20 0
45 1
44 2
12 2
1 4
30 8
3 11
69 13
86 15
72 18
73 18
51 19
24 20
41 21
20 21
3 22
75 24
30 24
25 25
1 25
70 28
93 28
73 30
7 31
5 31
39 31
57 34
67 34
86 35
53 35
18 36
18 36
35 37
1 37
67 40
91 41
27 41
27 42
17 43
58 43
93 43
96 44
98 45
99 45
47 48
20 48
10 48
69 49
36 49
27 50
66 50
75 50
32 51
48 52
80 52
14 52
69 53
36 55
73 56
36 57
82 58
24 58
57 59
18 59
35 59
10 62
1 63
80 63
22 64
64 65
66 66
92 66
48 67
29 67
99 67
90 67
66 67
27 68
15 70
43 70
39 71
65 73
47 75
56 77
51 79
30 81
67 82
32 84
84 85
1 85
4 85
8 85
73 90
64 90
15 93
60 94
82 95
100 96
36 98
