100
96 0
93 1
89 3
86 4
58 4
5 5
77 7
50 8
92 11
62 11
42 15
73 15
12 20
6 20
54 20
69 21
8 23
98 24
18 24
94 26
31 26
23 26
36 27
56 28
86 28
36 30
24 30
98 31
93 31
61 32
39 33
83 36
38 36
99 38
19 39
1 39
78 41
63 42
45 43
11 45
87 46
88 50
47 50
80 51
13 52
19 53
16 53
6 54
40 55
52 56
44 57
72 58
61 59
59 60
36 61
37 61
86 62
8 62
26 64
1 65
89 66
53 66
31 67
27 68
38 68
30 70
81 71
27 74
50 75
94 75
80 75
4 75
61 75
62 76
67 76
87 79
23 79
57 80
52 80
41 84
63 84
99 84
39 85
8 86
81 87
76 88
55 90
57 90
99 91
59 92
78 93
17 94
21 95
66 95
6 96
85 96
61 98
31 98
20 99
32 100
