100
66 2147483637
25 2147483637
8 2147483637
20 2147483637
34 2147483637
33 2147483637
42 2147483637
80 2147483637
74 2147483637
61 2147483637
72 2147483637
77 2147483637
1 2147483637
17 2147483637
4 2147483637
84 2147483638
9 2147483638
54 2147483638
87 2147483638
64 2147483638
65 2147483638
35 2147483638
25 2147483639
8 2147483639
33 2147483639
94 2147483639
32 2147483639
35 2147483639
48 2147483639
34 2147483639
13 2147483640
62 2147483640
72 2147483640
7 2147483640
54 2147483640
45 2147483641
15 2147483641
83 2147483641
89 2147483641
98 2147483641
24 2147483641
66 2147483641
62 2147483641
96 2147483641
49 2147483641
41 2147483642
24 2147483642
1 2147483642
75 2147483642
37 2147483642
4 2147483642
2 2147483642
71 2147483642
77 2147483643
21 2147483643
42 2147483643
56 2147483643
76 2147483643
28 2147483643
10 2147483643
28 2147483643
51 2147483643
76 2147483643
60 2147483643
86 2147483644
20 2147483644
91 2147483644
35 2147483644
25 2147483644
2 2147483644
62 2147483644
13 2147483644
35 2147483645
95 2147483645
29 2147483645
18 2147483645
53 2147483645
77 2147483645
20 2147483645
46 2147483646
62 2147483646
22 2147483646
88 2147483646
89 2147483646
32 2147483646
45 2147483646
2 2147483646
87 2147483647
15 2147483647
64 2147483647
23 2147483647
32 2147483647
78 2147483647
16 2147483647
45 2147483647
78 2147483647
34 2147483647
40 2147483647
39 2147483647
25 2147483647
