100
22 1
91 2
63 3
79 4
55 5
25 6
4 6
17 7
62 8
26 9
20 10
6 11
5 13
75 14
34 14
48 21
95 23
26 25
8 26
23 27
41 29
8 30
10 31
16 33
4 33
70 37
42 38
13 40
92 40
1 41
2 42
44 43
93 43
98 44
100 46
3 47
50 48
63 48
97 48
59 49
64 49
59 49
58 50
24 50
90 50
40 50
58 51
70 51
77 52
10 52
61 52
2 52
93 52
58 53
18 53
66 54
64 55
6 55
30 56
11 56
24 57
9 59
74 59
52 65
27 65
1 66
99 67
37 67
16 69
88 72
7 73
34 74
5 78
54 79
11 80
5 80
13 80
13 81
20 82
62 82
78 83
87 83
43 83
67 83
42 84
39 85
76 86
85 86
71 87
15 87
95 92
10 92
29 93
51 95
1 95
38 97
27 98
30 100
25 100
25 100
