95
66 0
93 0
66 0
5 1
86 1
77 1
72 2
6 3
51 7
34 7
84 8
94 8
45 8
53 9
35 9
75 9
20 13
63 13
3 14
34 16
36 16
82 17
15 17
51 19
2 22
23 23
5 23
23 23
74 24
6 25
2 25
14 28
87 29
77 29
9 30
54 30
70 31
3 33
95 33
11 34
37 35
95 36
85 37
54 37
17 38
69 40
79 41
58 41
16 42
29 43
80 44
20 47
12 48
68 48
63 48
62 49
26 49
49 50
81 50
1 55
95 55
27 57
39 58
20 59
57 60
3 63
57 63
35 64
46 64
84 65
97 66
13 66
92 67
99 67
36 70
94 70
91 70
96 72
78 73
38 73
69 79
69 80
32 81
68 81
90 81
70 81
41 83
46 85
89 86
13 86
18 90
33 96
53 98
15 99
67 99
