100
76 2147483637
55 2147483637
47 2147483637
35 2147483637
99 2147483637
67 2147483637
76 2147483637
90 2147483637
53 2147483637
20 2147483638
14 2147483638
68 2147483638
46 2147483638
75 2147483638
75 2147483638
57 2147483638
30 2147483638
33 2147483638
71 2147483638
7 2147483638
58 2147483639
89 2147483639
92 2147483639
76 2147483639
90 2147483639
7 2147483639
98 2147483639
50 2147483639
70 2147483639
86 2147483639
21 2147483639
57 2147483639
72 2147483639
41 2147483640
39 2147483640
36 2147483640
62 2147483640
41 2147483640
47 2147483640
32 2147483640
65 2147483640
48 2147483640
1 2147483640
93 2147483640
39 2147483640
55 2147483640
31 2147483641
99 2147483641
51 2147483641
74 2147483641
39 2147483641
15 2147483641
95 2147483641
94 2147483641
18 2147483641
19 2147483641
98 2147483641
28 2147483642
63 2147483642
91 2147483642
55 2147483642
9 2147483642
31 2147483642
96 2147483643
48 2147483643
28 2147483643
31 2147483643
27 2147483644
4 2147483644
48 2147483644
18 2147483644
24 2147483644
21 2147483644
73 2147483644
52 2147483644
39 2147483644
74 2147483644
40 2147483645
12 2147483645
61 2147483645
43 2147483645
60 2147483645
80 2147483645
48 2147483645
11 2147483645
18 2147483645
28 2147483646
13 2147483646
85 2147483646
86 2147483647
13 2147483647
88 2147483647
9 2147483647
8 2147483647
59 2147483647
37 2147483647
49 2147483647
81 2147483647
4 2147483647
74 2147483647
