100
70 1
17 1
76 2
49 2
2 3
39 3
83 4
34 4
85 5
22 8
38 8
96 9
37 9
21 10
75 13
35 14
62 14
72 15
88 15
76 15
20 16
78 16
31 18
7 18
25 19
3 19
5 20
59 20
36 20
45 23
77 24
46 30
30 30
16 31
42 31
8 34
86 34
4 35
57 36
40 36
97 37
2 37
18 38
91 40
56 40
51 40
58 42
59 43
99 43
23 46
48 48
86 49
34 49
97 50
63 53
34 54
25 58
13 59
61 59
1 60
35 62
100 63
52 63
96 68
14 69
11 72
95 73
99 73
87 75
11 75
66 76
93 77
70 77
41 80
77 81
25 81
34 82
71 82
59 83
36 84
92 84
16 84
66 85
41 85
40 85
87 88
5 89
66 89
68 89
26 91
37 91
46 92
89 93
91 94
94 95
10 95
96 96
44 99
67 99
61 99
