100
51 2147483637
86 2147483637
96 2147483637
24 2147483637
12 2147483637
37 2147483637
17 2147483637
91 2147483638
11 2147483638
56 2147483638
68 2147483638
3 2147483638
94 2147483638
21 2147483638
14 2147483639
72 2147483639
97 2147483639
34 2147483639
26 2147483639
93 2147483639
23 2147483639
38 2147483639
6 2147483639
50 2147483640
78 2147483640
71 2147483640
38 2147483640
37 2147483640
92 2147483640
27 2147483640
55 2147483640
78 2147483640
61 2147483640
100 2147483640
57 2147483641
78 2147483641
55 2147483641
1 2147483641
9 2147483641
3 2147483641
35 2147483641
12 2147483641
55 2147483641
66 2147483641
83 2147483641
39 2147483641
32 2147483642
47 2147483642
44 2147483642
32 2147483642
69 2147483642
43 2147483642
1 2147483642
41 2147483642
35 2147483642
71 2147483643
71 2147483643
22 2147483643
38 2147483643
85 2147483643
81 2147483643
54 2147483643
24 2147483643
3 2147483643
57 2147483643
65 2147483643
27 2147483643
70 2147483644
15 2147483644
46 2147483644
66 2147483644
19 2147483644
98 2147483644
9 2147483644
77 2147483644
52 2147483645
38 2147483645
36 2147483645
69 2147483645
53 2147483645
90 2147483645
64 2147483645
76 2147483645
18 2147483645
41 2147483645
50 2147483645
82 2147483646
99 2147483646
75 2147483646
71 2147483646
82 2147483647
67 2147483647
45 2147483647
32 2147483647
95 2147483647
17 2147483647
22 2147483647
6 2147483647
93 2147483647
67 2147483647
