100
76 0
33 2
8 3
49 4
78 4
52 7
40 7
57 7
34 7
98 8
79 8
30 9
54 10
61 12
38 14
55 15
42 15
49 15
34 15
84 16
32 18
36 18
75 19
100 19
40 19
26 19
90 19
30 22
86 22
58 23
98 24
93 25
7 25
64 26
49 28
46 29
4 29
15 31
20 32
89 33
61 34
3 34
98 36
7 36
30 37
97 37
56 41
41 41
44 42
94 43
57 45
72 45
99 45
2 48
44 52
65 52
63 54
18 55
49 55
59 57
77 58
100 59
6 59
37 60
49 60
69 61
59 61
11 61
41 62
95 62
40 63
10 64
18 64
38 66
54 66
94 67
59 71
100 72
89 73
81 76
6 83
89 83
89 85
29 85
63 85
18 87
22 89
20 90
13 90
82 91
96 93
28 93
78 94
17 94
60 96
73 96
60 98
22 98
12 99
94 99
