100
80 3
63 4
90 6
26 6
67 7
17 8
69 8
30 9
34 10
8 11
75 13
39 13
84 13
9 14
18 16
73 16
56 16
1 20
67 21
95 21
58 23
47 24
48 26
53 28
1 29
84 29
12 30
35 30
68 31
70 31
29 32
60 33
17 37
4 37
55 38
19 39
31 39
6 40
58 44
99 45
25 45
36 46
36 46
13 47
38 50
72 50
13 51
81 51
82 53
36 54
79 55
38 57
12 59
97 60
46 61
67 63
54 63
46 63
2 65
19 68
97 68
10 69
14 70
61 70
18 71
43 71
46 71
46 72
52 72
49 72
20 73
52 73
16 74
51 74
22 76
88 76
7 76
46 77
66 77
28 78
56 79
78 79
43 79
97 84
28 85
70 86
71 87
60 88
11 88
92 89
33 89
52 91
35 93
15 94
91 95
82 96
90 98
75 98
30 99
99 100
