100
81 2147483637
8 2147483637
49 2147483637
100 2147483637
2 2147483637
64 2147483637
81 2147483637
14 2147483637
81 2147483637
72 2147483637
88 2147483638
92 2147483638
44 2147483638
92 2147483638
47 2147483638
80 2147483638
94 2147483638
5 2147483638
48 2147483638
27 2147483638
51 2147483638
52 2147483639
56 2147483639
46 2147483639
11 2147483639
61 2147483639
73 2147483639
46 2147483639
96 2147483639
20 2147483639
4 2147483640
66 2147483640
7 2147483640
35 2147483640
88 2147483640
96 2147483640
11 2147483640
14 2147483640
74 2147483641
4 2147483641
63 2147483641
74 2147483641
19 2147483641
80 2147483641
25 2147483641
78 2147483641
96 2147483642
56 2147483642
64 2147483642
98 2147483642
42 2147483642
65 2147483642
13 2147483642
50 2147483643
26 2147483643
68 2147483643
82 2147483643
53 2147483643
59 2147483643
89 2147483643
8 2147483643
73 2147483643
51 2147483644
44 2147483644
43 2147483644
76 2147483644
39 2147483644
96 2147483644
96 2147483644
6 2147483644
34 2147483644
32 2147483644
55 2147483644
10 2147483645
16 2147483645
71 2147483645
34 2147483645
77 2147483645
44 2147483645
59 2147483645
79 2147483645
10 2147483646
78 2147483646
38 2147483646
45 2147483646
78 2147483646
8 2147483646
96 2147483646
34 2147483646
26 2147483646
53 2147483647
97 2147483647
20 2147483647
31 2147483647
43 2147483647
4 2147483647
42 2147483647
1 2147483647
95 2147483647
80 2147483647
