88
51 1
5 1
56 1
61 2
30 2
15 3
26 5
43 8
84 8
87 10
64 10
59 10
17 11
87 12
57 13
64 13
45 14
67 15
12 15
36 18
14 20
99 21
24 21
80 22
86 23
9 26
13 27
1 30
90 31
18 32
98 33
24 35
52 37
92 38
1 41
4 41
60 41
53 41
87 45
94 50
24 50
18 50
37 51
4 51
93 51
76 56
72 57
71 61
59 65
35 65
70 66
23 66
12 66
76 68
66 68
86 69
21 69
63 71
81 71
11 74
51 74
64 77
15 78
71 79
26 80
59 81
16 81
78 83
71 83
47 83
74 83
54 84
17 85
31 85
40 85
60 89
35 90
38 90
82 92
55 94
88 94
31 95
99 98
67 98
44 98
89 99
27 100
3 100
