100
78 0
44 1
10 2
50 2
67 2
89 3
35 4
75 4
1 4
41 5
68 7
49 8
60 9
85 10
26 10
48 11
10 11
70 12
70 15
73 16
2 16
64 17
35 17
84 17
92 18
15 19
42 19
92 20
10 20
96 21
72 23
84 25
29 26
91 27
7 31
44 31
59 31
5 33
64 33
61 34
60 34
43 35
87 37
34 38
82 38
16 39
12 40
16 40
18 41
17 43
28 43
47 45
74 49
26 50
70 50
9 51
66 51
71 54
73 57
24 60
23 60
9 61
73 61
68 61
33 63
84 63
80 63
2 64
33 64
81 68
67 68
60 73
43 73
75 75
55 75
2 76
39 76
25 79
20 80
83 81
76 81
6 82
64 82
7 85
78 85
55 87
89 87
28 88
40 90
57 92
63 92
72 95
42 95
64 98
43 98
65 98
65 98
41 99
85 100
4 100
