100
46 0
79 0
59 2
66 2
99 4
16 5
33 5
61 5
15 7
70 10
58 10
69 11
98 12
69 12
49 12
55 12
29 12
91 14
100 14
71 15
60 16
73 18
19 20
48 22
49 22
29 23
79 23
41 25
18 27
1 27
74 28
53 29
75 31
33 31
6 33
35 34
64 35
64 37
93 38
54 39
96 43
93 45
51 46
38 49
82 50
10 50
53 50
47 51
47 51
79 52
94 52
71 54
54 55
50 57
96 58
40 58
87 59
65 62
30 63
76 64
28 64
96 65
37 68
6 70
3 71
61 71
10 72
87 74
70 74
39 76
85 77
71 79
10 79
38 79
86 80
71 81
61 81
61 81
28 81
45 82
98 83
84 84
60 85
71 85
27 85
22 85
48 86
75 86
63 88
28 88
87 89
90 91
19 91
42 95
57 95
23 96
31 100
68 100
22 100
47 100
