100
13 2147483637
87 2147483637
84 2147483637
32 2147483637
100 2147483637
44 2147483637
4 2147483637
25 2147483637
41 2147483637
81 2147483637
98 2147483637
92 2147483637
76 2147483637
66 2147483638
75 2147483638
17 2147483638
97 2147483638
100 2147483638
47 2147483638
1 2147483638
25 2147483638
74 2147483638
90 2147483638
86 2147483638
88 2147483639
32 2147483639
86 2147483639
48 2147483639
62 2147483639
18 2147483639
37 2147483639
52 2147483640
71 2147483640
30 2147483640
99 2147483640
38 2147483640
72 2147483640
70 2147483640
26 2147483640
45 2147483640
100 2147483640
40 2147483640
67 2147483640
1 2147483641
67 2147483641
83 2147483641
2 2147483641
24 2147483641
57 2147483641
93 2147483641
63 2147483641
80 2147483642
66 2147483642
77 2147483642
1 2147483642
43 2147483642
67 2147483642
21 2147483643
37 2147483643
47 2147483643
32 2147483643
7 2147483643
78 2147483643
95 2147483643
46 2147483643
53 2147483644
60 2147483644
22 2147483644
99 2147483644
10 2147483644
28 2147483644
24 2147483644
83 2147483644
38 2147483645
7 2147483645
63 2147483645
10 2147483645
78 2147483645
10 2147483645
81 2147483645
97 2147483645
7 2147483645
4 2147483645
41 2147483645
37 2147483645
1 2147483646
37 2147483646
38 2147483646
79 2147483646
71 2147483646
55 2147483646
97 2147483646
84 2147483646
76 2147483646
62 2147483647
56 2147483647
31 2147483647
18 2147483647
61 2147483647
84 2147483647
