100
17 0
40 0
71 3
27 3
40 4
81 5
22 8
45 13
22 13
19 14
92 15
49 15
46 15
15 15
52 16
94 18
23 18
4 18
11 18
91 18
37 19
55 19
9 19
14 20
35 20
38 21
66 22
77 26
38 27
30 28
78 29
71 29
49 31
74 32
82 33
49 33
75 35
93 35
71 36
52 38
84 38
83 39
95 39
10 40
34 41
21 44
16 46
86 46
62 49
24 49
57 50
88 51
52 51
86 52
66 53
27 56
46 56
3 56
25 57
80 57
88 58
47 59
55 60
58 60
76 61
83 63
45 65
14 66
55 67
49 68
68 69
48 69
81 70
4 70
7 72
22 72
49 72
80 74
25 74
16 74
18 75
61 77
86 77
96 78
77 80
56 80
51 83
77 83
97 86
18 87
65 87
87 89
87 95
38 95
34 96
23 96
21 97
8 98
7 100
26 100
