100
37 0
42 1
6 2
37 3
54 5
96 5
82 7
43 11
48 12
82 15
13 15
48 15
80 18
33 18
10 20
91 21
10 21
58 24
49 25
45 26
80 26
71 28
9 30
25 32
34 33
98 34
13 34
93 35
68 37
7 41
80 44
77 44
14 45
20 45
17 49
80 49
4 49
90 50
92 51
57 53
46 53
42 53
60 54
61 54
39 55
16 55
69 55
8 55
90 55
89 57
97 57
87 59
30 62
28 62
17 63
88 64
84 64
26 66
73 67
95 67
84 67
99 68
14 69
11 70
17 71
30 71
87 72
9 72
37 73
78 73
90 74
87 75
30 77
76 77
15 78
54 78
95 79
87 79
37 80
82 80
79 81
90 82
90 83
35 83
29 84
15 86
31 86
29 89
74 89
1 91
65 92
34 94
5 94
77 96
44 96
80 97
42 97
47 97
85 99
47 99
