100
85 0
32 0
6 0
100 1
1 2
76 3
31 3
43 8
19 11
2 12
12 14
10 14
48 17
26 20
60 22
64 24
43 27
98 27
15 28
18 30
31 30
32 31
87 31
74 32
16 32
81 33
26 33
8 33
88 34
37 35
6 36
78 38
82 41
31 41
34 42
54 43
50 43
3 43
7 45
15 46
64 46
27 46
98 47
13 47
60 49
19 49
63 49
60 51
11 51
20 53
25 53
86 53
46 55
71 56
26 56
62 56
85 56
47 57
16 57
58 59
44 61
77 61
38 62
28 64
9 68
45 68
40 69
39 69
89 69
51 69
17 71
1 72
81 73
84 73
62 73
19 74
16 74
23 75
63 76
5 81
66 82
66 85
23 86
57 87
76 87
71 89
33 89
37 89
3 91
51 91
63 94
9 94
10 95
98 97
41 97
77 97
31 97
93 100
97 100
79 100
