100
90 0
27 0
79 0
88 1
40 1
96 2
64 3
23 3
95 3
4 6
65 7
38 9
50 11
97 12
8 13
33 14
66 15
13 16
31 16
69 16
9 20
5 20
36 20
79 21
52 24
82 24
100 25
15 27
62 28
70 28
79 29
100 29
22 30
61 30
11 31
47 33
58 34
30 34
93 35
10 35
53 36
25 36
23 36
66 36
48 38
8 38
25 40
69 42
69 44
61 46
11 46
46 46
20 49
30 49
53 52
7 52
14 55
54 56
32 56
67 57
77 57
6 58
64 58
45 58
66 59
53 59
92 59
56 60
33 61
100 62
6 63
69 63
15 63
62 64
92 66
95 68
67 71
68 72
14 74
40 74
23 75
1 77
12 79
4 80
26 81
75 84
26 87
100 87
9 88
14 88
1 88
96 90
55 91
62 92
5 96
31 96
98 96
10 97
20 97
9 99
