100
36 2
56 2
3 2
57 3
49 3
48 4
28 6
58 8
53 9
12 11
87 12
45 13
14 14
45 14
83 15
38 15
96 17
77 18
17 18
52 19
46 20
92 23
11 24
59 25
91 25
30 26
72 27
15 27
51 27
61 29
12 30
71 30
34 30
19 34
87 36
50 36
99 37
95 37
58 41
96 43
65 45
7 45
63 46
11 47
51 49
5 50
36 51
11 51
88 56
70 57
79 57
1 58
85 61
16 61
47 63
23 64
82 65
42 66
55 66
30 67
42 69
42 72
53 73
77 73
46 73
70 74
22 75
57 76
27 76
27 80
53 80
25 81
41 81
74 81
31 82
79 82
72 82
68 83
31 84
23 85
41 86
46 87
3 88
92 89
38 89
100 91
59 92
3 92
37 92
5 93
97 93
65 93
34 95
94 96
71 97
5 97
53 97
79 98
91 99
69 100
