86
93 0
26 3
17 3
69 4
97 6
60 6
31 8
58 10
65 11
13 12
52 14
74 14
64 15
85 16
98 20
22 23
12 24
71 24
100 25
27 27
12 30
44 32
16 33
13 33
32 34
90 34
92 35
4 36
66 37
81 39
37 40
79 40
68 44
61 46
72 47
28 47
78 48
8 48
39 51
12 53
3 54
84 55
38 56
5 57
82 57
22 59
84 59
52 63
86 65
86 65
12 66
31 66
53 69
13 69
41 70
60 73
19 74
2 75
66 79
39 81
17 82
75 82
38 83
32 83
15 85
66 85
86 89
94 90
47 90
73 92
70 92
49 93
28 93
70 93
32 94
70 94
33 95
89 95
56 96
71 96
72 97
16 97
66 99
31 99
9 100
18 100
