100
63 1
35 1
32 2
9 2
54 5
22 6
31 6
86 6
80 7
72 8
81 8
71 11
67 11
76 13
32 15
98 16
23 16
40 16
100 18
32 19
28 23
57 23
46 23
56 24
22 25
37 25
52 26
93 26
83 27
25 28
5 28
97 29
69 30
9 30
46 31
10 34
56 34
68 34
42 36
41 36
41 37
90 39
85 40
43 40
61 43
19 43
57 44
33 46
55 47
22 48
68 49
92 49
92 50
5 50
49 51
5 51
30 51
37 51
88 52
32 52
57 55
59 56
81 58
18 60
2 60
89 61
94 61
97 62
15 62
89 63
27 66
5 66
40 66
38 67
46 67
41 68
37 70
58 74
39 74
95 77
89 80
69 80
59 83
94 84
96 86
66 87
93 87
69 87
51 87
75 89
15 90
59 90
43 90
44 91
93 91
64 92
49 95
73 96
20 96
67 99
