100
26 2147483637
31 2147483637
59 2147483637
84 2147483637
95 2147483637
14 2147483637
13 2147483637
40 2147483637
91 2147483637
80 2147483637
37 2147483637
69 2147483637
92 2147483638
1 2147483638
82 2147483638
37 2147483638
78 2147483638
57 2147483638
25 2147483638
34 2147483638
26 2147483638
26 2147483638
61 2147483638
39 2147483639
6 2147483639
51 2147483639
88 2147483639
13 2147483639
80 2147483639
35 2147483639
62 2147483639
62 2147483639
41 2147483639
79 2147483639
51 2147483639
85 2147483639
11 2147483640
70 2147483640
77 2147483640
45 2147483640
23 2147483640
88 2147483640
39 2147483641
49 2147483641
42 2147483641
70 2147483641
58 2147483641
13 2147483641
72 2147483641
97 2147483641
5 2147483642
49 2147483642
55 2147483642
65 2147483642
29 2147483642
1 2147483642
65 2147483642
74 2147483642
93 2147483642
38 2147483642
62 2147483643
77 2147483643
17 2147483643
81 2147483643
42 2147483643
77 2147483643
44 2147483643
13 2147483643
66 2147483643
56 2147483643
42 2147483643
94 2147483644
25 2147483644
85 2147483644
9 2147483644
5 2147483644
48 2147483644
52 2147483644
15 2147483644
46 2147483644
5 2147483644
70 2147483645
66 2147483645
22 2147483645
30 2147483645
30 2147483645
24 2147483645
34 2147483646
78 2147483646
45 2147483646
15 2147483646
87 2147483646
7 2147483646
80 2147483646
24 2147483646
43 2147483647
11 2147483647
89 2147483647
8 2147483647
81 2147483647
