98
79 0
93 0
58 1
63 3
16 5
30 5
38 5
55 8
10 8
99 9
79 9
55 11
70 14
37 14
76 14
35 15
3 15
31 16
93 16
87 21
43 21
23 23
95 23
75 24
75 24
100 26
75 26
63 26
40 27
32 28
100 28
33 29
86 29
31 32
30 32
47 33
69 33
11 36
62 36
69 37
52 39
18 39
91 40
63 41
43 41
61 43
92 44
57 44
10 45
16 46
60 47
52 47
22 53
54 53
60 54
22 55
86 56
47 58
38 61
45 62
25 62
30 63
84 64
81 67
73 67
44 68
66 68
22 70
62 71
28 73
16 74
43 74
96 75
28 75
77 75
75 76
26 76
22 76
1 77
65 77
22 79
31 81
66 82
7 83
36 83
52 83
88 86
99 90
38 92
93 94
11 95
39 95
65 96
7 96
58 98
6 98
76 98
29 99
