100
12 3
98 3
95 3
68 3
89 4
24 5
7 5
94 6
89 7
16 8
37 8
86 9
98 9
72 11
96 12
23 13
85 13
71 13
76 16
60 17
30 17
17 19
61 20
26 20
46 20
17 21
13 23
8 25
45 25
10 25
64 26
92 31
99 31
99 34
14 34
92 35
7 35
88 35
22 36
93 36
5 36
90 37
96 37
79 39
42 39
100 40
56 40
96 40
63 41
57 43
77 43
66 44
30 46
18 46
24 46
19 48
72 48
23 50
24 54
78 54
28 55
93 55
25 56
24 57
63 57
50 58
67 59
59 60
66 61
73 61
41 61
93 61
21 62
74 64
27 65
82 66
82 67
60 70
34 70
94 72
95 72
42 73
94 73
43 77
93 78
75 85
66 85
61 86
92 88
5 89
41 89
3 90
40 91
7 94
46 94
94 94
25 95
23 97
2 98
35 99
