100
25 0
3 1
73 2
67 4
14 5
50 6
82 7
14 8
16 9
58 9
96 11
99 12
47 13
42 13
13 15
46 16
58 16
77 21
45 22
19 22
85 22
92 24
82 24
71 25
33 28
21 28
78 32
54 32
8 33
63 33
28 33
8 35
34 36
88 36
34 36
36 37
44 37
54 38
42 39
53 39
29 41
41 42
95 43
18 43
44 46
45 47
12 47
73 48
41 52
99 53
94 54
52 54
24 57
95 59
79 59
43 60
14 60
29 60
79 61
88 61
8 62
56 63
94 63
11 65
81 66
93 68
34 68
52 68
76 73
67 74
5 75
21 75
66 76
60 76
59 78
99 78
77 79
61 79
97 80
83 81
11 81
55 82
100 82
67 83
6 84
1 86
91 87
63 87
18 90
37 91
49 92
28 93
81 95
3 95
29 97
53 97
26 99
43 99
5 100
33 100
