100
58 2147483637
83 2147483637
51 2147483637
31 2147483637
12 2147483637
46 2147483637
96 2147483637
3 2147483637
31 2147483637
12 2147483637
7 2147483637
33 2147483638
30 2147483638
57 2147483638
44 2147483638
7 2147483638
51 2147483638
41 2147483638
6 2147483638
21 2147483638
69 2147483638
76 2147483638
16 2147483638
8 2147483639
62 2147483639
92 2147483639
73 2147483639
35 2147483639
27 2147483639
74 2147483639
77 2147483639
98 2147483639
7 2147483640
52 2147483640
79 2147483640
39 2147483640
35 2147483640
68 2147483640
13 2147483640
10 2147483640
70 2147483640
83 2147483641
30 2147483641
57 2147483641
11 2147483641
43 2147483641
99 2147483641
12 2147483641
91 2147483642
11 2147483642
17 2147483642
82 2147483642
78 2147483642
90 2147483642
68 2147483642
7 2147483642
30 2147483642
51 2147483642
96 2147483642
64 2147483643
48 2147483643
10 2147483643
52 2147483643
61 2147483643
85 2147483643
83 2147483643
100 2147483643
75 2147483643
41 2147483643
29 2147483643
36 2147483644
50 2147483644
99 2147483644
93 2147483644
82 2147483644
65 2147483645
20 2147483645
30 2147483645
28 2147483645
96 2147483645
9 2147483645
46 2147483645
12 2147483645
67 2147483645
82 2147483645
28 2147483645
60 2147483646
21 2147483646
86 2147483646
3 2147483646
34 2147483646
13 2147483647
34 2147483647
11 2147483647
77 2147483647
28 2147483647
72 2147483647
90 2147483647
77 2147483647
15 2147483647
