93
34 1
2 2
41 2
38 6
55 7
61 10
12 11
9 11
88 11
17 12
9 12
85 13
90 15
38 15
68 16
92 18
56 18
60 19
9 20
9 20
67 22
37 22
14 25
32 26
27 27
48 28
7 28
98 30
81 30
47 31
82 31
68 31
88 33
70 34
96 36
100 36
36 36
13 39
39 40
39 40
62 41
41 42
4 43
54 44
28 44
58 45
49 45
9 47
98 48
21 49
97 49
78 52
89 53
13 53
29 55
13 55
69 55
78 58
5 61
91 63
33 63
62 67
63 68
45 69
47 70
87 71
91 72
93 74
82 74
67 76
88 77
74 78
22 78
63 78
73 79
36 80
65 80
72 84
11 87
56 87
63 87
85 89
82 89
9 89
21 90
71 90
38 91
54 92
78 92
64 93
43 96
62 97
73 100
