100
65 0
66 1
68 1
30 1
92 3
34 3
33 4
20 5
73 5
83 7
55 7
52 8
26 10
60 11
2 12
98 13
92 15
81 15
90 15
100 16
21 17
13 17
84 20
93 20
94 23
60 23
58 24
78 25
15 27
90 29
44 30
42 30
75 31
74 31
30 31
10 32
71 33
4 34
73 34
70 34
40 36
61 37
58 37
97 40
25 42
34 42
89 43
44 44
89 44
94 48
11 50
6 50
36 51
48 52
41 53
45 53
82 55
93 60
23 60
98 64
81 66
100 67
25 68
83 69
18 70
30 71
54 71
15 71
65 71
45 72
40 73
80 73
66 73
83 75
38 75
69 76
75 77
24 77
29 78
91 78
25 78
50 81
61 82
1 82
79 83
80 83
100 84
16 84
47 89
85 92
5 94
86 95
57 96
72 96
10 97
82 98
49 99
58 99
25 100
78 100
