100
25 1
75 2
81 2
62 2
8 5
10 6
12 9
21 9
91 11
93 11
83 11
21 13
24 14
98 14
89 15
5 17
62 17
92 23
48 24
70 26
36 26
79 27
71 28
80 29
47 30
76 33
48 34
62 35
66 35
5 36
51 37
81 38
8 38
1 38
31 39
83 40
27 40
56 43
59 43
54 44
28 48
59 50
53 54
81 56
60 56
97 56
52 58
51 58
64 58
84 58
69 59
58 60
17 61
76 61
15 61
7 62
78 64
62 64
54 64
60 65
38 65
97 66
48 67
67 68
6 69
30 69
48 70
87 71
49 72
71 73
55 74
44 75
3 77
69 79
48 81
16 81
76 81
59 82
64 84
3 84
77 85
41 90
27 90
88 91
16 91
90 92
21 92
84 93
49 93
89 93
23 94
55 94
28 95
62 97
23 97
16 97
31 98
68 98
59 100
92 100
