100
90 0
86 2
88 7
32 8
86 8
48 8
62 9
18 11
37 11
52 13
71 14
30 15
99 15
38 15
72 15
70 16
26 16
45 17
100 18
40 19
67 21
1 21
67 24
83 25
2 25
24 25
57 26
93 28
63 28
80 29
66 30
77 32
1 33
43 36
67 37
21 37
37 37
47 38
32 41
7 42
78 42
95 43
46 43
53 43
60 43
22 46
99 46
10 46
28 47
24 48
83 50
38 50
7 52
63 53
10 54
78 55
10 55
81 55
97 59
7 60
4 62
41 62
37 63
1 63
37 64
38 68
79 69
71 69
55 69
97 69
84 71
76 73
62 76
56 76
31 77
18 79
61 80
84 80
20 81
63 82
15 82
28 83
75 84
43 85
10 86
40 86
48 86
24 86
12 87
53 89
73 89
89 89
99 90
50 94
30 97
16 97
66 97
87 98
24 98
66 98
