100
38 0
48 0
62 3
65 6
61 7
98 9
57 9
18 9
71 10
94 14
67 18
50 20
49 20
28 21
99 21
29 21
91 23
23 25
32 26
6 27
91 27
64 29
10 29
36 30
82 31
83 31
32 36
59 37
76 37
28 37
73 42
41 45
70 46
15 47
20 49
91 49
48 49
3 49
88 50
57 50
65 50
74 50
82 52
26 53
48 53
73 54
17 55
22 55
5 55
23 57
24 57
32 58
44 59
71 60
93 61
40 61
80 63
28 63
46 65
7 66
59 70
32 71
33 71
27 72
13 74
71 74
10 77
35 77
21 77
46 79
85 79
64 80
56 80
5 82
9 82
78 82
100 82
36 83
48 83
74 83
2 86
87 86
14 86
63 87
32 91
82 91
13 91
36 93
93 93
98 93
68 93
42 94
38 95
15 96
4 96
3 97
86 97
98 98
30 99
21 100
