100
38 0
72 2
24 2
1 4
67 4
89 6
56 7
8 9
10 9
33 10
54 10
9 11
6 11
21 11
14 11
86 13
23 14
20 16
27 17
45 19
54 19
55 19
27 19
5 20
95 21
60 22
57 23
14 23
55 24
33 25
98 26
24 26
17 28
25 28
91 30
17 31
67 31
28 31
70 31
76 32
95 33
84 33
88 33
55 35
64 37
66 38
13 38
13 39
20 40
100 40
88 41
65 42
54 43
52 43
6 45
79 46
19 46
85 47
33 47
62 48
11 49
41 52
24 53
20 54
52 58
25 60
16 62
63 63
89 64
59 66
45 66
86 67
47 68
30 68
7 69
15 69
58 70
20 74
78 75
38 77
74 79
79 79
25 80
40 80
35 82
35 83
77 83
87 85
52 85
40 86
55 87
6 89
65 90
3 92
35 92
98 92
94 94
93 95
21 97
59 98
