97
47 0
60 0
15 3
22 4
3 5
83 10
1 10
45 11
71 12
19 13
61 13
85 14
78 16
35 20
61 20
79 20
69 21
86 23
99 24
40 26
29 26
39 26
41 31
84 31
81 31
60 33
48 33
57 35
4 35
73 39
58 39
39 40
44 40
1 41
4 43
37 44
57 45
78 46
56 46
40 47
20 48
33 48
81 49
55 50
94 50
22 50
38 52
56 52
16 53
26 55
63 56
53 59
17 59
5 59
98 61
46 62
99 62
1 63
46 63
6 65
47 66
85 66
2 67
3 70
68 70
65 70
4 71
11 71
5 73
98 73
30 78
18 78
76 79
72 81
31 82
78 82
77 82
68 84
35 85
5 85
63 86
13 86
1 86
29 89
28 89
1 90
11 92
64 92
98 93
85 93
95 93
19 95
99 97
87 97
16 97
44 98
87 100
