100
83 0
89 2
59 2
58 2
96 2
73 5
15 8
7 9
82 9
36 11
71 12
77 13
61 15
22 16
35 18
6 19
27 20
48 23
28 26
55 27
80 27
12 27
26 28
49 29
43 31
57 35
100 36
83 37
23 37
35 38
13 40
21 41
5 42
75 42
98 43
85 45
69 45
68 45
57 46
3 46
52 48
96 48
39 48
85 48
59 49
43 51
80 53
41 57
68 57
27 57
64 57
38 58
90 59
7 61
75 61
41 64
33 65
15 66
55 67
27 68
38 70
78 70
36 73
44 73
68 75
99 75
100 76
95 76
99 76
41 78
6 81
7 81
60 83
17 83
89 84
65 84
44 86
63 86
97 87
21 87
56 88
69 88
51 88
58 88
78 89
57 90
87 90
73 90
39 91
20 91
66 91
5 92
62 92
74 94
49 94
13 94
16 95
97 97
68 97
89 99
