94
34 0
37 0
47 2
87 2
4 2
92 4
43 5
30 5
20 7
57 7
35 11
83 12
84 18
97 19
41 19
90 20
20 21
31 21
88 21
31 23
32 24
54 24
37 24
89 27
64 27
10 28
4 33
27 33
93 35
60 36
26 36
28 36
41 37
94 38
44 40
64 41
85 41
15 42
85 45
59 45
26 45
56 47
49 47
39 48
14 51
38 51
15 54
43 54
59 56
87 58
36 59
37 59
68 59
8 60
54 61
56 62
27 62
44 64
77 65
59 65
37 66
75 67
1 69
70 70
8 72
63 72
96 73
72 76
41 76
28 81
75 82
73 82
49 83
87 83
90 86
94 87
12 87
29 87
39 88
51 91
99 93
45 93
95 94
58 94
93 94
61 94
41 95
24 96
71 96
85 96
56 98
26 99
75 100
29 100
