100
42 0
31 0
86 2
15 3
1 4
70 4
51 5
45 5
97 6
98 6
48 7
66 10
68 10
74 13
75 14
83 14
89 14
19 14
6 15
71 15
31 15
8 16
58 20
22 22
59 22
78 23
70 24
23 24
88 25
82 26
97 27
7 28
6 29
7 32
59 32
15 33
74 33
76 34
8 34
36 34
87 37
3 38
6 38
49 38
4 39
56 39
29 40
93 44
34 48
84 50
38 53
81 56
83 57
92 58
57 58
69 59
11 59
22 62
10 63
55 64
90 64
31 67
11 67
43 68
41 68
49 68
67 70
5 70
8 71
1 74
61 75
76 76
66 76
15 76
7 77
54 79
49 81
53 81
94 82
44 82
4 82
42 83
36 83
57 84
52 86
20 86
86 87
10 87
26 87
13 88
50 89
95 90
48 90
15 91
41 92
62 94
22 94
35 95
34 97
96 100
