100
89 2147483637
94 2147483637
77 2147483637
22 2147483637
54 2147483637
29 2147483637
70 2147483637
43 2147483637
31 2147483637
8 2147483637
52 2147483637
8 2147483638
82 2147483638
57 2147483638
9 2147483638
42 2147483638
67 2147483638
8 2147483639
54 2147483639
58 2147483639
70 2147483639
98 2147483639
57 2147483639
52 2147483639
27 2147483639
5 2147483640
85 2147483640
20 2147483640
9 2147483640
59 2147483640
1 2147483640
57 2147483640
78 2147483640
43 2147483640
6 2147483641
83 2147483641
6 2147483641
31 2147483642
96 2147483642
13 2147483642
72 2147483642
93 2147483642
3 2147483642
92 2147483642
45 2147483642
81 2147483642
45 2147483642
25 2147483643
67 2147483643
31 2147483643
55 2147483643
7 2147483643
66 2147483643
59 2147483643
64 2147483643
1 2147483643
3 2147483643
39 2147483644
72 2147483644
25 2147483644
13 2147483644
18 2147483644
44 2147483644
9 2147483644
71 2147483644
28 2147483644
67 2147483644
24 2147483644
62 2147483644
85 2147483644
35 2147483645
54 2147483645
32 2147483645
25 2147483645
40 2147483645
32 2147483645
52 2147483646
20 2147483646
83 2147483646
71 2147483646
96 2147483646
20 2147483646
33 2147483646
58 2147483646
95 2147483646
64 2147483646
23 2147483646
24 2147483646
15 2147483646
54 2147483646
87 2147483646
96 2147483647
71 2147483647
37 2147483647
33 2147483647
6 2147483647
14 2147483647
42 2147483647
70 2147483647
100 2147483647
