100
56 4
85 4
39 8
84 9
34 9
99 9
48 9
68 10
15 11
76 13
79 14
76 14
96 16
10 17
43 18
83 19
38 19
12 20
48 22
83 23
70 24
28 24
74 25
81 25
32 26
47 27
34 29
94 30
68 31
88 33
85 34
41 36
33 38
46 39
79 41
50 42
38 43
67 44
61 44
43 46
24 50
22 50
67 50
97 51
90 52
82 53
22 53
48 54
86 55
16 56
69 57
64 57
26 63
57 66
38 66
96 66
96 67
92 67
72 68
32 70
58 70
8 71
48 71
41 71
54 72
9 73
42 73
12 75
88 76
30 76
57 76
88 76
57 77
51 77
31 78
65 79
49 80
7 81
53 82
22 83
50 83
8 84
68 84
12 85
93 85
11 87
80 88
59 88
68 89
91 90
78 91
15 93
47 93
84 93
40 93
67 99
79 99
47 99
22 100
72 100
