100
33 2147483637
78 2147483637
86 2147483637
47 2147483637
12 2147483637
45 2147483637
29 2147483637
19 2147483637
48 2147483637
12 2147483637
9 2147483637
56 2147483637
63 2147483637
12 2147483638
86 2147483638
51 2147483638
66 2147483638
17 2147483638
83 2147483638
5 2147483638
77 2147483638
30 2147483638
62 2147483638
32 2147483638
60 2147483638
88 2147483638
57 2147483639
27 2147483639
60 2147483639
95 2147483639
33 2147483639
18 2147483639
86 2147483640
87 2147483640
11 2147483640
30 2147483640
63 2147483640
97 2147483640
53 2147483640
99 2147483640
3 2147483640
17 2147483640
17 2147483640
11 2147483641
66 2147483641
12 2147483641
67 2147483641
77 2147483641
51 2147483641
18 2147483641
44 2147483641
46 2147483641
27 2147483641
48 2147483641
52 2147483641
87 2147483641
77 2147483641
79 2147483642
69 2147483642
12 2147483642
5 2147483642
65 2147483642
80 2147483642
68 2147483642
26 2147483643
75 2147483643
64 2147483643
93 2147483643
18 2147483643
37 2147483643
98 2147483643
45 2147483643
35 2147483644
99 2147483644
30 2147483644
31 2147483644
41 2147483644
47 2147483644
77 2147483644
46 2147483644
57 2147483644
24 2147483645
37 2147483645
3 2147483645
48 2147483645
18 2147483646
47 2147483646
43 2147483646
28 2147483646
96 2147483646
78 2147483646
13 2147483646
22 2147483647
60 2147483647
20 2147483647
61 2147483647
20 2147483647
68 2147483647
63 2147483647
65 2147483647
