100
88 0
69 0
19 1
60 1
25 1
40 1
2 2
48 2
66 2
2 3
59 6
9 7
43 9
89 9
88 12
83 12
51 13
17 14
27 18
21 19
24 19
15 20
89 20
88 21
71 23
70 24
1 26
7 30
83 31
53 35
39 36
1 37
44 37
18 38
32 41
10 42
35 42
19 44
78 45
95 46
35 46
63 46
77 46
27 47
9 47
80 47
1 54
79 55
27 56
48 57
78 59
40 61
53 63
25 63
70 63
75 63
51 64
99 64
78 65
14 66
26 66
88 66
52 67
14 67
92 68
45 68
28 69
23 70
54 71
78 71
42 71
97 73
15 75
14 77
59 77
83 78
41 80
61 81
5 82
96 83
11 84
99 84
13 85
49 86
64 87
40 87
97 90
100 90
37 91
55 92
76 92
74 92
57 92
95 92
70 92
68 95
89 99
37 99
1 100
60 100
