95
45 0
43 0
5 2
17 2
34 3
60 3
45 4
34 5
6 5
38 10
54 12
85 13
64 15
35 15
60 16
97 17
90 18
32 19
76 19
98 20
44 20
32 21
65 21
82 22
60 23
70 25
50 25
4 28
38 31
19 33
84 33
93 36
36 37
63 38
70 38
92 38
86 39
78 39
23 39
85 40
34 41
64 43
63 44
75 44
76 45
28 46
98 47
60 47
67 47
61 48
53 48
96 49
41 52
75 52
34 53
19 55
84 57
7 57
70 59
41 59
1 59
94 61
32 62
18 62
65 63
29 65
19 67
5 67
60 68
31 72
95 73
22 74
36 76
29 76
65 77
50 79
54 85
21 85
92 85
80 86
87 86
22 86
2 88
91 90
74 90
11 90
59 91
60 94
19 95
31 96
68 96
66 97
36 99
27 100
35 100
