100
37 2147483637
50 2147483637
76 2147483637
22 2147483637
65 2147483637
92 2147483637
57 2147483637
91 2147483637
96 2147483638
33 2147483638
66 2147483638
1 2147483638
20 2147483638
16 2147483638
1 2147483638
34 2147483638
13 2147483639
54 2147483639
99 2147483639
98 2147483639
40 2147483639
63 2147483639
18 2147483639
60 2147483639
67 2147483640
65 2147483640
95 2147483640
51 2147483640
92 2147483640
20 2147483640
41 2147483640
16 2147483640
13 2147483640
33 2147483640
26 2147483640
38 2147483640
50 2147483640
85 2147483640
29 2147483641
8 2147483641
97 2147483641
18 2147483641
91 2147483641
58 2147483641
15 2147483641
18 2147483641
84 2147483641
83 2147483642
100 2147483642
83 2147483642
21 2147483642
97 2147483642
100 2147483642
92 2147483642
3 2147483642
27 2147483642
51 2147483642
88 2147483642
60 2147483642
7 2147483642
69 2147483642
78 2147483643
11 2147483643
6 2147483643
85 2147483643
96 2147483643
32 2147483643
10 2147483643
93 2147483644
97 2147483644
31 2147483644
86 2147483644
29 2147483644
59 2147483644
52 2147483644
54 2147483644
45 2147483645
42 2147483645
40 2147483645
92 2147483645
38 2147483645
63 2147483645
40 2147483645
13 2147483645
52 2147483645
28 2147483646
24 2147483646
29 2147483646
20 2147483646
58 2147483646
30 2147483646
41 2147483646
93 2147483647
75 2147483647
16 2147483647
41 2147483647
18 2147483647
96 2147483647
22 2147483647
83 2147483647
