91
51 0
47 2
33 2
44 5
18 5
43 6
19 6
30 7
3 7
45 7
42 9
49 10
21 10
42 11
17 11
34 11
51 11
4 12
27 12
18 12
48 13
14 13
48 13
5 13
48 14
21 15
39 16
31 20
15 21
43 21
21 21
2 22
17 22
14 22
42 26
39 27
42 28
37 29
50 29
12 29
26 30
32 31
31 31
27 31
35 33
35 33
21 34
30 35
14 36
13 37
13 38
25 38
35 38
49 39
30 39
28 39
27 41
14 42
36 42
23 42
30 42
49 43
44 43
28 43
18 43
22 44
21 44
22 44
42 45
32 45
23 47
32 47
21 48
35 48
14 49
52 49
30 49
12 50
36 50
49 51
49 52
10 53
48 53
22 54
6 54
35 54
1 54
3 55
30 55
36 56
9 56
