100
93 3
50 6
81 8
79 8
41 9
49 10
32 15
15 15
66 15
73 16
63 16
3 16
74 17
54 17
89 19
85 20
32 20
98 20
19 21
68 21
90 22
79 23
69 28
55 31
7 31
16 34
43 34
76 36
12 36
76 37
87 40
64 43
32 44
22 44
61 44
3 45
2 45
78 47
25 56
17 56
98 56
75 57
88 58
12 58
43 58
89 60
38 60
42 60
98 60
100 61
52 61
40 61
62 62
42 63
6 63
22 63
84 65
84 66
54 67
37 68
97 68
47 69
43 69
25 70
25 70
86 72
70 72
29 73
64 74
60 75
75 75
29 76
97 76
89 76
99 76
24 78
64 78
8 79
80 79
71 79
2 83
60 84
100 86
34 89
15 90
76 92
34 93
41 94
14 94
85 94
22 95
84 95
4 95
28 97
21 97
43 98
31 98
55 98
53 99
7 100
