100
38 0
25 2
93 2
99 2
46 4
4 5
36 7
79 7
34 7
41 8
88 8
68 9
57 9
77 10
55 10
80 12
16 12
44 13
6 15
41 16
50 17
34 17
51 19
92 19
89 20
82 20
43 20
92 22
43 22
90 26
76 29
90 30
40 31
86 32
83 33
43 33
69 33
68 34
70 35
83 36
86 37
49 37
93 39
45 39
48 40
22 40
61 40
87 41
70 42
99 43
69 46
38 46
29 47
47 47
34 48
18 49
68 51
98 55
36 56
18 57
11 57
90 59
35 60
51 60
65 60
44 65
8 66
66 66
99 67
68 67
55 72
40 73
98 73
82 74
4 74
91 78
84 78
37 79
11 79
86 80
77 81
51 83
88 85
96 86
89 86
17 89
5 89
1 90
9 90
29 90
50 91
17 92
45 92
65 92
60 93
64 95
18 96
51 98
61 100
21 100
