96
8 0
79 1
73 1
27 4
73 5
23 7
5 7
74 7
8 11
60 11
56 11
45 14
94 16
91 16
55 16
79 18
87 18
52 18
20 19
94 19
4 19
35 22
78 23
82 24
61 25
32 28
29 34
15 35
33 38
41 41
62 41
28 42
15 42
23 44
21 46
54 47
10 47
1 47
100 47
70 48
77 48
76 48
14 49
38 51
22 51
48 51
15 52
30 52
29 52
39 53
91 53
25 54
33 54
70 56
18 57
86 59
1 59
16 60
5 60
96 65
59 65
17 67
39 67
28 67
39 69
52 69
67 69
74 71
11 73
1 73
58 74
38 74
94 74
76 76
73 77
84 77
32 77
76 80
71 81
70 81
20 82
40 82
67 82
43 82
62 83
28 84
35 84
60 87
75 87
62 93
55 95
73 96
5 97
92 99
22 99
5 99
