100
48 3
95 4
9 5
71 5
32 7
26 7
37 8
78 9
61 9
28 11
39 11
81 12
22 12
52 14
58 16
86 22
56 24
53 24
57 26
98 28
29 28
58 29
22 29
71 29
58 31
66 32
24 33
61 33
35 34
11 35
4 36
54 36
57 37
65 38
86 39
62 39
24 40
61 42
92 43
40 44
84 45
50 47
85 51
94 52
84 52
2 55
74 56
7 57
93 58
59 59
22 59
17 63
63 64
77 66
35 66
47 67
42 69
75 69
2 70
78 70
73 72
64 73
63 73
41 73
49 73
80 74
82 74
60 75
93 75
23 75
27 76
48 76
74 78
3 80
62 81
76 82
35 84
30 86
15 86
22 86
26 87
55 88
62 88
9 89
80 90
23 90
47 93
12 93
41 94
32 95
25 95
78 96
4 96
48 96
37 96
79 96
50 98
64 98
19 99
40 99
