100
59 0
44 1
1 3
80 3
52 4
67 7
22 8
9 8
83 9
71 9
61 10
83 11
78 12
15 14
6 14
38 15
10 16
84 16
44 16
17 18
42 23
75 23
83 24
63 25
37 25
26 26
43 28
10 29
18 29
35 29
27 30
55 30
30 31
76 32
93 33
69 35
6 36
52 36
81 36
53 37
55 37
72 38
55 39
22 39
3 42
11 43
77 44
58 45
75 46
10 51
7 51
66 51
54 51
90 51
30 52
80 54
14 56
33 58
12 58
63 59
66 59
87 60
51 61
59 61
14 64
78 65
32 65
56 66
32 66
10 66
91 68
44 69
61 71
59 76
93 76
97 76
17 77
3 80
43 82
16 82
62 82
55 84
55 84
7 85
18 86
95 87
100 87
30 88
79 89
53 90
59 92
90 92
58 92
15 93
25 94
91 96
82 96
31 99
28 99
10 99
