100
20 2
89 3
30 4
50 5
22 6
54 7
80 8
70 9
47 9
97 10
26 10
1 11
66 11
46 11
41 12
1 14
28 15
62 16
19 16
100 17
31 18
51 19
90 19
80 20
53 20
72 20
83 23
27 24
64 24
23 24
1 26
62 27
48 27
38 28
4 28
50 28
15 29
43 29
82 30
12 33
52 34
62 35
11 35
34 35
3 36
38 36
65 36
10 37
39 37
69 38
29 38
36 39
62 39
2 42
42 43
1 46
66 49
11 49
95 50
21 51
15 53
25 53
65 57
67 58
66 58
95 59
44 59
34 61
68 62
77 65
8 67
83 70
55 71
51 73
9 75
20 75
73 76
38 76
62 78
73 81
22 81
9 82
70 82
58 83
42 84
31 85
86 86
15 87
1 88
70 89
51 92
45 93
97 93
98 94
48 95
66 98
68 99
74 99
75 99
83 99
