100
11 0
63 0
13 1
95 4
89 4
92 5
34 6
93 7
47 7
83 8
93 9
31 10
97 10
87 11
8 12
42 18
24 18
66 20
19 21
78 21
71 22
42 22
54 23
76 24
6 24
20 26
66 26
63 27
74 27
90 28
76 28
8 28
5 29
17 29
53 29
86 30
22 31
2 35
66 36
81 37
34 39
63 39
50 40
15 43
61 44
24 45
54 45
25 45
90 46
41 48
65 50
62 50
56 51
39 52
34 53
29 54
47 55
5 55
28 56
53 57
81 57
11 61
28 62
54 62
34 63
97 65
9 66
55 68
67 68
15 69
98 71
45 72
16 73
59 73
48 73
65 76
62 76
82 79
74 79
16 80
6 80
36 82
53 82
48 82
6 83
16 84
41 86
11 87
17 87
3 88
11 89
82 89
66 89
11 90
32 92
8 94
30 99
48 99
56 99
69 99
