100
72 1
11 2
88 2
20 5
64 7
5 7
39 11
81 11
48 11
4 13
95 15
76 15
50 17
28 19
91 19
98 19
45 20
91 21
4 21
80 22
14 23
80 23
18 23
70 24
48 25
35 26
63 27
5 31
91 32
12 33
38 34
94 34
87 35
68 35
88 37
17 37
52 37
100 38
75 39
25 39
54 41
29 41
8 42
74 43
66 44
13 46
27 46
3 48
58 50
71 51
78 51
51 52
56 53
87 54
36 55
54 56
77 57
5 60
31 62
15 63
80 63
56 64
21 64
7 67
62 69
65 70
92 71
13 72
50 72
72 72
25 72
62 74
26 76
66 76
66 77
15 78
69 79
60 79
1 79
34 80
3 83
72 83
4 85
27 86
7 86
37 86
73 87
22 87
6 88
54 89
96 90
51 90
82 92
15 92
29 93
56 93
62 94
50 94
3 96
85 100
