88
53 0
37 1
71 3
10 4
61 11
9 11
58 15
79 17
71 19
71 19
76 20
42 21
74 25
13 26
90 27
33 30
34 30
33 35
31 35
95 39
81 42
82 42
66 43
47 43
45 44
70 44
69 48
49 49
95 50
14 50
13 50
9 51
7 52
76 52
43 53
57 53
79 55
64 55
93 56
6 57
46 57
27 58
27 58
96 59
69 59
55 59
8 60
18 62
92 62
59 63
38 64
71 65
18 66
100 66
100 67
16 68
39 69
39 70
60 70
86 70
79 72
21 72
2 72
79 74
37 75
30 75
66 76
50 79
23 80
66 81
6 81
8 82
91 82
30 84
2 86
19 87
83 89
74 89
1 94
35 94
88 94
31 94
19 95
33 96
45 97
54 98
73 99
57 99
