100
86 0
13 0
12 3
91 3
73 4
60 6
97 7
6 7
62 7
97 7
3 8
90 8
20 8
79 10
54 12
76 13
90 13
21 14
64 16
63 17
24 17
98 17
29 18
97 21
62 27
76 28
78 28
11 29
76 30
4 31
96 32
41 33
20 34
62 34
71 35
36 38
52 39
98 39
99 40
1 41
90 42
3 42
1 43
44 43
86 43
94 44
17 45
92 47
92 47
55 48
91 48
56 48
15 50
72 51
78 51
49 52
31 53
44 53
62 53
24 54
100 58
95 62
91 63
74 63
95 64
77 66
80 67
25 68
40 69
65 69
84 70
98 71
26 73
1 73
87 73
69 76
56 78
61 80
1 81
83 81
18 81
19 82
30 83
20 84
33 85
64 86
94 87
45 88
100 89
81 92
29 94
48 94
58 94
65 95
100 96
3 96
36 97
59 98
20 99
28 100
