92
81 0
94 1
42 4
22 5
3 5
55 5
33 5
45 7
3 10
13 10
76 11
64 12
64 12
18 12
64 13
81 13
89 14
65 14
80 15
84 17
41 18
38 19
92 22
79 22
79 23
53 26
29 28
67 31
60 31
82 31
80 32
60 35
56 36
99 36
89 38
30 38
11 39
81 40
84 41
41 41
16 41
96 42
59 45
4 48
14 48
88 49
50 50
12 52
92 53
50 53
70 54
9 54
9 55
68 57
55 57
8 57
96 57
29 57
22 58
53 59
4 59
62 59
34 61
71 62
34 62
31 62
53 63
49 64
16 65
59 65
33 67
86 70
48 71
33 74
17 77
10 78
4 81
9 81
68 81
2 82
11 83
11 85
77 87
20 89
58 90
100 90
15 94
19 94
97 95
55 96
96 96
93 98
