92
53 0
35 0
68 0
45 0
4 1
54 1
16 2
97 3
1 6
32 7
4 8
51 10
63 12
25 12
61 13
67 14
37 15
68 16
70 18
85 19
24 19
51 21
61 22
5 23
92 23
62 24
52 26
71 27
67 27
47 27
86 27
36 27
36 29
61 29
44 30
66 32
74 41
40 41
40 42
95 42
44 43
17 46
26 47
35 50
94 50
73 51
99 53
89 54
78 54
71 55
72 56
30 57
90 58
33 59
35 60
77 60
44 64
94 64
58 65
4 67
4 67
90 67
49 69
91 71
86 71
11 71
60 72
1 73
57 74
88 74
49 77
50 78
42 79
62 80
6 81
29 82
45 82
81 83
86 83
68 83
79 84
53 84
93 85
80 91
61 92
11 92
14 93
71 95
42 96
66 97
56 98
96 100
