100
34 1
57 1
99 2
91 5
62 5
85 5
90 5
99 7
6 8
54 12
66 14
15 15
84 15
40 19
99 20
85 20
13 20
79 22
81 22
66 23
79 24
28 25
76 25
37 25
55 26
2 26
60 26
70 28
59 29
15 30
15 30
38 31
25 32
1 32
95 33
44 35
16 36
11 36
64 38
89 38
45 40
47 40
31 40
56 42
14 42
37 43
92 45
6 45
60 46
96 48
41 48
51 51
75 52
58 56
32 56
15 56
98 57
86 57
17 58
10 60
9 62
27 64
26 65
37 65
13 65
80 66
98 66
83 66
11 67
61 68
20 69
67 69
44 70
33 72
17 73
35 74
6 78
47 78
51 79
45 84
66 85
82 89
47 89
100 92
86 92
37 93
50 93
76 94
22 94
65 94
92 94
57 95
91 97
96 97
33 98
66 98
1 98
20 99
16 100
1 100
