100
31 0
2 0
54 3
36 5
76 5
83 6
28 6
50 7
7 7
77 8
74 9
46 11
38 11
48 11
46 12
15 13
20 13
62 16
52 17
48 18
90 18
43 18
46 20
99 20
36 21
44 22
54 24
29 25
65 25
87 25
28 26
99 27
81 28
15 30
47 30
49 30
5 38
27 38
78 39
83 41
4 42
49 43
27 43
91 44
36 45
45 45
35 46
83 47
10 50
26 51
75 53
70 53
64 53
17 54
89 55
5 55
88 55
65 56
60 56
65 59
83 60
96 64
38 64
46 65
88 65
97 66
90 66
33 66
70 67
50 70
43 71
49 72
25 73
34 73
27 74
39 74
60 75
35 76
71 77
87 78
2 79
66 79
25 80
60 84
29 86
94 87
51 90
61 90
93 91
49 92
17 94
57 94
74 94
55 96
74 97
27 98
11 98
56 98
8 99
73 100
