100
5 2147483637
41 2147483637
30 2147483637
74 2147483637
20 2147483637
86 2147483637
71 2147483637
17 2147483637
53 2147483637
99 2147483637
54 2147483637
18 2147483637
51 2147483637
82 2147483638
66 2147483638
61 2147483638
52 2147483638
48 2147483638
50 2147483638
23 2147483638
96 2147483639
83 2147483639
2 2147483639
66 2147483639
4 2147483639
77 2147483639
20 2147483639
24 2147483639
52 2147483639
35 2147483639
63 2147483639
6 2147483639
11 2147483640
29 2147483640
42 2147483640
43 2147483640
9 2147483640
70 2147483640
34 2147483641
1 2147483641
56 2147483641
60 2147483641
36 2147483641
30 2147483641
56 2147483641
59 2147483641
85 2147483641
14 2147483641
87 2147483641
93 2147483641
47 2147483642
35 2147483642
92 2147483642
14 2147483642
91 2147483642
6 2147483642
59 2147483642
100 2147483643
46 2147483643
61 2147483643
24 2147483643
52 2147483643
23 2147483643
15 2147483643
99 2147483643
42 2147483643
3 2147483644
51 2147483644
5 2147483644
50 2147483644
86 2147483644
61 2147483644
57 2147483644
35 2147483644
31 2147483644
91 2147483644
71 2147483644
1 2147483645
89 2147483645
35 2147483645
17 2147483645
29 2147483645
89 2147483645
77 2147483645
1 2147483646
72 2147483646
39 2147483646
98 2147483646
67 2147483646
40 2147483646
75 2147483646
78 2147483646
22 2147483647
91 2147483647
76 2147483647
96 2147483647
37 2147483647
76 2147483647
12 2147483647
79 2147483647
