100
73 0
62 0
29 3
72 3
4 5
36 7
38 7
27 9
92 9
44 9
54 10
47 10
33 10
27 11
53 12
55 13
26 14
97 14
26 14
13 16
28 16
89 16
17 17
68 18
82 19
82 21
71 21
57 21
99 21
76 23
36 24
89 24
94 26
33 28
75 28
13 30
29 34
92 37
54 40
99 41
11 42
93 42
94 44
86 45
98 46
42 47
9 47
94 48
97 48
95 49
39 49
38 50
86 51
6 51
70 53
52 53
80 53
79 53
100 56
4 57
42 59
100 61
60 61
25 62
76 65
63 65
22 65
27 67
29 67
47 69
89 70
50 71
82 72
83 72
61 75
62 75
92 77
19 79
30 80
81 80
22 81
89 81
94 82
65 82
82 83
86 83
48 85
66 89
54 91
63 92
69 93
24 93
40 93
42 94
73 96
80 98
48 98
45 98
12 99
86 99
