100
69 1
49 2
36 3
36 4
76 5
69 5
87 6
51 6
29 6
100 8
56 9
87 9
31 11
5 12
86 12
36 14
73 15
80 15
5 16
33 16
72 17
43 17
30 17
52 18
7 18
94 21
86 21
63 22
57 23
14 25
83 29
38 29
5 29
93 29
3 30
85 31
76 33
66 34
52 37
14 38
45 38
76 38
6 39
49 39
86 40
35 42
81 48
41 48
11 50
93 51
65 51
63 53
83 53
4 53
30 54
17 55
79 55
13 57
5 57
51 58
70 59
20 60
46 60
21 61
93 61
9 62
38 63
30 67
22 67
15 68
57 69
64 70
9 71
39 72
32 75
47 76
88 79
6 79
10 79
43 82
29 82
22 83
85 86
59 87
28 87
48 88
9 88
19 89
21 91
42 92
81 92
18 93
32 94
13 95
43 95
89 97
82 98
86 99
36 99
27 100
