100
15 2147483637
80 2147483637
6 2147483637
32 2147483637
95 2147483637
3 2147483637
53 2147483637
83 2147483638
82 2147483638
45 2147483638
70 2147483638
35 2147483638
84 2147483638
90 2147483638
25 2147483638
23 2147483638
29 2147483638
43 2147483639
31 2147483639
15 2147483639
55 2147483639
58 2147483639
76 2147483639
97 2147483639
51 2147483639
55 2147483639
63 2147483640
76 2147483640
1 2147483640
24 2147483640
51 2147483640
28 2147483640
31 2147483640
40 2147483640
16 2147483640
78 2147483640
56 2147483641
91 2147483641
19 2147483641
22 2147483641
74 2147483641
73 2147483641
8 2147483641
2 2147483641
88 2147483641
81 2147483641
2 2147483642
42 2147483642
41 2147483642
45 2147483642
23 2147483642
99 2147483642
100 2147483642
65 2147483642
45 2147483642
50 2147483642
83 2147483642
78 2147483642
30 2147483643
59 2147483643
38 2147483643
61 2147483643
21 2147483643
58 2147483643
59 2147483643
39 2147483643
74 2147483643
43 2147483643
7 2147483643
66 2147483644
48 2147483644
88 2147483644
93 2147483644
98 2147483644
59 2147483644
44 2147483644
22 2147483645
66 2147483645
80 2147483645
3 2147483645
90 2147483645
52 2147483646
38 2147483646
86 2147483646
48 2147483646
71 2147483646
16 2147483646
96 2147483646
96 2147483646
30 2147483646
18 2147483647
58 2147483647
83 2147483647
96 2147483647
93 2147483647
1 2147483647
23 2147483647
24 2147483647
54 2147483647
95 2147483647
