90
33 0
80 1
86 1
67 2
46 3
52 4
53 9
86 13
32 14
24 15
89 18
100 18
20 19
63 21
34 21
70 22
60 22
64 23
35 26
95 27
34 28
99 30
37 30
60 31
59 31
95 33
9 34
51 36
72 36
66 37
96 38
41 39
59 40
17 42
83 43
21 43
70 43
10 44
62 44
61 46
98 48
100 51
55 52
8 52
50 54
98 54
52 55
19 56
89 56
15 58
61 59
1 59
82 59
26 60
47 63
41 63
55 64
99 68
52 71
32 75
99 75
93 75
8 77
30 77
82 77
89 78
39 78
45 79
78 79
37 80
70 82
82 82
35 86
100 87
86 87
43 87
63 87
84 89
78 89
91 89
8 91
22 91
23 92
29 94
9 96
43 97
54 97
6 98
53 100
95 100
