100
50 0
87 0
67 4
33 5
81 7
13 9
45 11
84 12
80 12
86 13
14 14
44 16
81 19
23 21
38 21
8 21
95 23
13 25
72 26
31 26
16 28
58 29
50 30
100 31
7 31
84 32
27 33
100 34
26 34
75 35
53 35
60 37
66 38
80 38
84 38
77 40
66 40
99 42
46 42
28 46
93 49
53 49
43 49
98 51
71 51
71 52
27 53
37 54
23 54
64 54
57 57
87 58
87 58
91 58
21 58
89 59
41 59
40 60
19 60
46 62
38 62
41 63
30 64
66 65
54 65
79 66
68 66
54 67
6 70
100 70
41 70
3 72
50 72
51 73
66 73
64 74
10 74
4 76
68 79
21 80
50 83
29 84
100 87
36 87
30 89
93 89
82 90
62 90
94 90
16 91
80 91
40 92
56 93
26 93
65 96
98 97
28 98
7 98
4 100
56 100
