100
44 0
37 1
58 1
100 2
6 6
22 7
49 8
55 8
18 8
84 9
93 9
76 10
2 11
15 12
46 12
86 12
32 12
2 12
69 15
31 15
27 16
90 16
80 17
24 18
82 20
35 21
50 21
75 21
68 21
13 21
92 22
34 27
26 29
29 29
93 30
100 30
37 31
41 31
17 33
82 34
61 34
2 35
86 36
51 36
21 36
40 38
11 39
44 40
47 40
78 41
74 43
73 44
18 45
24 46
46 46
11 47
61 48
22 48
67 48
25 50
87 51
77 51
36 52
76 54
84 55
38 56
91 56
95 56
1 56
25 57
29 61
81 63
61 65
29 70
62 70
11 71
29 72
24 73
79 76
53 76
98 78
91 79
63 79
98 79
27 80
88 81
51 81
98 81
65 84
54 86
71 87
41 87
94 92
56 93
67 94
35 95
20 95
70 95
87 97
47 100
