100
54 2147483637
98 2147483637
71 2147483637
93 2147483637
9 2147483637
38 2147483637
93 2147483637
74 2147483637
57 2147483637
77 2147483637
10 2147483637
11 2147483638
4 2147483638
40 2147483638
80 2147483638
74 2147483638
10 2147483638
10 2147483638
98 2147483638
80 2147483638
23 2147483639
4 2147483639
21 2147483639
7 2147483639
48 2147483639
4 2147483639
6 2147483639
32 2147483639
75 2147483639
83 2147483639
73 2147483640
30 2147483640
14 2147483640
38 2147483640
98 2147483640
72 2147483640
6 2147483640
57 2147483640
61 2147483640
72 2147483641
96 2147483641
30 2147483641
60 2147483641
59 2147483641
25 2147483641
89 2147483642
72 2147483642
44 2147483642
72 2147483642
64 2147483642
72 2147483642
89 2147483642
46 2147483642
1 2147483642
15 2147483642
92 2147483643
67 2147483643
62 2147483643
16 2147483643
27 2147483643
12 2147483643
83 2147483643
54 2147483643
57 2147483644
1 2147483644
25 2147483644
81 2147483644
86 2147483644
43 2147483644
16 2147483644
63 2147483644
96 2147483644
73 2147483644
7 2147483644
11 2147483644
59 2147483645
100 2147483645
9 2147483645
4 2147483645
77 2147483645
96 2147483645
62 2147483646
94 2147483646
43 2147483646
2 2147483646
49 2147483646
48 2147483646
84 2147483646
81 2147483646
20 2147483646
97 2147483646
39 2147483647
26 2147483647
62 2147483647
28 2147483647
56 2147483647
48 2147483647
55 2147483647
29 2147483647
54 2147483647
