100
86 0
70 1
76 2
72 3
86 3
62 6
100 7
38 9
44 9
66 9
54 9
2 13
28 13
28 14
77 14
7 14
63 16
14 17
66 18
66 20
41 21
38 22
35 22
53 23
70 24
64 25
81 25
84 26
52 32
68 32
81 34
79 35
77 35
40 38
42 38
66 39
6 41
33 42
84 42
4 43
94 46
80 47
76 48
77 51
11 51
34 51
94 52
88 52
91 53
39 53
31 57
83 57
55 58
80 58
20 59
71 59
39 62
56 64
36 65
11 66
38 66
67 66
91 69
86 70
46 71
94 71
96 72
26 72
61 73
5 74
32 74
36 74
81 74
55 75
81 75
69 76
21 77
3 78
34 78
71 78
74 79
96 80
14 83
4 84
6 84
12 85
44 85
43 85
70 85
28 86
17 86
36 87
43 87
33 88
74 91
88 94
86 96
21 98
96 98
45 100
