100
15 0
94 0
17 1
50 1
9 1
48 1
18 3
47 3
24 7
9 7
44 8
45 8
65 8
75 9
53 9
92 10
30 12
3 12
68 12
18 12
48 13
81 13
50 13
97 15
62 16
33 18
87 20
44 21
88 23
47 23
35 23
56 24
56 30
54 30
43 30
41 33
88 33
82 34
22 35
35 36
90 36
54 37
62 37
68 39
17 41
74 42
9 43
54 43
18 43
95 44
90 45
77 45
96 46
68 47
83 48
97 48
50 50
1 51
12 51
52 52
18 54
98 56
29 60
12 60
68 60
3 62
23 64
59 65
44 65
1 65
80 65
52 65
67 66
22 66
9 67
83 69
71 70
61 70
83 73
78 74
15 75
6 76
38 77
10 77
84 78
44 79
17 80
42 81
75 82
83 83
63 83
37 84
26 89
43 89
10 90
18 92
35 93
27 98
55 99
30 100
