100
92 0
42 0
31 1
56 1
2 3
96 6
67 7
21 7
78 9
41 9
34 9
50 12
25 12
35 12
19 13
100 14
23 15
79 17
46 17
58 17
15 18
8 20
60 20
94 21
35 21
55 22
10 24
89 25
80 26
80 30
93 31
56 32
49 32
66 33
29 35
26 36
5 36
53 38
12 38
9 39
3 40
57 43
68 44
41 46
61 47
86 47
24 49
17 50
64 51
11 51
91 52
59 52
52 52
91 52
30 55
26 56
45 56
74 57
7 58
25 58
72 60
71 60
65 61
44 62
5 66
79 66
59 67
36 68
31 69
83 70
75 71
37 72
28 73
42 73
70 74
16 74
47 74
6 75
67 76
45 76
49 76
63 77
64 77
26 78
40 80
3 80
70 81
5 84
22 86
88 87
28 87
80 89
28 90
60 90
80 90
28 94
13 96
43 96
27 100
50 100
