100
1 2147483637
19 2147483637
86 2147483637
70 2147483637
79 2147483637
50 2147483637
11 2147483637
52 2147483637
15 2147483638
30 2147483638
92 2147483638
17 2147483638
87 2147483638
22 2147483639
58 2147483639
79 2147483639
92 2147483639
49 2147483639
84 2147483639
63 2147483639
70 2147483639
95 2147483640
58 2147483640
27 2147483640
64 2147483640
31 2147483640
15 2147483640
55 2147483640
60 2147483640
18 2147483640
72 2147483640
12 2147483641
66 2147483641
37 2147483641
43 2147483641
48 2147483641
10 2147483641
59 2147483641
31 2147483641
100 2147483641
28 2147483641
17 2147483642
48 2147483642
55 2147483642
73 2147483642
76 2147483642
36 2147483642
30 2147483642
39 2147483642
63 2147483642
40 2147483642
36 2147483642
79 2147483642
28 2147483643
12 2147483643
81 2147483643
19 2147483643
30 2147483643
56 2147483643
84 2147483643
30 2147483643
42 2147483643
71 2147483643
54 2147483643
73 2147483643
27 2147483643
93 2147483643
11 2147483644
19 2147483644
59 2147483644
1 2147483644
59 2147483644
85 2147483644
27 2147483644
51 2147483644
60 2147483644
46 2147483645
27 2147483645
86 2147483645
46 2147483645
43 2147483645
27 2147483645
9 2147483645
13 2147483645
39 2147483645
14 2147483645
2 2147483646
98 2147483646
48 2147483646
52 2147483646
38 2147483646
62 2147483646
31 2147483646
73 2147483646
69 2147483646
83 2147483646
90 2147483647
9 2147483647
16 2147483647
69 2147483647
