88
67 0
21 3
35 4
33 4
28 7
61 9
61 11
63 11
2 11
24 13
56 13
38 13
42 14
53 15
56 17
28 19
7 20
53 21
9 22
22 24
63 25
61 26
9 27
52 28
40 29
31 30
18 30
20 32
40 33
34 33
61 33
8 35
38 36
4 37
56 39
28 40
38 42
48 44
32 48
12 49
19 49
6 50
58 50
58 51
5 52
37 53
36 53
25 56
5 58
35 58
32 60
38 61
35 61
38 62
45 62
52 63
55 66
51 68
3 68
36 68
55 69
3 71
7 71
5 72
6 72
39 74
4 75
56 77
66 78
61 78
23 79
52 79
5 80
21 80
38 83
44 83
37 83
24 86
58 88
41 88
29 89
49 89
39 90
34 90
11 91
16 99
12 100
56 100
