100
48 0
78 3
95 4
41 4
17 5
19 6
37 6
66 6
12 6
30 9
96 9
35 10
21 10
33 11
84 12
65 14
90 14
88 16
60 18
63 18
24 18
61 19
30 21
94 23
77 23
47 25
95 25
82 26
78 26
75 27
49 28
95 30
66 30
31 32
28 32
44 34
35 35
70 36
71 37
82 39
15 43
8 44
72 45
67 45
70 46
34 46
6 47
53 48
20 48
33 50
9 50
69 50
7 51
67 52
75 53
82 54
27 54
2 55
28 56
86 60
33 61
16 62
39 62
10 64
15 65
14 65
49 65
84 67
45 67
2 70
8 72
12 73
49 73
81 74
9 76
71 77
23 78
18 78
8 79
10 79
59 80
35 81
66 81
63 81
25 82
31 83
97 83
31 86
63 86
42 88
88 90
53 90
12 91
88 92
94 93
6 94
48 95
62 97
95 99
82 100
