100
28 2147483637
39 2147483637
29 2147483637
30 2147483637
65 2147483637
68 2147483637
52 2147483637
44 2147483637
79 2147483637
87 2147483637
73 2147483638
59 2147483638
56 2147483638
9 2147483638
81 2147483638
19 2147483638
9 2147483638
84 2147483638
62 2147483638
84 2147483639
5 2147483639
32 2147483639
31 2147483639
1 2147483639
55 2147483639
77 2147483640
85 2147483640
42 2147483640
16 2147483640
85 2147483640
96 2147483640
100 2147483640
36 2147483641
46 2147483641
6 2147483641
63 2147483641
94 2147483641
79 2147483641
22 2147483641
17 2147483641
20 2147483642
55 2147483642
99 2147483642
49 2147483642
60 2147483642
52 2147483642
61 2147483642
55 2147483642
45 2147483642
67 2147483642
74 2147483642
93 2147483642
25 2147483643
97 2147483643
8 2147483643
83 2147483643
20 2147483643
74 2147483643
49 2147483643
93 2147483643
67 2147483643
34 2147483643
30 2147483644
18 2147483644
87 2147483644
67 2147483644
93 2147483644
94 2147483644
6 2147483644
45 2147483644
5 2147483644
80 2147483644
35 2147483645
16 2147483645
61 2147483645
8 2147483645
52 2147483645
40 2147483646
11 2147483646
52 2147483646
13 2147483646
14 2147483646
98 2147483646
98 2147483646
29 2147483646
38 2147483647
71 2147483647
5 2147483647
63 2147483647
69 2147483647
53 2147483647
34 2147483647
87 2147483647
32 2147483647
69 2147483647
58 2147483647
82 2147483647
98 2147483647
63 2147483647
54 2147483647
