100
78 1
3 2
74 3
38 6
79 10
52 11
5 12
100 13
76 17
25 17
52 20
47 20
63 20
77 22
65 22
24 23
82 23
9 24
64 24
27 26
41 27
38 27
67 27
37 28
97 29
5 29
89 29
16 30
59 33
87 33
82 34
89 34
58 35
58 36
73 37
39 37
29 37
30 37
49 38
82 40
4 40
67 41
63 41
22 42
28 43
71 43
95 44
23 45
41 46
44 46
56 47
53 48
99 49
4 49
3 50
22 52
22 52
24 53
94 53
83 55
70 57
95 57
92 58
38 58
78 59
42 60
15 60
100 60
41 61
7 62
55 64
12 64
85 64
35 64
91 65
34 65
46 66
65 67
39 67
32 68
49 69
10 69
57 71
48 71
39 74
3 75
71 77
90 82
19 83
95 84
59 87
2 92
91 92
6 93
90 94
2 95
32 96
54 98
1 99
52 99
