100
41 0
32 0
25 1
78 3
4 5
48 5
37 5
79 7
50 8
64 8
19 9
40 9
79 11
93 14
58 14
63 14
16 15
30 15
38 16
55 16
10 16
99 21
79 21
55 23
70 23
37 24
76 26
35 26
3 26
31 27
93 28
87 28
43 29
23 29
95 32
75 32
75 33
100 33
75 33
63 36
40 36
32 37
100 39
33 39
86 40
31 41
30 42
47 43
69 44
11 44
62 45
69 46
52 47
18 47
91 52
63 53
43 53
61 54
92 55
57 56
10 58
16 58
60 61
52 62
22 63
54 67
60 68
22 68
86 70
47 71
38 73
45 73
25 74
30 75
84 75
81 75
73 76
44 76
66 76
22 77
62 77
28 79
16 81
43 83
96 83
28 83
77 84
75 86
26 86
22 90
1 92
65 94
22 95
31 95
66 96
7 96
36 98
52 98
88 98
99 99
