100
89 0
94 0
14 3
28 5
49 5
51 9
69 10
32 11
19 13
52 15
14 15
63 15
43 16
59 16
91 16
67 18
52 18
71 19
76 19
96 20
3 22
51 22
37 23
1 24
18 25
44 26
38 26
50 29
85 31
27 31
73 32
52 33
90 35
56 36
39 38
77 38
70 38
37 38
35 38
21 39
90 40
84 40
99 42
39 45
69 47
10 50
98 50
39 50
43 51
15 51
52 53
14 56
98 59
34 59
47 60
46 61
3 61
48 61
61 62
25 66
36 66
23 66
79 67
59 68
42 68
34 70
24 71
79 71
53 74
71 74
2 76
7 77
55 79
31 79
8 81
48 82
30 83
8 85
52 85
1 85
8 85
30 86
23 86
51 87
97 88
61 88
23 92
72 92
81 93
63 94
84 94
54 96
37 98
59 98
25 98
47 99
88 99
55 100
51 100
23 100
