100
68 2147483637
31 2147483637
9 2147483637
21 2147483637
5 2147483637
21 2147483637
6 2147483637
11 2147483637
79 2147483637
62 2147483638
59 2147483638
34 2147483638
50 2147483638
59 2147483638
27 2147483638
81 2147483638
87 2147483638
17 2147483638
29 2147483638
57 2147483638
95 2147483638
93 2147483639
90 2147483639
70 2147483639
7 2147483639
93 2147483639
91 2147483639
72 2147483639
24 2147483639
71 2147483639
85 2147483639
95 2147483640
66 2147483640
2 2147483640
5 2147483640
27 2147483640
97 2147483640
26 2147483640
73 2147483641
100 2147483641
18 2147483641
41 2147483641
78 2147483641
7 2147483641
60 2147483641
38 2147483641
91 2147483641
27 2147483641
67 2147483641
80 2147483642
66 2147483642
50 2147483642
55 2147483642
60 2147483642
98 2147483642
33 2147483642
29 2147483642
100 2147483642
82 2147483642
59 2147483643
81 2147483643
74 2147483643
11 2147483643
46 2147483643
60 2147483643
19 2147483643
91 2147483643
16 2147483643
36 2147483643
70 2147483643
10 2147483644
21 2147483644
85 2147483644
88 2147483644
77 2147483644
22 2147483644
69 2147483644
68 2147483644
22 2147483645
75 2147483645
70 2147483645
92 2147483645
12 2147483645
94 2147483645
65 2147483645
55 2147483646
75 2147483646
82 2147483646
93 2147483646
19 2147483646
80 2147483647
67 2147483647
11 2147483647
77 2147483647
23 2147483647
17 2147483647
14 2147483647
56 2147483647
96 2147483647
90 2147483647
