100
87 0
74 0
80 1
87 1
95 2
28 3
72 4
56 5
75 5
7 6
83 7
11 10
18 10
67 12
92 12
99 14
17 15
6 18
17 18
7 18
47 19
41 19
96 21
32 22
59 23
48 23
75 23
78 24
91 24
68 27
78 28
36 28
97 30
49 31
76 32
45 33
53 36
68 36
48 37
74 37
90 37
7 38
54 38
78 39
39 40
53 43
23 46
11 47
43 49
59 50
60 50
93 51
30 51
14 52
49 53
49 53
18 53
38 54
29 55
28 56
67 56
65 57
50 59
95 59
45 59
49 60
34 60
20 61
57 61
29 62
68 63
55 63
67 64
97 64
94 68
15 69
12 73
27 76
79 77
31 78
98 79
30 80
2 81
68 81
82 82
28 82
94 83
73 89
54 89
3 91
22 92
100 93
15 93
76 93
54 95
74 95
15 96
75 97
23 98
2 100
