100
28 2147483637
88 2147483637
81 2147483637
48 2147483637
87 2147483637
18 2147483637
34 2147483637
27 2147483637
14 2147483637
56 2147483637
51 2147483637
3 2147483637
48 2147483637
47 2147483638
88 2147483638
49 2147483638
95 2147483638
72 2147483638
94 2147483638
22 2147483638
81 2147483638
64 2147483638
42 2147483639
16 2147483639
84 2147483639
10 2147483639
51 2147483639
70 2147483639
68 2147483639
86 2147483640
32 2147483640
36 2147483640
35 2147483640
59 2147483640
91 2147483640
81 2147483640
79 2147483640
26 2147483640
73 2147483640
54 2147483640
80 2147483640
9 2147483640
97 2147483641
21 2147483641
30 2147483641
23 2147483641
78 2147483641
93 2147483641
75 2147483641
100 2147483642
38 2147483642
22 2147483642
17 2147483642
53 2147483642
37 2147483642
15 2147483642
3 2147483642
70 2147483642
20 2147483642
4 2147483642
87 2147483642
41 2147483643
73 2147483643
49 2147483643
69 2147483643
53 2147483643
49 2147483643
1 2147483644
64 2147483644
64 2147483644
31 2147483644
36 2147483644
99 2147483644
83 2147483644
76 2147483644
50 2147483644
41 2147483644
60 2147483645
87 2147483645
4 2147483645
23 2147483645
36 2147483645
44 2147483645
9 2147483646
20 2147483646
32 2147483646
49 2147483646
23 2147483646
100 2147483646
36 2147483646
35 2147483646
67 2147483646
82 2147483646
14 2147483646
97 2147483647
85 2147483647
29 2147483647
34 2147483647
26 2147483647
57 2147483647
