100
47 0
16 0
39 1
39 1
29 2
37 3
47 4
82 4
80 5
10 6
59 8
40 9
21 13
62 13
8 14
71 15
73 15
76 15
43 16
36 17
80 17
30 18
30 19
64 20
36 22
12 26
42 26
33 28
48 28
18 29
60 32
28 33
68 34
100 34
95 37
51 38
33 39
3 40
29 41
99 41
42 42
38 42
20 43
77 47
62 47
48 50
16 50
28 51
31 51
22 52
23 52
41 54
58 55
51 56
54 56
84 57
11 57
38 58
14 59
97 59
38 60
67 60
93 61
40 63
26 63
90 63
90 64
54 66
81 66
97 67
42 67
58 68
35 69
26 73
95 73
93 74
89 74
50 76
3 77
46 77
45 79
46 79
36 80
12 80
60 81
99 81
77 83
20 83
89 85
20 86
93 87
73 87
55 87
63 88
50 89
17 89
30 95
94 95
56 96
19 97
