100
19 0
89 1
87 2
54 3
22 3
71 4
32 5
47 5
66 7
50 8
32 8
91 9
39 10
14 10
83 11
27 11
12 12
4 12
97 12
30 13
45 16
84 18
34 19
8 20
67 21
64 22
14 22
54 23
44 25
99 26
89 26
14 29
40 30
26 31
23 35
95 37
65 38
26 38
37 39
61 39
15 40
29 40
4 40
55 40
10 41
88 42
89 42
64 42
47 43
27 43
14 43
36 44
69 44
16 45
46 45
25 48
24 48
97 48
93 50
19 52
97 53
23 53
32 54
90 55
65 55
70 57
30 58
50 59
75 60
29 60
92 60
18 61
39 61
33 62
21 64
31 64
43 65
42 71
76 71
23 73
68 77
69 77
44 79
32 80
31 82
76 84
79 87
14 89
78 89
83 91
37 92
84 93
72 94
4 94
56 96
74 96
18 96
75 97
95 99
80 100
