100
46 2147483637
64 2147483637
86 2147483637
6 2147483637
22 2147483637
38 2147483637
14 2147483637
58 2147483637
60 2147483637
20 2147483637
89 2147483637
70 2147483637
33 2147483637
7 2147483638
53 2147483638
48 2147483638
97 2147483638
72 2147483638
5 2147483638
43 2147483638
15 2147483638
60 2147483638
79 2147483638
38 2147483638
92 2147483638
8 2147483638
94 2147483638
3 2147483639
49 2147483639
51 2147483639
33 2147483639
8 2147483639
58 2147483639
38 2147483639
47 2147483639
12 2147483639
49 2147483639
32 2147483640
9 2147483640
73 2147483640
81 2147483640
6 2147483640
10 2147483640
97 2147483640
44 2147483640
32 2147483641
83 2147483641
77 2147483641
68 2147483641
92 2147483641
100 2147483641
49 2147483642
61 2147483642
9 2147483642
78 2147483642
40 2147483642
100 2147483642
7 2147483642
51 2147483643
41 2147483643
54 2147483643
14 2147483643
41 2147483643
80 2147483643
68 2147483643
95 2147483643
20 2147483644
30 2147483644
12 2147483644
47 2147483644
66 2147483644
93 2147483644
42 2147483644
88 2147483644
47 2147483644
71 2147483645
70 2147483645
71 2147483645
43 2147483645
88 2147483645
4 2147483645
91 2147483645
1 2147483646
14 2147483646
93 2147483646
5 2147483646
27 2147483646
66 2147483646
20 2147483646
41 2147483646
87 2147483646
77 2147483646
33 2147483646
75 2147483647
52 2147483647
53 2147483647
21 2147483647
72 2147483647
50 2147483647
95 2147483647
