100
3 0
45 0
9 2
96 2
51 3
89 6
70 6
26 7
67 7
46 7
46 7
27 7
82 9
30 10
94 12
79 13
91 14
80 15
85 16
25 20
7 23
99 25
60 26
25 26
74 28
75 28
58 28
72 29
81 29
2 32
13 33
34 33
29 34
45 34
86 36
69 38
7 38
14 40
9 42
86 42
51 46
13 46
46 46
47 47
19 47
18 48
92 49
81 50
25 50
67 50
47 51
81 53
8 54
17 55
15 55
45 56
11 57
65 57
92 58
24 58
84 58
34 60
9 61
53 62
53 62
47 62
15 62
62 64
23 66
11 66
86 68
54 68
100 69
89 71
4 72
99 73
97 74
83 75
4 75
6 76
21 79
70 80
40 84
26 84
13 85
50 90
8 90
64 92
57 94
65 95
40 96
94 97
28 97
88 97
20 99
68 99
32 99
40 100
82 100
27 100
