100
82 2147483637
31 2147483637
82 2147483637
84 2147483637
38 2147483637
47 2147483637
19 2147483637
45 2147483637
73 2147483637
20 2147483637
55 2147483638
19 2147483638
67 2147483638
48 2147483638
70 2147483638
87 2147483638
31 2147483638
65 2147483638
99 2147483638
9 2147483638
24 2147483639
68 2147483639
41 2147483639
62 2147483639
35 2147483639
16 2147483639
77 2147483639
61 2147483639
93 2147483639
77 2147483639
83 2147483639
62 2147483639
65 2147483639
55 2147483639
76 2147483639
76 2147483640
69 2147483640
35 2147483640
22 2147483640
86 2147483640
24 2147483640
90 2147483640
13 2147483640
64 2147483640
21 2147483641
24 2147483641
71 2147483641
84 2147483641
64 2147483641
3 2147483641
57 2147483641
88 2147483641
46 2147483641
97 2147483642
93 2147483642
42 2147483642
65 2147483642
99 2147483642
24 2147483642
29 2147483642
17 2147483642
17 2147483642
69 2147483642
61 2147483643
5 2147483643
71 2147483643
38 2147483643
89 2147483643
65 2147483643
10 2147483643
10 2147483643
8 2147483643
95 2147483643
59 2147483644
84 2147483644
66 2147483644
55 2147483644
28 2147483644
72 2147483645
85 2147483645
4 2147483645
88 2147483645
36 2147483645
50 2147483645
75 2147483645
58 2147483646
68 2147483646
82 2147483646
61 2147483646
84 2147483646
94 2147483646
73 2147483646
63 2147483646
59 2147483647
21 2147483647
95 2147483647
99 2147483647
18 2147483647
20 2147483647
12 2147483647
