100
27 2147483637
64 2147483637
100 2147483637
61 2147483637
56 2147483637
31 2147483637
19 2147483637
76 2147483637
26 2147483637
62 2147483637
39 2147483637
70 2147483637
11 2147483637
77 2147483638
20 2147483638
93 2147483638
19 2147483638
66 2147483638
83 2147483638
3 2147483638
28 2147483638
63 2147483638
53 2147483638
3 2147483638
83 2147483639
71 2147483639
1 2147483639
38 2147483639
59 2147483639
18 2147483639
91 2147483639
65 2147483639
89 2147483639
6 2147483639
76 2147483640
61 2147483640
67 2147483640
55 2147483640
37 2147483640
60 2147483640
17 2147483640
69 2147483640
85 2147483640
56 2147483641
88 2147483641
25 2147483641
71 2147483641
21 2147483642
98 2147483642
92 2147483642
84 2147483642
4 2147483642
58 2147483642
86 2147483642
75 2147483642
32 2147483642
7 2147483642
40 2147483642
92 2147483642
39 2147483642
58 2147483643
72 2147483643
53 2147483643
25 2147483643
70 2147483643
46 2147483643
39 2147483643
99 2147483643
8 2147483643
13 2147483644
99 2147483644
61 2147483644
57 2147483644
15 2147483644
74 2147483644
1 2147483645
71 2147483645
80 2147483645
83 2147483645
27 2147483646
10 2147483646
48 2147483646
62 2147483646
73 2147483646
18 2147483646
80 2147483646
4 2147483646
47 2147483646
78 2147483647
8 2147483647
34 2147483647
53 2147483647
18 2147483647
2 2147483647
13 2147483647
29 2147483647
19 2147483647
45 2147483647
1 2147483647
43 2147483647
