100
7 0
7 0
39 2
87 3
93 4
96 6
49 10
81 10
36 11
32 12
22 14
47 15
38 16
14 21
40 23
91 23
32 24
68 25
31 25
42 25
20 25
3 26
96 27
46 27
78 28
38 29
69 30
88 31
18 32
7 33
59 34
48 34
58 35
9 36
68 37
79 37
20 37
68 38
21 38
73 40
22 40
48 41
92 42
87 43
98 44
25 44
53 45
76 45
58 46
60 46
57 46
14 48
34 49
80 51
49 52
93 52
90 53
2 54
23 56
44 57
80 59
95 60
31 61
90 61
38 62
67 64
44 64
6 66
5 66
70 67
94 69
74 69
23 71
43 71
79 75
66 78
15 79
30 79
30 80
42 83
40 84
25 86
74 86
3 88
72 89
11 91
12 92
78 92
39 92
72 92
22 95
86 97
81 97
61 97
4 98
20 99
60 99
80 99
22 100
30 100
