100
32 2147483637
60 2147483637
52 2147483637
63 2147483637
83 2147483637
64 2147483637
76 2147483637
23 2147483638
35 2147483638
62 2147483638
63 2147483638
30 2147483638
85 2147483638
47 2147483638
59 2147483638
41 2147483639
47 2147483639
9 2147483639
8 2147483639
67 2147483639
39 2147483640
77 2147483640
78 2147483640
32 2147483640
76 2147483640
1 2147483640
60 2147483640
32 2147483640
88 2147483640
42 2147483640
59 2147483640
46 2147483640
83 2147483641
46 2147483641
64 2147483641
53 2147483641
61 2147483641
41 2147483641
15 2147483641
64 2147483641
56 2147483641
32 2147483641
74 2147483642
5 2147483642
72 2147483642
54 2147483642
73 2147483642
28 2147483642
33 2147483642
69 2147483642
66 2147483642
10 2147483642
1 2147483643
71 2147483643
57 2147483643
50 2147483643
10 2147483643
64 2147483643
51 2147483643
24 2147483643
47 2147483643
6 2147483643
56 2147483643
9 2147483643
47 2147483643
11 2147483643
35 2147483643
63 2147483643
88 2147483643
8 2147483644
13 2147483644
73 2147483644
99 2147483644
17 2147483644
32 2147483644
78 2147483644
34 2147483645
22 2147483645
33 2147483645
68 2147483645
11 2147483645
92 2147483645
47 2147483645
97 2147483645
44 2147483646
63 2147483646
43 2147483646
32 2147483646
19 2147483646
90 2147483646
53 2147483646
21 2147483646
58 2147483647
99 2147483647
59 2147483647
36 2147483647
93 2147483647
57 2147483647
91 2147483647
78 2147483647
