100
44 0
100 0
99 1
81 1
79 3
6 4
87 6
37 7
83 7
87 8
12 9
50 10
24 11
87 11
9 13
68 18
97 18
11 19
43 20
69 20
74 21
2 23
38 24
13 25
48 25
56 25
47 26
15 30
66 30
36 31
79 31
32 31
46 31
50 32
63 34
4 35
10 35
98 38
6 41
23 44
53 44
29 46
47 48
72 49
71 49
43 49
80 50
24 52
72 52
36 54
96 54
69 56
27 58
85 58
33 61
9 62
96 65
51 66
25 67
78 67
67 68
51 70
27 70
74 70
70 72
36 72
92 72
12 75
21 78
66 79
28 79
26 79
28 81
82 81
2 82
71 83
99 83
47 84
96 85
50 85
34 85
4 86
33 88
76 89
56 90
61 90
53 90
32 90
9 91
99 91
8 92
82 92
51 93
96 94
92 95
27 95
78 97
93 98
72 99
76 100
