100
20 0
45 1
22 2
85 4
28 4
68 5
84 7
97 9
67 9
54 11
89 15
97 16
19 17
19 17
22 18
69 19
62 20
57 21
19 21
54 24
19 24
9 25
84 25
36 27
72 28
18 30
13 32
60 33
30 33
72 33
36 34
66 34
50 35
52 36
2 39
7 39
23 40
56 41
83 42
96 42
14 42
63 43
21 45
55 46
32 46
11 46
77 48
81 48
60 50
97 50
26 52
87 54
65 55
43 55
22 58
29 58
86 59
81 59
4 59
8 62
22 64
59 64
83 65
85 67
5 69
11 69
35 70
7 71
9 72
6 72
65 72
79 73
59 75
79 75
49 76
37 77
55 78
88 78
87 78
27 80
42 80
88 81
3 81
52 81
73 83
76 84
99 87
16 88
79 88
25 90
100 90
58 91
53 91
29 91
72 91
21 92
21 92
99 99
30 100
78 100
