100
42 2147483637
51 2147483637
6 2147483637
45 2147483637
11 2147483637
77 2147483637
20 2147483637
39 2147483638
16 2147483638
8 2147483638
78 2147483638
67 2147483639
52 2147483639
24 2147483639
16 2147483639
28 2147483639
72 2147483639
19 2147483639
26 2147483639
17 2147483639
20 2147483639
44 2147483639
6 2147483639
14 2147483639
1 2147483639
2 2147483639
32 2147483639
16 2147483640
59 2147483640
83 2147483640
61 2147483640
73 2147483640
37 2147483640
37 2147483640
94 2147483640
29 2147483640
6 2147483640
89 2147483640
36 2147483640
79 2147483640
35 2147483640
78 2147483640
15 2147483641
86 2147483641
98 2147483641
10 2147483641
68 2147483641
78 2147483641
66 2147483642
36 2147483642
73 2147483642
37 2147483642
61 2147483642
2 2147483642
49 2147483642
71 2147483642
96 2147483642
90 2147483642
88 2147483642
46 2147483643
70 2147483643
31 2147483643
55 2147483643
56 2147483644
39 2147483644
40 2147483644
20 2147483644
86 2147483644
54 2147483644
58 2147483644
18 2147483644
70 2147483644
60 2147483644
9 2147483645
81 2147483645
77 2147483645
95 2147483645
12 2147483645
59 2147483645
72 2147483645
88 2147483645
38 2147483645
95 2147483645
17 2147483646
42 2147483646
72 2147483646
2 2147483646
57 2147483646
100 2147483646
36 2147483646
43 2147483647
63 2147483647
12 2147483647
76 2147483647
12 2147483647
31 2147483647
40 2147483647
8 2147483647
25 2147483647
97 2147483647
