85
34 2
22 4
79 5
79 6
20 8
11 8
25 13
70 16
62 16
10 17
22 18
3 18
68 18
36 19
61 19
25 20
22 22
43 22
46 24
29 26
93 27
10 30
34 33
56 33
13 33
87 35
72 38
59 42
41 42
41 43
83 44
6 45
4 45
50 48
13 48
27 49
82 49
78 50
22 51
60 54
19 55
36 55
79 55
59 57
82 57
99 57
17 58
26 60
65 62
79 63
17 63
6 64
66 67
52 67
73 67
90 68
40 69
93 69
13 70
95 72
55 73
23 74
84 75
32 76
86 76
5 78
47 79
94 79
44 81
55 83
37 83
81 86
19 88
17 91
97 91
22 91
97 91
71 91
86 92
54 93
23 94
88 97
42 97
37 97
62 100
