100
74 2
42 4
18 4
56 4
34 6
54 8
80 10
58 10
61 11
92 11
95 12
20 13
14 16
29 18
94 18
76 19
7 20
84 22
71 24
76 24
79 24
79 25
69 25
68 26
52 27
95 29
91 31
44 31
16 32
12 34
76 35
51 36
36 37
20 37
45 38
90 39
20 40
100 44
35 44
36 47
33 48
78 48
9 48
2 48
66 51
29 51
96 52
7 52
30 54
32 57
66 57
54 61
99 62
75 63
25 63
29 64
42 64
67 64
30 65
41 66
78 68
73 69
16 69
69 70
95 71
56 72
86 72
59 73
89 73
12 73
49 73
52 74
15 75
32 75
18 76
46 76
91 76
52 76
28 77
10 77
43 78
40 79
32 81
67 82
2 83
99 85
42 86
21 87
12 88
89 89
51 90
64 90
29 92
47 93
84 93
44 98
91 98
37 99
63 99
41 100
