100
29 0
69 0
4 1
30 2
24 3
64 4
54 5
81 5
3 6
91 6
14 7
78 7
28 7
55 9
37 13
32 13
53 14
29 15
21 16
76 17
1 19
77 20
76 23
66 25
21 25
79 25
58 26
20 29
2 29
8 29
86 30
30 30
74 32
73 33
17 34
90 35
46 37
4 38
57 38
7 39
54 39
76 40
82 42
65 44
98 45
74 46
29 47
28 48
74 51
29 51
89 56
5 56
62 59
86 59
39 61
27 61
44 62
12 62
61 63
43 63
33 64
52 65
28 65
7 66
62 66
56 68
54 70
7 73
17 73
76 73
83 75
16 76
28 78
65 78
38 79
39 81
100 81
23 82
35 83
14 83
41 85
34 86
44 86
83 88
60 88
88 88
63 90
42 91
20 91
1 92
93 92
84 93
64 93
13 94
69 94
83 95
64 96
94 96
45 96
27 97
