100
98 0
80 1
22 1
65 6
32 7
41 7
10 9
90 9
83 11
73 12
63 12
32 13
62 15
90 17
89 17
75 18
46 18
28 19
96 20
93 20
45 21
94 21
27 22
12 24
23 24
66 26
84 26
41 29
89 30
44 31
56 31
70 32
23 33
22 34
55 35
97 36
92 36
42 38
31 38
56 39
2 43
96 44
67 45
21 46
78 47
41 47
34 49
50 51
25 52
35 56
19 56
100 57
23 58
79 58
46 58
58 60
15 61
8 63
60 63
94 66
35 67
55 67
10 70
89 70
80 71
80 72
93 73
56 73
49 74
66 74
29 76
26 76
5 77
53 77
12 80
9 80
3 80
57 82
68 84
41 85
61 85
86 86
24 87
17 87
64 89
11 90
91 90
59 92
52 92
91 93
30 94
26 95
45 96
74 96
7 96
25 98
72 98
71 100
65 100
44 100
