100
37 0
34 1
13 1
69 2
38 2
48 3
97 5
54 6
47 7
32 8
6 10
100 10
88 11
73 12
43 13
89 13
39 13
18 14
19 14
4 14
42 15
43 16
88 17
91 17
17 18
93 19
85 19
74 22
11 24
18 25
59 26
68 27
39 28
87 29
99 29
1 29
60 31
83 32
36 32
1 36
38 37
90 38
60 38
4 42
74 42
57 46
24 47
85 52
42 54
98 54
59 55
62 55
24 56
83 57
75 57
88 57
61 59
54 60
35 60
63 61
55 62
3 63
47 65
100 65
79 66
94 67
17 67
98 67
96 68
65 68
46 68
20 68
97 70
37 70
80 71
75 73
88 74
55 74
77 75
21 80
31 81
70 81
30 81
42 84
12 85
14 86
8 86
32 87
28 90
53 90
6 91
83 93
6 94
96 94
63 95
42 96
28 96
89 97
53 97
93 98
