100
39 0
88 2
10 4
78 5
64 5
5 7
39 9
12 9
16 10
59 12
4 12
87 14
85 15
84 17
61 19
42 19
51 23
33 23
97 24
15 24
79 28
68 29
74 29
54 29
73 31
67 32
62 32
12 34
58 35
23 35
34 35
97 36
70 36
61 36
44 38
87 39
53 39
68 42
72 42
92 43
41 44
24 44
19 45
41 46
54 48
95 48
9 50
13 53
4 53
90 54
96 56
46 57
80 58
91 59
47 60
71 61
22 61
72 61
75 61
53 64
10 65
58 66
69 66
67 67
20 68
79 68
69 70
83 70
92 70
77 71
88 72
86 73
28 74
14 75
52 76
32 76
42 78
27 79
37 80
19 80
79 80
80 80
86 82
70 82
4 86
18 86
67 86
77 86
41 87
2 87
39 90
42 92
18 92
97 92
88 94
10 95
35 95
15 99
7 99
49 100
