100
46 2147483637
37 2147483637
16 2147483637
72 2147483637
18 2147483637
80 2147483637
49 2147483637
67 2147483638
44 2147483638
73 2147483638
53 2147483638
35 2147483638
10 2147483638
29 2147483638
96 2147483638
95 2147483638
31 2147483638
14 2147483638
8 2147483638
43 2147483638
63 2147483639
44 2147483639
38 2147483639
95 2147483639
91 2147483639
57 2147483639
53 2147483639
61 2147483639
98 2147483639
66 2147483639
11 2147483639
91 2147483639
81 2147483639
46 2147483640
93 2147483640
71 2147483640
70 2147483640
58 2147483640
77 2147483640
4 2147483640
31 2147483640
80 2147483640
17 2147483640
48 2147483640
14 2147483640
17 2147483641
71 2147483641
44 2147483641
52 2147483641
78 2147483641
3 2147483641
93 2147483642
45 2147483642
57 2147483642
35 2147483642
14 2147483642
10 2147483642
32 2147483642
100 2147483642
29 2147483642
18 2147483642
2 2147483642
16 2147483642
13 2147483643
34 2147483643
95 2147483643
23 2147483643
17 2147483644
58 2147483644
12 2147483644
53 2147483644
33 2147483644
9 2147483644
23 2147483644
100 2147483644
29 2147483644
42 2147483645
35 2147483645
24 2147483645
7 2147483645
96 2147483645
1 2147483645
24 2147483645
41 2147483645
23 2147483645
45 2147483646
14 2147483646
86 2147483646
76 2147483646
82 2147483646
45 2147483646
91 2147483646
24 2147483646
38 2147483647
74 2147483647
48 2147483647
79 2147483647
11 2147483647
79 2147483647
69 2147483647
