100
43 1
94 1
10 2
95 3
38 4
53 4
10 5
76 6
69 7
6 8
72 8
21 10
91 12
49 13
99 13
89 14
88 15
5 17
45 20
11 22
20 22
53 25
100 25
23 26
50 26
52 29
70 29
23 31
39 31
69 32
34 32
86 33
34 34
38 35
78 36
60 37
24 40
68 41
84 42
77 42
30 44
24 47
51 48
30 49
28 49
40 50
98 50
95 52
67 53
6 55
31 56
27 56
16 59
80 61
97 61
29 63
56 64
61 65
36 66
22 67
33 68
63 69
14 70
83 71
100 72
47 72
62 73
74 74
100 74
93 74
50 75
27 76
26 76
63 77
60 79
33 79
35 80
62 80
32 80
47 81
98 83
10 83
80 85
17 85
6 85
16 85
37 85
17 86
98 88
88 89
65 89
4 92
70 92
35 93
58 94
15 95
1 97
38 99
70 99
59 100
