92
42 1
46 1
43 3
35 4
69 4
44 7
32 8
58 8
43 8
64 9
28 9
27 10
4 10
57 10
66 12
76 12
19 12
95 17
52 17
56 18
70 20
9 23
30 23
46 24
27 31
22 32
33 33
61 34
22 34
77 35
40 35
57 35
60 36
54 37
22 38
56 38
61 42
39 44
4 46
5 47
50 48
92 48
9 48
96 49
5 51
39 51
51 51
33 54
76 54
22 54
27 59
21 61
63 62
93 63
66 64
7 64
42 64
24 64
37 66
61 68
13 68
63 71
45 72
95 72
85 74
23 74
18 75
29 77
98 78
12 81
18 82
2 82
75 82
62 83
63 83
41 83
35 83
21 85
82 88
100 88
72 88
28 93
47 95
11 96
15 96
65 96
100 96
85 97
24 98
26 99
93 99
95 100
