100
59 0
91 6
62 7
66 7
66 8
33 8
9 9
15 12
78 12
50 12
79 12
72 13
83 13
71 14
49 14
98 15
9 17
72 18
58 19
20 19
20 21
10 24
35 24
80 24
37 26
49 27
49 28
49 28
12 28
85 29
7 31
50 32
13 34
70 34
76 34
62 36
77 40
48 41
72 41
77 42
97 42
30 42
31 43
91 43
13 43
99 44
61 46
10 46
93 47
86 48
50 48
2 48
5 49
19 52
21 53
57 53
90 55
88 55
9 55
35 57
50 58
91 60
81 62
25 63
64 63
5 64
51 64
26 67
7 68
38 71
67 71
72 71
20 75
31 76
68 76
24 76
49 77
95 78
36 81
70 81
57 82
95 82
5 82
96 82
22 83
88 84
78 85
30 87
75 87
83 87
62 89
85 90
91 90
57 91
55 93
11 96
43 96
48 97
82 97
11 100
