100
34 1
7 1
80 1
60 2
79 2
84 2
30 4
3 6
70 9
64 9
58 10
64 10
46 15
51 16
47 17
86 17
47 17
37 17
90 18
7 19
63 20
37 20
93 21
41 21
75 23
77 23
71 25
92 25
1 27
91 28
31 29
66 29
3 30
83 31
14 31
92 32
86 34
47 35
93 36
34 37
73 39
62 40
10 41
65 42
77 44
96 45
19 45
1 45
50 46
11 46
46 46
30 49
56 52
33 52
82 53
5 53
83 54
99 54
24 57
42 58
19 59
73 59
66 59
88 60
28 62
66 62
37 62
40 63
74 64
3 64
5 64
18 66
29 66
55 67
23 67
45 68
50 69
78 69
39 70
76 70
86 74
36 77
44 79
38 81
39 82
90 82
2 83
31 85
63 86
57 88
83 90
51 92
70 94
15 95
86 95
26 96
70 96
69 98
83 99
52 100
