87
12 0
70 2
91 3
1 4
57 6
77 7
15 9
15 9
3 11
90 13
37 13
4 15
65 16
79 19
55 21
28 21
40 21
25 23
56 23
61 25
94 29
2 30
85 30
58 31
77 32
91 35
21 36
21 36
29 36
28 39
25 39
4 40
69 40
18 41
71 43
16 44
23 44
45 44
8 44
68 45
90 45
60 46
25 48
16 48
38 52
2 54
37 54
44 60
14 61
2 61
89 61
92 61
78 61
63 62
12 62
76 62
96 63
100 64
28 65
83 65
87 66
5 67
90 67
5 68
2 69
24 71
14 73
2 75
68 77
70 77
70 79
22 79
61 81
52 82
22 83
30 83
23 85
97 85
2 87
77 87
51 88
8 89
94 92
12 93
74 95
56 98
32 99
