100
63 0
14 2
36 2
39 2
51 3
41 3
42 5
55 5
13 6
18 7
35 9
13 9
19 9
18 9
35 11
24 11
26 11
71 12
2 17
18 17
60 17
75 18
25 19
43 19
75 20
27 21
11 21
19 22
49 22
51 25
67 25
80 28
20 28
99 28
78 29
54 30
95 30
56 31
3 32
29 32
59 34
52 34
53 35
27 35
57 36
65 37
37 37
2 38
86 41
76 41
38 41
69 43
97 44
19 47
98 50
68 51
55 51
83 52
71 56
93 56
19 57
15 58
30 58
90 58
95 58
3 59
54 60
34 61
93 62
17 64
13 65
4 66
83 68
14 70
12 71
58 73
52 80
35 81
21 83
7 84
19 85
57 86
32 87
2 87
76 88
19 88
28 88
51 89
24 91
56 91
90 92
2 92
39 93
56 94
3 94
35 95
38 96
10 99
23 100
66 100
