100
73 2147483637
36 2147483637
3 2147483637
13 2147483637
31 2147483637
78 2147483638
41 2147483638
75 2147483638
9 2147483638
80 2147483638
60 2147483638
69 2147483638
38 2147483638
48 2147483638
11 2147483638
86 2147483638
85 2147483638
54 2147483638
78 2147483638
69 2147483639
39 2147483639
96 2147483639
53 2147483639
34 2147483639
50 2147483639
24 2147483639
22 2147483639
71 2147483639
93 2147483640
9 2147483640
37 2147483640
78 2147483640
32 2147483640
25 2147483640
7 2147483640
75 2147483641
27 2147483641
5 2147483641
16 2147483641
32 2147483641
12 2147483641
37 2147483641
18 2147483641
65 2147483641
21 2147483641
8 2147483642
58 2147483642
16 2147483642
38 2147483642
33 2147483642
93 2147483642
33 2147483642
42 2147483643
98 2147483643
5 2147483643
96 2147483643
66 2147483643
72 2147483643
5 2147483643
5 2147483643
100 2147483643
67 2147483643
68 2147483643
43 2147483643
41 2147483643
44 2147483644
24 2147483644
40 2147483644
62 2147483644
41 2147483644
57 2147483644
20 2147483644
82 2147483644
90 2147483644
78 2147483645
72 2147483645
14 2147483645
57 2147483645
8 2147483645
76 2147483645
51 2147483646
95 2147483646
9 2147483646
39 2147483646
72 2147483646
80 2147483646
79 2147483646
78 2147483646
79 2147483646
93 2147483646
83 2147483646
2 2147483647
34 2147483647
42 2147483647
8 2147483647
8 2147483647
15 2147483647
33 2147483647
42 2147483647
22 2147483647
