100
72 0
86 0
6 3
49 3
46 3
59 3
81 5
20 5
64 6
71 7
68 8
80 9
69 10
20 10
23 10
4 11
67 14
93 16
42 19
65 20
11 20
36 20
27 22
66 23
61 24
77 25
92 27
90 29
47 30
90 30
5 34
24 34
11 35
80 36
64 37
4 37
36 38
24 40
44 40
95 41
42 41
89 41
9 42
65 42
68 43
52 43
76 44
21 47
47 47
2 47
64 48
91 48
64 48
62 50
52 50
75 53
70 54
15 54
11 56
1 56
93 58
54 60
98 61
40 63
57 64
34 66
54 68
44 69
21 70
92 70
89 70
28 70
37 71
93 72
93 72
91 72
77 73
87 73
5 75
10 76
88 76
66 77
33 77
100 77
31 80
86 80
49 81
91 81
40 86
5 87
61 88
36 89
2 93
91 93
81 95
1 95
26 95
31 96
26 98
92 99
