100
77 2147483637
84 2147483637
6 2147483637
52 2147483637
45 2147483637
11 2147483637
97 2147483637
28 2147483637
8 2147483637
97 2147483637
70 2147483637
54 2147483637
98 2147483637
10 2147483638
79 2147483638
83 2147483638
48 2147483638
37 2147483638
20 2147483638
12 2147483638
77 2147483638
86 2147483638
25 2147483639
91 2147483639
95 2147483639
3 2147483639
42 2147483639
33 2147483639
4 2147483639
69 2147483639
21 2147483639
71 2147483639
98 2147483640
73 2147483640
68 2147483640
24 2147483640
83 2147483640
47 2147483640
90 2147483640
46 2147483640
72 2147483640
28 2147483640
15 2147483641
69 2147483641
63 2147483641
97 2147483641
24 2147483641
80 2147483641
19 2147483642
74 2147483642
27 2147483642
18 2147483642
6 2147483642
19 2147483642
73 2147483642
11 2147483642
64 2147483642
96 2147483642
33 2147483643
4 2147483643
51 2147483643
25 2147483643
81 2147483643
20 2147483643
97 2147483643
43 2147483643
56 2147483643
18 2147483644
99 2147483644
70 2147483644
38 2147483644
26 2147483644
59 2147483644
28 2147483644
77 2147483645
73 2147483645
71 2147483645
35 2147483645
47 2147483645
45 2147483645
70 2147483645
49 2147483645
67 2147483645
57 2147483645
17 2147483646
69 2147483646
54 2147483646
13 2147483646
64 2147483646
84 2147483646
67 2147483647
33 2147483647
98 2147483647
46 2147483647
40 2147483647
93 2147483647
28 2147483647
80 2147483647
63 2147483647
98 2147483647
