100
49 0
10 4
81 5
50 5
64 5
60 7
64 7
31 7
80 8
48 9
62 10
14 12
16 12
22 13
75 14
84 14
61 14
21 15
62 16
3 17
85 19
82 20
54 21
91 21
11 21
7 23
31 24
40 25
74 26
2 28
13 29
53 30
10 30
65 30
98 31
23 32
73 32
82 33
25 34
6 35
94 37
87 39
68 39
15 39
87 40
11 40
38 42
49 42
26 45
27 45
90 47
29 48
37 49
69 49
62 49
25 51
97 52
49 52
15 52
41 53
33 55
52 58
100 60
60 66
40 67
5 68
86 70
57 71
36 72
69 72
66 73
22 74
78 74
49 74
95 74
66 74
95 75
30 75
50 77
25 78
35 79
6 80
52 81
24 81
85 81
46 84
49 84
45 84
53 84
28 88
78 91
7 91
99 93
28 95
64 96
4 97
18 99
7 99
93 100
9 100
