100
66 3
91 3
25 4
9 5
28 5
62 7
87 7
72 7
32 8
97 9
52 10
84 12
85 14
4 17
90 18
83 18
13 19
62 19
99 21
74 22
91 22
35 24
42 28
75 28
68 28
22 28
19 29
66 30
68 31
77 33
90 34
67 35
63 36
66 36
12 37
46 41
21 42
18 42
47 44
81 45
79 45
62 46
78 46
9 47
14 47
46 49
28 49
36 49
33 51
54 52
62 52
76 53
85 54
74 54
56 54
80 55
55 55
67 56
44 56
43 56
76 60
28 61
49 61
68 62
56 64
80 65
68 66
45 67
49 68
51 68
4 71
66 71
9 73
14 77
20 77
27 77
89 78
75 78
19 78
35 79
46 80
35 80
11 82
43 85
45 86
57 87
40 87
45 89
82 92
47 94
68 95
87 95
95 96
62 96
76 96
88 96
36 98
43 98
29 99
3 99
