100
91 0
81 2
79 3
26 4
73 4
54 4
80 7
9 7
97 7
21 7
30 7
23 7
78 8
93 9
75 10
100 10
38 10
22 12
17 13
53 14
37 17
15 18
3 20
70 23
20 24
4 24
87 26
41 27
73 28
49 30
69 30
53 32
49 32
1 33
64 33
64 34
31 35
36 36
99 37
83 37
76 37
50 38
41 39
60 39
87 41
4 45
23 46
36 49
44 49
9 50
20 51
32 51
49 51
23 53
100 54
36 54
35 56
67 59
82 60
14 61
97 62
85 66
29 67
34 67
26 68
57 68
43 69
63 69
15 69
46 70
40 71
32 71
4 71
4 72
97 72
19 72
4 79
32 80
58 81
30 81
12 81
56 81
31 82
19 84
6 85
9 85
69 86
92 86
10 87
94 89
90 90
60 92
58 93
44 95
87 96
6 97
40 98
60 98
64 99
84 99
