100
90 0
76 0
25 0
68 0
24 2
10 3
15 4
3 5
52 6
93 7
19 8
45 8
8 13
39 13
95 13
28 14
39 15
84 16
57 16
84 16
30 17
65 20
50 20
38 20
64 23
21 25
1 26
3 30
97 32
97 34
41 34
79 34
46 35
66 35
31 35
12 35
66 36
39 36
41 36
27 38
35 39
42 39
96 42
92 42
82 44
57 44
39 46
76 46
49 47
37 48
77 48
63 50
67 50
62 51
88 53
97 53
95 55
15 57
71 57
17 57
55 59
8 59
88 61
88 62
6 63
44 64
4 64
92 65
70 66
8 70
45 71
1 72
95 75
45 75
19 78
16 80
78 83
86 85
88 85
29 85
86 85
32 86
63 87
35 88
29 88
84 88
20 90
66 91
95 92
34 93
27 93
67 93
24 94
57 94
5 95
71 96
88 99
61 99
13 100
93 100
