100
37 2147483637
8 2147483637
3 2147483637
87 2147483637
47 2147483637
45 2147483637
100 2147483637
72 2147483637
9 2147483637
29 2147483637
95 2147483637
69 2147483637
83 2147483638
78 2147483638
43 2147483638
99 2147483638
9 2147483638
45 2147483638
78 2147483638
13 2147483639
5 2147483639
77 2147483639
74 2147483639
72 2147483639
95 2147483639
82 2147483639
75 2147483639
17 2147483639
53 2147483639
65 2147483639
74 2147483640
38 2147483640
37 2147483640
88 2147483640
6 2147483640
36 2147483640
87 2147483640
37 2147483640
3 2147483640
53 2147483641
90 2147483641
92 2147483641
43 2147483641
95 2147483641
95 2147483641
60 2147483641
47 2147483641
26 2147483641
77 2147483642
43 2147483642
63 2147483642
69 2147483642
76 2147483642
11 2147483642
60 2147483643
76 2147483643
26 2147483643
66 2147483643
25 2147483644
32 2147483644
68 2147483644
72 2147483644
54 2147483644
85 2147483644
36 2147483644
65 2147483644
80 2147483644
94 2147483644
26 2147483644
73 2147483645
68 2147483645
41 2147483645
47 2147483645
100 2147483645
71 2147483645
24 2147483645
37 2147483645
85 2147483645
33 2147483645
68 2147483645
13 2147483645
42 2147483645
78 2147483646
5 2147483646
31 2147483646
97 2147483646
94 2147483646
63 2147483646
94 2147483646
14 2147483646
3 2147483647
28 2147483647
28 2147483647
91 2147483647
66 2147483647
89 2147483647
63 2147483647
3 2147483647
86 2147483647
22 2147483647
