100
73 0
63 1
59 1
21 2
95 2
99 4
18 5
20 6
12 7
66 8
1 8
31 9
29 9
11 11
75 13
26 14
47 15
3 17
5 18
87 19
5 20
31 20
77 21
61 23
12 23
81 23
71 26
17 26
83 27
83 27
75 27
96 28
18 28
80 31
72 31
15 33
80 33
22 34
28 34
56 34
9 36
74 36
88 39
33 41
53 41
55 42
46 42
35 42
67 42
56 43
89 43
93 45
40 46
71 47
17 47
15 47
63 47
79 48
64 50
58 53
94 59
37 61
96 63
11 63
85 63
30 65
6 66
54 66
18 68
65 68
20 70
26 70
35 70
39 70
94 71
7 71
6 73
7 74
69 74
43 74
43 74
87 75
12 76
37 77
33 78
3 79
32 85
70 87
61 87
45 88
34 88
77 88
53 90
16 91
67 91
87 92
35 96
85 99
59 99
30 99
