100
98 2147483637
95 2147483637
53 2147483637
89 2147483637
16 2147483637
46 2147483637
69 2147483637
33 2147483637
6 2147483637
26 2147483637
12 2147483637
65 2147483638
16 2147483638
38 2147483638
76 2147483638
63 2147483638
38 2147483638
22 2147483638
96 2147483638
94 2147483639
98 2147483639
88 2147483639
59 2147483639
66 2147483639
94 2147483639
64 2147483639
41 2147483639
45 2147483640
94 2147483640
55 2147483640
72 2147483640
96 2147483640
25 2147483640
87 2147483640
32 2147483640
2 2147483640
4 2147483640
67 2147483641
74 2147483641
56 2147483641
46 2147483641
22 2147483641
63 2147483641
81 2147483642
41 2147483642
98 2147483642
4 2147483642
81 2147483642
7 2147483642
95 2147483643
66 2147483643
83 2147483643
50 2147483643
33 2147483643
62 2147483643
46 2147483643
36 2147483643
26 2147483643
77 2147483643
31 2147483643
59 2147483643
26 2147483643
77 2147483643
77 2147483643
92 2147483643
64 2147483644
76 2147483644
57 2147483644
14 2147483644
1 2147483644
18 2147483644
46 2147483644
31 2147483644
1 2147483644
60 2147483645
4 2147483645
22 2147483645
64 2147483645
2 2147483645
47 2147483645
73 2147483645
38 2147483645
56 2147483645
41 2147483646
60 2147483646
57 2147483646
70 2147483646
57 2147483646
7 2147483646
20 2147483646
37 2147483647
79 2147483647
22 2147483647
42 2147483647
99 2147483647
86 2147483647
96 2147483647
24 2147483647
44 2147483647
56 2147483647
