100
2 3
38 5
55 7
34 7
12 9
42 10
54 10
43 14
100 15
48 15
27 17
9 19
79 21
88 21
69 23
85 23
60 23
52 24
58 28
45 29
91 31
79 33
53 33
38 33
35 34
93 34
69 35
79 36
58 37
57 37
10 37
80 38
90 41
18 42
22 42
27 42
16 42
97 43
41 44
54 44
43 44
56 48
88 50
67 51
68 51
16 52
25 52
19 52
87 53
2 54
40 54
96 55
22 55
73 55
14 56
54 57
50 58
84 58
85 60
40 65
5 66
36 67
35 68
78 70
98 70
99 71
47 73
14 74
1 74
5 79
15 79
97 79
93 80
15 80
23 81
36 81
85 82
84 82
89 82
46 87
6 88
74 88
90 88
44 90
11 90
57 90
19 92
89 92
63 93
44 94
14 94
52 94
2 94
29 97
74 98
91 98
93 99
46 99
6 99
60 100
