100
53 2
20 2
52 2
8 2
7 4
9 4
95 5
38 5
16 6
81 6
68 7
32 7
63 8
83 11
98 12
27 12
78 14
71 15
48 16
43 16
100 20
52 22
84 22
3 24
91 25
85 26
30 27
84 30
99 30
4 31
47 31
84 32
85 32
60 33
60 33
17 33
22 35
74 37
95 39
94 40
31 40
32 40
94 42
56 43
11 43
57 44
2 44
55 46
87 46
66 48
57 48
55 48
83 49
92 49
32 55
88 56
3 58
16 59
40 59
90 59
33 59
93 62
31 63
12 65
89 67
59 68
50 69
20 69
45 70
22 70
85 71
28 72
68 72
84 73
97 74
67 74
54 76
89 78
97 78
19 78
19 80
22 80
69 80
62 81
57 84
19 84
54 84
19 85
9 88
84 90
36 90
72 91
18 91
13 91
60 93
30 95
72 97
36 99
66 99
50 99
