100
90 3
13 3
24 3
43 3
76 4
2 5
19 7
90 8
44 10
42 12
97 12
24 12
87 13
66 16
44 16
82 17
47 17
11 18
28 20
92 21
85 22
79 22
11 23
78 23
36 24
93 26
78 27
70 27
11 27
16 29
82 29
37 31
86 33
96 35
47 36
13 37
36 38
12 38
35 40
72 40
91 41
34 41
17 42
11 42
18 44
26 45
55 45
36 46
75 49
83 49
4 50
21 51
10 52
82 54
72 54
26 55
41 56
32 57
2 58
83 59
100 61
79 62
76 63
83 65
87 66
83 67
81 67
99 68
80 68
76 69
75 69
21 69
81 71
96 73
21 75
19 76
83 76
61 78
81 78
7 83
2 83
57 84
87 87
87 89
33 89
27 92
85 92
97 94
74 95
48 96
79 96
25 96
37 97
50 97
43 98
65 98
46 98
78 99
79 99
95 99
