100
3 2147483637
94 2147483637
28 2147483637
19 2147483637
88 2147483637
12 2147483637
24 2147483637
37 2147483637
7 2147483637
49 2147483638
21 2147483638
90 2147483638
23 2147483638
91 2147483638
27 2147483638
75 2147483638
47 2147483638
85 2147483638
79 2147483639
29 2147483639
58 2147483639
44 2147483639
54 2147483639
30 2147483639
28 2147483639
59 2147483639
95 2147483639
69 2147483640
98 2147483640
52 2147483640
13 2147483640
80 2147483640
7 2147483640
28 2147483640
39 2147483640
76 2147483641
61 2147483641
30 2147483641
3 2147483641
99 2147483641
9 2147483641
95 2147483641
63 2147483641
60 2147483641
73 2147483642
26 2147483642
50 2147483642
2 2147483642
9 2147483642
43 2147483642
85 2147483642
94 2147483642
66 2147483642
98 2147483643
47 2147483643
82 2147483643
72 2147483643
38 2147483643
84 2147483644
17 2147483644
30 2147483644
70 2147483644
28 2147483644
73 2147483645
74 2147483645
31 2147483645
53 2147483645
55 2147483645
54 2147483645
3 2147483645
24 2147483645
67 2147483645
37 2147483646
37 2147483646
28 2147483646
24 2147483646
89 2147483646
75 2147483646
91 2147483646
100 2147483646
34 2147483646
58 2147483646
26 2147483647
16 2147483647
25 2147483647
44 2147483647
28 2147483647
82 2147483647
15 2147483647
100 2147483647
56 2147483647
26 2147483647
84 2147483647
27 2147483647
27 2147483647
5 2147483647
80 2147483647
62 2147483647
27 2147483647
74 2147483647
