100
75 0
73 0
35 1
80 1
75 3
46 3
98 6
24 6
33 6
4 8
54 11
54 13
58 14
84 15
42 17
24 18
79 18
39 20
82 21
7 23
29 26
25 27
82 28
15 28
3 30
80 31
44 31
27 32
90 32
76 33
49 33
21 34
6 34
90 35
90 35
5 39
77 40
84 40
2 41
81 42
54 43
34 45
45 46
63 46
78 47
11 49
4 50
63 50
40 50
64 52
81 52
56 57
39 57
22 58
41 58
72 59
53 60
12 61
25 62
76 62
6 62
59 63
81 63
8 63
76 65
32 66
32 66
34 67
40 68
13 70
85 70
87 71
92 73
41 74
75 75
45 75
22 76
98 76
57 76
38 77
27 79
96 79
19 79
84 80
6 80
53 81
77 82
80 83
54 84
71 84
56 85
11 86
32 86
42 86
14 92
43 92
70 92
13 94
4 99
96 100
