100
77 0
56 1
55 2
79 2
83 3
53 3
31 4
64 6
90 8
99 12
43 12
97 13
10 13
48 13
25 14
5 17
91 18
46 18
48 19
21 20
98 23
61 24
45 25
100 26
41 26
96 26
61 27
87 28
32 29
42 29
15 30
31 31
66 32
57 35
23 37
56 37
90 38
33 40
26 41
81 43
57 44
56 45
52 46
74 46
90 47
95 49
53 50
34 51
93 53
44 54
29 56
34 59
85 63
41 63
14 63
24 63
77 64
94 65
81 66
86 66
13 66
27 68
4 69
12 69
47 71
78 71
26 73
7 73
82 74
36 74
72 74
35 75
94 75
42 77
83 77
10 78
73 78
19 80
95 81
42 82
17 83
51 84
59 85
58 85
38 85
77 86
86 87
90 87
67 88
64 88
31 89
88 90
35 90
51 92
33 94
72 96
30 97
15 99
91 100
10 100
