100
88 0
7 0
53 1
2 1
54 2
89 3
58 4
100 4
28 4
58 5
2 8
56 8
56 8
19 9
20 9
19 10
90 12
77 12
3 15
39 17
78 18
57 22
83 22
10 22
5 22
19 22
80 23
32 23
20 26
52 27
7 29
7 30
9 32
47 35
92 36
68 36
15 37
37 38
80 38
42 39
64 41
19 41
54 42
94 43
34 43
56 45
37 47
95 47
59 47
69 48
100 49
24 51
73 51
34 52
33 52
31 54
7 55
12 55
7 56
39 60
28 61
37 62
17 67
1 68
99 69
99 69
18 70
1 71
91 72
11 72
76 75
62 75
34 77
61 79
54 80
16 82
32 82
61 84
26 86
53 86
14 87
28 88
35 89
3 90
5 90
50 91
8 92
6 93
76 94
99 94
75 94
95 94
37 96
76 96
79 97
64 98
83 98
31 98
99 99
64 100
