100
49 2147483637
26 2147483637
61 2147483637
100 2147483637
63 2147483637
54 2147483637
59 2147483637
55 2147483637
6 2147483637
6 2147483637
12 2147483638
62 2147483638
85 2147483638
28 2147483638
70 2147483638
24 2147483638
45 2147483638
51 2147483639
18 2147483639
75 2147483639
85 2147483639
78 2147483639
65 2147483639
49 2147483640
18 2147483640
83 2147483640
21 2147483640
85 2147483640
34 2147483640
12 2147483640
36 2147483641
11 2147483641
89 2147483641
7 2147483641
66 2147483641
46 2147483641
20 2147483641
64 2147483641
75 2147483641
55 2147483641
16 2147483641
50 2147483641
45 2147483641
6 2147483641
6 2147483642
54 2147483642
46 2147483642
65 2147483642
56 2147483642
83 2147483642
99 2147483642
10 2147483642
70 2147483642
63 2147483642
75 2147483642
48 2147483642
81 2147483642
4 2147483642
14 2147483643
57 2147483643
17 2147483643
31 2147483643
34 2147483643
63 2147483643
96 2147483643
65 2147483643
3 2147483643
47 2147483644
87 2147483644
63 2147483644
23 2147483644
71 2147483644
17 2147483644
21 2147483644
83 2147483644
97 2147483644
80 2147483644
84 2147483645
35 2147483645
8 2147483645
40 2147483645
29 2147483645
2 2147483645
64 2147483645
92 2147483645
98 2147483646
87 2147483646
82 2147483646
57 2147483646
2 2147483646
73 2147483646
57 2147483646
16 2147483647
35 2147483647
100 2147483647
41 2147483647
92 2147483647
69 2147483647
62 2147483647
8 2147483647
