100
28 0
51 1
3 1
52 2
37 2
64 2
62 4
34 5
40 5
66 6
7 7
40 8
24 9
21 9
69 9
37 9
49 13
16 13
65 14
10 15
19 17
56 17
44 19
63 19
59 19
1 19
30 20
39 20
67 22
68 23
30 23
32 24
3 24
40 26
21 28
4 29
38 31
48 33
28 33
44 33
6 33
54 33
14 34
41 35
61 35
57 37
63 37
34 37
36 38
19 38
54 38
45 39
4 40
35 41
16 41
39 42
19 43
31 44
24 45
5 45
1 45
24 45
47 45
69 47
45 48
39 48
62 50
3 53
2 54
27 54
56 56
52 58
41 59
28 59
8 59
25 60
14 60
66 60
12 64
71 64
18 68
62 69
38 70
13 70
42 71
32 73
38 75
70 75
8 76
69 76
18 78
55 79
29 81
67 81
10 81
23 82
51 83
61 88
23 88
10 88
