100
67 0
20 2
79 4
69 5
83 5
92 5
77 6
88 8
86 9
28 9
14 9
52 10
32 12
42 12
27 12
37 12
19 13
79 13
80 14
86 14
70 15
4 16
18 17
67 19
77 19
41 19
2 19
39 21
42 22
18 23
97 23
88 24
10 24
35 27
15 29
7 29
49 30
35 31
52 33
77 35
9 35
78 35
28 35
96 36
2 36
52 38
75 39
41 39
47 40
21 42
34 43
24 47
44 47
4 47
71 47
83 50
19 50
30 51
98 53
35 56
22 58
76 59
31 59
70 60
45 61
1 61
62 61
98 65
55 67
2 67
40 67
72 68
12 71
88 74
30 74
17 74
9 75
39 76
55 76
39 77
27 78
47 79
57 82
18 82
54 82
76 83
69 83
82 86
92 86
51 87
54 87
22 88
37 90
16 90
12 97
77 98
34 98
95 99
76 100
60 100
