100
10 2147483637
75 2147483637
53 2147483637
41 2147483637
27 2147483637
53 2147483637
31 2147483637
25 2147483637
32 2147483638
26 2147483638
59 2147483638
30 2147483638
83 2147483638
61 2147483638
48 2147483638
12 2147483638
89 2147483638
84 2147483639
81 2147483639
81 2147483639
99 2147483639
15 2147483639
71 2147483639
34 2147483639
37 2147483639
47 2147483639
87 2147483639
4 2147483639
92 2147483639
43 2147483639
30 2147483640
20 2147483640
57 2147483640
35 2147483640
83 2147483640
84 2147483640
97 2147483640
41 2147483640
90 2147483640
20 2147483640
31 2147483640
88 2147483641
31 2147483641
32 2147483641
54 2147483641
37 2147483641
89 2147483641
64 2147483641
10 2147483641
4 2147483641
27 2147483641
93 2147483641
60 2147483641
26 2147483641
28 2147483641
41 2147483642
94 2147483642
44 2147483642
64 2147483642
85 2147483642
15 2147483642
85 2147483643
59 2147483643
26 2147483643
56 2147483643
49 2147483643
39 2147483643
14 2147483643
38 2147483643
15 2147483643
43 2147483643
59 2147483644
87 2147483644
36 2147483644
37 2147483644
68 2147483644
8 2147483644
54 2147483644
56 2147483644
27 2147483645
44 2147483645
77 2147483645
59 2147483645
37 2147483645
75 2147483645
1 2147483645
70 2147483645
8 2147483646
63 2147483646
96 2147483646
72 2147483646
41 2147483646
28 2147483646
75 2147483646
73 2147483646
49 2147483646
87 2147483647
90 2147483647
94 2147483647
12 2147483647
