91
89 0
54 4
17 6
85 7
21 8
40 10
47 11
82 14
12 14
74 15
94 15
45 15
34 16
84 16
60 17
77 26
15 26
40 27
45 27
6 29
54 29
69 31
90 35
100 36
48 37
5 37
39 38
41 38
31 38
62 40
7 40
65 41
50 43
41 44
17 45
51 45
27 46
68 46
75 46
45 46
97 48
55 49
8 49
29 49
87 49
34 50
66 51
33 52
7 52
23 53
61 54
46 56
82 56
53 57
91 57
19 59
46 60
53 61
46 62
73 62
34 62
73 63
70 63
53 64
34 65
99 66
33 67
2 67
47 68
19 70
65 78
75 80
32 80
99 81
50 82
93 83
84 84
81 86
33 87
57 87
53 89
89 91
39 92
53 93
32 93
37 96
39 96
98 97
24 98
41 98
13 99
