100
100 0
95 1
9 2
87 2
56 7
47 8
93 10
10 13
67 13
64 14
24 16
5 23
94 24
32 25
6 28
67 28
97 28
91 30
4 31
65 33
9 34
67 34
18 36
36 36
51 36
90 37
81 37
80 37
12 38
4 39
73 39
77 43
57 43
70 45
97 45
27 48
69 50
46 50
45 50
45 51
58 52
23 52
69 52
17 53
73 57
82 58
82 58
84 58
4 59
6 59
61 60
25 60
10 62
87 62
43 63
17 64
14 65
83 68
14 69
76 69
7 69
49 70
1 71
87 71
35 72
3 72
78 72
82 72
41 73
32 75
95 75
81 76
32 76
96 77
44 77
31 78
61 78
80 81
99 82
71 84
8 86
75 86
33 87
32 87
45 90
5 90
24 90
10 92
91 92
88 94
22 95
52 96
27 97
39 97
28 97
59 97
21 98
38 99
11 99
79 100
