100
55 2147483637
67 2147483637
58 2147483637
90 2147483637
19 2147483637
16 2147483637
68 2147483637
42 2147483637
90 2147483637
88 2147483637
62 2147483637
63 2147483637
27 2147483638
22 2147483638
14 2147483638
65 2147483638
44 2147483638
23 2147483638
12 2147483638
63 2147483639
31 2147483639
22 2147483639
27 2147483639
16 2147483639
1 2147483640
48 2147483640
38 2147483640
65 2147483640
1 2147483640
98 2147483640
28 2147483640
53 2147483640
71 2147483640
61 2147483640
74 2147483640
78 2147483640
64 2147483641
3 2147483641
70 2147483641
100 2147483641
40 2147483641
40 2147483641
78 2147483641
43 2147483641
97 2147483642
29 2147483642
71 2147483642
48 2147483642
45 2147483642
22 2147483642
99 2147483642
37 2147483642
10 2147483642
71 2147483642
33 2147483643
19 2147483643
30 2147483643
27 2147483643
11 2147483643
64 2147483643
26 2147483643
87 2147483643
7 2147483644
91 2147483644
24 2147483644
15 2147483644
74 2147483644
38 2147483644
46 2147483644
59 2147483644
66 2147483644
43 2147483644
31 2147483645
68 2147483645
71 2147483645
9 2147483645
60 2147483645
58 2147483645
60 2147483645
40 2147483645
18 2147483646
95 2147483646
30 2147483646
39 2147483646
96 2147483646
16 2147483646
93 2147483646
3 2147483646
34 2147483646
42 2147483647
16 2147483647
2 2147483647
86 2147483647
79 2147483647
68 2147483647
73 2147483647
3 2147483647
82 2147483647
75 2147483647
27 2147483647
