100
41 1
21 1
24 2
2 3
18 3
5 4
18 5
93 5
43 5
87 6
41 6
43 7
30 8
65 9
71 10
21 11
62 12
81 15
44 17
55 18
61 18
30 22
93 22
35 23
76 23
41 24
75 26
15 26
27 28
76 28
4 29
18 29
17 30
52 31
28 32
68 33
46 35
83 38
10 39
80 39
96 41
52 43
33 43
55 46
90 48
66 49
8 50
72 52
16 53
22 53
91 56
32 56
41 57
88 58
41 59
33 59
82 60
61 61
37 61
46 62
86 63
62 64
100 64
75 65
58 65
70 67
36 68
76 69
100 70
61 71
42 72
89 72
94 73
81 73
35 74
23 74
95 75
88 76
64 76
66 77
65 77
38 80
13 80
37 81
11 81
50 81
83 82
54 82
43 84
47 85
67 86
40 86
4 87
64 92
71 93
91 93
40 98
60 99
17 99
45 100
