100
47 0
26 1
15 2
9 2
2 3
22 3
28 3
41 5
28 5
99 10
47 10
42 10
79 11
58 11
28 12
93 12
85 13
78 14
83 15
47 16
80 18
3 18
37 19
55 19
6 20
8 20
35 20
55 22
96 22
65 23
64 25
97 26
57 27
12 28
22 28
68 29
62 32
27 33
4 35
62 36
52 36
53 36
30 42
45 44
29 45
84 45
47 45
27 46
24 46
14 47
96 48
32 48
40 49
54 50
50 51
49 53
7 54
40 55
32 55
100 58
54 59
100 60
60 61
66 64
36 65
71 65
78 67
10 67
68 68
23 69
33 70
2 70
98 70
95 72
93 72
44 76
62 78
94 79
43 79
12 79
97 82
79 83
89 84
75 84
86 84
94 85
62 85
15 87
82 87
24 88
42 88
48 91
45 93
100 93
3 95
42 97
63 98
83 100
65 100
73 100
