100
78 0
76 0
40 1
34 1
53 3
52 4
5 5
30 6
25 11
16 12
89 14
78 15
99 16
45 18
3 18
48 18
90 18
21 19
19 20
69 21
25 21
93 21
21 23
67 23
84 23
41 25
56 26
3 26
72 26
59 26
89 26
98 28
38 29
33 30
53 32
60 32
8 33
41 34
6 35
35 38
74 39
40 40
14 41
87 42
6 42
17 42
85 42
10 44
71 47
87 48
14 48
86 51
99 51
54 54
72 54
68 54
6 58
54 60
33 60
28 62
71 62
38 63
74 66
4 67
88 68
23 68
40 68
27 69
45 69
55 70
96 70
27 71
30 72
8 72
48 73
97 75
81 76
97 76
7 78
95 80
42 81
45 82
53 84
60 84
64 85
36 85
98 88
28 88
12 92
51 92
97 92
17 95
78 95
39 96
38 96
18 96
82 97
61 99
54 99
74 100
