100
85 2147483637
26 2147483637
31 2147483637
26 2147483637
72 2147483637
44 2147483637
73 2147483637
30 2147483637
90 2147483637
3 2147483637
79 2147483637
42 2147483637
40 2147483638
23 2147483638
56 2147483638
40 2147483638
75 2147483638
24 2147483638
27 2147483638
9 2147483638
95 2147483639
33 2147483639
36 2147483639
60 2147483639
77 2147483639
73 2147483639
55 2147483639
13 2147483639
4 2147483639
7 2147483639
68 2147483640
44 2147483640
44 2147483640
75 2147483640
55 2147483640
70 2147483640
3 2147483640
95 2147483640
18 2147483640
88 2147483641
17 2147483641
7 2147483641
44 2147483641
89 2147483641
42 2147483641
78 2147483641
22 2147483641
19 2147483641
71 2147483641
38 2147483641
90 2147483642
78 2147483642
95 2147483642
61 2147483642
91 2147483642
61 2147483642
74 2147483642
64 2147483642
46 2147483642
84 2147483642
28 2147483643
63 2147483643
92 2147483643
74 2147483643
85 2147483643
22 2147483643
22 2147483643
12 2147483643
84 2147483644
63 2147483644
43 2147483644
39 2147483644
51 2147483644
44 2147483644
61 2147483644
19 2147483644
10 2147483644
52 2147483645
24 2147483645
63 2147483645
44 2147483645
46 2147483645
10 2147483645
35 2147483645
31 2147483645
45 2147483646
50 2147483646
64 2147483646
41 2147483646
9 2147483646
80 2147483646
96 2147483646
46 2147483646
71 2147483646
26 2147483647
62 2147483647
48 2147483647
8 2147483647
54 2147483647
64 2147483647
