100
5 3
23 3
36 5
38 7
26 9
5 10
79 10
30 10
40 12
5 14
72 17
23 19
15 21
83 21
70 22
45 22
48 25
37 27
87 27
60 28
19 28
39 28
12 29
41 30
94 33
6 34
2 34
80 35
22 36
46 36
51 37
84 38
31 39
73 42
9 42
20 44
77 45
66 45
91 46
25 47
9 49
28 49
62 49
87 49
72 53
32 54
97 54
52 55
84 56
85 56
4 56
90 60
83 61
13 61
62 62
99 63
74 64
91 65
35 66
42 67
75 67
68 68
22 68
19 70
66 71
68 71
77 72
90 73
67 73
63 75
66 77
12 77
46 78
21 79
18 79
47 80
81 81
79 82
62 83
78 85
9 86
14 87
46 88
28 88
36 89
33 90
54 90
62 90
76 92
85 93
74 93
56 95
80 95
55 96
67 96
44 96
43 98
76 99
28 99
49 100
