100
95 0
45 1
2 2
3 3
45 5
44 5
93 7
78 8
95 9
65 11
40 11
69 11
87 12
58 13
20 14
37 15
22 17
92 18
25 20
84 20
1 21
96 22
98 22
7 22
74 23
80 24
55 24
68 24
50 27
17 27
16 27
43 27
8 27
60 28
11 30
21 38
8 39
70 39
93 40
84 42
42 42
99 46
13 48
56 49
39 50
27 50
33 52
11 53
38 53
77 54
20 54
74 55
25 55
82 56
41 58
22 58
58 59
83 60
93 60
45 60
28 60
12 61
12 62
54 64
58 66
76 66
56 68
77 70
33 71
63 72
85 73
61 75
8 76
14 76
100 77
30 77
45 78
53 78
15 79
2 79
54 80
8 81
41 81
98 82
74 84
55 85
84 85
27 85
56 85
66 86
30 88
95 91
73 92
64 92
38 92
58 96
8 96
21 96
6 97
54 100
