100
19 2
95 2
59 3
2 3
91 5
6 6
90 7
2 10
32 13
54 15
1 15
52 16
70 18
21 19
49 20
58 20
4 20
62 21
48 23
79 24
56 24
50 24
71 25
3 27
60 28
47 28
57 28
86 30
25 30
68 31
4 34
69 34
11 35
73 35
39 36
87 36
85 37
89 39
23 40
29 41
51 42
98 43
26 44
65 46
4 46
1 49
31 49
9 50
1 51
63 52
39 53
77 55
40 57
16 58
13 63
50 63
35 64
11 65
3 66
100 67
25 67
58 69
45 69
20 70
1 71
83 72
50 74
78 77
21 77
13 78
96 80
71 80
96 81
6 82
8 82
55 82
74 82
85 83
58 83
7 84
54 85
11 85
63 87
63 87
78 88
24 90
59 90
28 91
31 92
62 92
17 93
35 93
22 96
98 97
84 98
25 99
66 100
52 100
70 100
99 100
