100
30 0
1 0
68 0
90 1
27 7
22 8
29 9
28 10
75 11
32 11
81 11
85 13
37 14
19 14
91 15
5 18
90 19
39 19
13 19
44 21
22 21
31 23
32 23
33 24
60 24
27 24
21 26
19 26
78 27
82 29
97 34
68 35
11 36
16 36
6 38
17 38
70 39
54 40
11 41
8 42
18 44
27 45
62 46
75 46
71 46
22 50
40 51
94 51
85 53
56 53
15 53
36 53
54 54
8 55
46 55
9 55
64 55
40 57
7 58
87 59
45 59
41 61
43 61
78 62
38 62
30 63
85 67
33 67
69 68
80 69
21 69
23 70
45 72
1 72
28 76
20 77
26 78
43 79
48 80
67 81
96 83
74 83
26 83
27 85
99 87
61 88
50 88
75 89
11 92
29 93
28 93
72 93
57 95
1 96
86 97
4 97
60 97
99 98
49 100
41 100
