100
81 2147483637
35 2147483637
42 2147483637
4 2147483637
58 2147483637
22 2147483637
57 2147483637
9 2147483637
94 2147483637
40 2147483637
100 2147483637
70 2147483638
31 2147483638
36 2147483638
36 2147483638
24 2147483638
79 2147483638
58 2147483638
53 2147483639
69 2147483639
98 2147483639
13 2147483639
72 2147483639
71 2147483639
74 2147483639
83 2147483639
50 2147483639
7 2147483639
61 2147483640
38 2147483640
38 2147483640
96 2147483640
38 2147483640
36 2147483640
36 2147483640
7 2147483640
75 2147483640
29 2147483641
76 2147483641
6 2147483641
50 2147483641
29 2147483641
83 2147483641
85 2147483641
73 2147483642
9 2147483642
4 2147483643
35 2147483643
31 2147483643
36 2147483643
22 2147483643
32 2147483643
31 2147483643
52 2147483643
15 2147483643
90 2147483643
85 2147483643
33 2147483643
76 2147483643
6 2147483644
39 2147483644
75 2147483644
98 2147483644
28 2147483644
29 2147483644
14 2147483644
48 2147483644
10 2147483644
29 2147483645
53 2147483645
76 2147483645
12 2147483645
11 2147483645
38 2147483645
91 2147483645
85 2147483645
96 2147483645
8 2147483645
40 2147483645
14 2147483645
4 2147483645
16 2147483646
72 2147483646
95 2147483646
23 2147483646
94 2147483646
58 2147483646
1 2147483646
60 2147483646
50 2147483646
36 2147483646
25 2147483647
57 2147483647
30 2147483647
41 2147483647
88 2147483647
25 2147483647
100 2147483647
68 2147483647
83 2147483647
