100
63 2
4 3
20 3
66 5
25 5
56 6
45 7
1 8
51 9
19 10
62 11
24 11
67 12
90 13
68 14
56 14
40 16
44 16
57 16
25 19
3 19
100 22
97 23
59 24
17 26
63 27
18 27
93 28
87 30
67 30
32 32
70 32
98 34
53 34
67 35
51 35
21 35
3 36
100 37
64 37
89 37
56 37
59 38
57 39
100 40
63 41
80 42
76 43
69 45
89 45
85 47
64 48
91 48
13 49
32 51
22 53
26 55
58 56
12 56
92 58
16 59
36 60
31 61
66 63
63 63
89 66
53 67
25 68
53 68
65 68
31 68
46 70
73 70
34 71
96 72
54 75
62 75
14 75
15 76
57 77
34 77
42 78
99 80
15 81
100 82
90 83
50 83
86 84
67 85
45 87
99 88
44 90
4 92
55 93
46 93
45 94
61 94
42 97
47 98
98 98
