100
55 0
26 0
37 0
56 3
12 4
55 5
93 5
92 7
50 10
18 14
70 15
89 15
65 16
33 20
47 20
44 21
40 24
20 24
48 26
19 26
93 27
4 27
14 29
55 29
29 30
55 30
61 30
15 32
89 34
97 34
45 34
62 38
94 39
16 39
19 40
63 41
50 42
93 42
39 43
45 43
54 44
24 44
3 44
87 45
90 48
22 49
20 50
86 51
60 52
9 53
5 53
59 54
68 55
51 56
100 56
45 56
89 60
34 62
53 63
58 63
33 64
24 67
40 67
21 67
23 68
60 68
97 69
46 69
10 69
99 72
36 72
9 75
89 75
76 75
28 76
76 77
47 78
60 78
27 81
27 81
58 81
20 81
21 83
45 84
79 86
20 86
79 88
18 88
71 89
6 90
49 91
55 92
65 93
52 94
45 94
45 94
87 95
74 96
32 99
77 100
