100
70 0
80 0
97 1
8 2
29 3
42 5
100 5
70 7
44 8
25 9
59 9
77 10
75 10
85 10
8 12
35 12
31 13
8 13
22 13
49 13
81 14
99 15
64 15
75 15
60 16
64 17
73 18
84 22
85 23
55 29
88 30
31 30
73 32
11 32
52 33
17 34
95 34
95 36
40 38
80 39
73 39
99 40
37 40
28 41
90 42
57 43
69 43
4 43
5 44
29 44
18 45
51 45
16 48
52 49
84 50
73 50
48 53
13 53
85 54
78 55
89 56
8 57
20 57
66 58
90 58
96 58
95 59
32 60
46 60
60 61
93 61
46 64
63 66
75 70
26 72
62 73
17 75
85 76
61 77
67 77
88 78
35 80
84 81
81 81
11 82
4 82
51 84
36 84
76 85
30 86
50 87
28 87
89 88
56 90
88 91
19 92
38 93
62 93
85 96
37 96
