100
50 2
11 2
75 3
11 3
33 4
30 4
98 4
53 5
4 6
22 7
77 8
31 8
27 12
67 13
46 15
27 20
14 21
72 22
64 22
64 27
48 37
27 37
6 38
92 39
52 40
85 40
33 40
34 41
47 42
63 42
20 44
78 44
61 44
76 46
50 47
37 48
89 50
37 53
86 53
46 54
93 55
19 55
54 58
85 59
93 59
87 59
35 59
37 60
6 60
44 61
51 63
54 63
86 64
75 66
73 66
31 68
61 68
3 68
58 69
49 70
95 70
25 70
47 71
10 72
66 72
11 73
5 75
73 75
29 78
21 78
34 78
56 78
19 78
60 78
62 79
32 79
35 80
9 81
31 81
98 81
76 81
69 81
16 82
28 82
79 82
2 84
53 86
18 87
75 88
6 89
4 90
57 90
56 92
59 93
72 93
77 95
69 97
87 99
33 99
5 100
