100
37 1
41 2
29 5
2 6
85 7
21 7
34 9
19 9
38 10
33 11
75 11
35 12
84 13
38 14
65 14
66 16
39 16
98 19
72 19
39 22
73 22
77 22
68 23
42 26
99 27
87 27
85 28
1 28
5 29
32 30
48 31
51 37
16 39
17 39
37 42
59 42
12 42
90 42
79 43
4 43
56 43
9 44
17 44
99 44
98 45
91 46
20 46
56 47
49 47
56 48
58 50
32 51
66 51
12 52
67 53
96 54
100 56
87 59
74 61
70 61
100 62
49 62
78 63
44 63
30 66
67 66
15 66
65 67
9 67
46 68
13 68
88 69
51 70
64 70
72 70
95 71
95 71
83 71
59 76
2 76
42 78
20 78
94 80
97 80
18 81
76 82
7 86
62 87
51 88
39 89
82 89
28 93
10 94
11 94
71 95
27 95
43 98
54 99
53 99
86 100
