100
22 2147483637
5 2147483637
14 2147483637
10 2147483637
84 2147483637
56 2147483637
57 2147483637
11 2147483637
84 2147483638
86 2147483638
16 2147483638
27 2147483638
13 2147483638
13 2147483638
50 2147483638
31 2147483638
88 2147483638
85 2147483638
8 2147483638
55 2147483639
100 2147483639
96 2147483639
81 2147483640
79 2147483640
80 2147483640
23 2147483640
17 2147483640
59 2147483640
100 2147483640
55 2147483641
79 2147483641
1 2147483641
76 2147483641
43 2147483641
60 2147483641
55 2147483641
45 2147483641
21 2147483641
39 2147483642
18 2147483642
10 2147483642
96 2147483642
17 2147483642
91 2147483642
68 2147483642
52 2147483642
95 2147483642
11 2147483642
63 2147483642
1 2147483642
97 2147483643
74 2147483643
70 2147483643
80 2147483643
86 2147483643
62 2147483643
89 2147483643
88 2147483643
29 2147483643
28 2147483643
93 2147483644
50 2147483644
11 2147483644
9 2147483644
81 2147483644
74 2147483644
88 2147483644
38 2147483644
28 2147483644
45 2147483644
24 2147483644
47 2147483644
70 2147483644
94 2147483644
18 2147483644
26 2147483645
4 2147483645
7 2147483645
35 2147483645
52 2147483645
69 2147483645
7 2147483645
23 2147483645
20 2147483645
9 2147483646
80 2147483646
37 2147483646
16 2147483646
33 2147483646
69 2147483646
49 2147483646
7 2147483646
44 2147483646
30 2147483646
74 2147483647
3 2147483647
57 2147483647
60 2147483647
45 2147483647
46 2147483647
