89
98 0
37 0
44 3
57 3
85 6
39 6
89 8
76 9
93 9
45 10
52 12
92 13
90 15
75 15
49 16
89 18
18 19
99 20
89 21
23 22
2 23
9 25
72 25
30 26
77 26
53 27
82 28
97 30
34 30
59 30
86 31
13 32
52 32
81 34
51 34
45 37
94 40
96 41
6 41
68 41
93 42
86 43
80 45
4 45
42 47
59 48
2 49
5 50
53 52
98 53
82 53
89 53
22 53
33 53
68 54
9 58
54 59
93 59
9 59
35 60
43 60
77 61
60 68
76 69
51 70
22 71
54 73
30 73
52 74
94 74
56 75
63 76
14 76
81 80
75 80
12 80
13 83
2 83
67 86
30 87
3 89
53 91
97 92
56 93
83 94
40 97
48 98
32 99
56 100
