100
59 0
9 0
3 1
55 3
30 3
33 4
74 4
38 5
23 6
2 7
56 7
85 9
25 9
38 10
81 12
12 12
33 13
45 14
32 15
7 16
16 16
38 16
51 18
81 18
87 18
31 20
75 21
12 21
95 21
31 26
65 27
27 29
74 31
99 31
21 33
84 34
80 35
50 35
76 36
20 37
19 37
92 39
91 39
85 39
84 43
45 43
40 44
27 46
75 47
37 48
54 49
35 51
74 52
68 54
41 55
79 56
95 57
77 58
79 59
67 59
45 59
89 60
37 60
85 61
90 61
91 62
93 64
84 64
25 64
49 66
48 66
67 66
26 69
20 70
12 71
34 71
45 72
73 73
26 73
79 73
83 73
32 74
45 78
1 79
96 80
68 80
25 81
76 84
28 84
56 87
46 88
62 88
56 91
33 91
71 92
75 92
77 93
16 98
78 98
28 98
