100
15 0
12 1
27 1
21 2
84 2
73 3
54 3
41 5
50 6
1 6
61 6
68 6
64 8
98 9
98 10
26 12
75 14
52 14
54 14
81 16
93 19
32 19
34 21
76 21
91 21
90 22
94 22
65 26
56 26
24 27
13 28
90 29
41 32
14 32
4 32
87 33
9 37
45 37
45 38
52 39
78 39
17 39
86 42
26 43
5 43
16 44
21 45
95 45
79 45
29 48
63 49
25 49
97 49
58 49
32 51
68 53
48 55
50 56
96 56
88 57
27 59
74 59
45 60
4 61
96 61
30 61
43 62
63 64
99 64
46 65
9 66
50 68
74 69
72 69
5 70
92 71
4 72
100 77
44 78
50 78
40 78
32 79
49 79
87 80
10 82
23 83
45 85
35 88
35 89
61 90
94 91
28 91
4 92
87 93
7 94
18 96
20 97
91 98
78 98
36 100
