100
74 2147483637
77 2147483637
36 2147483637
37 2147483637
10 2147483637
96 2147483637
91 2147483637
56 2147483637
19 2147483637
55 2147483637
35 2147483637
27 2147483637
57 2147483638
84 2147483638
79 2147483638
69 2147483638
58 2147483638
32 2147483638
95 2147483638
34 2147483638
44 2147483638
42 2147483638
60 2147483638
88 2147483638
38 2147483638
92 2147483638
15 2147483638
72 2147483638
80 2147483638
8 2147483638
7 2147483638
96 2147483639
21 2147483639
8 2147483639
80 2147483639
31 2147483639
45 2147483639
73 2147483639
18 2147483639
16 2147483640
20 2147483640
95 2147483640
27 2147483640
33 2147483640
63 2147483640
90 2147483640
93 2147483640
19 2147483641
86 2147483641
1 2147483641
7 2147483641
2 2147483641
18 2147483641
30 2147483642
41 2147483642
44 2147483642
67 2147483642
88 2147483642
59 2147483642
88 2147483642
80 2147483643
46 2147483643
99 2147483643
77 2147483643
59 2147483643
5 2147483643
15 2147483643
63 2147483643
100 2147483643
26 2147483644
54 2147483644
86 2147483644
49 2147483644
77 2147483644
61 2147483644
45 2147483644
92 2147483645
87 2147483645
75 2147483645
28 2147483645
83 2147483645
4 2147483645
12 2147483645
15 2147483645
43 2147483646
40 2147483646
79 2147483646
57 2147483646
52 2147483646
14 2147483647
32 2147483647
99 2147483647
22 2147483647
54 2147483647
25 2147483647
27 2147483647
81 2147483647
19 2147483647
40 2147483647
37 2147483647
