100
83 0
16 2
79 3
35 3
49 3
3 4
62 4
83 4
74 6
2 12
38 12
82 14
82 15
7 17
97 17
7 18
72 19
22 19
75 20
93 21
50 22
14 23
45 24
66 28
36 28
81 29
61 30
77 31
57 31
56 32
62 34
5 34
67 35
94 35
59 35
94 36
22 37
47 38
63 38
32 38
98 40
7 40
80 45
83 45
65 45
30 45
5 47
51 48
77 50
78 51
93 52
89 53
85 53
2 54
1 55
97 56
3 57
77 58
97 58
14 61
57 61
19 61
22 62
25 63
51 63
79 64
1 64
19 64
88 65
10 68
56 68
46 69
36 69
80 69
79 70
41 72
69 75
6 76
5 76
23 78
66 78
68 80
35 80
5 83
25 84
7 86
47 88
97 88
56 89
55 89
64 90
47 91
37 91
86 91
100 97
90 97
17 97
31 99
98 99
95 100
