100
15 0
85 1
37 1
49 1
22 2
44 2
65 4
89 5
39 5
28 6
51 6
29 8
62 9
25 10
64 11
82 12
73 14
32 14
70 18
98 18
34 18
1 18
67 20
82 21
31 23
4 24
89 24
22 24
31 25
10 25
75 26
2 27
87 27
84 27
29 28
5 29
50 30
90 31
2 32
11 33
95 33
96 35
8 35
11 35
25 37
59 37
63 39
84 40
79 40
76 40
78 40
96 42
86 42
95 42
72 44
68 45
59 46
88 46
17 48
77 48
65 48
21 48
29 49
79 51
88 52
16 52
25 52
43 54
50 55
46 57
57 60
16 61
6 61
47 63
34 65
8 66
22 69
53 70
31 72
2 75
22 79
59 80
44 80
62 81
46 82
93 82
65 86
68 87
12 87
59 87
60 89
4 89
49 90
88 91
37 92
66 93
9 93
38 97
83 100
24 100
