100
100 0
94 1
79 2
49 2
13 4
24 4
36 5
89 5
34 5
8 8
57 8
20 10
7 12
74 15
41 15
54 15
60 16
94 17
67 18
39 18
73 18
35 19
77 21
98 21
54 22
53 22
66 22
44 22
1 23
49 23
83 24
91 26
58 27
44 28
35 29
93 29
3 32
58 33
82 34
89 34
76 34
53 35
23 38
75 38
2 40
21 41
100 42
58 43
76 43
65 46
87 46
94 47
82 50
21 52
2 55
80 55
66 55
18 56
88 56
7 58
53 61
2 63
54 64
89 66
58 66
100 66
28 67
58 69
2 72
56 73
56 75
19 75
20 76
19 77
90 77
77 77
3 81
39 81
78 82
57 82
83 83
10 83
5 83
19 84
80 85
32 86
20 87
52 88
7 89
7 90
9 90
47 91
92 93
68 94
15 94
37 95
80 96
42 96
64 98
19 98
