100
3 2147483637
72 2147483637
3 2147483637
29 2147483637
32 2147483637
40 2147483637
70 2147483637
54 2147483637
22 2147483637
35 2147483637
9 2147483637
85 2147483637
98 2147483638
32 2147483638
41 2147483638
39 2147483638
6 2147483638
77 2147483638
37 2147483639
68 2147483639
44 2147483639
46 2147483639
59 2147483639
95 2147483639
85 2147483640
97 2147483640
81 2147483640
21 2147483640
77 2147483640
77 2147483641
92 2147483641
30 2147483641
2 2147483641
88 2147483641
28 2147483641
36 2147483641
68 2147483641
32 2147483641
8 2147483642
40 2147483642
40 2147483642
24 2147483642
4 2147483642
16 2147483642
6 2147483642
28 2147483642
60 2147483642
17 2147483642
41 2147483642
9 2147483642
30 2147483643
56 2147483643
94 2147483643
25 2147483643
54 2147483643
80 2147483643
34 2147483643
10 2147483643
96 2147483644
34 2147483644
69 2147483644
42 2147483644
78 2147483644
24 2147483644
97 2147483644
52 2147483644
83 2147483645
64 2147483645
66 2147483645
80 2147483645
95 2147483645
43 2147483645
53 2147483645
71 2147483645
53 2147483646
38 2147483646
9 2147483646
1 2147483646
26 2147483646
1 2147483646
45 2147483646
89 2147483646
10 2147483646
32 2147483646
52 2147483646
51 2147483646
82 2147483647
74 2147483647
99 2147483647
69 2147483647
92 2147483647
96 2147483647
68 2147483647
32 2147483647
34 2147483647
76 2147483647
8 2147483647
45 2147483647
75 2147483647
8 2147483647
