100
3 2
36 3
96 4
37 4
97 7
41 8
80 10
31 12
40 12
75 13
9 14
22 14
19 15
25 17
47 18
11 19
83 20
59 23
70 25
49 25
15 26
14 27
25 29
82 29
29 30
43 31
32 31
94 32
92 32
16 34
98 35
85 35
35 37
24 37
57 39
79 40
6 40
37 41
34 44
39 44
69 45
26 46
79 46
30 46
46 47
39 48
28 48
74 51
4 53
63 55
43 56
50 56
16 56
75 57
95 57
75 58
76 58
42 59
15 60
17 61
85 63
35 63
33 65
64 66
54 67
28 69
77 70
16 71
78 73
33 74
15 74
3 74
73 74
28 75
8 77
84 79
78 80
65 80
79 80
15 81
49 82
23 83
82 83
50 84
71 87
24 88
26 88
89 90
32 90
4 92
15 93
24 93
20 95
3 96
40 97
23 97
95 97
67 98
84 99
1 100
