100
28 0
25 0
78 1
6 2
70 3
89 4
28 4
91 5
42 6
14 6
77 6
26 7
51 9
75 10
63 11
98 11
9 12
18 12
91 12
2 13
52 15
97 15
32 17
7 18
47 19
6 21
72 22
52 24
50 27
49 31
13 31
20 31
6 31
52 32
71 33
17 33
85 33
80 35
82 36
80 37
24 37
38 37
49 39
31 40
70 41
90 41
3 42
1 43
44 46
94 47
94 49
82 49
27 50
28 52
25 52
45 54
91 56
70 57
27 57
23 58
47 59
76 62
24 67
32 68
27 69
15 70
95 70
89 70
16 71
34 71
4 72
100 73
39 73
4 75
7 76
49 76
97 77
39 78
56 78
30 79
88 80
67 83
88 83
68 84
19 84
44 86
40 87
49 88
80 89
79 90
1 91
37 91
94 92
54 93
7 94
19 95
61 95
60 98
13 98
58 99
