100
33 2147483637
67 2147483637
78 2147483637
47 2147483638
76 2147483638
64 2147483638
1 2147483638
2 2147483638
33 2147483638
50 2147483638
79 2147483638
18 2147483638
20 2147483638
27 2147483638
58 2147483638
55 2147483639
19 2147483639
79 2147483639
93 2147483639
20 2147483639
17 2147483639
50 2147483639
8 2147483639
22 2147483639
19 2147483639
56 2147483639
8 2147483639
92 2147483640
85 2147483640
89 2147483640
81 2147483640
90 2147483640
98 2147483640
83 2147483640
81 2147483640
50 2147483640
45 2147483640
40 2147483640
34 2147483641
35 2147483641
37 2147483641
12 2147483641
83 2147483641
46 2147483642
86 2147483642
65 2147483642
3 2147483642
60 2147483642
8 2147483642
58 2147483642
8 2147483642
66 2147483642
70 2147483642
70 2147483642
60 2147483642
89 2147483642
83 2147483642
9 2147483643
89 2147483643
28 2147483643
7 2147483643
62 2147483643
46 2147483644
87 2147483644
23 2147483644
9 2147483644
50 2147483644
98 2147483644
75 2147483644
9 2147483644
55 2147483644
25 2147483644
8 2147483645
62 2147483645
34 2147483645
11 2147483645
23 2147483645
99 2147483645
26 2147483645
96 2147483645
24 2147483645
80 2147483645
60 2147483645
27 2147483646
1 2147483646
43 2147483646
66 2147483646
38 2147483646
56 2147483646
29 2147483647
77 2147483647
72 2147483647
36 2147483647
21 2147483647
20 2147483647
23 2147483647
46 2147483647
8 2147483647
84 2147483647
43 2147483647
