100
90 0
89 1
99 3
96 4
32 4
87 5
99 7
53 7
22 7
31 9
78 10
75 10
32 12
71 14
69 14
70 17
98 17
25 17
31 18
65 19
16 20
29 22
8 24
44 24
28 24
20 25
45 26
99 27
68 27
1 29
50 30
11 31
99 31
36 32
77 35
29 35
66 35
37 36
27 36
59 36
31 38
16 40
1 41
24 42
58 43
94 43
54 43
91 45
45 46
24 46
50 47
21 48
69 48
15 53
5 53
25 55
87 55
90 55
8 56
91 56
13 57
79 58
40 58
67 58
27 58
65 59
96 60
94 61
76 63
90 64
39 65
8 67
16 67
60 69
65 72
74 74
6 75
31 75
75 77
2 77
43 77
9 78
6 78
66 79
8 80
84 81
5 84
43 85
62 85
51 86
23 88
78 90
57 92
44 93
89 93
26 95
60 96
13 97
13 97
75 97
