100
6 0
100 2
72 3
54 4
23 4
56 6
13 6
40 6
68 6
35 8
21 9
40 9
95 10
76 10
83 12
100 12
55 14
60 16
50 16
89 17
43 18
26 21
16 23
2 23
40 23
55 25
47 25
58 26
63 27
87 28
95 30
93 30
89 31
70 34
85 35
7 35
41 36
37 36
87 37
42 39
11 41
85 44
6 46
41 47
50 47
10 48
79 51
41 54
11 54
19 55
39 59
96 61
66 61
72 63
20 63
25 64
32 65
79 66
46 67
84 68
93 69
90 70
40 74
73 74
22 75
61 77
6 78
9 78
80 79
26 79
52 79
23 79
40 81
64 81
87 81
8 82
87 83
14 84
55 85
80 85
82 85
59 85
71 86
28 86
56 86
60 87
90 88
91 89
54 89
10 89
2 91
8 91
78 91
1 94
75 94
37 96
19 97
54 98
95 100
39 100
