100
98 0
80 0
33 0
87 0
26 1
51 2
76 3
33 5
85 5
60 6
17 7
66 7
54 8
49 10
75 10
54 10
92 12
21 16
14 17
50 18
12 18
61 18
78 21
74 22
96 24
72 26
34 27
3 27
13 28
10 28
33 28
58 29
80 29
20 29
49 30
45 30
52 32
30 33
77 33
80 34
99 35
70 35
5 37
99 38
51 39
76 40
53 42
72 43
10 43
11 46
77 46
2 46
38 49
75 54
48 57
65 58
7 59
39 60
59 60
23 61
44 62
78 62
65 63
28 65
74 65
12 65
1 67
41 67
56 69
69 69
92 69
85 73
66 74
20 74
97 75
93 75
6 76
98 76
42 79
52 80
100 80
38 82
8 82
83 83
44 84
59 84
84 85
88 87
72 89
37 90
100 92
64 93
89 94
81 94
92 94
86 95
24 96
30 97
15 99
33 99
