100
54 2
87 2
39 3
54 4
24 4
58 6
47 6
58 8
88 10
95 10
100 13
20 13
4 14
30 14
15 16
46 17
56 17
26 17
57 18
47 20
58 21
41 22
96 23
44 24
55 25
54 25
53 25
54 26
97 27
65 28
40 30
93 31
33 33
8 33
60 39
96 39
51 42
71 44
23 44
40 44
75 46
48 47
68 48
38 48
76 48
83 50
40 50
94 57
51 59
95 59
42 60
22 60
98 61
57 62
27 62
76 65
32 67
62 67
99 68
82 69
42 70
78 70
14 70
15 71
100 72
14 72
2 72
77 73
24 73
67 74
77 75
36 75
93 76
26 77
1 81
25 81
82 81
28 82
71 82
46 82
8 82
11 86
2 86
83 86
94 89
12 89
16 90
21 90
64 92
97 92
55 94
33 94
95 95
23 95
47 96
94 97
34 97
78 98
88 99
66 100
