86
52 0
21 0
23 7
23 7
92 9
11 9
90 9
74 9
53 10
19 12
76 13
8 13
25 15
70 15
46 15
33 16
99 17
59 19
97 21
88 22
2 22
77 22
40 23
30 25
32 26
12 26
22 27
68 29
13 30
9 30
40 32
24 32
9 34
16 35
54 35
77 37
19 38
53 39
83 41
57 42
7 43
47 44
55 44
13 46
30 46
86 48
8 51
50 52
36 53
47 55
54 55
14 56
49 60
84 63
24 64
67 65
46 66
70 66
78 68
32 70
93 71
2 71
87 71
85 74
1 75
89 77
82 77
95 78
93 79
63 80
99 81
89 81
56 82
71 82
49 83
73 85
90 85
16 90
26 90
45 90
8 91
23 92
13 93
94 95
7 99
28 99
