100
98 0
9 0
21 0
90 0
10 2
62 5
8 5
99 7
4 8
49 8
48 10
76 10
42 12
1 12
1 14
12 15
39 16
19 16
81 16
64 16
15 17
5 17
39 18
71 18
53 19
49 19
83 19
9 21
56 21
30 23
95 24
39 24
41 27
30 28
77 29
17 29
67 30
12 31
8 32
10 33
10 34
55 37
6 38
1 39
93 40
26 40
84 41
38 42
71 44
62 44
52 45
13 46
93 46
67 46
34 46
77 49
93 50
52 51
85 51
66 55
47 56
90 60
95 61
11 61
42 61
50 63
20 65
5 65
54 66
25 67
64 67
62 68
62 72
41 72
52 72
5 73
94 74
56 75
62 76
82 77
79 78
19 78
77 80
53 84
40 84
17 85
54 86
87 86
35 87
79 88
15 88
88 89
49 90
39 91
23 92
91 93
2 96
88 96
47 100
93 100
