100
79 2147483637
20 2147483637
22 2147483637
47 2147483637
99 2147483637
47 2147483637
31 2147483637
40 2147483638
34 2147483638
42 2147483638
50 2147483638
8 2147483638
14 2147483638
31 2147483638
18 2147483639
89 2147483639
89 2147483639
71 2147483639
87 2147483639
84 2147483639
11 2147483639
83 2147483639
90 2147483639
87 2147483639
51 2147483639
18 2147483639
97 2147483639
20 2147483639
66 2147483639
48 2147483640
38 2147483640
26 2147483640
82 2147483640
69 2147483640
80 2147483640
52 2147483641
37 2147483641
93 2147483641
32 2147483641
83 2147483641
1 2147483641
42 2147483641
21 2147483641
78 2147483641
95 2147483641
55 2147483642
84 2147483642
34 2147483642
23 2147483642
26 2147483642
18 2147483642
14 2147483642
49 2147483642
56 2147483643
67 2147483643
4 2147483643
26 2147483643
99 2147483643
31 2147483643
14 2147483643
42 2147483643
8 2147483643
22 2147483643
34 2147483644
16 2147483644
94 2147483644
85 2147483644
39 2147483644
7 2147483644
45 2147483644
75 2147483644
59 2147483644
44 2147483644
12 2147483644
79 2147483644
30 2147483644
84 2147483644
2 2147483644
10 2147483645
8 2147483645
50 2147483645
30 2147483645
24 2147483645
4 2147483645
99 2147483645
22 2147483645
43 2147483645
13 2147483645
70 2147483645
41 2147483646
53 2147483646
33 2147483646
15 2147483646
7 2147483646
46 2147483647
35 2147483647
10 2147483647
77 2147483647
65 2147483647
45 2147483647
