100
33 0
58 0
63 1
13 1
14 2
10 2
18 2
59 5
71 7
12 9
96 9
7 9
85 12
70 12
86 13
81 14
51 14
51 14
84 15
72 19
99 20
16 21
29 24
47 25
77 25
16 27
29 28
58 29
91 29
5 30
86 31
46 32
45 36
94 37
88 38
77 39
6 39
3 40
41 42
64 42
96 45
66 45
65 45
41 45
69 46
73 47
42 49
30 50
100 51
46 52
46 56
99 56
61 56
57 57
1 58
3 58
15 59
83 61
68 61
76 61
97 62
49 64
79 64
19 64
38 65
23 66
60 68
91 72
14 73
73 74
81 74
14 76
70 76
88 78
61 79
96 79
89 79
42 80
53 80
14 80
47 81
10 81
98 82
24 82
87 83
51 83
33 84
24 84
64 84
4 86
46 86
54 86
27 91
20 91
10 92
57 93
76 94
32 96
28 98
34 98
