100
50 2
40 3
1 4
45 5
49 6
68 8
26 8
76 8
62 9
17 9
22 9
82 10
34 11
52 12
58 15
74 16
6 18
22 18
36 19
100 21
22 27
68 27
97 27
65 28
74 28
89 29
62 29
39 29
47 29
54 31
30 31
57 31
78 33
75 34
89 35
92 36
1 38
36 42
81 43
52 45
35 46
59 46
17 51
18 51
99 53
62 53
7 54
49 57
85 58
87 58
25 62
10 65
65 70
34 70
31 70
13 71
4 71
15 72
83 73
9 74
72 75
38 76
84 77
1 77
52 78
49 79
55 80
33 80
3 81
12 82
19 82
63 82
43 86
57 87
48 87
86 87
10 87
31 88
46 88
51 88
64 89
50 89
39 91
88 91
85 92
35 92
50 92
30 95
77 95
66 95
92 95
74 95
49 95
26 96
17 96
38 97
80 97
45 99
27 99
31 100
