98
77 0
51 2
30 2
57 3
26 3
41 3
78 4
36 5
71 5
11 5
17 5
53 6
32 7
30 7
24 7
91 8
37 8
44 9
42 9
72 9
55 10
75 10
38 10
50 12
21 12
75 13
68 14
70 14
69 15
5 15
41 16
14 17
42 18
95 18
58 18
29 20
20 23
25 24
22 25
10 26
88 26
90 28
84 28
77 28
70 28
41 29
89 29
76 29
58 29
91 30
41 30
77 30
77 31
42 31
6 32
38 33
27 33
38 35
10 35
36 36
79 37
15 38
51 38
65 38
75 39
26 39
2 39
75 39
71 40
80 40
24 41
78 41
9 42
61 42
7 42
25 42
78 43
65 45
7 45
66 46
9 46
42 47
87 47
62 50
72 50
1 50
93 51
77 51
84 52
49 52
83 52
44 52
54 52
10 53
40 53
84 53
2 55
26 55
