100
20 1
74 1
89 1
5 3
68 3
8 5
12 7
22 7
27 10
19 10
65 12
1 13
55 13
49 14
4 15
85 15
24 18
62 19
34 19
37 21
5 24
63 24
94 24
92 24
4 25
66 25
43 26
25 27
85 27
21 27
29 27
67 29
98 29
55 31
16 34
93 34
58 36
52 36
77 37
88 41
34 41
10 42
55 43
1 43
67 43
69 43
51 44
55 44
67 47
15 49
93 50
81 51
58 52
91 52
84 53
42 54
93 54
80 56
76 56
39 57
84 58
90 58
81 59
44 59
11 59
100 59
94 59
41 62
24 63
60 65
28 68
54 69
98 71
12 71
4 72
33 73
17 74
42 74
16 78
30 78
26 79
48 80
83 81
69 81
93 81
67 82
99 82
91 83
64 84
48 84
58 84
54 88
3 88
19 88
38 90
42 91
45 95
79 98
97 99
57 100
