85
79 2
18 2
58 4
68 6
82 7
40 10
16 10
84 12
1 12
3 13
95 13
75 14
76 17
76 18
2 18
88 20
8 22
54 26
18 27
11 27
48 28
63 30
19 31
20 31
41 31
71 32
30 32
59 33
22 33
64 35
90 35
83 36
37 37
28 40
47 41
10 42
98 44
51 46
34 47
42 48
4 48
84 50
99 54
54 54
16 54
99 56
59 57
40 59
4 62
5 63
90 66
93 67
44 68
23 72
28 73
36 74
33 75
47 76
81 76
48 77
56 77
83 78
48 78
47 79
24 80
34 81
53 81
94 82
6 83
6 83
9 84
17 90
33 91
21 92
17 92
95 92
36 94
88 95
83 95
77 97
19 97
54 98
90 100
13 100
1 100
