100
91 0
15 1
92 1
11 1
78 3
95 3
47 3
49 4
22 4
73 7
5 8
36 9
43 10
99 11
57 12
87 12
3 13
95 14
67 14
70 15
76 15
23 16
10 18
82 20
14 23
60 24
57 24
95 25
36 28
72 28
88 29
46 29
44 29
50 29
79 30
79 34
74 35
20 35
31 37
42 39
79 40
57 41
100 42
43 43
41 43
67 45
25 46
65 46
16 47
50 47
96 48
56 48
98 49
33 50
14 51
100 53
70 53
89 53
86 58
67 60
80 62
53 62
77 63
98 63
31 64
75 65
33 65
75 67
43 67
70 67
54 67
67 68
97 69
27 69
70 69
18 72
37 74
21 76
3 76
8 77
63 84
52 85
92 86
23 88
12 88
68 90
35 92
51 92
85 93
97 94
14 95
23 96
66 97
29 97
66 98
51 98
38 98
92 98
72 100
96 100
