95
89 0
32 1
73 4
53 5
19 5
60 6
57 7
79 8
100 9
52 11
41 12
61 12
3 14
79 14
34 16
52 17
56 17
39 18
52 18
98 19
71 20
92 20
21 22
82 23
85 23
64 24
65 27
78 28
4 32
29 33
54 33
22 34
93 34
27 35
90 36
30 36
73 37
4 37
54 40
57 40
29 42
69 42
31 43
100 43
46 43
27 45
19 45
78 45
89 46
43 46
17 48
88 51
55 52
27 52
66 54
49 57
64 58
98 58
80 58
73 59
79 60
43 60
52 61
90 61
94 62
37 65
61 69
5 70
55 70
23 75
27 76
23 76
86 77
78 78
2 79
69 79
76 80
60 81
75 83
6 83
77 83
11 84
78 85
76 86
9 86
2 88
98 89
22 89
87 92
95 92
17 94
59 95
50 96
53 96
83 97
