91
78 0
43 0
53 1
35 1
83 1
53 2
35 2
39 3
68 3
32 4
11 4
44 5
54 6
75 6
66 7
34 7
20 8
41 8
7 9
2 9
1 9
12 10
45 11
7 12
84 12
9 12
66 14
40 14
54 14
87 14
59 14
56 15
16 15
39 15
38 16
81 18
1 18
20 18
60 19
34 19
67 19
52 20
6 21
77 21
30 22
44 22
62 22
45 22
74 22
28 24
64 24
8 24
57 25
9 25
21 25
53 25
25 26
3 27
20 28
84 28
33 28
13 30
19 31
23 32
84 32
85 33
48 33
40 34
81 34
11 34
75 35
11 35
15 35
88 36
3 36
77 36
68 36
61 36
24 36
37 37
29 37
25 37
1 38
1 38
66 40
71 41
38 41
56 42
79 42
58 43
1 43
