100
75 2147483637
54 2147483637
39 2147483637
98 2147483637
58 2147483637
87 2147483637
37 2147483637
70 2147483637
56 2147483637
42 2147483637
72 2147483638
32 2147483638
53 2147483638
46 2147483638
95 2147483638
41 2147483638
9 2147483638
100 2147483638
93 2147483638
19 2147483638
94 2147483638
19 2147483638
73 2147483639
42 2147483639
48 2147483639
46 2147483639
97 2147483639
79 2147483639
7 2147483639
37 2147483640
11 2147483640
53 2147483640
42 2147483640
13 2147483640
53 2147483640
46 2147483640
74 2147483640
56 2147483640
60 2147483640
39 2147483640
28 2147483640
61 2147483641
45 2147483641
64 2147483641
91 2147483641
50 2147483641
12 2147483641
12 2147483642
66 2147483642
10 2147483642
12 2147483642
86 2147483642
57 2147483642
91 2147483642
95 2147483642
78 2147483642
26 2147483642
32 2147483642
59 2147483643
41 2147483643
13 2147483643
10 2147483643
73 2147483643
28 2147483643
57 2147483644
39 2147483644
78 2147483644
46 2147483644
76 2147483644
79 2147483644
7 2147483644
77 2147483644
61 2147483645
68 2147483645
68 2147483645
80 2147483645
61 2147483645
26 2147483645
31 2147483645
52 2147483645
15 2147483645
87 2147483645
45 2147483645
78 2147483646
30 2147483646
68 2147483646
46 2147483646
20 2147483646
18 2147483646
73 2147483646
90 2147483646
33 2147483647
41 2147483647
28 2147483647
1 2147483647
13 2147483647
29 2147483647
49 2147483647
19 2147483647
4 2147483647
