100
63 0
90 1
93 1
19 2
86 2
1 3
7 5
2 6
18 6
30 6
41 7
44 7
67 8
88 10
59 10
88 10
80 10
46 11
99 12
77 13
59 13
5 15
15 15
63 15
100 15
26 16
54 16
86 16
49 20
77 23
61 24
45 27
92 29
87 29
75 30
28 33
83 34
4 34
12 35
15 36
43 36
40 38
79 39
57 39
52 40
14 43
32 43
99 44
22 44
54 48
25 50
27 51
81 51
19 53
40 54
37 54
23 56
8 57
25 58
28 60
69 62
13 63
7 63
49 65
50 66
34 66
7 66
47 66
68 69
18 70
82 71
35 72
30 72
24 74
84 74
26 74
75 76
28 76
4 77
94 77
82 77
92 80
85 83
26 83
2 83
53 83
42 85
1 86
60 87
93 89
63 91
59 92
59 96
53 96
93 96
24 97
79 97
75 99
9 100
5 100
