100
65 0
9 0
4 1
76 3
89 4
79 6
74 6
47 7
39 12
71 12
39 12
65 13
75 14
41 16
27 16
10 17
26 17
15 18
96 18
96 18
84 21
47 23
91 23
82 24
93 26
85 28
41 28
71 29
34 31
10 32
72 33
40 33
100 34
84 35
72 36
97 36
92 37
26 38
26 39
3 40
92 40
50 41
17 43
29 43
14 43
71 43
99 48
81 48
86 48
72 49
69 50
49 50
18 51
76 52
74 53
41 54
93 56
77 56
26 57
49 58
54 58
18 58
11 59
50 61
81 61
11 62
96 63
33 64
70 64
100 69
68 69
60 69
98 69
52 70
16 73
45 75
26 75
77 78
11 79
44 80
55 81
91 81
30 81
95 84
1 86
37 86
2 87
9 88
2 88
46 89
81 91
53 91
21 94
68 96
33 96
50 96
71 96
76 99
10 100
10 100
