100
74 2147483637
11 2147483637
59 2147483637
60 2147483637
19 2147483637
31 2147483637
68 2147483637
66 2147483637
36 2147483637
27 2147483638
35 2147483638
86 2147483638
48 2147483638
59 2147483638
77 2147483638
1 2147483638
38 2147483638
18 2147483638
64 2147483638
12 2147483638
47 2147483639
12 2147483639
80 2147483639
23 2147483639
48 2147483639
35 2147483639
82 2147483639
76 2147483639
87 2147483639
10 2147483639
73 2147483639
33 2147483639
54 2147483639
87 2147483639
29 2147483639
50 2147483640
8 2147483640
56 2147483640
35 2147483640
8 2147483640
54 2147483640
10 2147483640
59 2147483640
75 2147483640
17 2147483641
76 2147483641
34 2147483641
99 2147483641
93 2147483641
31 2147483641
39 2147483641
73 2147483641
72 2147483641
53 2147483641
88 2147483642
42 2147483642
70 2147483642
40 2147483642
84 2147483642
56 2147483642
78 2147483642
34 2147483642
11 2147483642
18 2147483642
72 2147483642
45 2147483643
97 2147483643
50 2147483643
44 2147483643
97 2147483643
26 2147483643
26 2147483643
72 2147483644
66 2147483644
97 2147483644
24 2147483644
72 2147483645
29 2147483645
7 2147483645
65 2147483645
83 2147483646
34 2147483646
44 2147483646
81 2147483646
87 2147483646
18 2147483646
73 2147483646
43 2147483646
73 2147483646
68 2147483647
48 2147483647
37 2147483647
24 2147483647
16 2147483647
61 2147483647
54 2147483647
75 2147483647
98 2147483647
65 2147483647
76 2147483647
