100
70 2147483637
76 2147483637
89 2147483637
48 2147483637
95 2147483637
10 2147483637
43 2147483638
80 2147483638
60 2147483638
6 2147483638
47 2147483638
20 2147483638
42 2147483639
68 2147483639
76 2147483639
65 2147483639
90 2147483639
20 2147483639
13 2147483639
42 2147483639
79 2147483639
20 2147483639
48 2147483639
44 2147483639
61 2147483639
23 2147483639
76 2147483640
3 2147483640
28 2147483640
61 2147483640
51 2147483640
5 2147483640
43 2147483640
75 2147483640
69 2147483640
83 2147483641
40 2147483641
77 2147483641
78 2147483641
16 2147483641
52 2147483641
39 2147483641
90 2147483641
61 2147483641
38 2147483642
79 2147483642
91 2147483642
69 2147483642
70 2147483642
21 2147483642
47 2147483642
18 2147483642
4 2147483643
27 2147483643
42 2147483643
54 2147483643
72 2147483643
67 2147483643
31 2147483643
56 2147483643
1 2147483643
72 2147483643
82 2147483643
90 2147483643
23 2147483643
18 2147483644
48 2147483644
21 2147483644
73 2147483644
13 2147483644
88 2147483644
62 2147483644
20 2147483644
2 2147483644
65 2147483644
47 2147483645
87 2147483645
48 2147483645
76 2147483645
26 2147483645
68 2147483645
72 2147483645
17 2147483645
5 2147483645
40 2147483645
97 2147483645
89 2147483645
68 2147483645
3 2147483645
35 2147483645
83 2147483645
83 2147483645
86 2147483646
50 2147483646
56 2147483646
28 2147483646
2 2147483646
13 2147483646
60 2147483646
56 2147483646
