100
3 0
1 0
19 1
7 1
15 4
9 4
7 5
11 5
18 6
17 6
4 6
22 7
10 7
19 8
23 8
7 8
16 8
5 8
17 9
26 9
21 10
26 11
13 13
12 14
25 14
20 16
21 16
19 16
24 17
14 17
12 18
8 20
24 21
17 23
6 23
21 24
19 24
4 25
21 25
21 25
11 25
8 25
19 26
10 28
1 28
5 29
5 29
24 29
8 30
12 31
5 32
26 33
20 33
10 35
10 36
13 37
9 39
9 39
13 42
19 42
5 43
24 44
19 46
24 48
1 48
13 49
14 49
15 49
19 50
20 50
25 50
2 51
25 51
17 52
9 53
7 53
22 55
25 57
3 59
25 60
5 60
6 60
7 60
22 60
16 60
5 60
25 62
22 64
16 64
16 64
11 65
12 65
3 67
11 67
8 68
5 68
10 70
17 70
12 71
25 71
