100
86 1
69 3
52 4
81 5
20 5
32 5
100 6
45 7
80 7
6 8
29 10
42 12
65 15
69 15
72 15
35 15
88 18
4 19
54 19
30 20
54 20
59 21
43 23
70 25
75 26
60 28
69 28
41 28
66 30
42 31
26 31
54 33
36 34
76 35
19 36
85 38
14 39
33 39
90 40
49 40
21 41
40 43
63 44
86 44
3 44
16 46
53 46
41 47
31 48
23 48
96 49
72 50
40 51
52 52
66 53
55 53
20 55
65 55
59 58
55 58
98 59
69 60
32 60
62 62
87 62
17 62
75 64
92 66
62 67
42 68
93 70
62 73
17 74
17 74
97 76
78 77
17 77
11 77
49 79
2 79
64 80
96 81
30 81
36 82
87 83
66 84
88 85
35 85
100 86
94 86
79 88
59 88
45 90
14 90
6 95
51 96
32 96
56 99
93 99
17 100
