100
32 0
52 3
51 3
82 5
74 5
99 5
69 6
92 6
96 8
68 9
32 10
34 12
76 12
8 15
45 16
75 16
8 16
16 17
24 18
62 18
51 19
78 20
67 21
41 22
47 24
15 24
39 25
59 28
93 29
99 30
89 31
72 32
84 32
83 34
23 34
52 34
50 35
78 36
91 38
63 43
2 45
32 46
3 46
52 47
69 47
63 48
56 49
25 50
35 52
27 52
95 54
86 55
91 55
61 56
8 56
92 58
69 60
62 61
49 63
80 63
22 64
19 64
41 64
9 65
47 66
83 66
38 67
94 67
66 69
61 71
27 71
14 71
50 72
13 73
83 74
84 74
54 75
69 77
40 78
44 79
39 79
82 79
81 79
31 80
91 80
45 81
74 86
83 86
28 86
26 87
59 87
100 88
58 90
60 92
21 92
21 93
41 95
86 96
30 96
86 99
