100
20 2147483637
4 2147483637
100 2147483637
10 2147483637
44 2147483637
31 2147483637
78 2147483637
33 2147483637
22 2147483638
76 2147483638
64 2147483638
90 2147483638
87 2147483638
18 2147483638
30 2147483638
67 2147483638
58 2147483638
20 2147483638
10 2147483638
7 2147483638
30 2147483638
19 2147483638
74 2147483638
22 2147483639
44 2147483639
74 2147483639
17 2147483639
27 2147483639
59 2147483639
52 2147483639
17 2147483639
35 2147483639
31 2147483639
33 2147483639
97 2147483639
93 2147483640
39 2147483640
27 2147483640
7 2147483640
97 2147483640
23 2147483640
63 2147483641
67 2147483641
19 2147483641
60 2147483641
28 2147483641
51 2147483641
40 2147483641
14 2147483642
100 2147483642
68 2147483642
58 2147483642
99 2147483643
22 2147483643
86 2147483643
57 2147483643
2 2147483643
37 2147483643
51 2147483643
25 2147483643
94 2147483643
48 2147483643
46 2147483644
89 2147483644
97 2147483644
43 2147483644
89 2147483644
98 2147483644
73 2147483644
21 2147483644
24 2147483644
7 2147483644
93 2147483644
15 2147483645
28 2147483645
4 2147483645
76 2147483645
60 2147483645
13 2147483645
62 2147483645
11 2147483646
10 2147483646
23 2147483646
95 2147483646
46 2147483646
37 2147483646
88 2147483646
45 2147483647
100 2147483647
16 2147483647
75 2147483647
42 2147483647
48 2147483647
62 2147483647
1 2147483647
71 2147483647
46 2147483647
76 2147483647
57 2147483647
19 2147483647
