88
36 0
4 1
78 2
71 3
57 4
96 4
77 4
21 4
40 5
6 6
87 6
86 6
52 6
62 9
58 10
17 11
49 13
19 13
71 13
65 14
79 14
38 15
37 16
79 16
85 17
34 18
45 20
5 20
68 21
76 21
55 22
10 22
73 23
86 24
61 24
32 26
15 26
64 29
73 31
14 31
47 31
63 33
45 35
2 37
65 39
85 40
87 42
82 42
14 42
63 42
47 46
29 48
34 56
93 57
63 62
59 62
5 63
69 63
60 63
74 64
18 65
48 65
88 66
64 67
33 68
66 68
99 68
11 70
54 73
18 74
9 75
19 75
28 76
73 78
92 78
3 78
5 79
57 81
39 82
16 82
9 83
38 84
95 86
47 89
10 90
81 91
16 94
25 95
