100
53 1
19 2
100 2
34 4
99 4
84 6
63 6
59 7
59 8
60 10
90 10
47 12
34 13
6 15
60 18
62 20
35 23
69 24
52 24
84 25
35 26
18 27
33 27
62 27
7 28
42 29
61 30
53 30
69 32
90 33
9 33
14 33
36 34
80 35
17 36
65 39
64 40
21 42
94 43
86 43
92 45
22 45
4 46
4 47
92 48
5 48
32 49
14 50
11 52
61 56
21 57
51 57
72 58
81 58
65 58
20 60
24 60
49 61
53 62
56 62
54 63
27 63
33 63
46 64
49 64
83 64
79 65
81 67
89 69
4 69
21 71
8 71
92 71
42 72
59 74
94 75
14 75
62 75
86 76
93 76
3 77
79 80
43 81
94 81
3 84
21 85
10 85
72 85
71 87
30 87
89 88
47 89
77 91
83 91
57 95
10 96
10 98
31 99
55 99
23 100
