89
38 1
11 1
8 1
47 2
36 2
1 3
64 3
13 3
54 5
58 6
34 6
47 7
64 7
11 9
13 9
57 10
59 10
49 11
64 12
52 13
51 13
7 14
34 16
40 16
1 17
22 18
9 18
21 18
55 20
33 21
58 21
49 22
15 22
8 23
23 23
52 24
24 24
60 25
61 25
22 26
51 27
31 27
56 28
52 28
46 31
38 31
20 32
59 33
40 35
9 35
2 35
54 37
51 37
61 38
41 39
15 39
54 40
9 42
61 43
27 45
46 47
17 48
13 48
42 48
14 49
39 50
34 50
49 51
14 51
57 51
47 52
42 52
21 52
39 52
64 52
30 53
50 54
6 58
2 58
2 58
8 59
63 62
15 62
60 63
39 63
16 63
22 64
47 65
47 65
