100
16 1
3 2
19 2
68 3
17 3
50 7
54 8
27 14
50 19
56 20
69 21
74 22
75 22
40 22
95 24
68 24
33 28
86 28
96 29
28 29
21 29
80 29
71 31
89 31
72 32
63 34
9 37
55 38
38 39
37 40
13 41
90 41
71 41
38 42
65 43
36 44
85 44
59 44
52 47
91 49
6 50
78 51
71 51
38 52
43 52
11 54
67 54
41 55
8 56
93 56
56 57
89 57
37 58
27 58
93 58
89 58
60 59
98 60
60 60
40 64
83 64
11 64
55 66
66 69
99 70
15 71
73 72
81 73
83 74
16 74
53 75
17 76
46 76
87 77
74 78
21 80
4 80
49 81
43 82
61 82
74 82
52 84
83 85
37 86
43 86
76 87
97 89
47 91
49 92
88 93
61 93
41 94
5 94
41 94
33 95
49 96
74 97
92 99
9 100
53 100
