100
85 2147483637
42 2147483637
11 2147483637
5 2147483637
9 2147483637
70 2147483637
30 2147483637
59 2147483637
81 2147483637
84 2147483637
53 2147483638
32 2147483638
88 2147483638
46 2147483638
3 2147483638
21 2147483638
37 2147483638
16 2147483639
86 2147483639
44 2147483639
100 2147483639
65 2147483639
65 2147483639
39 2147483639
63 2147483639
43 2147483639
21 2147483639
69 2147483639
29 2147483640
77 2147483640
38 2147483640
25 2147483640
89 2147483640
72 2147483640
60 2147483640
26 2147483640
6 2147483640
1 2147483640
19 2147483641
36 2147483641
88 2147483641
42 2147483641
18 2147483641
23 2147483641
4 2147483641
67 2147483641
83 2147483641
81 2147483642
80 2147483642
13 2147483642
97 2147483642
9 2147483642
100 2147483642
16 2147483642
41 2147483642
89 2147483642
49 2147483643
76 2147483643
25 2147483643
7 2147483643
45 2147483643
62 2147483643
92 2147483643
81 2147483643
49 2147483643
17 2147483644
56 2147483644
1 2147483644
23 2147483644
55 2147483644
59 2147483644
31 2147483644
54 2147483644
62 2147483644
38 2147483645
5 2147483645
4 2147483645
2 2147483645
38 2147483645
2 2147483645
86 2147483645
100 2147483645
97 2147483646
68 2147483646
53 2147483646
64 2147483646
84 2147483646
70 2147483646
75 2147483646
51 2147483646
88 2147483646
42 2147483646
4 2147483646
9 2147483647
89 2147483647
40 2147483647
57 2147483647
34 2147483647
91 2147483647
21 2147483647
