100
83 2
59 3
63 4
56 5
82 5
15 5
3 7
53 8
45 8
14 8
94 9
99 10
73 12
89 12
80 15
6 17
100 19
7 19
62 19
84 20
14 20
84 21
8 22
63 22
3 24
68 24
52 27
37 27
78 28
21 30
85 30
97 36
48 36
59 36
2 41
9 41
18 42
23 43
41 45
25 45
48 45
19 46
26 46
44 46
42 48
50 50
40 51
94 52
54 54
25 55
75 57
34 58
42 58
59 58
69 61
74 62
9 63
51 64
40 67
41 68
91 69
38 70
48 73
79 73
33 74
28 74
18 74
5 75
36 76
82 76
78 76
53 77
20 77
37 78
34 80
47 81
31 83
75 83
69 83
52 84
4 85
62 86
43 86
10 86
39 87
34 90
17 92
33 93
77 93
89 94
37 95
19 95
21 96
79 96
84 96
40 96
44 98
56 98
6 99
74 100
