100
2 2147483637
50 2147483637
95 2147483637
77 2147483637
66 2147483637
16 2147483637
56 2147483637
97 2147483637
67 2147483637
34 2147483637
69 2147483637
69 2147483637
99 2147483637
70 2147483637
2 2147483638
65 2147483638
45 2147483638
16 2147483638
59 2147483638
37 2147483638
34 2147483639
63 2147483639
5 2147483639
6 2147483640
37 2147483640
16 2147483640
41 2147483640
64 2147483640
1 2147483640
73 2147483640
19 2147483640
14 2147483640
62 2147483641
29 2147483641
27 2147483641
47 2147483641
85 2147483641
98 2147483641
10 2147483641
87 2147483641
21 2147483641
77 2147483641
25 2147483642
60 2147483642
33 2147483642
61 2147483642
76 2147483642
34 2147483642
87 2147483642
11 2147483643
28 2147483643
17 2147483643
30 2147483643
54 2147483643
84 2147483643
59 2147483643
83 2147483643
90 2147483643
12 2147483643
78 2147483643
70 2147483643
91 2147483643
17 2147483644
94 2147483644
24 2147483644
67 2147483644
100 2147483644
12 2147483644
78 2147483644
76 2147483644
50 2147483644
91 2147483644
44 2147483644
51 2147483644
17 2147483645
75 2147483645
80 2147483645
80 2147483645
1 2147483645
70 2147483645
59 2147483645
15 2147483646
31 2147483646
63 2147483646
94 2147483646
100 2147483646
30 2147483646
24 2147483646
3 2147483646
22 2147483646
86 2147483646
26 2147483646
23 2147483647
44 2147483647
83 2147483647
56 2147483647
68 2147483647
3 2147483647
71 2147483647
93 2147483647
