100
98 0
8 6
21 6
15 7
58 9
85 9
83 9
10 10
93 12
13 12
14 12
61 13
10 14
63 15
79 18
17 20
73 22
76 22
45 24
87 24
20 25
18 26
23 26
85 27
92 29
59 31
20 33
22 33
92 33
7 35
42 35
85 35
32 36
90 36
28 37
74 38
60 38
85 39
4 39
41 40
70 41
82 41
93 42
74 42
3 43
6 43
84 43
98 44
29 46
68 47
36 51
20 52
98 53
47 54
18 54
92 55
51 55
62 56
71 57
58 57
67 58
7 59
11 60
86 61
55 64
66 64
38 65
83 66
33 67
60 67
42 68
81 69
12 70
33 72
100 74
92 74
94 74
17 74
92 75
32 77
76 78
9 80
39 82
21 82
12 83
87 83
27 85
48 87
15 88
65 90
57 93
65 94
49 95
4 96
92 97
34 97
16 98
73 98
40 99
9 100
