100
95 0
46 0
66 1
100 2
62 2
96 2
33 6
38 6
97 7
68 9
6 9
72 11
99 12
1 12
95 15
28 16
21 18
48 18
12 23
46 24
85 26
97 26
5 27
13 27
95 30
83 33
43 33
90 34
51 35
10 35
56 36
28 37
31 39
24 39
44 41
51 41
31 42
29 46
20 48
20 50
57 51
37 51
3 52
96 52
18 52
19 53
82 53
61 53
58 53
11 53
8 55
28 56
45 59
51 61
49 63
82 64
54 64
81 65
32 65
66 68
39 70
11 70
49 71
61 72
93 72
89 73
31 73
47 74
61 74
49 75
27 75
14 76
60 76
52 76
51 77
67 77
84 79
51 79
77 80
73 80
35 82
48 84
44 86
88 86
39 86
66 87
58 87
93 87
77 88
12 89
30 90
61 91
51 92
21 92
57 92
57 92
62 92
78 97
42 99
85 99
