92
82 0
75 2
15 2
26 3
24 5
64 7
55 7
23 9
25 10
24 11
94 13
86 16
58 18
22 19
92 19
83 27
68 27
75 29
8 29
45 29
51 30
79 30
12 30
2 31
85 31
53 32
52 32
45 32
76 33
100 36
26 36
83 36
49 38
65 39
39 40
35 40
93 40
8 41
13 42
96 44
71 46
6 46
72 47
65 47
2 48
59 49
44 50
44 50
77 52
28 53
71 53
59 54
21 57
31 57
99 58
49 59
89 60
90 62
40 63
30 64
9 65
70 65
87 66
50 69
15 70
2 70
78 75
59 80
37 82
63 82
99 83
78 85
36 86
85 86
43 86
78 87
13 87
6 88
79 88
54 89
55 91
87 92
34 92
68 93
80 93
98 93
20 94
62 94
49 97
29 97
86 99
70 99
