100
89 2147483637
31 2147483637
22 2147483637
24 2147483637
31 2147483637
61 2147483637
28 2147483637
36 2147483637
70 2147483637
24 2147483637
33 2147483637
74 2147483637
8 2147483637
84 2147483638
6 2147483638
20 2147483638
94 2147483638
56 2147483638
8 2147483638
39 2147483638
5 2147483638
39 2147483638
46 2147483638
59 2147483638
76 2147483638
39 2147483638
38 2147483638
74 2147483638
70 2147483639
45 2147483639
92 2147483639
86 2147483639
92 2147483639
80 2147483639
6 2147483639
38 2147483639
10 2147483639
5 2147483640
45 2147483640
77 2147483640
84 2147483640
22 2147483640
11 2147483640
39 2147483641
23 2147483641
30 2147483641
97 2147483641
76 2147483642
23 2147483642
16 2147483642
91 2147483642
97 2147483642
5 2147483642
42 2147483642
99 2147483642
17 2147483643
90 2147483643
91 2147483643
60 2147483643
50 2147483643
78 2147483643
32 2147483643
63 2147483643
18 2147483643
96 2147483643
57 2147483643
48 2147483643
82 2147483644
64 2147483644
52 2147483644
61 2147483644
22 2147483644
88 2147483645
7 2147483645
98 2147483645
82 2147483645
26 2147483645
82 2147483645
51 2147483645
94 2147483646
96 2147483646
38 2147483646
76 2147483646
36 2147483646
53 2147483646
81 2147483646
29 2147483646
48 2147483646
3 2147483646
2 2147483647
49 2147483647
47 2147483647
37 2147483647
43 2147483647
61 2147483647
31 2147483647
66 2147483647
90 2147483647
69 2147483647
20 2147483647
