100
67 0
2 0
18 0
68 0
78 2
56 4
95 5
19 6
35 9
62 10
15 10
75 11
5 11
83 11
15 13
58 15
96 15
34 16
99 17
59 20
24 23
23 23
74 24
50 24
91 24
37 24
18 25
63 25
82 28
1 28
40 29
100 30
43 31
57 35
13 36
5 36
27 38
98 39
38 40
44 40
100 40
81 40
31 40
2 42
58 43
46 43
45 43
60 44
59 45
2 45
51 45
74 46
31 50
13 50
79 51
24 51
92 52
17 52
54 53
68 55
39 56
37 58
26 58
29 60
18 60
30 62
90 62
33 63
16 64
87 64
30 65
42 66
60 66
9 67
38 69
50 71
52 71
17 72
81 75
33 76
99 77
85 78
24 79
91 80
9 80
100 80
6 81
77 82
91 84
26 87
37 88
55 89
29 89
51 90
78 90
97 94
88 94
95 95
67 96
45 100
