100
80 0
95 0
74 0
51 0
67 1
76 2
3 2
5 2
52 2
48 3
93 5
38 5
93 9
3 9
73 10
17 12
76 15
49 16
6 17
55 17
22 18
31 20
62 20
66 20
76 21
68 21
57 23
24 25
1 25
40 25
39 26
4 26
91 26
56 29
61 29
33 29
69 31
43 31
52 32
94 32
84 36
8 38
85 38
20 39
27 39
86 40
60 40
53 40
84 41
75 41
53 45
77 45
59 46
46 46
35 47
69 47
67 47
26 48
11 48
43 50
27 53
80 53
35 56
12 57
50 57
73 59
55 60
14 61
40 62
26 63
13 63
37 64
22 66
61 66
33 73
96 74
53 74
14 75
22 76
78 76
12 77
52 78
36 78
71 79
21 81
30 81
85 81
90 83
59 84
10 87
4 89
87 89
52 90
77 92
40 92
2 92
87 95
5 96
46 99
81 99
