100
63 2147483637
13 2147483637
38 2147483637
50 2147483637
14 2147483637
100 2147483637
13 2147483637
68 2147483637
43 2147483637
2 2147483638
42 2147483638
77 2147483638
29 2147483638
75 2147483638
68 2147483638
45 2147483638
63 2147483638
58 2147483638
30 2147483638
22 2147483639
50 2147483639
29 2147483639
64 2147483639
91 2147483639
7 2147483639
1 2147483639
9 2147483639
2 2147483639
79 2147483640
24 2147483640
47 2147483640
91 2147483640
2 2147483640
38 2147483640
39 2147483640
36 2147483640
53 2147483640
28 2147483640
67 2147483641
67 2147483641
67 2147483641
1 2147483641
87 2147483641
25 2147483641
2 2147483641
34 2147483641
65 2147483641
92 2147483642
17 2147483642
94 2147483642
37 2147483642
42 2147483642
91 2147483642
12 2147483642
40 2147483642
85 2147483642
57 2147483642
4 2147483643
21 2147483643
78 2147483643
86 2147483643
100 2147483643
65 2147483643
30 2147483643
18 2147483643
70 2147483643
96 2147483643
86 2147483643
26 2147483644
71 2147483644
14 2147483644
28 2147483644
60 2147483644
40 2147483644
38 2147483644
20 2147483644
93 2147483644
59 2147483645
42 2147483645
48 2147483645
73 2147483645
29 2147483646
55 2147483646
15 2147483646
16 2147483646
11 2147483646
21 2147483646
19 2147483646
31 2147483647
91 2147483647
19 2147483647
61 2147483647
77 2147483647
21 2147483647
82 2147483647
23 2147483647
98 2147483647
75 2147483647
84 2147483647
35 2147483647
