86
31 0
55 0
39 1
41 2
10 4
83 5
50 5
45 6
20 6
15 6
86 7
31 8
16 8
40 8
44 10
34 10
34 11
94 11
72 14
41 14
10 15
94 17
59 18
70 18
38 18
26 18
25 20
47 21
77 21
54 21
34 24
93 25
33 27
52 28
4 28
63 29
19 29
93 33
91 33
45 35
23 35
65 36
68 37
2 39
55 39
53 39
61 41
42 43
31 46
18 46
92 46
69 46
94 46
21 47
47 47
72 48
20 48
72 51
36 51
72 53
58 53
85 53
19 54
47 54
61 55
83 57
17 57
67 58
32 59
77 59
79 61
82 61
25 63
78 63
65 63
75 64
56 64
9 65
46 67
2 70
34 70
56 71
86 72
43 72
7 75
64 76
