100
80 0
62 0
89 0
61 1
95 2
73 2
43 2
13 3
13 3
25 4
84 6
50 7
60 8
58 8
94 9
48 9
4 10
39 10
53 11
11 11
65 11
87 12
98 14
43 14
16 20
3 21
96 23
61 23
10 24
86 25
99 27
21 28
25 28
80 30
20 31
7 31
50 31
49 32
55 33
16 33
65 33
23 35
73 35
4 36
83 37
49 38
97 39
53 41
73 43
62 44
100 44
98 44
31 49
70 52
26 53
59 54
23 54
32 55
91 55
57 55
21 55
81 56
71 56
89 57
12 60
72 60
86 62
77 62
92 64
69 64
90 64
25 67
21 69
38 69
19 70
60 74
40 75
86 75
89 75
49 76
74 78
96 78
30 79
38 81
59 83
85 85
57 86
48 86
37 88
21 91
90 92
5 93
28 95
57 95
66 96
54 97
13 97
59 98
81 98
72 100
