97
61 2
49 5
50 7
2 7
56 7
91 7
57 7
28 8
36 8
3 9
60 12
38 13
23 14
88 16
70 17
90 18
96 23
97 25
62 27
55 28
79 28
65 29
47 31
6 32
5 32
62 32
44 33
87 33
10 33
27 36
72 37
7 37
32 41
90 42
8 42
66 43
5 43
57 44
66 45
98 45
95 45
37 46
98 47
61 48
54 49
44 49
12 52
4 53
39 54
63 55
50 56
14 56
39 57
79 57
34 58
12 58
99 59
16 60
3 61
89 62
32 62
13 63
69 63
44 63
69 66
46 68
16 68
36 68
82 69
95 70
41 72
95 72
60 73
24 77
46 80
47 82
17 82
36 83
93 83
76 83
88 84
42 85
36 86
25 88
91 88
66 89
49 91
31 92
86 95
36 95
5 96
93 97
95 97
3 98
74 99
75 99
23 100
