100
35 1
98 1
81 3
59 3
5 5
41 5
63 5
95 5
1 5
3 6
66 6
49 7
15 7
65 8
86 8
9 10
97 11
62 16
24 18
11 19
45 19
88 22
10 22
62 24
19 26
14 27
27 27
74 27
56 27
86 29
98 30
38 30
42 31
53 32
36 32
82 33
44 33
98 34
7 37
82 37
8 37
32 38
9 42
68 46
35 47
89 48
31 49
4 50
57 50
22 52
41 54
7 54
28 55
22 55
92 56
96 56
95 57
59 57
20 57
45 57
73 58
61 59
13 59
86 61
45 63
82 63
68 64
75 65
96 66
70 66
34 66
70 68
56 69
79 69
3 69
9 71
94 72
18 73
83 74
1 76
35 77
64 77
41 77
49 78
9 79
50 79
78 79
98 81
69 84
9 88
36 88
67 90
77 92
49 92
57 94
45 94
57 95
83 96
81 98
20 98
