100
17 3
15 4
99 5
88 5
35 8
84 10
75 11
77 11
14 12
21 12
70 12
80 12
16 13
87 15
95 18
59 18
3 20
20 20
77 21
96 22
48 23
97 23
11 25
86 26
41 27
50 27
35 30
68 30
52 30
21 31
28 31
42 32
71 32
74 33
75 35
73 35
58 36
81 36
46 38
25 38
84 39
14 40
86 41
85 41
59 42
81 42
60 47
91 47
48 52
59 53
87 53
41 53
22 53
100 55
17 56
95 57
74 58
72 58
58 58
58 60
38 61
96 63
62 65
89 66
33 67
1 67
36 69
35 70
1 70
53 71
11 71
62 71
56 74
18 77
7 77
34 77
9 78
63 78
14 79
13 80
1 80
7 81
87 81
86 82
81 82
2 82
61 85
92 85
88 86
24 87
65 87
58 88
30 88
55 90
34 91
32 92
97 93
56 94
43 96
65 100
