100
68 2147483637
39 2147483637
78 2147483637
72 2147483637
82 2147483637
20 2147483637
45 2147483637
79 2147483638
41 2147483638
16 2147483638
70 2147483638
94 2147483638
24 2147483638
34 2147483638
84 2147483638
34 2147483639
16 2147483639
13 2147483639
40 2147483639
59 2147483639
82 2147483639
1 2147483639
75 2147483639
98 2147483639
32 2147483639
43 2147483639
23 2147483640
69 2147483640
65 2147483640
45 2147483640
89 2147483640
18 2147483640
94 2147483640
94 2147483640
32 2147483641
47 2147483641
20 2147483641
22 2147483641
50 2147483641
31 2147483641
22 2147483641
95 2147483641
66 2147483641
17 2147483641
91 2147483641
25 2147483642
93 2147483642
7 2147483642
78 2147483642
8 2147483642
50 2147483642
95 2147483642
76 2147483642
77 2147483642
33 2147483642
40 2147483642
96 2147483642
92 2147483642
36 2147483643
46 2147483643
12 2147483643
80 2147483643
33 2147483643
66 2147483643
50 2147483643
10 2147483644
6 2147483644
21 2147483644
26 2147483644
17 2147483644
24 2147483644
83 2147483644
49 2147483644
14 2147483644
7 2147483644
31 2147483644
65 2147483644
46 2147483644
80 2147483644
75 2147483645
71 2147483645
42 2147483645
63 2147483645
35 2147483645
1 2147483645
57 2147483645
79 2147483646
60 2147483646
7 2147483646
71 2147483646
28 2147483646
98 2147483646
28 2147483647
3 2147483647
5 2147483647
62 2147483647
87 2147483647
40 2147483647
8 2147483647
53 2147483647
