93
1 0
17 0
20 2
42 2
17 3
6 3
7 5
48 6
24 6
50 10
48 11
13 11
9 11
50 12
12 14
8 16
32 16
28 21
6 22
33 22
44 24
6 28
31 28
31 29
10 30
5 31
10 31
23 34
9 36
26 36
46 36
33 36
15 37
48 37
19 38
48 39
3 41
16 41
11 41
51 43
14 45
34 45
18 45
16 47
7 48
50 49
48 50
55 52
1 52
8 54
38 54
50 55
20 55
8 57
50 57
18 58
19 58
55 58
27 60
33 60
33 60
36 60
31 61
30 63
27 64
6 64
53 67
3 68
50 70
18 73
33 74
13 74
37 75
32 76
11 76
6 77
2 79
7 79
49 80
17 80
52 80
21 81
38 83
14 83
20 86
19 87
32 88
17 88
21 91
42 94
32 95
5 96
29 98
