100
28 0
24 0
47 2
81 2
96 3
39 3
24 3
7 3
15 4
88 6
86 6
53 7
57 7
78 8
47 8
94 11
21 13
4 13
85 13
89 14
3 14
60 14
6 15
42 15
64 17
64 18
22 18
66 19
36 19
72 22
63 23
37 23
13 24
59 28
84 29
22 31
16 32
79 32
15 36
50 36
86 37
94 38
77 40
50 41
93 41
45 41
66 42
33 42
28 44
94 45
96 45
19 46
31 47
81 47
64 48
59 48
43 49
8 53
78 55
39 55
45 59
38 61
6 63
49 64
8 66
86 67
87 68
80 70
84 70
47 70
47 70
27 71
83 71
97 71
82 71
55 72
33 74
9 75
70 76
54 77
98 80
40 81
84 81
3 84
46 85
7 86
7 86
23 87
97 87
42 88
6 88
88 90
65 90
49 93
98 94
85 97
91 97
84 98
75 99
22 100
