100
33 2147483637
40 2147483637
86 2147483637
24 2147483637
100 2147483637
37 2147483637
92 2147483637
3 2147483637
93 2147483637
70 2147483638
15 2147483638
76 2147483638
89 2147483638
56 2147483638
59 2147483638
33 2147483638
56 2147483638
99 2147483639
83 2147483639
22 2147483639
72 2147483639
26 2147483639
35 2147483639
99 2147483639
7 2147483640
47 2147483640
52 2147483640
57 2147483640
97 2147483640
100 2147483640
10 2147483640
12 2147483640
80 2147483640
27 2147483640
3 2147483640
62 2147483641
59 2147483641
71 2147483641
62 2147483641
22 2147483641
33 2147483641
100 2147483641
14 2147483641
21 2147483641
84 2147483642
4 2147483642
84 2147483642
79 2147483642
20 2147483642
69 2147483642
95 2147483642
39 2147483642
67 2147483643
18 2147483643
55 2147483643
44 2147483643
2 2147483643
83 2147483643
18 2147483643
31 2147483643
88 2147483643
17 2147483643
100 2147483643
32 2147483643
14 2147483643
69 2147483643
94 2147483643
45 2147483644
32 2147483644
40 2147483644
2 2147483644
85 2147483644
81 2147483645
8 2147483645
88 2147483645
63 2147483645
11 2147483645
40 2147483645
84 2147483645
5 2147483645
14 2147483645
82 2147483645
29 2147483645
38 2147483646
11 2147483646
5 2147483646
20 2147483646
51 2147483646
88 2147483646
37 2147483646
88 2147483646
68 2147483646
23 2147483647
45 2147483647
66 2147483647
67 2147483647
14 2147483647
9 2147483647
75 2147483647
67 2147483647
