98
8 0
2 2
23 2
59 2
13 2
61 2
43 3
58 4
2 4
17 4
44 5
28 5
64 6
36 6
7 7
49 7
60 9
59 10
41 10
10 10
31 10
12 11
63 12
56 12
50 13
22 13
50 13
53 15
30 16
38 16
5 17
67 18
68 19
44 19
40 19
25 19
45 20
13 21
23 21
19 22
46 22
4 23
30 24
48 26
4 26
67 26
48 27
5 28
57 28
15 28
9 29
1 29
59 30
48 30
51 30
28 31
39 31
46 32
43 32
11 32
27 34
20 35
59 35
2 35
48 35
7 37
69 37
32 38
58 38
2 38
43 39
44 39
55 41
13 43
27 43
1 44
46 44
29 45
20 48
6 48
28 48
54 49
65 51
24 51
24 52
65 53
22 55
64 56
34 56
48 56
47 57
5 58
14 58
64 60
18 61
37 61
1 61
35 62
