100
20 0
22 2
36 5
48 5
97 11
53 12
99 13
94 14
47 15
68 15
4 16
8 17
22 19
20 20
27 20
39 21
83 21
5 22
93 23
48 23
66 23
70 25
55 25
56 25
36 27
92 27
22 27
95 27
87 29
56 33
63 34
18 35
21 36
70 36
72 39
49 42
17 44
26 45
15 47
62 48
81 48
17 49
92 49
66 49
97 49
85 52
19 52
72 53
61 53
30 53
13 54
95 55
87 55
49 59
70 61
98 62
85 63
65 67
86 67
16 68
60 69
99 70
85 71
11 72
30 72
36 73
93 74
75 74
6 75
60 75
30 75
3 77
41 78
99 80
61 80
48 80
42 82
68 83
85 83
50 84
36 84
93 85
41 86
98 86
48 86
17 86
28 88
55 88
91 88
62 91
36 92
36 93
97 95
12 95
36 95
49 96
20 96
7 97
7 97
11 100
