100
54 0
67 1
97 1
27 1
70 3
18 5
37 6
21 6
3 6
8 7
63 7
52 8
92 9
23 12
12 12
68 13
35 14
51 17
85 18
97 20
14 23
23 24
66 25
29 26
66 27
51 28
38 29
92 30
72 31
96 32
6 33
32 33
71 33
36 34
14 34
29 36
9 37
63 41
75 46
78 47
46 48
19 48
50 48
84 48
97 49
95 51
39 51
24 51
26 52
69 53
22 56
28 58
96 61
12 62
38 62
19 62
95 65
35 66
94 66
11 67
77 67
73 68
70 69
42 69
46 70
64 70
100 72
83 73
69 73
31 74
38 74
90 76
59 77
13 77
88 78
28 79
36 79
63 82
32 85
71 85
54 86
71 86
43 89
99 89
49 90
69 91
43 91
97 92
69 92
18 92
31 95
10 95
38 95
91 96
93 96
3 97
69 97
69 98
80 99
93 100
