100
59 2147483637
14 2147483637
56 2147483637
17 2147483637
36 2147483637
72 2147483637
70 2147483638
59 2147483638
11 2147483638
42 2147483638
58 2147483638
27 2147483638
23 2147483638
60 2147483638
64 2147483638
29 2147483638
74 2147483638
8 2147483639
52 2147483639
22 2147483639
8 2147483639
23 2147483639
56 2147483639
17 2147483639
27 2147483639
42 2147483639
86 2147483639
40 2147483639
56 2147483639
12 2147483639
51 2147483639
93 2147483640
48 2147483640
58 2147483640
96 2147483640
87 2147483640
7 2147483641
53 2147483641
68 2147483641
71 2147483641
60 2147483641
15 2147483641
34 2147483641
62 2147483641
3 2147483641
34 2147483642
89 2147483642
55 2147483642
27 2147483642
19 2147483642
79 2147483642
16 2147483642
45 2147483642
52 2147483642
38 2147483643
7 2147483643
97 2147483643
75 2147483643
43 2147483643
12 2147483643
52 2147483644
21 2147483644
33 2147483644
87 2147483644
39 2147483644
53 2147483644
93 2147483644
87 2147483644
83 2147483644
8 2147483644
89 2147483644
23 2147483645
67 2147483645
11 2147483645
30 2147483645
87 2147483645
15 2147483645
32 2147483645
16 2147483645
27 2147483645
65 2147483646
100 2147483646
85 2147483646
49 2147483646
77 2147483646
83 2147483646
44 2147483646
89 2147483646
77 2147483647
52 2147483647
89 2147483647
48 2147483647
8 2147483647
75 2147483647
58 2147483647
90 2147483647
59 2147483647
60 2147483647
10 2147483647
1 2147483647
