96
1 0
71 0
81 1
81 2
4 3
74 3
53 4
100 5
80 6
26 6
2 9
70 11
77 11
71 12
14 13
16 13
45 14
64 15
64 18
66 20
73 26
49 26
18 29
30 30
34 31
89 31
4 33
19 36
31 37
1 39
44 40
81 42
78 43
68 45
80 45
26 46
88 48
53 48
62 50
56 50
77 50
33 51
11 52
48 52
92 53
10 53
5 53
21 54
50 55
65 57
92 57
81 58
84 58
11 58
40 59
78 60
94 60
61 62
92 63
3 64
100 66
15 69
34 69
100 70
93 71
15 72
25 73
32 75
61 80
12 81
88 81
6 82
96 82
17 84
34 84
39 87
13 87
92 88
72 88
96 89
10 90
74 91
75 91
74 91
37 92
64 93
39 94
37 94
65 94
54 95
71 95
46 96
28 96
43 97
35 100
58 100
