100
31 0
94 0
72 0
34 1
99 5
35 5
38 5
25 6
46 7
7 10
36 11
47 11
57 11
86 12
8 13
90 14
93 14
58 14
100 15
19 16
9 16
26 17
37 17
48 18
85 19
99 20
6 21
87 24
8 24
71 24
89 24
87 25
6 26
49 26
91 28
45 28
79 31
2 31
44 32
23 33
66 33
51 35
68 36
67 37
50 38
85 38
36 42
18 42
3 44
16 45
13 46
71 48
74 49
31 51
8 53
37 53
22 54
70 55
56 55
53 56
47 56
90 56
21 57
50 57
89 59
39 60
27 60
59 63
77 63
18 64
52 65
90 67
39 68
6 70
84 73
4 73
35 77
75 78
33 80
68 81
23 81
44 82
86 85
49 86
55 86
28 87
85 87
3 88
80 88
8 92
72 92
10 92
7 93
98 94
44 94
96 94
6 96
33 96
1 99
41 100
