100
19 1
31 2
68 5
66 8
36 9
27 10
35 11
86 11
48 12
59 13
77 13
1 15
38 17
18 18
64 18
12 19
47 20
12 22
80 22
23 22
48 22
35 27
82 27
76 28
87 28
10 28
73 30
33 31
54 31
87 31
29 32
50 32
8 32
56 32
35 35
8 35
54 36
10 38
59 39
75 39
17 41
76 41
34 43
99 45
93 45
31 46
39 46
73 47
72 47
53 49
88 51
42 57
70 57
40 59
84 60
56 60
78 62
34 62
11 62
18 62
72 63
45 64
97 65
50 66
44 67
97 68
26 68
26 70
72 73
66 73
97 74
24 76
72 77
29 79
7 79
65 81
83 82
34 82
44 83
81 83
87 83
18 84
73 85
43 85
73 85
68 87
48 88
37 88
24 88
16 88
61 89
54 89
75 91
98 92
65 94
76 96
36 97
76 99
13 100
67 100
