100
42 5
75 7
6 9
74 13
94 13
26 14
93 14
84 16
15 16
17 18
46 19
10 22
55 23
89 23
81 23
49 25
94 25
12 26
23 29
32 29
40 29
41 29
54 30
85 30
70 31
78 31
95 32
69 34
67 35
25 35
59 36
84 37
18 37
32 40
2 40
5 40
90 40
53 40
40 40
7 41
15 42
34 43
87 43
38 44
13 44
74 44
1 45
100 46
42 46
97 47
75 48
32 49
18 50
94 51
86 51
85 52
72 52
33 55
18 56
23 58
16 59
1 59
32 60
63 60
39 61
71 62
16 63
93 64
82 65
93 65
91 66
46 66
38 68
88 68
81 70
82 71
49 71
57 71
83 73
21 73
42 74
15 75
46 75
60 85
99 86
1 87
69 87
45 88
87 88
88 91
20 91
39 91
34 91
34 92
92 93
47 93
81 94
79 95
89 96
33 100
