100
17 0
20 1
74 1
34 1
77 1
63 1
89 2
60 2
72 3
41 4
93 4
99 6
74 8
33 11
89 13
52 13
30 16
79 16
63 19
88 22
2 22
34 23
19 23
24 24
77 24
100 26
13 26
24 26
40 26
7 27
69 29
67 30
23 30
10 30
41 31
54 32
20 32
92 32
27 33
20 33
5 34
18 35
73 35
67 36
33 36
63 37
2 37
25 38
6 40
11 41
100 41
73 42
70 42
100 42
69 42
46 44
21 46
41 47
57 47
34 47
87 50
56 53
92 54
17 54
52 54
95 55
79 57
75 59
19 62
6 63
15 64
86 65
79 66
97 66
30 66
10 70
45 71
10 71
86 71
34 73
66 74
60 75
2 76
39 76
43 77
72 77
93 79
73 80
57 82
68 83
57 84
21 87
54 90
36 91
36 93
10 94
6 95
91 96
86 98
94 100
