100
55 1
28 2
73 2
58 2
96 3
28 4
85 6
14 6
32 8
45 8
17 11
83 11
3 12
81 13
47 13
76 13
4 13
6 14
25 15
82 17
66 18
64 18
48 18
89 19
72 21
39 22
6 22
59 24
91 26
15 26
79 30
14 30
17 30
94 30
26 31
28 32
6 33
17 33
1 34
70 34
39 35
60 37
16 37
52 37
93 39
29 43
90 44
78 44
32 45
48 45
32 53
88 55
100 56
48 56
84 57
66 58
31 58
44 59
8 59
16 59
98 61
60 61
39 61
45 62
62 62
73 62
26 63
17 64
17 66
20 66
65 68
60 68
11 71
96 72
55 72
46 73
24 75
65 76
5 76
83 77
43 77
2 78
5 80
46 81
2 84
18 88
52 88
71 89
83 89
60 89
31 92
46 92
52 92
10 92
76 93
5 93
43 96
90 96
75 99
16 100
