100
87 3
24 3
23 3
95 5
46 6
27 6
14 8
2 10
45 11
44 13
70 13
33 13
21 14
90 15
4 16
95 16
69 18
41 22
73 23
85 25
14 26
51 27
63 27
95 29
73 29
52 30
45 30
93 32
19 33
74 34
93 35
50 39
45 39
22 39
41 40
49 40
5 40
3 42
40 42
28 43
100 45
16 46
50 46
80 46
58 46
68 47
76 48
84 49
84 49
61 51
32 52
70 52
76 53
89 53
48 57
95 57
10 57
43 58
80 60
60 60
6 60
47 63
20 65
42 66
68 66
76 66
65 66
90 67
20 68
13 69
42 70
79 72
20 72
48 73
44 74
61 75
23 75
76 78
3 79
28 80
61 81
51 81
5 82
43 87
75 88
69 91
83 91
40 91
77 92
78 92
16 93
52 93
39 94
90 94
61 96
38 97
79 97
91 97
69 98
70 99
