100
62 2147483637
77 2147483637
55 2147483637
71 2147483637
50 2147483637
65 2147483637
52 2147483637
60 2147483637
39 2147483638
19 2147483638
18 2147483638
51 2147483638
25 2147483638
42 2147483638
6 2147483638
91 2147483638
20 2147483638
92 2147483638
66 2147483638
76 2147483639
67 2147483639
76 2147483639
88 2147483639
48 2147483639
100 2147483639
98 2147483639
44 2147483639
6 2147483639
88 2147483639
86 2147483640
67 2147483640
89 2147483641
66 2147483641
18 2147483641
47 2147483641
49 2147483641
21 2147483641
16 2147483641
10 2147483641
28 2147483641
15 2147483641
42 2147483641
53 2147483641
17 2147483642
18 2147483642
62 2147483642
4 2147483642
38 2147483642
80 2147483642
84 2147483642
7 2147483642
86 2147483643
69 2147483643
65 2147483643
3 2147483643
92 2147483643
49 2147483643
83 2147483643
96 2147483643
85 2147483643
4 2147483643
4 2147483643
32 2147483644
65 2147483644
44 2147483644
95 2147483644
33 2147483644
30 2147483644
87 2147483644
78 2147483644
94 2147483644
86 2147483644
84 2147483644
81 2147483644
69 2147483644
91 2147483644
60 2147483644
81 2147483645
28 2147483645
83 2147483645
20 2147483645
25 2147483645
38 2147483645
6 2147483645
18 2147483646
97 2147483646
91 2147483646
67 2147483646
11 2147483646
58 2147483646
32 2147483646
95 2147483646
72 2147483646
34 2147483646
42 2147483647
52 2147483647
25 2147483647
67 2147483647
55 2147483647
74 2147483647
