93
13 1
10 1
41 2
6 2
62 3
65 3
47 4
8 6
27 6
27 7
84 8
97 13
54 14
54 14
89 14
16 16
15 16
61 17
29 17
11 19
93 21
47 23
31 25
10 25
9 27
72 28
58 32
96 32
5 33
50 33
86 35
46 36
90 37
10 39
63 39
49 40
66 43
41 45
86 48
31 48
97 49
64 50
98 51
79 52
17 52
15 52
73 53
65 53
6 54
74 55
91 56
17 57
1 57
79 58
50 60
49 61
3 62
35 63
99 63
84 64
65 66
92 66
50 67
75 68
87 68
90 69
9 70
35 71
64 72
59 74
78 75
56 75
42 75
42 76
70 76
27 79
94 80
84 81
71 82
86 82
17 85
35 86
7 88
37 88
13 88
40 89
80 89
70 93
51 94
73 96
1 97
97 100
29 100
