100
85 2147483637
36 2147483637
45 2147483637
62 2147483637
28 2147483637
87 2147483637
68 2147483638
39 2147483638
59 2147483638
60 2147483638
33 2147483638
17 2147483638
7 2147483638
34 2147483638
70 2147483638
76 2147483638
5 2147483638
69 2147483638
11 2147483638
49 2147483639
21 2147483639
16 2147483639
8 2147483639
54 2147483639
77 2147483639
33 2147483639
19 2147483639
54 2147483639
19 2147483639
27 2147483639
59 2147483639
40 2147483639
17 2147483640
65 2147483640
46 2147483640
2 2147483640
77 2147483640
26 2147483640
68 2147483641
59 2147483641
18 2147483641
85 2147483641
68 2147483641
13 2147483641
34 2147483642
33 2147483642
10 2147483642
69 2147483642
8 2147483642
83 2147483642
92 2147483642
78 2147483642
81 2147483642
59 2147483643
16 2147483643
16 2147483643
34 2147483643
58 2147483643
61 2147483643
23 2147483643
80 2147483644
76 2147483644
84 2147483644
35 2147483644
98 2147483644
17 2147483644
16 2147483644
3 2147483645
96 2147483645
96 2147483645
24 2147483645
78 2147483645
88 2147483645
61 2147483645
35 2147483645
1 2147483645
13 2147483645
12 2147483645
4 2147483645
81 2147483645
75 2147483645
87 2147483645
52 2147483646
14 2147483646
74 2147483646
7 2147483646
69 2147483646
39 2147483646
76 2147483646
67 2147483646
9 2147483647
39 2147483647
42 2147483647
74 2147483647
72 2147483647
60 2147483647
7 2147483647
70 2147483647
12 2147483647
82 2147483647
