100
96 0
42 0
97 0
50 0
2 1
72 2
52 2
21 2
84 3
78 5
30 5
4 6
20 7
14 7
67 9
13 9
24 13
69 13
35 15
46 15
96 16
47 17
14 17
12 18
89 19
78 20
88 21
53 22
81 23
75 25
75 29
33 30
34 30
9 31
80 31
20 33
4 33
100 34
10 35
44 37
31 39
78 41
33 44
22 44
76 45
64 45
90 47
87 48
18 48
30 50
67 51
58 52
20 56
10 57
7 57
30 58
19 60
74 60
22 62
44 64
74 64
17 64
27 66
59 67
52 67
17 68
35 69
31 71
33 72
97 73
93 74
39 74
27 75
7 75
97 78
23 80
63 81
67 82
19 83
60 83
28 83
51 84
40 84
14 88
100 92
68 92
58 92
99 92
22 92
86 94
57 94
2 94
37 95
51 96
25 97
94 97
48 97
46 98
89 98
97 98
