100
23 0
82 2
46 2
7 2
55 4
77 5
7 6
71 6
23 7
15 7
21 9
61 12
77 12
30 13
57 14
54 15
91 15
81 15
38 16
52 17
33 19
18 20
63 21
48 21
32 22
19 23
22 23
13 24
94 29
19 33
50 33
72 34
98 34
9 34
6 36
39 38
100 39
65 39
71 40
20 40
32 40
83 41
95 43
4 43
82 48
51 51
23 52
94 52
20 54
58 54
61 55
79 56
20 56
14 58
38 58
10 59
81 60
71 60
14 60
32 61
29 61
71 62
61 62
24 63
2 63
23 65
27 65
10 70
87 70
42 70
79 70
38 71
96 71
92 72
58 72
21 73
29 73
55 73
76 74
19 74
27 74
16 77
11 78
59 79
61 79
30 80
95 80
54 84
5 86
70 88
62 88
37 90
87 92
56 95
84 97
39 98
44 99
99 100
43 100
36 100
