100
90 2147483637
53 2147483637
91 2147483637
28 2147483637
95 2147483637
6 2147483637
90 2147483637
46 2147483637
98 2147483637
23 2147483637
28 2147483637
27 2147483637
1 2147483637
61 2147483637
44 2147483637
94 2147483637
69 2147483638
22 2147483638
81 2147483638
97 2147483638
74 2147483638
48 2147483638
92 2147483638
63 2147483638
41 2147483638
61 2147483638
96 2147483638
98 2147483639
76 2147483639
37 2147483639
63 2147483639
76 2147483639
59 2147483639
67 2147483639
67 2147483639
73 2147483639
8 2147483639
32 2147483639
54 2147483640
84 2147483640
33 2147483640
79 2147483640
100 2147483640
75 2147483640
34 2147483641
35 2147483641
75 2147483641
96 2147483641
28 2147483641
9 2147483641
47 2147483641
85 2147483641
83 2147483641
50 2147483641
81 2147483641
68 2147483641
63 2147483642
60 2147483642
71 2147483642
46 2147483643
92 2147483643
8 2147483643
59 2147483643
69 2147483643
29 2147483643
98 2147483643
31 2147483643
54 2147483643
93 2147483643
46 2147483643
4 2147483643
90 2147483643
54 2147483644
10 2147483644
41 2147483645
40 2147483645
91 2147483645
89 2147483645
49 2147483645
43 2147483645
30 2147483645
5 2147483645
79 2147483646
94 2147483646
50 2147483646
27 2147483646
82 2147483646
4 2147483646
53 2147483646
30 2147483646
84 2147483646
17 2147483646
19 2147483646
24 2147483646
4 2147483646
67 2147483647
38 2147483647
12 2147483647
68 2147483647
4 2147483647
