100
87 0
63 2
85 2
14 2
56 2
95 3
8 4
37 4
66 5
11 6
38 6
17 8
56 9
22 9
14 10
50 11
95 11
72 12
64 12
62 13
50 16
13 17
90 17
72 17
52 18
1 18
51 18
38 20
82 23
67 24
72 25
27 25
34 26
69 26
91 28
59 28
11 28
35 28
80 33
96 35
59 36
54 39
71 40
31 41
90 41
8 43
94 43
22 45
3 46
55 47
54 47
77 47
96 49
43 52
21 52
74 56
5 57
28 57
84 59
77 59
86 59
44 60
70 61
38 62
19 62
46 63
91 64
57 65
64 67
42 67
97 72
21 72
99 73
80 73
62 74
59 75
89 76
6 76
1 77
21 78
29 78
80 78
67 82
67 82
55 84
91 84
79 84
56 85
85 85
84 85
35 88
59 90
98 90
67 91
1 91
23 92
78 92
27 98
32 100
34 100
