100
74 2147483637
11 2147483637
84 2147483637
33 2147483638
52 2147483638
90 2147483638
83 2147483638
99 2147483638
13 2147483638
71 2147483638
71 2147483638
84 2147483638
7 2147483638
67 2147483638
54 2147483638
1 2147483638
26 2147483639
78 2147483639
60 2147483639
98 2147483639
59 2147483639
18 2147483639
65 2147483639
10 2147483639
39 2147483639
12 2147483639
35 2147483640
89 2147483640
12 2147483640
30 2147483640
15 2147483640
41 2147483640
96 2147483640
13 2147483640
42 2147483640
12 2147483640
63 2147483640
10 2147483640
8 2147483641
56 2147483641
24 2147483641
54 2147483641
66 2147483641
64 2147483641
46 2147483641
71 2147483642
13 2147483642
45 2147483642
19 2147483642
69 2147483642
20 2147483642
59 2147483642
35 2147483642
10 2147483642
81 2147483642
90 2147483642
38 2147483642
85 2147483642
10 2147483643
12 2147483643
69 2147483643
66 2147483644
37 2147483644
25 2147483644
53 2147483644
83 2147483644
42 2147483644
71 2147483644
62 2147483644
43 2147483644
53 2147483645
77 2147483645
65 2147483645
40 2147483645
60 2147483645
16 2147483646
73 2147483646
49 2147483646
67 2147483646
18 2147483646
87 2147483646
16 2147483646
60 2147483646
78 2147483646
69 2147483646
98 2147483646
75 2147483647
71 2147483647
1 2147483647
72 2147483647
89 2147483647
87 2147483647
65 2147483647
92 2147483647
36 2147483647
40 2147483647
45 2147483647
30 2147483647
79 2147483647
46 2147483647
