100
63 0
20 2
78 3
48 4
39 6
37 10
4 11
11 13
17 14
10 14
92 14
4 14
60 15
12 16
48 19
13 21
17 22
72 25
79 25
51 26
87 26
50 27
99 28
39 28
57 29
71 30
19 31
90 32
16 32
10 32
6 33
4 33
17 35
60 36
46 37
55 38
57 39
28 39
54 40
1 42
7 44
11 44
37 44
29 45
66 46
10 46
57 46
14 48
54 49
44 50
17 53
24 54
78 56
8 57
4 57
37 58
13 59
52 61
100 62
32 62
2 62
43 64
11 65
45 65
51 67
67 67
2 68
58 68
50 73
28 73
30 73
11 73
92 74
81 74
69 77
87 77
77 78
71 79
44 81
98 81
69 82
23 83
29 83
42 84
17 84
82 85
96 85
34 86
31 88
86 88
38 89
90 91
12 92
63 93
13 96
38 98
50 99
14 99
100 100
13 100
