92
83 0
58 0
17 2
65 4
16 4
1 5
3 8
36 8
74 11
29 11
69 11
43 13
32 13
11 15
92 16
13 16
58 17
77 17
1 17
53 17
86 18
14 19
93 22
67 23
20 24
41 25
63 26
36 29
73 30
98 32
30 33
45 33
57 36
94 39
38 40
73 40
20 42
64 43
83 44
63 45
34 46
31 48
63 48
98 48
18 50
90 50
66 51
68 52
38 54
94 55
64 57
29 58
20 58
78 59
62 61
97 61
4 61
27 64
71 66
59 67
70 67
42 68
73 68
49 70
2 71
33 75
47 77
9 77
87 77
64 80
1 81
97 82
40 83
17 83
75 85
12 86
98 86
8 86
26 89
96 89
5 92
23 95
62 96
59 96
64 96
52 97
63 97
19 97
24 98
56 98
96 99
99 99
