100
25 0
44 4
81 5
88 5
34 6
98 7
95 8
20 9
94 9
7 10
39 10
42 12
87 12
82 13
65 15
49 17
73 17
56 22
41 22
41 22
26 23
28 24
17 25
59 26
95 26
43 27
91 28
15 28
98 28
74 29
18 30
80 30
63 35
57 36
99 37
94 38
93 39
7 41
43 41
44 42
3 43
33 44
48 45
79 46
85 48
63 48
57 50
61 50
34 51
55 54
46 55
18 57
14 57
91 57
54 57
26 58
70 59
62 59
20 63
13 64
19 65
60 66
78 68
100 70
83 71
20 74
82 75
77 76
18 77
100 77
32 77
34 79
69 80
68 80
33 80
60 80
75 81
46 82
48 84
100 84
74 85
8 88
36 90
96 91
84 94
47 94
58 94
72 94
44 94
70 95
9 95
54 95
31 95
34 96
31 96
76 96
19 98
98 98
53 99
63 99
