100
28 1
42 1
15 3
44 3
73 4
22 4
2 4
23 4
64 7
38 9
36 9
69 10
58 11
49 13
43 13
95 14
59 14
36 14
35 14
56 15
41 21
33 22
12 25
62 27
71 28
60 30
71 30
76 30
56 31
70 32
3 37
44 38
43 38
1 39
90 39
88 39
73 39
17 40
15 41
96 41
42 45
18 46
64 46
78 48
90 49
51 49
56 51
97 52
30 52
77 53
3 54
71 54
67 54
96 55
81 58
49 59
39 60
62 60
46 66
7 66
27 67
78 70
39 70
26 71
47 73
59 73
32 74
43 75
10 75
83 77
5 77
67 80
77 81
83 81
83 81
6 83
48 85
72 86
3 87
97 87
70 88
58 90
95 90
86 90
14 91
86 92
79 92
100 92
2 93
56 93
2 93
10 93
9 95
66 95
66 96
48 96
18 97
47 98
9 98
67 99
