100
40 2
25 5
19 5
24 5
48 6
83 6
75 7
59 8
79 9
48 9
13 9
15 10
17 11
20 13
46 14
71 15
52 16
73 19
60 20
32 20
48 21
67 22
92 22
100 23
7 24
57 26
42 26
6 28
38 28
63 28
75 29
19 30
22 30
94 30
100 30
57 31
96 31
15 32
89 32
48 34
42 34
32 34
15 35
90 37
76 38
71 38
73 38
24 39
49 40
67 42
68 44
64 44
81 47
70 48
68 51
9 51
10 52
39 52
38 55
76 57
45 58
63 59
39 59
89 61
70 61
73 63
42 64
91 65
84 65
77 66
84 67
9 67
91 67
65 69
19 71
80 72
9 72
88 72
28 75
14 80
8 80
41 81
44 81
47 82
33 82
84 83
51 85
4 89
29 90
76 90
28 90
5 90
31 94
52 94
78 95
94 96
4 98
53 98
76 99
95 100
