100
83 0
51 1
34 4
57 4
50 5
38 6
49 7
39 7
88 9
83 12
47 12
47 12
31 12
23 13
51 13
8 14
10 14
91 14
67 15
61 16
38 16
34 17
88 18
50 18
91 20
66 22
54 22
84 24
35 28
73 28
100 30
98 31
62 32
41 33
52 33
20 33
56 33
30 34
97 35
60 35
26 35
29 36
38 37
60 37
52 38
58 38
69 40
59 41
58 44
63 44
8 46
72 47
10 48
1 49
81 53
25 55
65 56
50 57
28 58
67 59
50 60
27 61
30 62
62 63
98 64
65 65
84 67
30 68
24 68
42 68
26 68
58 70
33 71
99 71
50 72
42 73
49 75
50 75
59 76
90 78
10 79
71 80
17 80
98 83
74 83
56 84
19 86
45 87
56 87
71 87
69 87
60 87
99 89
96 91
34 94
4 94
28 95
98 96
60 96
90 97
