100
43 2147483637
10 2147483637
28 2147483637
99 2147483637
67 2147483637
94 2147483637
61 2147483637
68 2147483637
73 2147483637
70 2147483638
13 2147483638
26 2147483638
2 2147483638
23 2147483639
34 2147483639
52 2147483639
46 2147483639
51 2147483639
44 2147483639
40 2147483639
78 2147483639
49 2147483639
68 2147483639
78 2147483639
8 2147483640
99 2147483640
22 2147483640
42 2147483640
52 2147483640
85 2147483640
18 2147483640
69 2147483640
27 2147483640
1 2147483640
93 2147483640
99 2147483640
61 2147483640
35 2147483640
15 2147483640
52 2147483640
95 2147483641
45 2147483641
96 2147483641
75 2147483641
40 2147483641
79 2147483641
35 2147483641
41 2147483641
51 2147483641
18 2147483641
57 2147483642
4 2147483642
5 2147483642
52 2147483642
31 2147483642
97 2147483642
74 2147483642
43 2147483642
41 2147483642
98 2147483642
30 2147483642
54 2147483643
98 2147483643
57 2147483643
97 2147483643
61 2147483643
46 2147483643
3 2147483644
84 2147483644
29 2147483644
95 2147483644
3 2147483644
77 2147483644
37 2147483644
85 2147483644
56 2147483645
16 2147483645
81 2147483645
17 2147483645
17 2147483645
88 2147483645
75 2147483645
23 2147483645
100 2147483645
30 2147483645
81 2147483646
42 2147483646
81 2147483646
18 2147483646
9 2147483646
93 2147483646
93 2147483646
99 2147483646
60 2147483646
80 2147483647
68 2147483647
55 2147483647
89 2147483647
51 2147483647
46 2147483647
