100
35 0
32 1
96 1
4 1
89 4
3 5
72 7
53 8
68 8
32 10
14 11
83 12
44 14
56 15
11 16
53 18
55 18
76 20
13 21
84 21
77 22
35 23
77 24
81 24
6 25
98 28
70 29
13 29
92 30
50 30
28 33
49 33
21 33
8 33
3 36
68 37
62 37
7 37
91 38
38 38
73 39
64 40
2 40
45 41
92 44
43 45
90 46
64 46
2 47
94 49
68 50
78 50
7 51
28 52
79 54
39 54
26 54
6 54
92 55
92 58
2 60
69 61
28 62
27 62
85 65
4 66
74 69
83 71
6 71
63 72
88 72
32 72
93 72
23 73
20 73
57 76
84 76
35 77
14 78
8 78
10 80
10 81
26 81
52 82
30 82
83 85
90 87
31 87
71 87
16 88
28 88
86 90
26 91
47 93
93 94
92 97
51 98
69 99
69 99
40 99
