100
58 0
21 2
41 2
15 2
19 2
34 3
59 3
55 4
49 4
28 5
76 7
10 8
84 9
65 9
16 10
61 10
7 12
47 12
64 14
7 14
29 14
18 14
42 15
18 16
18 16
40 17
52 17
54 18
45 21
27 22
65 25
35 25
61 26
40 28
49 29
46 29
99 30
8 30
58 31
8 31
32 32
22 34
43 34
96 34
87 34
10 38
65 38
80 40
86 41
13 42
5 42
24 43
22 44
83 44
77 44
56 45
23 46
18 47
1 49
12 49
63 51
93 51
24 52
92 53
21 55
40 55
93 57
98 59
2 59
90 60
37 61
60 65
21 66
91 66
64 67
51 69
74 71
80 71
16 72
47 76
88 77
69 78
66 79
91 81
18 82
73 84
39 84
14 84
16 85
97 87
97 89
87 92
62 92
27 92
28 94
12 96
99 98
99 98
36 98
90 100
