100
75 2147483637
79 2147483637
2 2147483637
74 2147483637
36 2147483637
20 2147483637
73 2147483637
7 2147483637
91 2147483637
34 2147483637
84 2147483637
15 2147483638
34 2147483638
83 2147483638
41 2147483638
73 2147483638
87 2147483638
12 2147483638
12 2147483638
17 2147483638
49 2147483638
15 2147483638
66 2147483638
11 2147483639
75 2147483639
22 2147483639
73 2147483639
2 2147483639
92 2147483639
69 2147483639
24 2147483639
48 2147483639
69 2147483639
85 2147483639
74 2147483639
20 2147483639
4 2147483639
8 2147483640
79 2147483640
73 2147483640
27 2147483640
73 2147483640
23 2147483640
5 2147483641
74 2147483641
8 2147483641
60 2147483641
56 2147483641
45 2147483641
94 2147483641
91 2147483641
55 2147483642
79 2147483642
87 2147483642
52 2147483642
20 2147483642
94 2147483643
4 2147483643
35 2147483643
78 2147483643
82 2147483643
61 2147483643
32 2147483643
29 2147483644
15 2147483644
33 2147483644
41 2147483644
62 2147483644
28 2147483644
15 2147483644
23 2147483644
21 2147483644
54 2147483644
10 2147483644
1 2147483644
100 2147483645
70 2147483645
77 2147483645
76 2147483645
14 2147483645
38 2147483646
22 2147483646
48 2147483646
15 2147483646
30 2147483646
29 2147483646
39 2147483646
91 2147483646
25 2147483647
33 2147483647
70 2147483647
18 2147483647
86 2147483647
1 2147483647
16 2147483647
5 2147483647
96 2147483647
59 2147483647
17 2147483647
39 2147483647
