100
16 2147483637
79 2147483637
96 2147483637
44 2147483637
77 2147483637
16 2147483637
77 2147483637
9 2147483637
16 2147483638
15 2147483638
66 2147483638
35 2147483638
30 2147483638
46 2147483638
22 2147483638
20 2147483638
75 2147483638
100 2147483639
2 2147483639
31 2147483639
92 2147483639
59 2147483639
94 2147483639
14 2147483639
22 2147483639
89 2147483639
56 2147483639
79 2147483640
51 2147483640
8 2147483640
5 2147483640
59 2147483640
40 2147483640
81 2147483640
66 2147483640
42 2147483640
73 2147483640
55 2147483640
26 2147483640
70 2147483641
8 2147483641
75 2147483641
56 2147483641
15 2147483641
7 2147483641
92 2147483641
11 2147483641
76 2147483641
5 2147483641
31 2147483642
13 2147483642
81 2147483642
50 2147483642
28 2147483642
80 2147483642
63 2147483642
11 2147483642
11 2147483643
79 2147483643
51 2147483643
44 2147483643
79 2147483643
10 2147483643
14 2147483643
24 2147483643
94 2147483643
34 2147483643
41 2147483643
56 2147483643
44 2147483644
4 2147483644
89 2147483644
35 2147483644
15 2147483644
45 2147483644
1 2147483644
85 2147483644
52 2147483644
21 2147483644
85 2147483644
61 2147483644
11 2147483645
15 2147483645
53 2147483645
50 2147483645
79 2147483645
2 2147483645
57 2147483645
74 2147483646
93 2147483646
12 2147483646
71 2147483646
10 2147483646
50 2147483646
61 2147483646
82 2147483646
29 2147483646
74 2147483647
98 2147483647
79 2147483647
