100
23 2
65 3
18 3
86 5
24 5
16 7
11 8
14 9
41 10
93 11
19 13
17 13
63 15
93 15
37 15
66 18
79 19
94 21
65 23
64 23
85 24
85 25
69 27
17 28
99 29
27 30
69 32
71 33
28 36
61 37
53 39
33 40
6 40
10 41
14 41
81 45
86 45
47 46
7 47
28 48
100 48
5 49
40 49
12 49
79 49
68 49
89 51
76 51
29 57
41 58
1 59
87 59
16 61
93 61
41 61
32 62
77 63
3 63
53 63
41 64
58 65
55 66
32 67
30 67
52 68
95 69
9 70
44 72
6 74
55 75
76 75
34 75
54 76
29 78
19 79
64 79
94 79
76 79
21 80
8 81
53 81
69 82
18 85
91 85
84 86
62 87
36 87
9 88
82 88
89 88
54 90
4 90
68 91
19 93
100 96
11 97
36 97
52 97
81 98
74 99
