100
62 2147483637
40 2147483637
56 2147483637
47 2147483637
53 2147483637
80 2147483637
26 2147483637
13 2147483637
61 2147483637
42 2147483637
53 2147483637
80 2147483638
84 2147483638
55 2147483638
21 2147483638
25 2147483638
56 2147483638
80 2147483638
47 2147483638
75 2147483638
39 2147483638
11 2147483638
1 2147483638
59 2147483638
7 2147483638
21 2147483638
36 2147483639
23 2147483639
64 2147483639
51 2147483639
2 2147483639
11 2147483639
67 2147483640
65 2147483640
48 2147483640
60 2147483640
61 2147483640
38 2147483640
68 2147483640
34 2147483640
88 2147483641
42 2147483641
89 2147483641
50 2147483641
16 2147483641
78 2147483642
82 2147483642
57 2147483642
66 2147483642
83 2147483642
23 2147483642
36 2147483642
2 2147483642
32 2147483642
10 2147483643
22 2147483643
71 2147483643
9 2147483643
26 2147483643
40 2147483643
89 2147483644
72 2147483644
84 2147483644
37 2147483644
72 2147483644
21 2147483644
50 2147483645
39 2147483645
20 2147483645
43 2147483645
55 2147483645
84 2147483645
14 2147483645
80 2147483645
49 2147483645
10 2147483645
54 2147483645
50 2147483646
38 2147483646
56 2147483646
18 2147483646
75 2147483646
15 2147483646
96 2147483646
96 2147483646
57 2147483646
7 2147483646
69 2147483646
63 2147483646
57 2147483646
9 2147483647
86 2147483647
54 2147483647
34 2147483647
29 2147483647
100 2147483647
64 2147483647
58 2147483647
69 2147483647
64 2147483647
