100
62 0
12 1
57 2
21 2
93 2
22 2
5 3
79 5
44 6
98 7
8 7
38 7
76 9
3 12
27 13
45 14
83 14
94 14
66 15
6 15
92 17
47 17
76 17
71 20
98 20
24 21
45 25
32 25
48 25
65 28
57 29
12 29
99 30
12 31
24 31
83 32
76 33
91 34
28 34
45 34
27 36
9 36
37 41
93 42
54 44
100 45
68 46
16 47
41 47
41 47
87 48
73 49
94 49
33 50
3 51
49 53
51 54
90 58
29 58
47 58
63 59
87 60
77 62
7 65
26 65
99 66
71 68
29 71
35 71
91 72
67 74
97 74
54 74
73 75
68 77
65 77
34 79
77 79
36 80
46 82
30 82
75 83
24 84
64 84
96 84
9 86
49 86
7 87
49 88
44 88
93 90
61 91
39 91
23 93
91 94
95 97
45 99
66 99
92 99
67 100
