100
21 0
75 0
49 0
38 3
19 4
54 4
64 4
14 5
46 7
56 7
16 8
22 8
7 9
79 10
45 14
45 16
98 17
70 18
41 18
34 18
70 19
37 24
97 24
84 26
10 27
66 27
37 27
36 28
48 28
39 28
43 28
93 29
88 32
23 33
20 34
31 34
35 34
13 36
54 36
9 36
42 38
99 39
40 40
51 40
83 41
51 42
15 43
51 45
79 48
84 48
40 49
53 50
96 53
26 54
11 55
18 57
71 58
93 59
64 60
46 60
77 62
29 62
69 63
5 63
35 63
5 65
11 66
27 66
58 66
78 68
14 68
98 69
71 70
90 70
46 70
32 70
63 72
59 73
74 73
41 73
5 74
18 74
6 76
23 77
36 77
80 77
52 78
32 79
80 79
78 79
45 85
9 88
19 89
11 91
55 91
98 93
35 95
78 98
53 98
78 100
