93
34 1
3 2
27 5
21 5
55 6
18 7
6 7
11 7
43 8
13 8
58 10
24 11
32 11
64 12
39 14
42 14
63 15
51 15
49 15
24 15
8 16
2 17
2 18
28 19
47 23
38 23
6 24
58 26
39 26
34 26
39 26
18 27
4 28
29 28
31 32
29 34
51 38
50 39
10 41
12 41
18 41
53 42
14 43
36 43
49 43
21 45
37 46
29 47
52 47
16 47
4 50
53 51
64 52
9 53
26 56
42 58
26 59
36 59
21 59
19 60
13 60
25 61
43 63
20 64
51 65
1 66
1 67
46 68
10 71
19 71
8 73
20 73
8 75
7 75
32 77
5 78
7 79
14 80
44 81
59 81
2 83
61 84
1 85
50 86
38 86
1 87
26 88
19 91
1 91
38 91
24 94
35 95
56 96
