100
28 0
79 1
52 2
26 2
96 2
62 3
83 8
1 10
81 11
2 11
9 12
12 12
96 12
25 14
64 15
82 16
28 16
81 16
100 17
45 19
24 20
28 20
98 23
90 25
77 26
3 26
14 27
85 29
48 30
7 31
34 31
93 31
52 31
32 32
63 33
66 34
52 35
12 35
66 36
12 36
58 37
26 38
65 39
70 40
85 41
22 42
36 45
77 46
55 46
46 47
7 47
29 48
7 48
43 49
14 49
2 49
74 50
79 51
72 51
39 54
10 55
17 55
35 55
54 55
90 56
1 56
61 56
9 57
35 58
81 59
35 60
21 61
71 62
70 62
13 62
74 63
92 63
40 63
78 65
2 67
26 67
37 68
72 70
99 70
71 73
39 76
74 79
44 79
21 81
64 83
61 87
10 89
94 90
56 91
46 93
62 94
97 94
79 96
59 98
65 99
