100
29 0
36 1
70 3
49 5
31 5
58 6
64 6
54 7
90 11
69 11
21 11
70 12
34 13
43 13
30 13
21 14
98 14
17 14
63 15
94 16
32 16
35 16
13 18
75 20
72 21
89 22
50 22
85 23
24 24
44 24
67 25
11 27
62 28
29 31
3 31
91 34
69 35
37 38
8 39
5 39
14 41
67 43
22 43
98 44
96 45
96 47
100 47
65 48
45 49
81 49
58 49
71 52
1 54
50 54
75 54
98 54
62 54
54 54
52 56
53 57
99 59
38 60
39 60
25 60
23 62
68 62
41 64
15 65
3 70
72 72
18 76
41 77
3 78
77 78
21 78
21 79
85 79
3 79
11 79
76 80
8 80
9 82
10 83
24 85
92 85
56 86
87 86
10 86
35 87
92 88
36 89
42 89
5 90
58 91
30 92
12 94
6 94
22 95
35 97
21 98
