100
65 2147483637
47 2147483637
49 2147483637
39 2147483637
29 2147483637
1 2147483637
16 2147483637
68 2147483637
71 2147483638
56 2147483638
97 2147483638
29 2147483638
70 2147483638
87 2147483638
8 2147483638
69 2147483638
86 2147483638
84 2147483639
58 2147483639
84 2147483639
82 2147483639
14 2147483639
4 2147483639
31 2147483639
45 2147483640
37 2147483640
4 2147483640
46 2147483641
54 2147483641
76 2147483641
72 2147483641
35 2147483641
25 2147483641
97 2147483641
24 2147483641
29 2147483641
65 2147483641
27 2147483641
52 2147483641
78 2147483641
36 2147483641
79 2147483641
43 2147483642
51 2147483642
89 2147483642
87 2147483642
54 2147483642
38 2147483642
85 2147483642
81 2147483643
55 2147483643
3 2147483643
71 2147483643
49 2147483643
48 2147483643
35 2147483643
10 2147483643
62 2147483643
64 2147483643
43 2147483644
41 2147483644
97 2147483644
67 2147483644
41 2147483644
58 2147483644
66 2147483644
40 2147483644
65 2147483644
77 2147483644
57 2147483644
2 2147483645
90 2147483645
77 2147483645
99 2147483645
91 2147483645
35 2147483645
13 2147483645
15 2147483645
48 2147483645
67 2147483645
76 2147483645
87 2147483646
41 2147483646
81 2147483646
72 2147483646
39 2147483646
24 2147483646
42 2147483646
74 2147483647
43 2147483647
8 2147483647
93 2147483647
58 2147483647
5 2147483647
28 2147483647
20 2147483647
47 2147483647
63 2147483647
76 2147483647
42 2147483647
