100
66 1
14 3
81 3
92 4
70 4
68 9
19 10
4 11
43 12
66 14
94 16
48 20
9 21
29 21
28 22
67 22
34 22
73 23
5 24
100 24
39 25
66 25
18 25
85 27
22 29
55 29
55 29
49 29
99 31
50 32
90 32
27 34
51 34
45 34
45 39
37 41
81 43
4 43
100 45
85 45
30 47
75 47
42 47
12 48
12 48
22 48
50 50
95 52
45 54
66 55
65 55
17 56
9 56
51 58
32 58
21 59
100 59
45 63
45 63
95 64
59 65
47 65
5 68
98 69
36 69
45 70
43 70
12 71
66 72
20 73
99 73
24 73
65 75
65 75
91 76
73 76
17 77
30 77
83 78
22 79
79 80
36 81
75 83
57 83
43 83
99 85
91 86
54 87
40 90
91 92
82 95
81 95
64 96
36 97
59 98
32 98
8 98
46 98
31 99
82 100
