100
89 0
11 0
57 1
24 1
90 3
46 3
88 3
46 4
99 5
15 6
40 7
36 8
17 8
69 8
82 9
12 13
92 13
17 14
17 16
92 17
81 18
70 19
52 20
10 21
95 25
20 26
62 27
63 28
69 29
63 29
22 32
97 33
9 34
93 36
36 36
59 36
84 37
81 37
12 38
3 39
69 39
20 40
19 41
21 42
7 46
23 50
69 51
99 54
2 54
84 55
23 55
67 56
48 56
27 57
93 58
95 59
3 60
91 60
41 62
23 63
23 63
63 64
14 66
6 66
8 66
32 67
66 67
88 68
64 69
41 70
35 72
84 72
58 73
68 74
11 76
37 76
49 78
52 79
58 81
55 81
16 82
1 82
90 83
73 83
39 84
44 84
31 87
34 88
48 88
43 88
57 91
29 91
29 91
3 91
93 93
22 95
36 96
29 96
91 98
6 98
