100
63 1
35 2
93 2
4 2
32 4
31 8
14 8
65 8
46 8
91 9
57 9
91 10
27 12
56 13
23 13
46 15
39 16
18 20
80 20
72 21
45 22
31 22
30 24
14 26
75 27
70 28
30 29
37 30
21 31
84 31
17 35
13 37
16 37
18 37
77 39
73 39
13 41
73 41
69 41
36 42
60 42
91 42
33 43
29 43
23 44
72 45
90 47
8 48
63 49
100 50
20 52
19 52
87 52
25 52
74 55
55 57
100 58
46 58
37 58
15 60
54 60
3 64
78 67
86 70
33 70
13 73
5 73
20 74
49 77
11 78
70 79
86 79
97 79
32 79
83 80
49 82
80 83
47 84
64 86
91 87
50 88
37 88
20 89
8 89
31 92
60 93
98 93
100 93
1 94
76 94
73 95
90 95
88 96
44 97
19 98
32 98
12 98
31 99
13 100
53 100
