100
6 0
2 0
73 0
80 1
49 1
21 3
25 4
72 4
88 6
16 6
73 7
18 7
29 8
93 8
43 9
21 10
91 10
25 11
88 11
4 13
17 14
78 16
44 16
38 19
89 20
32 21
41 22
13 22
22 25
99 26
60 27
48 27
88 28
48 29
29 30
87 31
99 31
51 32
85 33
30 33
64 36
100 37
67 37
88 38
40 38
82 38
34 39
25 40
18 41
8 43
41 44
65 45
32 46
8 47
81 48
44 49
63 49
28 49
52 50
58 50
21 51
68 55
89 56
8 58
17 58
86 59
3 63
38 63
68 65
38 67
1 69
75 70
86 71
62 72
26 72
24 73
90 74
10 75
88 78
25 82
73 82
93 83
15 84
80 84
75 85
79 86
76 87
5 88
25 89
83 89
26 89
2 90
45 91
16 91
73 94
92 94
25 96
10 96
84 99
1 99
