100
65 2147483637
63 2147483637
33 2147483637
90 2147483637
16 2147483637
17 2147483637
72 2147483637
71 2147483638
68 2147483638
47 2147483638
41 2147483638
27 2147483639
67 2147483639
10 2147483639
18 2147483639
60 2147483639
17 2147483639
82 2147483639
24 2147483639
10 2147483639
66 2147483640
27 2147483640
51 2147483640
24 2147483640
79 2147483640
9 2147483640
95 2147483640
35 2147483640
9 2147483640
25 2147483640
86 2147483641
18 2147483641
58 2147483641
83 2147483641
70 2147483641
34 2147483641
84 2147483641
28 2147483641
68 2147483641
94 2147483641
18 2147483641
26 2147483641
4 2147483641
65 2147483642
56 2147483642
92 2147483642
73 2147483642
43 2147483642
40 2147483642
25 2147483642
2 2147483642
61 2147483642
40 2147483642
8 2147483642
95 2147483643
75 2147483643
62 2147483643
25 2147483643
53 2147483643
71 2147483643
73 2147483643
17 2147483643
42 2147483643
86 2147483643
94 2147483643
97 2147483643
55 2147483644
40 2147483644
15 2147483644
24 2147483644
78 2147483644
27 2147483644
66 2147483645
10 2147483645
75 2147483645
43 2147483645
28 2147483645
40 2147483645
67 2147483645
90 2147483645
53 2147483645
50 2147483645
34 2147483646
84 2147483646
50 2147483646
61 2147483646
68 2147483646
60 2147483646
32 2147483646
40 2147483646
20 2147483646
2 2147483646
39 2147483646
52 2147483647
13 2147483647
87 2147483647
5 2147483647
87 2147483647
72 2147483647
66 2147483647
