100
62 0
97 0
73 1
59 1
81 1
8 2
71 3
79 3
76 8
50 8
46 9
49 9
38 10
52 11
91 11
21 12
31 13
83 16
90 16
29 18
42 19
39 20
71 20
99 21
20 22
17 23
80 26
81 28
61 29
87 30
66 31
59 31
84 32
100 32
60 32
78 33
42 33
58 33
77 35
79 36
81 37
55 39
8 41
55 43
34 43
48 43
62 45
13 47
54 48
60 49
88 50
72 50
70 52
70 55
35 55
29 57
20 57
92 57
34 57
40 58
82 58
13 58
71 59
78 60
36 60
57 61
100 62
66 65
26 66
85 67
84 68
73 71
17 72
39 74
58 74
55 75
24 76
4 77
20 78
81 79
35 83
59 84
39 85
73 86
20 86
33 90
18 91
26 91
93 92
61 92
61 92
80 94
21 95
85 96
43 97
26 97
76 99
27 99
56 100
28 100
