100
10 2147483637
71 2147483637
51 2147483637
15 2147483637
39 2147483637
37 2147483637
46 2147483637
96 2147483637
69 2147483637
62 2147483638
22 2147483638
5 2147483638
8 2147483638
17 2147483638
85 2147483638
98 2147483638
31 2147483638
91 2147483638
74 2147483638
54 2147483638
3 2147483638
19 2147483638
2 2147483639
22 2147483639
86 2147483639
96 2147483639
40 2147483639
4 2147483639
10 2147483639
65 2147483639
41 2147483639
13 2147483639
78 2147483640
55 2147483640
52 2147483640
40 2147483640
57 2147483640
50 2147483640
44 2147483640
62 2147483641
78 2147483641
37 2147483641
1 2147483641
14 2147483641
2 2147483641
26 2147483641
93 2147483641
30 2147483641
16 2147483641
48 2147483641
37 2147483641
22 2147483641
52 2147483641
18 2147483641
55 2147483642
32 2147483642
90 2147483642
76 2147483642
66 2147483642
19 2147483642
74 2147483643
60 2147483643
86 2147483643
49 2147483643
72 2147483643
38 2147483643
9 2147483643
6 2147483643
12 2147483644
11 2147483644
82 2147483644
58 2147483644
47 2147483644
88 2147483644
73 2147483644
83 2147483644
60 2147483644
98 2147483645
98 2147483645
60 2147483645
20 2147483645
88 2147483645
98 2147483645
92 2147483645
43 2147483646
60 2147483646
2 2147483646
95 2147483646
20 2147483646
52 2147483647
90 2147483647
69 2147483647
3 2147483647
52 2147483647
86 2147483647
57 2147483647
50 2147483647
94 2147483647
29 2147483647
10 2147483647
