100
1 0
1 0
36 2
73 5
8 5
45 6
17 9
21 10
52 13
40 14
30 15
20 16
43 17
49 17
53 17
96 18
64 18
56 20
30 20
34 20
68 24
57 25
39 26
77 27
20 27
56 30
69 30
93 31
85 32
98 33
45 33
54 36
14 38
74 39
43 42
44 44
18 46
39 46
98 46
5 46
21 47
69 49
89 50
71 53
87 56
85 57
53 60
27 61
64 61
31 63
48 63
65 63
82 64
33 64
45 64
75 65
6 65
37 65
82 66
37 66
64 67
23 67
40 70
76 71
13 71
81 72
43 72
27 73
75 74
92 76
74 78
60 79
7 79
35 80
80 82
60 83
34 85
19 85
77 85
56 87
32 87
88 88
32 88
50 89
29 89
92 91
59 91
9 91
98 93
73 93
78 93
86 94
6 94
93 94
10 95
70 96
92 98
47 98
96 98
81 98
