100
33 0
61 2
8 2
67 4
21 5
46 5
74 6
71 6
90 7
6 9
40 10
51 11
1 14
92 15
25 15
83 16
41 17
18 18
45 20
26 20
48 21
84 21
66 22
85 24
30 25
33 27
90 27
57 32
78 33
71 33
9 34
90 34
16 35
44 35
69 36
5 36
85 37
4 38
85 39
33 39
19 39
96 43
81 44
92 45
96 46
38 46
20 48
97 48
21 51
13 51
88 52
31 55
38 55
13 56
12 57
73 57
99 59
13 61
40 64
90 65
17 65
32 69
62 69
41 70
94 71
34 71
96 71
70 71
85 73
32 73
66 73
56 73
28 73
44 73
27 75
25 76
39 77
80 77
48 82
53 84
18 84
61 84
48 86
4 86
35 87
19 87
58 89
44 90
65 92
2 92
14 93
32 93
59 93
56 95
93 96
89 98
71 99
15 99
76 99
57 100
