100
16 2147483637
31 2147483637
46 2147483637
8 2147483637
48 2147483637
36 2147483638
43 2147483638
7 2147483638
54 2147483638
67 2147483638
66 2147483638
55 2147483638
6 2147483638
53 2147483638
7 2147483639
23 2147483639
1 2147483639
77 2147483639
75 2147483639
36 2147483639
33 2147483639
78 2147483639
31 2147483639
48 2147483639
27 2147483639
21 2147483639
12 2147483640
92 2147483640
2 2147483640
66 2147483640
36 2147483640
49 2147483640
30 2147483640
68 2147483640
70 2147483640
49 2147483640
28 2147483640
70 2147483640
66 2147483640
99 2147483641
26 2147483641
9 2147483641
69 2147483641
33 2147483641
24 2147483641
60 2147483641
83 2147483641
41 2147483641
14 2147483641
84 2147483642
57 2147483642
7 2147483642
1 2147483643
30 2147483643
5 2147483643
74 2147483643
49 2147483643
72 2147483643
88 2147483643
95 2147483643
79 2147483643
11 2147483643
35 2147483643
62 2147483643
36 2147483643
10 2147483643
39 2147483644
29 2147483644
58 2147483644
62 2147483644
45 2147483644
84 2147483644
100 2147483644
31 2147483645
85 2147483645
58 2147483645
61 2147483645
41 2147483645
66 2147483645
7 2147483645
68 2147483645
78 2147483646
49 2147483646
50 2147483646
93 2147483646
27 2147483646
13 2147483646
14 2147483646
74 2147483646
42 2147483646
4 2147483646
30 2147483647
33 2147483647
98 2147483647
20 2147483647
80 2147483647
19 2147483647
46 2147483647
58 2147483647
96 2147483647
