100
46 1
92 1
8 1
59 2
69 2
29 2
98 10
31 10
54 12
93 14
46 15
4 15
90 15
54 16
10 17
41 17
40 19
91 20
89 21
49 21
43 22
30 23
5 24
79 24
94 26
50 26
27 26
82 26
4 27
53 27
30 29
84 30
17 30
19 31
24 33
4 35
67 35
38 37
12 38
68 39
4 40
40 40
63 42
65 43
42 44
10 44
56 44
4 44
32 46
24 46
85 47
20 49
94 50
53 51
91 52
81 53
81 53
88 54
53 54
41 56
21 61
1 63
22 64
82 65
91 65
35 67
58 69
30 69
23 69
42 70
91 71
81 72
69 74
65 76
73 77
5 78
50 79
68 79
74 80
39 83
74 85
81 85
1 88
67 89
27 89
91 90
97 90
25 91
75 92
34 92
80 93
97 93
81 93
32 95
11 97
24 97
39 97
32 98
58 99
78 99
