100
54 1
11 1
25 2
27 3
5 4
98 5
22 5
57 5
70 5
70 6
99 8
32 9
86 10
87 11
46 14
72 15
92 19
68 19
31 20
74 21
11 22
84 24
33 24
52 24
90 25
83 25
99 26
13 31
71 31
71 33
84 33
7 34
67 34
54 34
1 36
26 36
78 39
60 40
98 41
59 42
18 42
65 43
10 43
39 43
12 44
35 46
89 48
12 50
30 51
15 54
41 55
96 56
13 56
42 57
12 57
63 59
10 60
8 60
56 61
24 62
54 62
66 62
64 63
46 64
71 65
13 65
45 67
19 68
69 69
20 70
59 71
35 71
10 72
81 74
90 75
38 75
85 77
10 77
12 77
69 80
66 80
37 81
25 81
53 83
83 83
42 86
71 87
62 88
43 89
53 90
77 91
65 92
40 93
60 94
16 95
73 98
49 98
67 99
18 99
87 100
