100
53 1
15 1
25 1
93 3
1 5
85 5
18 6
7 6
10 6
80 7
84 7
11 8
60 10
89 10
33 12
29 12
66 12
40 14
4 15
64 15
86 15
77 17
31 17
37 18
93 20
5 20
77 20
31 21
42 25
57 25
24 25
89 26
98 29
31 30
58 30
82 31
41 31
90 32
86 32
7 34
44 34
17 34
84 35
70 36
65 37
4 42
14 43
47 44
94 45
21 46
40 46
9 46
4 47
50 49
35 49
76 49
10 50
9 54
6 55
77 57
47 59
11 59
26 60
42 60
16 61
96 61
95 62
19 65
30 67
85 67
52 68
20 70
25 72
17 73
75 75
44 77
69 78
86 81
13 86
2 87
65 87
12 87
11 88
79 89
47 90
3 90
99 90
70 92
3 92
53 96
57 96
86 97
69 97
74 97
61 98
54 98
54 98
51 100
35 100
79 100
