100
95 0
11 1
36 2
93 3
85 5
93 5
12 5
32 6
97 8
59 10
92 11
14 11
9 11
3 13
61 13
61 14
61 14
23 16
64 18
5 20
85 20
91 21
85 21
58 22
9 22
56 23
3 23
51 24
70 24
77 26
76 26
68 28
12 32
90 36
98 36
68 38
91 38
57 40
51 41
3 41
60 41
41 41
30 44
84 45
24 46
74 46
90 47
54 48
89 48
90 49
75 49
68 49
32 50
86 50
14 51
47 52
61 53
84 53
29 54
19 55
4 57
26 57
50 58
7 58
51 59
69 60
51 61
39 63
9 65
45 66
3 66
94 67
72 69
86 69
65 69
82 70
82 70
79 72
69 75
95 78
95 78
88 81
75 83
70 83
56 84
83 84
8 86
91 86
77 86
39 90
56 90
65 91
51 91
96 92
94 93
15 94
44 96
6 97
46 98
78 98
