100
84 2147483637
25 2147483637
67 2147483637
63 2147483637
42 2147483637
64 2147483637
99 2147483637
42 2147483637
83 2147483637
31 2147483638
83 2147483638
23 2147483638
33 2147483638
71 2147483638
5 2147483638
50 2147483638
30 2147483639
43 2147483639
33 2147483639
31 2147483639
88 2147483640
90 2147483640
95 2147483640
78 2147483640
60 2147483640
54 2147483640
5 2147483640
65 2147483640
90 2147483640
84 2147483640
19 2147483640
12 2147483640
13 2147483640
96 2147483641
98 2147483641
74 2147483641
18 2147483641
82 2147483641
80 2147483641
22 2147483641
83 2147483641
20 2147483641
11 2147483641
85 2147483641
91 2147483642
64 2147483642
33 2147483642
6 2147483642
80 2147483642
53 2147483642
93 2147483642
30 2147483642
94 2147483642
29 2147483643
86 2147483643
66 2147483643
37 2147483643
84 2147483643
62 2147483643
6 2147483644
16 2147483644
38 2147483644
78 2147483644
53 2147483644
1 2147483644
49 2147483644
32 2147483644
93 2147483644
8 2147483644
55 2147483645
63 2147483645
92 2147483645
45 2147483645
6 2147483645
79 2147483645
76 2147483645
20 2147483645
32 2147483646
22 2147483646
58 2147483646
40 2147483646
11 2147483646
90 2147483646
49 2147483646
61 2147483646
74 2147483646
32 2147483646
19 2147483646
23 2147483646
95 2147483646
86 2147483646
80 2147483647
46 2147483647
48 2147483647
98 2147483647
35 2147483647
82 2147483647
82 2147483647
8 2147483647
86 2147483647
