100
2 0
23 1
64 1
38 3
36 4
69 4
58 4
49 4
43 7
95 9
59 9
36 10
35 10
56 11
41 13
33 13
12 14
62 14
71 14
60 15
71 21
76 22
56 25
70 27
3 28
44 30
43 30
1 30
90 31
88 32
73 35
17 37
15 38
96 38
42 39
18 39
64 39
78 40
90 41
51 41
56 45
97 46
30 46
77 48
3 49
71 49
67 51
96 52
81 52
49 53
39 54
62 54
46 54
7 58
27 59
78 60
39 60
26 66
47 66
59 66
32 67
43 70
10 71
83 73
5 73
67 75
77 75
83 77
83 77
6 80
48 81
72 81
3 81
97 83
70 85
58 86
95 87
86 87
14 88
86 90
79 90
100 90
2 91
56 92
2 92
10 92
9 93
66 93
66 93
48 93
18 95
47 95
9 95
67 96
14 96
1 97
50 98
12 98
58 99
81 100
