100
34 0
24 1
99 3
28 4
61 4
68 5
69 5
14 7
52 8
100 8
51 9
79 10
80 13
14 15
46 16
89 17
86 17
4 19
21 22
69 24
16 27
92 28
78 30
36 30
14 30
8 32
48 33
50 33
40 35
46 36
19 37
1 38
17 38
30 38
76 38
49 39
85 40
51 44
11 45
21 46
20 46
30 46
23 48
75 50
15 50
37 51
11 53
40 53
47 54
19 56
63 59
1 60
96 61
87 61
40 61
61 61
60 63
37 63
82 63
27 63
90 64
82 65
68 65
19 65
27 67
75 68
69 70
47 71
71 71
79 72
63 73
72 74
92 77
21 77
79 77
87 77
20 78
73 78
12 78
23 79
28 79
97 80
35 82
27 83
60 86
49 88
33 91
92 91
62 93
2 93
51 93
22 93
99 93
65 96
19 96
69 97
83 98
37 99
11 100
15 100
