100
10 2147483637
11 2147483637
12 2147483637
55 2147483637
28 2147483637
88 2147483637
74 2147483637
48 2147483637
16 2147483637
8 2147483638
56 2147483638
37 2147483638
75 2147483638
48 2147483638
29 2147483638
3 2147483638
36 2147483638
25 2147483638
43 2147483639
77 2147483639
52 2147483639
90 2147483639
11 2147483639
97 2147483639
28 2147483639
8 2147483639
59 2147483639
97 2147483640
99 2147483640
29 2147483640
68 2147483640
63 2147483640
4 2147483640
72 2147483640
79 2147483640
73 2147483640
8 2147483640
95 2147483640
42 2147483641
25 2147483641
61 2147483641
91 2147483641
23 2147483641
16 2147483641
28 2147483641
17 2147483641
98 2147483641
100 2147483642
60 2147483642
68 2147483642
34 2147483642
56 2147483642
38 2147483642
59 2147483642
31 2147483642
41 2147483642
87 2147483642
7 2147483642
71 2147483642
30 2147483642
91 2147483642
51 2147483642
84 2147483643
41 2147483643
85 2147483643
66 2147483643
86 2147483643
59 2147483643
67 2147483643
18 2147483643
54 2147483644
48 2147483644
22 2147483644
63 2147483644
73 2147483644
80 2147483644
88 2147483644
81 2147483644
100 2147483644
26 2147483644
71 2147483645
36 2147483645
24 2147483645
7 2147483645
93 2147483645
62 2147483645
7 2147483645
95 2147483646
63 2147483646
71 2147483646
22 2147483646
56 2147483646
66 2147483647
91 2147483647
94 2147483647
48 2147483647
97 2147483647
43 2147483647
78 2147483647
52 2147483647
