100
49 0
83 2
46 3
63 5
92 8
18 10
29 10
9 11
83 12
44 13
60 13
52 15
64 15
66 17
21 17
95 17
90 17
79 18
53 20
86 20
17 22
25 23
84 23
23 28
60 28
81 29
95 30
10 31
46 31
57 32
83 33
11 34
72 35
54 36
74 36
96 37
74 38
85 39
10 39
38 39
91 40
8 41
11 44
19 44
89 45
40 48
5 48
12 48
39 51
95 52
63 53
58 54
75 56
93 56
72 57
99 57
37 58
32 59
62 59
58 60
5 60
16 61
69 64
70 65
92 67
5 69
39 70
58 70
47 70
88 70
95 71
50 72
25 74
51 74
41 74
34 75
27 76
20 77
85 78
25 78
61 79
19 79
79 80
31 80
15 80
81 81
45 84
46 86
34 89
33 92
47 92
3 93
50 94
41 96
74 96
17 97
91 97
95 97
66 98
76 98
