100
72 2147483637
92 2147483637
82 2147483637
100 2147483637
14 2147483637
28 2147483637
45 2147483637
27 2147483637
69 2147483637
100 2147483638
15 2147483638
85 2147483638
31 2147483638
28 2147483638
54 2147483638
46 2147483638
12 2147483638
38 2147483638
84 2147483639
30 2147483639
65 2147483639
4 2147483639
58 2147483639
35 2147483639
98 2147483639
87 2147483639
49 2147483639
25 2147483639
12 2147483640
69 2147483640
33 2147483640
25 2147483640
5 2147483640
89 2147483640
89 2147483640
30 2147483640
11 2147483640
64 2147483640
21 2147483640
28 2147483640
90 2147483640
1 2147483641
3 2147483641
50 2147483641
37 2147483641
88 2147483641
14 2147483641
67 2147483641
64 2147483641
52 2147483641
41 2147483641
57 2147483641
41 2147483641
32 2147483642
86 2147483642
69 2147483642
12 2147483642
86 2147483642
82 2147483642
23 2147483642
34 2147483643
19 2147483643
21 2147483643
86 2147483643
56 2147483643
11 2147483643
63 2147483643
92 2147483643
49 2147483643
37 2147483643
87 2147483644
42 2147483644
72 2147483644
1 2147483644
64 2147483644
79 2147483644
68 2147483645
15 2147483645
33 2147483645
45 2147483645
88 2147483645
35 2147483645
9 2147483645
62 2147483645
31 2147483645
82 2147483646
14 2147483646
68 2147483646
3 2147483646
38 2147483646
23 2147483646
15 2147483646
93 2147483646
25 2147483647
98 2147483647
62 2147483647
29 2147483647
15 2147483647
82 2147483647
39 2147483647
