100
94 0
68 0
78 1
7 4
28 4
79 5
39 5
26 6
6 7
92 7
92 8
2 8
69 10
28 10
27 11
85 11
4 11
74 13
83 15
6 15
63 16
88 16
32 17
93 18
23 18
20 20
57 21
84 23
35 23
14 24
8 25
10 25
10 27
26 27
52 28
30 28
83 29
90 30
31 30
71 33
16 33
28 33
86 34
26 34
47 36
93 36
92 37
51 37
69 37
69 38
40 38
97 40
39 42
92 42
39 43
45 44
17 46
35 47
21 48
61 49
92 50
73 50
37 52
45 53
9 54
49 54
85 54
80 55
55 60
35 60
58 62
46 65
34 66
1 67
83 69
8 71
6 71
32 72
30 72
66 75
91 76
17 77
84 77
3 78
59 82
36 85
52 86
75 87
94 87
7 87
94 91
22 91
83 91
40 93
95 94
28 97
11 97
50 97
28 98
49 100
