100
81 1
94 1
89 2
28 2
76 3
74 3
42 4
70 5
83 5
94 6
69 7
32 10
18 11
26 12
66 13
40 15
62 19
79 20
9 21
5 23
76 23
28 25
11 27
56 27
10 28
94 28
65 28
89 28
36 30
42 31
24 33
29 33
70 34
12 35
100 36
28 37
57 37
28 37
29 38
10 40
46 41
10 44
24 46
44 48
32 48
34 49
38 49
78 50
77 52
16 52
23 52
51 53
10 53
87 55
36 55
29 57
91 58
84 61
65 62
17 64
77 65
98 65
96 67
22 68
9 69
84 71
86 73
67 73
17 74
30 74
53 76
100 77
57 77
76 77
88 77
89 78
33 80
50 81
81 82
76 82
99 83
16 83
39 83
80 85
53 87
22 90
68 90
25 93
78 93
96 93
54 94
18 95
22 95
7 95
1 95
2 96
18 99
74 100
75 100
76 100
