100
77 2147483637
95 2147483637
63 2147483637
69 2147483637
10 2147483637
86 2147483637
14 2147483638
15 2147483638
49 2147483638
3 2147483638
78 2147483638
29 2147483638
95 2147483638
43 2147483638
62 2147483639
24 2147483639
12 2147483639
93 2147483639
93 2147483639
28 2147483640
24 2147483640
91 2147483640
46 2147483640
27 2147483640
87 2147483640
50 2147483640
93 2147483640
57 2147483640
60 2147483640
62 2147483640
9 2147483640
79 2147483640
93 2147483641
61 2147483641
78 2147483641
59 2147483641
87 2147483641
82 2147483641
72 2147483641
23 2147483641
88 2147483642
90 2147483642
98 2147483642
94 2147483642
85 2147483642
42 2147483642
53 2147483642
5 2147483642
51 2147483642
22 2147483642
25 2147483642
84 2147483643
47 2147483643
43 2147483643
54 2147483643
100 2147483643
90 2147483643
29 2147483643
37 2147483643
95 2147483643
100 2147483643
93 2147483643
85 2147483643
74 2147483644
42 2147483644
8 2147483644
97 2147483644
33 2147483644
34 2147483644
48 2147483644
65 2147483644
42 2147483645
78 2147483645
88 2147483645
98 2147483645
48 2147483645
46 2147483645
44 2147483645
44 2147483645
2 2147483645
47 2147483646
75 2147483646
40 2147483646
29 2147483646
96 2147483646
71 2147483646
71 2147483646
96 2147483646
47 2147483646
86 2147483646
1 2147483647
23 2147483647
38 2147483647
49 2147483647
46 2147483647
29 2147483647
4 2147483647
75 2147483647
12 2147483647
83 2147483647
