100
28 0
20 0
93 1
7 1
21 1
24 2
68 2
17 4
67 7
43 7
99 10
30 11
44 17
15 17
23 17
74 18
9 20
33 20
83 22
31 22
47 24
61 25
32 27
61 27
12 27
67 28
99 31
51 32
39 35
92 37
18 37
21 37
21 39
59 39
80 40
67 41
47 45
73 45
56 45
81 47
93 48
37 48
4 49
30 49
47 50
87 50
65 52
3 54
91 54
82 55
24 55
42 55
9 57
13 57
36 57
94 58
30 58
19 59
35 59
5 60
47 60
55 61
77 64
42 65
60 65
63 66
22 66
66 67
57 68
29 68
63 70
54 72
24 72
83 72
5 73
93 74
88 74
38 76
63 77
28 78
43 79
29 79
91 80
71 81
68 82
100 83
12 83
84 84
30 86
94 86
84 87
76 88
86 88
69 88
7 92
50 94
31 94
30 95
48 98
33 99
