100
64 1
73 1
79 1
55 1
94 2
65 3
92 3
46 4
65 4
55 4
18 4
60 5
2 5
70 5
83 6
87 8
28 8
2 12
1 13
80 16
63 16
82 17
48 19
40 19
68 21
83 22
43 22
94 22
15 25
100 25
66 26
99 27
2 28
80 29
57 29
57 30
18 30
20 31
72 32
14 33
97 34
60 37
74 38
9 39
96 40
25 42
15 43
39 45
49 46
11 46
80 46
74 47
66 48
85 48
7 50
62 52
62 53
49 54
16 56
75 57
66 58
31 58
16 59
41 61
69 61
16 61
30 62
1 62
3 63
16 65
22 67
88 69
13 69
90 71
67 71
26 71
25 73
89 74
76 75
66 75
78 76
70 78
62 81
19 82
7 83
3 83
62 84
40 85
56 86
47 87
53 87
80 88
26 90
13 90
61 91
42 91
53 94
80 94
84 95
55 96
