100
14 0
3 0
6 1
57 1
11 2
92 3
58 4
65 5
28 5
19 5
85 6
55 7
32 7
9 7
25 8
91 9
64 10
18 11
37 12
79 13
32 13
98 13
92 16
4 19
77 20
98 23
19 23
50 23
29 24
39 26
13 28
22 28
39 29
54 31
85 32
79 32
33 32
36 34
56 35
1 35
28 35
64 36
26 37
49 37
96 37
92 39
53 43
15 43
54 44
40 46
73 47
54 47
93 48
95 48
80 54
100 55
44 56
99 56
73 56
13 57
29 57
98 58
81 61
28 61
33 61
33 65
68 66
92 69
50 72
39 72
16 73
52 75
31 78
17 78
91 78
44 78
50 78
68 80
35 81
16 83
1 83
11 84
33 85
10 85
26 85
56 87
27 90
58 91
83 91
90 93
95 94
97 94
60 94
44 96
14 96
42 97
90 98
69 98
92 99
28 100
