100
79 0
94 1
97 2
1 2
14 3
70 3
7 4
89 4
59 5
14 11
25 11
97 11
48 12
94 13
14 13
91 13
93 14
4 17
30 17
95 19
58 19
98 19
85 20
84 23
32 23
63 26
25 26
1 29
30 29
65 30
28 30
81 31
13 33
59 34
57 37
4 39
60 40
31 41
27 42
15 43
47 43
41 45
89 45
85 46
58 47
89 49
68 54
85 55
81 56
79 60
89 60
26 61
68 62
58 63
37 63
96 63
68 63
81 66
84 66
60 67
91 67
40 68
46 68
7 68
87 69
91 71
97 71
77 72
17 72
37 72
19 73
93 74
75 76
52 77
34 77
77 77
14 78
74 79
42 79
76 80
57 82
7 83
17 83
18 85
36 86
77 87
8 87
35 87
44 89
13 89
19 92
42 93
83 93
16 96
57 96
24 96
58 98
49 98
87 98
40 98
