100
98 0
20 0
32 1
77 3
13 6
65 7
26 7
96 7
14 10
58 10
2 12
8 12
46 16
64 17
82 18
99 18
98 19
53 19
42 20
2 20
74 21
52 21
3 24
5 26
75 28
58 28
75 29
94 31
14 31
10 31
79 33
74 33
31 34
4 34
88 35
32 38
38 38
75 40
6 40
75 40
28 41
100 44
13 47
29 47
75 48
30 48
52 48
92 49
90 51
60 52
48 52
46 53
10 53
58 55
25 55
92 57
88 58
68 59
87 60
6 65
47 65
14 65
8 66
80 67
5 67
42 68
67 68
89 69
23 69
29 70
99 73
71 73
48 74
6 74
59 75
39 76
95 77
88 83
73 83
96 84
69 84
11 85
74 89
71 89
47 89
81 89
28 90
90 91
99 91
82 92
23 92
62 92
82 92
26 94
48 95
34 95
2 96
36 96
94 98
97 99
