100
45 2147483637
80 2147483637
53 2147483637
20 2147483637
45 2147483637
18 2147483637
62 2147483637
4 2147483637
39 2147483638
5 2147483638
22 2147483638
80 2147483638
84 2147483638
18 2147483638
78 2147483638
52 2147483638
43 2147483638
89 2147483638
17 2147483639
45 2147483639
96 2147483639
88 2147483639
20 2147483639
9 2147483639
34 2147483639
11 2147483639
13 2147483639
62 2147483639
18 2147483640
88 2147483640
82 2147483640
80 2147483640
70 2147483640
70 2147483640
69 2147483641
74 2147483641
11 2147483641
2 2147483641
96 2147483641
100 2147483641
43 2147483641
70 2147483641
14 2147483641
39 2147483641
27 2147483641
85 2147483641
51 2147483641
16 2147483642
97 2147483642
31 2147483642
31 2147483642
91 2147483642
93 2147483642
3 2147483642
73 2147483642
33 2147483642
95 2147483642
81 2147483643
42 2147483643
68 2147483644
17 2147483644
34 2147483644
32 2147483644
49 2147483644
70 2147483644
86 2147483644
59 2147483644
5 2147483644
32 2147483644
48 2147483644
10 2147483645
31 2147483645
7 2147483645
62 2147483645
36 2147483645
13 2147483645
82 2147483645
64 2147483645
45 2147483646
28 2147483646
7 2147483646
53 2147483646
84 2147483646
22 2147483646
79 2147483646
51 2147483646
96 2147483646
6 2147483647
5 2147483647
15 2147483647
42 2147483647
66 2147483647
89 2147483647
86 2147483647
98 2147483647
37 2147483647
38 2147483647
27 2147483647
58 2147483647
79 2147483647
