100
22 2147483637
100 2147483637
2 2147483637
51 2147483637
39 2147483637
8 2147483637
26 2147483637
20 2147483637
27 2147483637
79 2147483637
87 2147483637
100 2147483637
34 2147483638
37 2147483638
72 2147483638
60 2147483638
1 2147483638
94 2147483638
47 2147483638
87 2147483638
88 2147483638
2 2147483638
74 2147483639
81 2147483639
57 2147483639
49 2147483639
72 2147483639
51 2147483639
70 2147483639
77 2147483639
45 2147483639
43 2147483639
58 2147483639
98 2147483640
88 2147483640
99 2147483640
87 2147483640
22 2147483640
21 2147483640
91 2147483640
84 2147483640
69 2147483640
34 2147483641
45 2147483641
26 2147483641
61 2147483642
16 2147483642
75 2147483642
21 2147483642
91 2147483642
59 2147483642
71 2147483642
33 2147483642
75 2147483642
80 2147483643
33 2147483643
49 2147483643
42 2147483643
92 2147483643
3 2147483643
86 2147483643
48 2147483643
31 2147483644
52 2147483644
51 2147483644
80 2147483644
53 2147483644
17 2147483644
55 2147483644
93 2147483644
49 2147483644
88 2147483644
37 2147483644
65 2147483644
18 2147483645
24 2147483645
38 2147483645
56 2147483645
28 2147483645
21 2147483645
4 2147483645
73 2147483645
73 2147483645
88 2147483645
39 2147483645
49 2147483646
87 2147483646
49 2147483646
6 2147483646
29 2147483647
33 2147483647
61 2147483647
67 2147483647
79 2147483647
17 2147483647
45 2147483647
83 2147483647
82 2147483647
97 2147483647
37 2147483647
