100
94 2147483637
60 2147483637
7 2147483637
31 2147483637
47 2147483637
84 2147483638
2 2147483638
91 2147483638
49 2147483638
81 2147483638
72 2147483638
37 2147483638
21 2147483638
75 2147483639
79 2147483639
17 2147483639
47 2147483639
11 2147483639
37 2147483639
27 2147483639
100 2147483640
21 2147483640
7 2147483640
67 2147483640
49 2147483640
2 2147483640
80 2147483640
8 2147483640
8 2147483640
51 2147483640
67 2147483640
56 2147483640
1 2147483640
43 2147483641
55 2147483641
84 2147483641
75 2147483641
27 2147483641
47 2147483641
32 2147483641
71 2147483641
20 2147483642
68 2147483642
68 2147483642
9 2147483642
66 2147483642
98 2147483642
77 2147483642
11 2147483642
26 2147483642
68 2147483642
55 2147483642
5 2147483643
33 2147483643
65 2147483643
32 2147483643
59 2147483643
12 2147483643
13 2147483643
67 2147483643
20 2147483643
61 2147483643
96 2147483643
23 2147483643
30 2147483644
95 2147483644
80 2147483644
92 2147483644
9 2147483644
63 2147483644
32 2147483644
67 2147483644
58 2147483644
66 2147483645
98 2147483645
89 2147483645
80 2147483645
21 2147483645
4 2147483645
66 2147483645
5 2147483645
84 2147483645
48 2147483646
32 2147483646
57 2147483646
93 2147483646
97 2147483646
88 2147483646
11 2147483647
42 2147483647
28 2147483647
2 2147483647
77 2147483647
52 2147483647
26 2147483647
19 2147483647
32 2147483647
89 2147483647
46 2147483647
6 2147483647
