100
30 0
21 0
98 1
17 3
63 5
94 5
32 6
35 6
13 7
75 11
72 11
89 11
50 12
85 13
24 13
44 13
67 14
11 14
62 14
29 15
3 16
91 16
69 18
37 18
8 20
5 21
14 22
67 22
22 23
98 24
96 24
96 25
100 25
65 27
45 28
81 28
58 30
71 31
1 31
50 34
75 35
98 38
62 39
54 39
52 41
53 43
99 43
38 45
39 47
25 47
23 48
68 49
41 49
15 49
3 51
72 52
18 53
41 54
3 54
77 54
21 54
21 54
85 54
3 57
11 59
76 60
8 60
9 60
10 62
24 62
92 62
56 62
87 64
10 70
35 72
92 76
36 77
42 78
5 78
58 78
30 79
12 79
6 82
22 83
35 85
21 85
65 85
47 86
49 86
39 86
29 87
1 88
16 89
68 89
71 90
56 92
97 94
29 95
70 96
87 98
