100
17 1
36 5
82 6
82 9
37 9
92 9
13 10
92 11
23 12
3 14
5 15
82 18
19 18
9 19
70 19
39 19
64 19
23 20
93 20
71 21
83 22
38 25
11 26
15 26
85 32
36 32
83 34
54 35
42 35
78 36
32 37
90 38
67 38
53 39
73 40
49 43
51 44
71 45
76 47
16 50
19 50
80 51
17 51
2 52
47 53
21 55
14 55
12 55
33 55
57 56
42 56
89 56
89 56
19 58
17 58
47 59
36 59
36 60
15 60
70 60
7 63
35 64
4 65
72 67
26 67
86 67
19 67
96 68
1 68
18 69
48 71
23 72
20 73
91 73
85 73
6 74
94 74
30 75
70 77
19 78
33 80
62 82
14 84
89 85
85 85
8 85
64 86
23 88
37 89
12 91
67 92
61 93
54 93
43 94
16 95
52 95
1 96
89 97
76 97
91 100
