100
42 2147483637
83 2147483637
18 2147483637
80 2147483637
15 2147483637
65 2147483638
77 2147483638
72 2147483638
37 2147483638
29 2147483638
23 2147483638
68 2147483638
3 2147483638
58 2147483638
57 2147483639
85 2147483639
81 2147483639
11 2147483639
84 2147483639
3 2147483639
46 2147483639
39 2147483640
54 2147483640
40 2147483640
1 2147483640
89 2147483640
58 2147483640
37 2147483640
3 2147483640
53 2147483640
28 2147483640
45 2147483640
82 2147483640
49 2147483640
3 2147483640
1 2147483641
20 2147483641
84 2147483641
56 2147483641
4 2147483641
25 2147483642
57 2147483642
35 2147483642
14 2147483642
70 2147483642
52 2147483642
75 2147483642
98 2147483642
44 2147483642
22 2147483642
17 2147483642
41 2147483643
70 2147483643
93 2147483643
59 2147483643
39 2147483643
29 2147483643
70 2147483643
29 2147483643
45 2147483643
94 2147483643
77 2147483643
25 2147483644
90 2147483644
88 2147483644
15 2147483644
71 2147483644
11 2147483644
61 2147483644
93 2147483644
27 2147483644
38 2147483645
9 2147483645
12 2147483645
44 2147483645
63 2147483645
49 2147483645
15 2147483645
7 2147483645
3 2147483645
42 2147483645
78 2147483646
66 2147483646
19 2147483646
42 2147483646
99 2147483646
46 2147483646
22 2147483646
62 2147483646
93 2147483646
16 2147483646
18 2147483647
46 2147483647
5 2147483647
73 2147483647
24 2147483647
85 2147483647
70 2147483647
78 2147483647
64 2147483647
