100
74 1
77 2
78 3
52 3
25 3
100 4
65 6
49 7
31 8
27 10
94 11
3 11
3 12
4 13
90 15
57 16
75 16
22 18
84 21
83 21
39 21
33 22
59 22
97 22
33 23
57 24
38 24
74 26
73 26
48 27
31 28
68 28
100 29
49 30
50 31
41 33
34 33
85 36
59 37
79 40
60 40
39 41
71 42
48 42
11 44
1 44
42 45
61 46
21 47
33 47
79 48
20 49
25 49
44 52
33 54
24 56
43 56
13 56
95 57
65 58
3 59
90 60
63 60
96 60
69 65
6 65
59 67
15 71
80 71
13 71
93 71
43 71
23 73
7 74
23 74
43 75
59 75
17 76
77 79
43 82
62 82
9 83
6 83
96 84
63 84
38 84
37 85
39 86
64 87
12 89
80 90
92 91
3 93
78 93
20 93
88 96
46 96
79 97
34 98
64 99
