100
31 0
24 1
11 2
20 2
64 3
57 3
100 3
68 3
75 4
74 7
17 7
91 7
4 8
13 8
49 8
64 10
47 11
100 13
9 13
38 14
63 15
26 16
22 16
36 18
59 19
8 19
53 22
98 28
70 28
98 29
42 30
45 30
49 31
75 31
99 32
70 33
71 33
86 34
96 34
27 34
45 35
33 35
30 35
58 36
95 38
82 40
19 41
70 43
82 43
31 46
16 47
14 49
54 49
63 53
31 53
40 54
77 54
73 57
12 59
26 59
99 61
82 61
52 61
66 62
86 64
28 65
19 67
62 67
29 68
15 68
83 69
18 69
64 69
6 70
56 71
88 72
43 74
25 75
26 76
79 79
52 80
97 80
4 81
44 82
26 83
12 84
57 85
48 86
49 88
99 90
37 90
49 90
87 91
83 93
90 94
86 94
41 94
31 95
80 98
13 98
