100
49 2147483637
96 2147483637
29 2147483637
52 2147483637
97 2147483637
53 2147483637
93 2147483638
82 2147483638
27 2147483638
71 2147483638
62 2147483638
40 2147483638
63 2147483638
52 2147483638
25 2147483638
23 2147483638
63 2147483639
56 2147483639
81 2147483639
61 2147483639
90 2147483639
57 2147483639
82 2147483639
56 2147483639
50 2147483639
71 2147483640
20 2147483640
80 2147483640
65 2147483640
5 2147483640
11 2147483640
81 2147483640
40 2147483640
72 2147483641
50 2147483641
69 2147483641
98 2147483641
76 2147483641
15 2147483641
19 2147483641
77 2147483641
49 2147483641
46 2147483641
21 2147483641
32 2147483641
75 2147483641
39 2147483641
36 2147483641
23 2147483642
52 2147483642
42 2147483642
15 2147483642
31 2147483642
42 2147483642
70 2147483643
43 2147483643
62 2147483643
81 2147483643
21 2147483643
48 2147483643
67 2147483643
15 2147483643
36 2147483643
86 2147483643
2 2147483643
10 2147483643
22 2147483643
2 2147483643
14 2147483643
74 2147483643
38 2147483644
64 2147483644
84 2147483644
31 2147483644
100 2147483644
38 2147483644
9 2147483645
60 2147483645
72 2147483645
30 2147483645
59 2147483645
26 2147483645
13 2147483645
7 2147483646
15 2147483646
97 2147483646
41 2147483646
72 2147483646
13 2147483646
61 2147483646
9 2147483646
3 2147483646
66 2147483646
57 2147483646
3 2147483646
29 2147483646
55 2147483646
83 2147483646
48 2147483647
98 2147483647
