100
63 0
17 0
89 3
91 4
64 4
4 5
76 7
69 9
95 9
41 11
91 11
95 11
71 12
81 12
77 13
3 15
73 16
54 17
36 17
36 17
47 18
93 19
13 20
29 20
97 21
80 22
7 22
50 22
80 24
25 29
44 29
89 29
72 32
1 33
42 33
22 33
89 33
11 34
58 35
21 35
75 36
73 36
40 42
43 42
2 43
33 44
85 44
66 45
75 45
22 46
57 47
82 48
16 49
72 50
88 51
3 51
37 51
39 54
60 55
42 59
95 61
72 63
33 65
49 66
45 68
40 69
15 69
13 70
73 70
46 71
41 71
35 72
73 73
36 73
13 73
64 74
40 76
37 76
92 76
84 76
30 77
97 78
59 80
19 81
50 82
78 84
63 85
13 86
93 88
24 92
11 93
36 93
79 93
43 95
28 95
27 97
32 98
98 99
29 99
100 100
