100
40 0
44 0
92 0
68 1
26 2
98 3
47 5
62 6
95 7
56 10
39 11
59 11
29 11
6 12
79 12
59 12
44 14
62 16
77 17
87 18
16 19
37 20
27 21
90 22
26 22
48 25
1 25
85 25
22 26
85 27
56 28
81 30
78 31
55 32
85 32
92 32
87 34
91 35
90 36
55 36
21 37
98 37
38 39
85 41
62 41
34 41
97 41
97 42
16 43
42 44
97 44
96 45
30 47
66 48
14 49
81 51
67 53
3 56
88 56
61 57
38 58
80 58
56 60
4 64
60 65
46 65
40 67
43 69
27 70
77 70
29 71
42 71
6 71
13 72
15 74
32 74
100 74
85 74
89 74
45 76
73 76
43 77
63 77
46 84
98 84
37 86
9 87
40 87
72 95
12 95
83 96
90 96
7 96
76 97
48 97
44 97
73 98
31 99
76 100
72 100
