100
13 2147483637
15 2147483637
16 2147483637
26 2147483637
9 2147483637
89 2147483637
21 2147483638
44 2147483638
97 2147483638
88 2147483638
6 2147483638
61 2147483638
46 2147483638
39 2147483638
89 2147483638
97 2147483639
7 2147483639
88 2147483639
80 2147483639
81 2147483639
31 2147483639
33 2147483639
31 2147483639
97 2147483639
93 2147483639
49 2147483640
45 2147483640
42 2147483640
78 2147483640
60 2147483640
96 2147483640
9 2147483640
84 2147483640
42 2147483640
27 2147483640
99 2147483641
24 2147483641
51 2147483641
10 2147483641
38 2147483641
99 2147483641
29 2147483641
2 2147483641
55 2147483641
72 2147483642
33 2147483642
28 2147483642
38 2147483642
47 2147483642
59 2147483642
6 2147483642
7 2147483643
46 2147483643
39 2147483643
48 2147483643
98 2147483643
10 2147483643
84 2147483643
14 2147483643
19 2147483644
52 2147483644
55 2147483644
44 2147483644
74 2147483644
82 2147483644
99 2147483644
65 2147483644
90 2147483644
87 2147483644
92 2147483645
94 2147483645
69 2147483645
71 2147483645
98 2147483645
94 2147483645
61 2147483645
88 2147483645
57 2147483646
38 2147483646
82 2147483646
27 2147483646
46 2147483646
29 2147483646
19 2147483646
6 2147483646
71 2147483646
72 2147483646
92 2147483646
78 2147483646
16 2147483647
32 2147483647
47 2147483647
10 2147483647
65 2147483647
71 2147483647
72 2147483647
15 2147483647
17 2147483647
57 2147483647
75 2147483647
