100
40 1
49 2
30 2
54 4
85 6
31 7
60 7
53 10
12 11
92 11
68 14
50 14
8 14
59 14
11 15
39 15
48 16
9 19
72 19
98 20
76 20
66 22
86 23
92 23
25 24
94 26
55 26
32 27
78 28
87 29
63 29
94 30
98 30
81 32
99 32
13 34
56 34
29 35
33 35
82 36
81 36
6 37
55 37
41 37
78 38
88 41
97 42
17 43
50 44
54 44
28 46
10 46
1 47
47 48
3 48
93 48
51 49
94 55
36 56
29 57
74 58
93 59
69 60
82 62
21 63
83 65
63 65
27 68
31 68
80 71
47 71
78 72
57 73
31 76
56 78
34 79
99 84
55 84
49 88
24 88
49 89
67 91
20 91
61 92
53 92
75 93
95 94
37 94
56 95
42 95
28 95
67 96
20 97
74 97
82 97
6 97
4 97
22 100
77 100
84 100
