100
93 0
67 1
98 2
78 5
50 6
43 6
20 7
51 10
9 11
80 12
84 12
71 14
94 15
70 15
11 16
96 16
13 17
50 18
12 20
15 20
78 23
10 24
50 27
29 28
85 29
99 31
67 31
57 32
93 35
80 37
58 38
57 39
22 39
66 39
15 40
16 42
38 42
1 43
78 43
29 44
31 45
47 45
54 51
91 51
41 52
45 52
66 55
42 57
78 57
100 57
12 58
33 59
75 59
2 60
43 61
23 62
52 62
36 64
41 64
26 64
47 66
52 67
48 68
9 68
65 69
35 70
7 72
79 72
98 73
8 73
15 73
70 74
35 75
51 77
37 77
88 77
33 78
61 80
8 82
67 84
21 85
46 86
74 87
71 87
90 89
6 90
40 91
51 91
1 91
92 92
25 92
83 93
41 94
18 94
45 94
26 95
48 95
84 98
66 98
85 99
