100
24 2147483637
85 2147483637
36 2147483637
37 2147483637
24 2147483637
94 2147483637
68 2147483637
27 2147483637
94 2147483637
84 2147483637
14 2147483637
27 2147483638
96 2147483638
44 2147483638
84 2147483638
43 2147483638
23 2147483638
93 2147483638
80 2147483638
34 2147483638
11 2147483638
12 2147483638
61 2147483639
58 2147483639
76 2147483639
24 2147483639
31 2147483639
8 2147483639
34 2147483639
39 2147483639
94 2147483639
92 2147483640
11 2147483640
70 2147483640
94 2147483640
4 2147483640
33 2147483640
48 2147483640
44 2147483641
18 2147483641
4 2147483641
47 2147483641
17 2147483641
81 2147483641
5 2147483641
56 2147483641
61 2147483642
18 2147483642
88 2147483642
18 2147483642
45 2147483642
42 2147483642
85 2147483642
95 2147483642
81 2147483642
12 2147483642
26 2147483643
10 2147483643
100 2147483643
12 2147483643
73 2147483643
65 2147483643
40 2147483643
6 2147483643
22 2147483644
78 2147483644
49 2147483644
36 2147483644
9 2147483644
88 2147483644
19 2147483644
59 2147483644
61 2147483644
29 2147483644
1 2147483645
25 2147483645
13 2147483645
97 2147483645
27 2147483645
14 2147483645
88 2147483645
26 2147483645
81 2147483645
52 2147483645
91 2147483645
79 2147483646
75 2147483646
9 2147483646
27 2147483646
18 2147483646
87 2147483646
94 2147483646
56 2147483646
2 2147483647
41 2147483647
49 2147483647
38 2147483647
88 2147483647
97 2147483647
31 2147483647
