100
17 1
67 1
44 2
75 2
85 3
74 5
24 5
76 5
71 5
56 6
42 7
26 8
88 8
99 11
14 11
12 12
65 13
49 14
69 14
73 16
51 19
35 21
63 22
17 23
32 23
79 23
68 26
84 27
1 28
87 28
49 29
9 30
6 30
63 31
93 31
15 32
4 32
9 32
27 32
1 33
96 33
5 36
37 36
73 37
57 37
64 37
21 38
86 39
11 41
78 42
35 44
85 45
43 46
70 46
10 46
59 48
77 50
64 50
43 52
91 53
38 55
72 55
79 56
15 56
26 57
75 57
80 61
36 62
92 63
99 63
34 65
86 67
68 67
35 67
32 69
52 70
59 72
72 74
65 76
71 76
90 76
59 77
60 77
11 78
75 78
20 78
40 79
56 80
77 82
94 82
18 84
37 84
8 84
11 85
64 85
86 91
64 92
50 96
78 97
79 98
