100
1 0
15 0
21 1
85 3
60 4
9 5
95 5
88 6
64 6
18 8
8 10
55 11
48 13
92 13
95 14
34 14
37 15
99 16
56 18
100 22
64 24
26 25
63 26
84 27
92 27
22 31
96 31
33 32
81 33
80 34
16 34
82 37
14 37
88 38
83 39
28 40
68 41
40 44
12 44
81 45
63 46
86 47
98 47
14 48
79 48
13 49
63 49
58 50
17 50
51 51
49 52
10 52
73 53
88 54
77 55
73 58
23 58
31 58
10 58
91 59
65 60
81 61
31 61
42 62
75 62
44 64
73 67
1 67
19 68
83 69
75 69
66 69
51 72
65 75
93 76
24 79
67 79
20 80
57 80
31 80
63 82
87 82
68 84
29 84
41 87
3 88
45 90
62 91
82 91
29 92
20 92
89 92
60 94
83 94
36 95
38 96
70 97
91 97
77 99
57 100
