100
3 2147483637
83 2147483637
82 2147483637
1 2147483637
89 2147483637
84 2147483637
85 2147483637
2 2147483637
95 2147483637
32 2147483638
25 2147483638
44 2147483638
1 2147483638
4 2147483638
59 2147483638
58 2147483638
56 2147483638
86 2147483638
63 2147483639
71 2147483639
45 2147483639
84 2147483639
8 2147483639
9 2147483639
100 2147483639
57 2147483639
10 2147483640
48 2147483640
28 2147483640
59 2147483640
24 2147483640
63 2147483640
7 2147483640
78 2147483640
56 2147483640
61 2147483640
75 2147483641
97 2147483641
50 2147483641
77 2147483641
14 2147483641
56 2147483641
49 2147483641
89 2147483641
30 2147483641
16 2147483641
6 2147483641
4 2147483641
20 2147483641
88 2147483642
84 2147483642
94 2147483642
67 2147483642
98 2147483642
65 2147483642
89 2147483643
69 2147483643
70 2147483643
52 2147483643
75 2147483644
44 2147483644
6 2147483644
35 2147483644
1 2147483644
83 2147483644
86 2147483644
71 2147483644
97 2147483644
44 2147483644
67 2147483645
25 2147483645
96 2147483645
60 2147483645
16 2147483645
26 2147483645
31 2147483645
68 2147483645
43 2147483645
67 2147483645
93 2147483645
100 2147483646
96 2147483646
10 2147483646
47 2147483646
83 2147483646
47 2147483646
58 2147483646
15 2147483646
13 2147483646
32 2147483647
96 2147483647
71 2147483647
71 2147483647
11 2147483647
53 2147483647
56 2147483647
89 2147483647
78 2147483647
42 2147483647
22 2147483647
