100
53 0
83 1
26 1
36 2
29 4
66 4
100 4
18 4
88 5
48 8
34 11
43 11
56 12
24 12
59 13
40 14
25 14
37 17
7 17
16 19
84 20
21 20
26 21
90 21
44 22
22 22
84 24
79 25
94 29
22 31
79 32
50 33
32 34
1 35
89 35
94 36
85 36
72 39
19 40
44 43
92 43
33 44
14 47
81 49
99 49
53 51
13 53
98 55
1 55
1 56
79 56
5 57
31 59
31 59
95 60
34 61
37 61
26 62
5 63
72 63
20 64
65 65
66 65
64 66
80 67
81 71
64 73
59 75
2 76
67 77
96 78
20 79
73 79
13 80
78 80
97 81
52 82
22 82
19 83
17 83
14 83
72 84
23 85
88 86
45 86
7 86
11 87
63 88
40 88
95 90
18 90
10 93
5 93
53 94
49 95
28 95
89 96
34 96
40 97
33 98
