100
50 1
38 1
20 2
68 2
36 4
43 4
2 5
6 7
23 9
6 10
8 12
54 12
86 12
44 13
94 13
21 14
23 14
27 16
15 17
60 18
25 19
88 19
36 19
40 20
77 24
85 25
82 25
10 27
93 28
75 29
78 33
33 33
13 34
69 37
9 37
7 38
16 38
85 40
91 45
95 45
18 45
79 46
92 46
97 47
15 47
59 48
37 50
19 51
73 54
20 56
84 57
52 61
65 62
25 64
40 65
94 65
4 65
45 67
34 67
82 68
64 69
30 72
27 72
35 72
51 74
49 74
70 75
85 76
42 77
73 77
64 79
29 79
37 80
70 81
64 82
42 82
100 82
39 83
83 83
87 84
54 85
18 85
81 87
25 88
8 92
48 92
95 92
54 92
37 92
56 93
94 93
93 94
84 94
68 95
81 95
31 95
90 95
47 97
63 99
71 99
