100
4 0
30 2
46 4
23 5
32 5
76 6
98 6
18 7
50 7
31 8
27 10
52 13
88 13
89 14
37 14
38 15
97 15
63 21
85 22
27 23
89 25
56 25
69 26
32 26
75 30
36 30
43 32
93 34
1 34
89 34
45 36
100 36
4 36
84 39
2 39
34 39
5 41
82 43
82 45
30 46
33 47
45 49
20 50
93 52
59 53
23 53
90 53
95 55
48 55
5 57
19 57
22 61
88 62
45 63
77 63
88 64
63 64
5 65
89 65
100 68
37 69
37 69
80 70
15 71
93 71
51 73
5 73
8 74
11 74
6 76
95 77
17 78
75 79
60 79
66 80
58 80
38 80
5 81
92 81
4 81
3 82
79 82
58 82
71 85
27 88
66 89
69 90
55 91
41 92
75 92
54 93
57 93
58 94
100 97
9 98
5 99
76 99
80 100
13 100
16 100
