100
29 4
80 9
53 10
95 11
39 11
12 11
38 14
35 14
78 14
70 20
62 21
69 22
8 22
75 23
60 24
1 24
21 24
12 28
5 29
57 31
73 31
49 32
29 32
10 33
42 34
75 36
69 36
67 38
17 39
92 41
17 41
54 41
78 42
40 43
28 44
51 44
46 44
91 45
19 46
32 49
65 49
96 50
18 51
2 53
5 53
91 54
84 54
15 55
95 56
51 57
78 58
91 60
96 61
9 61
6 63
86 63
13 64
58 67
14 67
3 68
85 68
60 68
91 70
12 70
60 72
49 73
73 73
49 73
24 75
91 76
2 77
56 77
91 78
82 78
82 79
75 80
66 81
32 82
57 83
84 84
53 85
64 85
59 86
78 87
27 87
23 88
90 89
5 91
41 93
5 93
8 94
29 95
55 95
10 96
48 96
8 96
98 96
30 98
73 99
71 100
