100
7 0
46 1
86 4
61 4
44 4
33 5
100 5
59 6
39 6
34 6
97 7
11 8
55 8
31 10
61 10
38 12
92 13
10 13
57 14
95 22
27 24
39 24
67 24
13 25
38 28
69 29
91 29
74 29
62 29
55 29
83 30
21 30
60 31
1 31
54 32
60 32
74 33
81 34
71 36
79 39
40 39
40 40
47 41
36 41
65 43
92 43
35 44
17 45
73 45
8 46
58 48
99 49
82 49
38 50
50 51
21 51
72 51
47 51
10 53
42 54
54 54
10 56
31 57
42 57
93 57
2 58
93 58
30 58
50 59
68 61
63 64
96 66
95 67
85 68
19 69
38 70
93 73
29 73
21 74
25 76
9 77
88 78
57 78
56 81
8 82
17 82
91 84
33 85
52 85
44 85
69 85
88 86
49 87
43 87
33 87
7 90
58 95
69 95
67 96
45 96
