100
1 2147483637
43 2147483637
71 2147483637
87 2147483637
54 2147483637
2 2147483637
90 2147483637
49 2147483637
38 2147483638
4 2147483638
16 2147483638
21 2147483638
44 2147483638
89 2147483638
88 2147483638
4 2147483638
58 2147483638
67 2147483638
28 2147483639
81 2147483639
48 2147483639
61 2147483639
40 2147483639
61 2147483639
80 2147483639
26 2147483639
25 2147483639
54 2147483640
44 2147483640
45 2147483640
84 2147483640
13 2147483640
82 2147483640
87 2147483640
21 2147483640
4 2147483640
42 2147483640
17 2147483640
78 2147483641
73 2147483641
96 2147483641
26 2147483641
71 2147483641
26 2147483641
34 2147483641
20 2147483641
84 2147483641
75 2147483641
44 2147483641
93 2147483642
22 2147483642
76 2147483642
44 2147483642
43 2147483642
89 2147483642
10 2147483642
48 2147483643
6 2147483643
60 2147483643
80 2147483643
15 2147483643
87 2147483643
86 2147483644
43 2147483644
58 2147483644
39 2147483644
10 2147483644
75 2147483644
4 2147483644
82 2147483644
89 2147483644
42 2147483644
68 2147483644
75 2147483644
47 2147483644
59 2147483644
25 2147483644
64 2147483645
23 2147483645
96 2147483645
76 2147483645
42 2147483645
3 2147483645
5 2147483645
22 2147483645
33 2147483645
48 2147483646
17 2147483646
98 2147483646
40 2147483646
4 2147483646
99 2147483646
76 2147483646
67 2147483646
23 2147483646
54 2147483647
5 2147483647
49 2147483647
74 2147483647
78 2147483647
