100
44 0
56 1
39 3
13 4
37 6
46 6
33 6
1 7
66 7
78 8
69 9
95 10
2 11
71 11
95 12
56 14
87 15
40 16
21 17
46 17
51 20
70 20
16 21
66 23
41 24
63 26
70 29
43 29
49 31
74 32
26 32
7 33
30 33
74 33
51 34
36 38
68 39
11 39
29 40
16 40
55 40
14 40
60 42
98 43
55 44
4 47
32 48
39 48
73 49
9 50
32 50
91 50
22 51
14 51
66 53
79 54
91 54
95 55
47 57
36 59
85 59
75 59
89 60
49 61
56 62
62 62
3 65
47 67
8 68
51 69
57 69
49 70
27 72
15 73
99 73
14 75
62 77
15 77
83 78
58 78
57 80
15 81
90 82
69 83
15 84
52 84
63 86
86 86
1 87
77 88
80 89
39 89
8 91
74 91
34 92
29 96
30 97
15 99
37 100
55 100
