100
55 0
83 1
99 1
12 2
50 4
62 5
6 5
47 7
71 8
89 9
30 10
76 12
21 12
12 13
56 15
35 15
69 15
71 16
89 16
74 18
90 19
66 20
67 21
17 21
32 22
79 22
85 23
14 24
86 25
47 27
78 29
54 30
16 30
23 31
1 32
14 36
22 36
23 37
89 37
26 39
31 41
51 42
8 44
74 44
97 46
29 50
2 52
52 53
88 53
64 56
97 56
29 56
11 57
39 58
57 59
72 60
14 60
6 61
84 62
35 64
54 65
4 66
25 68
56 69
61 70
11 71
32 72
95 73
44 73
44 73
74 74
97 74
71 74
26 76
90 77
10 78
38 79
13 79
7 80
16 81
61 83
85 84
78 84
97 84
27 85
88 85
97 90
67 90
75 91
31 91
15 93
6 95
80 96
77 96
10 96
8 97
36 98
20 98
5 99
19 100
