100
14 0
13 0
6 2
32 3
27 5
96 5
25 6
96 6
88 8
7 8
53 9
65 9
100 10
25 13
7 13
93 13
55 13
83 15
98 15
42 17
80 17
53 18
44 19
13 20
52 20
49 21
61 22
59 26
94 26
14 26
77 26
56 28
100 29
63 30
98 30
72 31
91 31
25 31
27 32
95 32
34 33
57 36
16 37
72 38
97 38
59 39
16 41
45 44
52 45
20 45
58 46
10 46
60 47
54 48
36 49
8 50
37 50
67 50
12 51
29 52
31 52
88 53
76 56
91 57
11 58
43 58
36 60
71 60
65 60
43 62
8 63
46 64
13 66
20 68
76 69
93 69
34 70
25 73
47 74
13 74
38 77
33 80
22 81
68 83
69 83
49 84
88 84
20 86
44 87
56 89
65 89
1 89
24 91
24 91
72 92
74 92
62 94
1 94
84 95
99 97
