100
49 2147483637
76 2147483637
100 2147483637
94 2147483637
58 2147483637
75 2147483637
33 2147483637
52 2147483637
77 2147483637
88 2147483637
8 2147483637
52 2147483638
97 2147483638
9 2147483638
14 2147483638
17 2147483638
72 2147483638
94 2147483638
24 2147483638
42 2147483638
9 2147483638
6 2147483638
38 2147483639
15 2147483639
95 2147483639
46 2147483639
70 2147483639
66 2147483639
62 2147483639
93 2147483639
92 2147483639
100 2147483640
55 2147483640
43 2147483640
81 2147483640
11 2147483640
74 2147483640
39 2147483640
60 2147483640
10 2147483640
37 2147483641
33 2147483641
71 2147483641
93 2147483642
67 2147483642
87 2147483642
20 2147483642
32 2147483642
92 2147483642
87 2147483642
20 2147483642
63 2147483642
2 2147483642
97 2147483642
6 2147483642
16 2147483643
8 2147483643
1 2147483643
88 2147483643
19 2147483643
7 2147483643
61 2147483644
88 2147483644
62 2147483644
100 2147483644
90 2147483644
33 2147483644
92 2147483644
78 2147483644
37 2147483645
40 2147483645
26 2147483645
5 2147483645
45 2147483645
45 2147483645
5 2147483645
97 2147483645
16 2147483645
75 2147483645
16 2147483645
44 2147483646
92 2147483646
68 2147483646
26 2147483646
50 2147483646
97 2147483646
21 2147483646
39 2147483646
73 2147483646
29 2147483647
75 2147483647
73 2147483647
49 2147483647
43 2147483647
63 2147483647
19 2147483647
99 2147483647
99 2147483647
87 2147483647
67 2147483647
