100
54 0
74 0
96 3
74 4
85 5
10 8
38 10
91 11
8 11
11 12
19 15
89 17
40 17
5 17
12 18
39 19
95 19
63 20
58 21
75 21
93 22
72 23
99 23
37 28
32 28
62 29
58 30
5 31
16 31
69 32
70 35
92 36
5 37
39 38
58 39
47 39
88 39
95 40
50 41
25 44
51 44
41 47
34 48
27 48
20 51
85 51
25 53
61 53
19 54
79 56
31 57
15 59
81 59
45 60
46 61
34 61
33 62
47 62
3 63
50 63
41 64
74 65
17 69
91 70
95 70
66 71
76 72
99 73
52 74
30 74
59 74
31 75
91 77
17 78
22 78
34 79
30 80
69 80
61 80
62 81
10 84
76 85
52 87
59 87
7 89
1 89
43 91
96 92
72 92
16 92
51 94
32 94
68 96
22 97
86 97
43 97
75 98
2 98
29 98
1 98
