100
36 0
10 0
83 2
79 2
76 2
95 5
37 6
75 6
3 7
37 8
23 8
85 9
30 12
16 12
65 13
34 15
86 15
81 16
28 16
95 17
54 18
71 18
39 18
86 19
58 20
81 20
68 21
91 22
35 22
47 23
4 24
5 24
23 25
6 25
23 27
15 29
97 29
88 31
4 32
87 33
78 33
40 34
89 35
97 36
62 37
31 38
80 39
65 40
77 41
5 41
48 41
64 41
65 42
98 42
23 43
2 43
25 46
74 46
83 52
86 53
2 56
91 57
24 59
57 60
25 61
85 62
90 62
47 63
97 64
72 65
77 65
2 67
46 68
94 69
56 70
77 70
24 71
44 71
48 72
78 77
54 77
61 78
85 79
83 80
7 80
20 80
27 81
18 81
74 82
79 84
40 86
10 91
7 92
66 93
62 93
69 97
82 97
3 97
69 98
58 99
