100
54 0
64 1
94 2
75 2
29 3
40 4
47 6
71 9
24 11
90 11
23 12
10 12
69 13
75 13
97 13
55 14
99 15
2 15
18 16
17 17
80 18
74 19
12 19
19 20
31 20
73 22
85 23
37 26
82 27
67 27
63 29
65 30
60 30
86 30
8 35
22 36
44 37
29 38
6 38
87 40
6 44
48 44
31 44
70 44
24 45
75 45
36 46
83 48
69 49
84 49
88 50
84 52
12 52
41 52
29 53
68 55
50 57
31 61
93 61
39 63
41 65
23 65
85 66
85 67
77 69
55 69
67 70
91 70
55 71
7 75
31 77
45 78
82 80
94 80
55 81
74 82
48 82
7 82
70 84
16 85
73 86
35 86
99 87
100 87
21 89
98 90
6 90
58 90
6 92
83 93
33 93
31 95
19 96
97 97
67 98
9 98
32 98
64 98
95 99
20 100
