100
66 0
6 0
8 1
91 1
30 3
2 4
19 5
83 9
74 13
1 13
35 13
88 14
31 17
19 17
33 18
45 19
54 19
73 21
57 21
98 21
88 21
37 24
48 26
77 29
84 30
46 30
87 34
83 34
58 35
52 35
1 36
19 36
17 36
98 38
40 39
97 39
26 40
21 43
15 45
92 46
15 46
9 47
39 48
13 50
25 50
89 50
45 50
9 51
20 51
40 52
1 52
92 53
23 53
37 55
59 57
28 57
60 59
84 60
67 65
46 65
59 66
62 67
20 67
45 68
87 68
2 69
66 70
88 72
68 72
3 72
80 73
29 73
72 77
66 77
32 78
62 78
31 79
24 80
48 81
54 82
33 84
54 88
1 88
6 88
8 89
49 89
73 90
85 90
100 91
62 91
47 91
72 92
37 92
58 92
2 94
31 94
55 94
33 95
9 95
24 98
