100
30 1
100 1
76 3
71 3
22 3
84 7
31 7
1 7
5 7
71 8
3 9
77 9
37 10
8 11
28 13
69 13
83 17
45 17
98 18
89 18
72 19
68 20
50 20
52 23
58 26
65 28
13 28
69 30
84 31
93 33
63 33
18 34
83 35
58 35
85 37
98 38
45 41
10 45
35 45
73 45
67 46
57 49
13 50
74 52
48 53
43 53
31 54
65 58
37 59
30 59
88 61
77 61
7 62
42 63
87 63
82 63
27 63
82 63
73 64
92 64
99 65
94 67
13 68
38 68
6 69
14 70
39 71
49 71
57 72
17 73
91 74
81 75
48 75
10 76
85 77
26 78
78 79
54 79
92 80
88 81
63 81
66 84
63 85
65 85
3 85
87 87
57 88
5 88
89 88
13 88
65 89
39 90
20 91
46 92
19 93
1 96
4 96
29 96
83 99
14 99
