100
71 2147483637
56 2147483637
8 2147483637
42 2147483637
32 2147483637
67 2147483637
16 2147483637
13 2147483638
52 2147483638
67 2147483638
9 2147483638
63 2147483638
10 2147483638
66 2147483638
79 2147483638
55 2147483638
45 2147483639
81 2147483639
87 2147483639
79 2147483639
6 2147483639
82 2147483639
42 2147483639
78 2147483639
39 2147483639
70 2147483639
47 2147483639
3 2147483639
94 2147483639
43 2147483639
40 2147483639
52 2147483639
89 2147483639
91 2147483640
92 2147483640
85 2147483640
67 2147483640
93 2147483640
76 2147483640
76 2147483640
41 2147483640
86 2147483640
93 2147483640
18 2147483640
23 2147483641
93 2147483641
26 2147483641
82 2147483641
66 2147483641
3 2147483641
40 2147483641
13 2147483641
99 2147483641
53 2147483642
87 2147483642
89 2147483642
87 2147483642
14 2147483642
25 2147483642
90 2147483642
96 2147483643
57 2147483643
57 2147483643
5 2147483643
47 2147483643
18 2147483643
16 2147483643
62 2147483643
60 2147483644
95 2147483644
23 2147483644
64 2147483644
35 2147483644
11 2147483644
23 2147483644
55 2147483644
96 2147483644
47 2147483645
27 2147483645
59 2147483645
85 2147483645
20 2147483645
88 2147483645
47 2147483645
69 2147483645
4 2147483645
41 2147483645
22 2147483646
91 2147483646
78 2147483646
99 2147483646
93 2147483646
67 2147483646
91 2147483646
66 2147483646
80 2147483646
27 2147483646
52 2147483646
60 2147483647
51 2147483647
