100
16 0
20 1
69 2
23 3
3 3
26 4
62 4
14 5
82 6
39 7
77 9
26 10
24 10
42 15
1 17
55 18
40 20
66 21
64 21
52 21
97 22
40 24
46 25
27 25
73 27
54 28
72 30
67 31
33 31
60 34
69 35
1 39
70 41
87 41
84 41
85 42
41 42
49 42
55 44
15 45
30 45
75 45
39 46
60 46
73 47
4 48
29 50
31 51
59 52
24 52
57 53
92 54
53 55
97 57
85 59
87 59
20 60
32 60
90 61
4 63
89 64
71 66
18 66
89 67
61 67
35 68
93 69
95 70
44 70
69 70
40 71
65 72
6 73
8 74
77 75
12 79
53 82
95 83
48 83
87 84
15 85
23 85
11 86
78 86
40 88
5 88
21 89
8 91
37 91
37 92
91 92
57 94
4 95
6 95
17 95
88 95
15 96
56 99
33 99
39 100
