88
2 0
92 1
98 1
4 3
21 3
56 5
54 6
91 7
48 8
52 9
34 14
85 15
82 16
43 17
71 18
76 18
78 19
38 19
13 19
3 20
2 25
63 25
77 27
11 29
14 30
30 30
80 30
20 32
67 33
44 34
80 36
54 37
87 38
8 39
49 41
38 45
96 46
28 46
45 47
58 47
60 49
50 51
26 52
9 52
75 55
13 56
41 56
28 56
44 57
36 57
95 57
52 58
96 59
92 59
59 59
89 59
97 62
87 63
53 64
43 65
40 70
75 70
62 73
97 73
30 74
50 75
41 75
33 76
68 76
32 77
83 79
10 79
13 79
59 82
30 85
66 85
25 86
21 87
41 87
31 88
35 90
90 91
70 95
34 96
58 96
54 96
22 97
25 97
