100
97 0
88 0
95 1
82 3
82 4
5 7
39 8
52 9
64 9
57 11
74 11
28 11
11 13
100 13
59 14
89 15
62 16
51 16
27 16
2 17
94 20
56 22
81 23
83 23
38 25
13 27
32 30
62 30
67 30
42 30
91 31
67 31
2 31
23 31
32 32
81 33
55 34
69 34
61 35
77 35
56 37
37 37
55 39
73 39
67 41
97 41
54 42
6 43
46 44
28 45
58 46
55 48
30 50
11 50
8 51
93 52
18 53
42 53
93 55
9 56
78 59
25 60
61 61
94 61
89 63
80 67
3 67
56 68
8 69
97 70
42 72
92 72
76 74
28 76
70 77
65 78
13 78
19 79
85 79
17 80
70 80
20 82
46 82
39 82
10 85
45 88
78 89
8 89
26 90
47 91
34 92
96 93
22 95
79 96
8 97
7 98
84 98
42 99
1 100
20 100
