100
51 2147483637
20 2147483637
3 2147483637
78 2147483637
97 2147483637
67 2147483637
71 2147483637
23 2147483637
23 2147483637
88 2147483638
26 2147483638
6 2147483638
12 2147483638
90 2147483638
97 2147483638
98 2147483638
89 2147483638
20 2147483638
96 2147483638
95 2147483639
43 2147483639
18 2147483639
72 2147483639
100 2147483639
52 2147483639
48 2147483639
26 2147483640
91 2147483640
87 2147483640
10 2147483640
90 2147483640
2 2147483640
90 2147483640
15 2147483640
4 2147483640
70 2147483641
17 2147483641
72 2147483641
8 2147483641
90 2147483641
7 2147483641
5 2147483641
38 2147483641
87 2147483642
18 2147483642
68 2147483642
30 2147483642
24 2147483642
43 2147483642
76 2147483642
9 2147483642
59 2147483642
3 2147483642
29 2147483642
3 2147483643
87 2147483643
25 2147483643
71 2147483643
44 2147483643
69 2147483644
87 2147483644
12 2147483644
76 2147483644
64 2147483644
2 2147483644
60 2147483644
20 2147483644
34 2147483644
93 2147483644
62 2147483644
6 2147483644
25 2147483644
29 2147483644
31 2147483644
18 2147483644
32 2147483645
58 2147483645
99 2147483645
94 2147483645
8 2147483645
75 2147483645
62 2147483646
34 2147483646
13 2147483646
87 2147483646
46 2147483646
76 2147483646
95 2147483646
12 2147483646
67 2147483646
7 2147483646
100 2147483646
50 2147483647
19 2147483647
90 2147483647
96 2147483647
35 2147483647
90 2147483647
38 2147483647
89 2147483647
