100
33 0
80 0
31 3
55 4
26 4
99 5
26 5
82 5
36 6
61 6
35 9
38 9
68 12
35 14
89 15
86 17
41 17
16 18
33 19
4 19
22 19
2 20
100 21
15 23
67 23
55 25
53 26
29 27
12 27
53 27
62 27
95 28
44 32
7 32
47 32
74 33
1 34
46 35
83 35
27 36
88 39
53 40
7 40
28 40
42 42
91 44
66 44
15 44
6 45
40 48
91 49
67 52
9 52
62 53
96 53
89 53
4 54
39 54
73 55
25 57
81 58
62 58
74 60
6 60
23 62
69 62
69 63
36 63
48 63
18 64
63 67
65 67
49 69
19 69
61 71
12 71
45 72
60 72
84 73
36 78
33 79
63 81
41 82
22 82
29 85
85 86
2 89
27 89
66 89
66 92
25 93
89 93
61 97
46 98
9 99
2 99
64 99
53 99
53 100
32 100
