100
11 1
7 2
21 2
66 4
13 5
51 6
82 7
83 9
28 10
100 11
62 11
44 12
10 13
23 14
9 15
77 15
94 15
73 16
63 17
47 17
91 17
65 21
7 21
90 22
77 22
100 22
51 23
57 24
80 25
41 25
42 25
28 25
83 26
11 27
14 29
76 29
39 29
85 31
89 33
25 33
96 34
70 36
96 36
28 37
5 39
52 41
43 41
51 45
33 46
11 46
3 46
47 47
3 47
85 48
8 48
48 50
71 54
97 54
50 56
92 56
99 57
96 57
8 60
85 61
4 62
36 63
88 63
45 63
46 63
16 65
75 70
83 71
91 71
89 72
78 72
20 73
94 75
13 76
93 77
41 77
14 78
29 79
43 79
72 81
82 83
43 84
59 84
48 84
98 84
19 86
4 86
82 86
40 87
57 91
96 94
9 95
10 95
84 98
29 99
70 100
