100
17 1
52 2
94 2
59 2
55 4
69 4
63 5
46 6
40 6
11 6
75 8
91 9
7 9
37 9
20 11
73 11
65 13
10 13
12 14
39 15
9 17
34 20
7 20
70 21
82 21
90 21
76 22
72 26
29 27
50 28
28 28
80 28
40 28
1 29
38 30
88 30
24 32
23 33
92 34
94 38
44 38
4 39
30 39
4 40
15 41
44 43
51 45
58 46
78 47
30 47
90 49
53 49
86 51
68 53
41 54
36 55
66 55
85 56
65 56
7 56
95 56
16 60
79 60
79 61
35 62
38 62
70 63
42 67
89 69
35 70
60 74
37 74
40 76
40 77
9 78
86 79
59 80
69 81
62 82
60 82
44 83
1 83
62 83
93 84
27 84
97 84
31 85
38 85
13 86
71 92
21 92
56 93
9 93
29 93
54 95
11 97
90 99
6 100
88 100
69 100
