100
100 0
90 2
30 4
15 5
73 5
60 6
69 9
40 10
63 11
17 13
98 13
30 14
86 14
58 14
52 14
2 16
66 18
10 22
15 22
50 25
12 25
64 26
8 29
71 29
85 29
75 29
18 30
39 32
71 34
50 36
77 37
2 37
50 37
39 37
33 38
23 39
6 40
54 41
88 41
90 42
62 43
19 44
44 45
39 45
96 47
58 47
34 48
77 50
75 50
30 50
67 51
1 51
68 54
83 54
40 54
62 55
74 55
1 56
51 57
63 58
62 58
80 59
4 59
38 60
33 62
8 63
11 64
6 65
90 67
25 68
79 69
100 70
1 72
3 72
88 72
9 74
80 74
35 76
56 76
79 76
69 77
29 77
71 78
83 79
86 79
28 80
28 81
70 81
65 81
38 84
26 89
81 91
46 92
51 92
50 93
29 93
9 95
8 95
8 98
18 100
