100
31 0
52 3
51 3
80 4
53 5
17 5
55 8
93 8
49 9
88 10
37 10
65 13
18 13
24 13
38 14
56 15
28 17
21 18
4 18
73 19
73 19
88 21
39 21
49 21
87 22
49 23
6 23
29 26
33 26
61 27
67 29
79 29
17 30
45 30
83 31
82 31
97 33
37 34
50 36
39 36
88 36
86 36
3 36
59 38
92 41
95 41
7 42
55 42
54 43
73 43
83 45
85 46
19 48
72 49
22 49
21 52
40 52
68 54
69 54
32 55
96 58
20 58
1 59
85 60
59 61
32 62
66 62
60 63
26 63
4 66
67 67
63 67
42 68
38 68
82 70
40 71
74 71
8 72
75 74
36 75
90 75
99 76
91 77
8 77
71 77
84 80
95 81
53 82
57 82
70 83
26 85
78 88
46 89
62 91
60 92
96 93
21 97
57 97
48 99
19 100
