100
43 2147483637
36 2147483637
94 2147483637
2 2147483637
87 2147483637
46 2147483638
64 2147483638
92 2147483638
38 2147483638
81 2147483638
95 2147483638
25 2147483638
50 2147483638
45 2147483639
77 2147483639
74 2147483639
80 2147483639
24 2147483639
15 2147483639
19 2147483639
20 2147483640
33 2147483640
34 2147483640
50 2147483640
79 2147483640
41 2147483640
15 2147483640
87 2147483640
53 2147483640
55 2147483640
35 2147483640
49 2147483641
8 2147483641
30 2147483641
11 2147483641
92 2147483641
8 2147483641
45 2147483641
18 2147483641
39 2147483641
36 2147483642
42 2147483642
69 2147483642
31 2147483642
15 2147483642
74 2147483642
48 2147483642
92 2147483642
85 2147483642
98 2147483642
21 2147483642
77 2147483642
62 2147483642
26 2147483642
89 2147483642
52 2147483643
63 2147483643
83 2147483643
33 2147483643
90 2147483643
8 2147483643
58 2147483644
14 2147483644
16 2147483644
4 2147483644
94 2147483644
32 2147483644
48 2147483644
23 2147483644
59 2147483644
37 2147483644
24 2147483645
46 2147483645
88 2147483645
14 2147483645
56 2147483645
31 2147483645
46 2147483645
18 2147483645
46 2147483645
43 2147483645
51 2147483645
20 2147483645
63 2147483645
96 2147483645
75 2147483645
55 2147483646
64 2147483646
83 2147483646
63 2147483646
98 2147483646
55 2147483646
40 2147483647
26 2147483647
29 2147483647
25 2147483647
50 2147483647
28 2147483647
80 2147483647
36 2147483647
