99
60 0
91 2
75 2
47 3
5 4
43 4
45 4
25 5
8 5
21 5
27 5
87 9
48 9
12 10
27 10
37 10
7 10
56 12
89 12
97 12
63 18
83 18
19 18
87 19
42 20
41 22
79 23
3 23
14 24
71 29
69 30
98 32
27 33
43 33
16 34
11 36
24 36
40 37
94 38
17 42
41 43
9 46
10 47
53 50
5 52
42 53
53 53
89 56
31 56
73 56
5 58
57 60
95 61
64 64
44 65
27 68
4 69
25 69
27 70
71 70
67 72
89 74
9 76
10 78
25 79
3 81
23 81
75 82
14 82
13 83
62 84
24 85
23 86
3 88
26 88
81 88
46 89
98 90
83 91
68 91
50 91
4 91
80 92
50 94
6 94
45 94
62 95
96 95
38 96
39 96
51 96
58 97
79 98
76 98
78 99
52 99
48 99
45 100
83 100
