100
18 0
2 0
43 1
90 3
20 4
80 4
57 8
66 9
70 9
13 10
78 11
61 11
5 12
43 14
42 15
55 15
56 16
50 17
35 18
10 18
96 19
99 19
44 20
57 21
84 22
89 22
7 26
45 27
21 28
34 28
100 30
16 30
52 33
79 34
33 36
56 37
85 40
8 41
28 44
37 44
50 46
93 47
59 47
19 49
27 49
39 50
42 51
83 53
21 56
18 56
33 57
14 57
29 58
44 61
34 62
61 64
21 64
16 66
29 67
63 67
33 68
27 69
47 70
95 70
100 71
96 71
57 72
81 73
10 74
70 75
95 75
68 76
39 76
53 77
63 77
60 78
6 80
17 82
87 82
36 84
72 84
28 85
89 85
2 85
36 86
9 86
11 87
73 89
51 91
45 91
70 93
94 94
11 96
53 96
23 98
99 99
32 99
57 100
58 100
88 100
