100
84 2147483637
85 2147483637
34 2147483637
97 2147483637
7 2147483637
6 2147483637
54 2147483637
19 2147483638
41 2147483638
61 2147483638
74 2147483638
35 2147483638
53 2147483638
22 2147483638
18 2147483638
91 2147483638
36 2147483638
32 2147483638
41 2147483638
80 2147483638
46 2147483639
63 2147483639
10 2147483639
100 2147483639
3 2147483639
1 2147483639
5 2147483639
33 2147483639
4 2147483639
50 2147483639
18 2147483639
57 2147483640
76 2147483640
52 2147483640
48 2147483640
18 2147483640
6 2147483640
32 2147483640
32 2147483640
32 2147483641
55 2147483641
99 2147483641
15 2147483641
79 2147483641
60 2147483641
87 2147483641
87 2147483641
91 2147483642
12 2147483642
76 2147483642
63 2147483642
95 2147483643
65 2147483643
72 2147483643
38 2147483643
15 2147483643
94 2147483643
74 2147483643
54 2147483644
50 2147483644
64 2147483644
1 2147483644
75 2147483644
71 2147483644
6 2147483644
100 2147483645
43 2147483645
52 2147483645
36 2147483645
40 2147483645
14 2147483645
16 2147483645
13 2147483645
74 2147483645
17 2147483645
55 2147483645
58 2147483646
22 2147483646
7 2147483646
33 2147483646
93 2147483646
72 2147483646
29 2147483646
56 2147483646
85 2147483646
9 2147483646
28 2147483646
77 2147483646
82 2147483646
96 2147483647
42 2147483647
79 2147483647
83 2147483647
37 2147483647
2 2147483647
91 2147483647
13 2147483647
7 2147483647
55 2147483647
52 2147483647
