96
88 1
2 2
14 3
4 4
26 5
39 7
7 7
37 7
86 9
58 9
49 9
10 9
16 10
90 12
77 12
41 13
3 13
25 13
90 14
31 17
47 17
48 17
23 18
28 18
22 18
65 19
4 21
1 21
77 25
50 25
95 28
79 28
40 31
89 34
51 34
91 35
51 36
1 38
97 39
36 40
7 42
26 43
3 45
46 45
74 46
56 49
50 49
33 49
83 50
52 50
92 52
25 52
93 54
92 54
83 55
98 56
41 59
46 61
71 61
76 62
16 63
16 65
79 65
76 66
3 66
52 66
98 67
65 67
63 67
49 70
77 71
57 73
17 76
90 77
59 78
68 79
41 79
33 82
40 82
7 83
89 85
72 86
11 86
5 88
31 88
13 89
40 90
92 91
85 92
99 92
26 93
39 93
60 94
82 96
94 97
25 98
