100
16 0
14 1
73 2
78 2
61 2
65 3
17 3
33 3
35 3
81 5
70 7
78 7
13 8
26 9
57 9
53 9
19 10
39 11
71 12
16 13
12 16
17 16
96 16
27 17
28 18
19 20
67 22
39 22
99 24
75 24
86 25
3 25
1 26
97 26
24 29
41 29
94 29
5 32
35 33
67 33
38 34
76 36
66 37
26 38
77 38
71 38
55 41
41 41
77 46
41 48
2 49
27 50
97 50
4 50
45 53
93 53
78 53
94 56
18 57
7 57
43 58
80 58
6 59
42 61
86 61
77 63
58 63
24 65
10 68
59 68
4 68
85 68
65 69
49 69
75 70
25 71
77 72
1 72
30 72
17 74
55 76
29 76
29 78
19 79
93 80
96 80
17 81
56 81
60 82
10 82
25 82
66 83
3 84
38 87
21 90
60 91
76 92
42 92
55 95
87 98
