100
94 2147483637
49 2147483637
52 2147483637
100 2147483637
25 2147483637
99 2147483637
23 2147483637
40 2147483637
81 2147483638
68 2147483638
13 2147483638
73 2147483638
96 2147483639
51 2147483639
38 2147483639
58 2147483639
26 2147483639
24 2147483639
25 2147483639
12 2147483639
84 2147483639
26 2147483639
21 2147483639
70 2147483639
72 2147483640
41 2147483640
77 2147483640
29 2147483640
40 2147483640
47 2147483640
33 2147483640
86 2147483640
29 2147483641
52 2147483641
68 2147483641
80 2147483641
90 2147483641
97 2147483641
12 2147483641
22 2147483641
56 2147483641
87 2147483641
81 2147483642
88 2147483642
91 2147483642
51 2147483642
58 2147483642
62 2147483642
71 2147483642
10 2147483642
89 2147483642
79 2147483642
41 2147483642
33 2147483642
32 2147483643
47 2147483643
99 2147483643
95 2147483643
15 2147483643
30 2147483643
79 2147483643
73 2147483644
82 2147483644
84 2147483644
8 2147483644
75 2147483644
52 2147483644
49 2147483644
82 2147483644
8 2147483644
33 2147483644
92 2147483644
18 2147483645
4 2147483645
37 2147483645
7 2147483645
18 2147483645
66 2147483645
42 2147483645
90 2147483645
71 2147483645
49 2147483645
62 2147483646
62 2147483646
62 2147483646
23 2147483646
24 2147483646
2 2147483646
98 2147483646
78 2147483646
92 2147483646
73 2147483647
46 2147483647
59 2147483647
59 2147483647
76 2147483647
56 2147483647
17 2147483647
45 2147483647
76 2147483647
