100
12 1
14 2
71 2
51 2
5 4
90 6
53 8
83 9
67 9
78 10
97 13
93 14
23 14
71 14
66 15
73 16
23 16
72 16
84 17
57 18
5 19
43 21
71 22
67 23
18 27
35 27
42 27
61 30
67 30
56 31
7 32
18 34
89 36
48 37
89 37
36 38
2 39
71 40
72 40
22 44
40 44
98 45
95 45
85 45
35 46
46 48
30 49
31 51
42 52
71 53
65 53
80 55
17 55
94 55
55 56
45 56
30 56
91 57
51 57
68 57
10 59
12 60
44 60
58 61
45 63
83 64
61 64
92 65
11 65
60 65
85 66
96 67
46 69
26 72
69 73
12 74
60 74
56 75
76 75
32 75
27 75
50 77
24 79
68 80
46 80
2 80
14 80
51 82
65 85
36 85
5 86
61 87
68 89
87 89
16 93
93 93
56 96
46 98
82 100
60 100
