100
79 1
76 2
76 2
34 3
83 5
60 6
46 7
56 8
37 8
24 10
29 12
30 12
46 16
20 17
61 18
49 19
10 19
63 20
53 21
53 22
57 22
85 22
94 23
24 26
35 29
86 31
27 31
46 32
96 32
82 33
31 34
86 34
40 34
29 35
55 35
40 38
24 39
14 40
17 40
81 41
59 41
12 42
42 42
32 42
96 43
73 45
57 45
76 46
23 48
96 48
57 54
86 56
46 57
61 58
81 58
54 58
29 59
100 62
91 63
47 64
66 66
17 66
61 68
96 68
70 71
49 73
30 74
37 74
35 75
8 75
3 75
83 76
43 77
22 79
16 81
76 81
34 81
11 81
6 82
60 82
2 82
55 83
50 83
44 84
88 84
61 85
9 89
20 90
63 90
84 91
22 91
98 92
17 93
47 93
46 93
71 95
97 97
75 97
11 98
74 99
