100
81 0
24 1
3 1
37 1
20 2
59 6
40 9
18 9
31 10
67 10
9 12
69 13
19 14
65 14
41 14
18 15
89 15
31 16
14 19
20 21
22 22
44 23
51 24
58 25
75 25
28 27
91 27
1 28
25 29
98 29
9 31
20 31
9 31
46 32
60 34
74 34
67 36
65 37
76 37
43 39
56 39
75 39
30 41
4 41
45 42
54 44
94 45
86 45
15 47
75 48
11 48
80 50
76 50
90 50
42 50
84 51
92 51
100 52
18 53
6 53
60 57
68 57
16 57
11 58
16 59
65 61
73 62
84 62
85 62
18 62
63 63
11 63
19 66
76 67
49 67
56 69
47 73
2 73
66 74
86 74
57 75
57 75
6 78
60 78
14 80
10 80
63 80
7 84
37 85
59 90
47 91
35 92
62 96
74 96
65 96
86 97
10 97
96 97
83 97
75 98
