100
2 0
77 2
10 4
75 4
87 5
11 7
5 8
16 8
99 10
97 12
93 13
87 14
17 15
89 16
95 16
96 16
43 18
35 19
13 20
12 23
15 24
65 26
93 27
85 28
86 31
51 31
32 32
66 33
56 33
47 36
92 37
23 38
13 38
34 39
80 39
28 40
3 42
48 43
11 43
42 44
92 46
71 46
15 48
63 51
17 52
47 54
53 55
56 56
83 58
56 60
86 61
55 61
61 67
95 67
43 67
41 68
65 69
97 70
65 70
91 71
84 71
30 72
35 72
81 73
33 73
40 73
64 73
54 75
72 76
38 76
18 77
89 79
98 79
21 79
63 80
22 80
35 81
24 82
75 82
33 83
37 84
34 84
54 86
93 86
99 87
32 87
29 88
69 88
61 90
4 90
52 91
17 91
37 92
29 93
96 95
67 96
28 99
60 99
31 99
29 100
