100
57 0
86 0
84 1
16 2
97 7
98 7
96 8
37 8
13 10
94 11
77 11
36 11
33 12
1 12
68 12
3 13
38 15
48 18
29 19
85 19
24 19
98 19
98 20
40 20
60 21
49 22
18 24
96 27
50 30
26 31
81 32
31 33
4 33
63 34
22 36
29 36
63 37
64 37
15 38
67 39
88 40
78 40
95 41
65 41
73 41
87 42
12 43
55 44
1 44
56 45
60 46
19 47
94 48
19 49
23 50
71 50
56 51
20 51
66 52
56 52
15 54
14 54
35 59
78 60
81 61
78 62
95 63
86 65
59 66
96 67
2 70
11 72
52 72
62 73
14 75
29 75
11 76
51 76
58 80
98 80
61 80
15 82
44 83
10 85
83 86
44 87
91 87
80 88
8 91
44 91
8 92
38 93
59 93
9 94
86 94
65 95
78 96
20 99
47 99
38 100
