100
42 2147483637
91 2147483637
72 2147483637
31 2147483637
71 2147483637
61 2147483637
66 2147483637
31 2147483637
51 2147483637
16 2147483637
20 2147483637
22 2147483638
66 2147483638
87 2147483638
66 2147483638
84 2147483638
72 2147483638
26 2147483638
41 2147483638
58 2147483638
2 2147483638
21 2147483638
89 2147483638
36 2147483638
81 2147483639
50 2147483639
78 2147483639
45 2147483639
95 2147483639
67 2147483639
84 2147483639
25 2147483639
71 2147483640
26 2147483640
18 2147483640
89 2147483640
71 2147483640
73 2147483640
33 2147483640
47 2147483640
76 2147483640
23 2147483640
58 2147483640
61 2147483640
4 2147483641
91 2147483641
64 2147483641
27 2147483641
46 2147483641
82 2147483641
34 2147483641
71 2147483641
73 2147483642
10 2147483642
23 2147483642
44 2147483642
19 2147483642
98 2147483642
9 2147483642
15 2147483642
39 2147483642
99 2147483642
50 2147483642
83 2147483642
84 2147483643
80 2147483643
50 2147483643
75 2147483643
36 2147483643
66 2147483643
51 2147483643
64 2147483643
56 2147483644
19 2147483644
17 2147483644
59 2147483644
88 2147483644
93 2147483644
17 2147483644
9 2147483644
67 2147483644
83 2147483645
30 2147483645
17 2147483645
41 2147483645
50 2147483645
10 2147483645
29 2147483646
23 2147483646
99 2147483646
32 2147483646
16 2147483646
39 2147483646
36 2147483646
68 2147483646
42 2147483646
95 2147483647
70 2147483647
77 2147483647
72 2147483647
