93
86 0
90 1
56 1
17 1
92 4
63 6
67 8
75 9
40 9
51 10
82 11
34 14
89 14
34 16
61 16
99 17
27 18
60 18
60 18
5 20
81 22
28 24
31 24
74 26
71 27
53 27
36 27
50 30
27 32
26 32
69 32
84 32
79 33
92 33
70 34
4 37
38 39
94 41
18 41
49 44
36 46
50 47
17 47
37 47
85 47
73 48
68 49
35 52
20 53
54 54
57 54
71 56
37 56
92 58
75 59
25 59
87 59
41 60
22 60
73 61
38 64
77 64
11 66
17 67
86 71
30 71
88 72
74 73
8 75
64 76
30 78
74 79
51 82
78 82
24 83
52 83
39 83
5 84
21 87
96 87
25 87
64 88
75 88
82 88
76 91
70 92
75 93
66 94
67 95
32 96
37 96
42 96
12 98
