92
6 0
30 0
12 1
38 1
43 2
46 4
20 5
2 10
44 11
5 12
5 12
54 13
28 13
46 14
22 15
52 16
15 16
20 19
22 19
29 19
52 21
10 22
40 23
18 23
1 23
36 24
10 25
50 27
4 28
12 28
4 29
52 29
55 32
24 34
53 35
1 38
27 38
39 39
37 42
53 42
39 43
56 44
45 44
50 45
49 45
26 45
14 45
34 47
12 47
26 49
17 50
49 52
31 53
42 53
44 56
25 60
8 60
34 61
52 62
49 62
52 62
43 63
19 66
25 67
2 67
12 68
36 69
53 70
16 71
12 72
4 72
11 74
30 75
5 75
10 76
42 76
43 79
7 80
13 81
20 82
34 83
28 83
39 83
46 83
32 84
42 84
37 85
12 86
25 89
42 90
26 91
32 91
