100
85 1
52 2
18 2
40 3
82 3
80 4
48 6
44 7
28 7
32 9
23 14
95 14
97 15
42 16
90 16
93 17
94 19
16 20
52 21
91 22
98 22
57 23
95 23
16 24
8 24
33 24
86 24
91 25
4 26
75 27
17 28
52 29
3 29
58 30
23 34
31 35
8 36
37 36
58 37
59 37
50 38
76 38
21 41
59 42
28 44
19 44
88 44
18 46
44 46
65 46
60 46
64 49
90 50
76 50
7 52
68 53
39 54
2 54
99 55
4 56
37 57
5 57
61 57
14 58
24 58
85 59
36 61
37 61
24 61
94 63
68 65
27 65
94 66
84 71
14 73
27 74
96 75
44 77
84 79
43 79
23 79
93 79
80 80
34 81
11 83
12 83
61 85
58 88
76 91
24 92
31 94
8 95
34 95
39 96
94 96
92 97
11 98
70 99
94 100
4 100
