100
78 2147483637
90 2147483637
62 2147483637
3 2147483637
27 2147483637
34 2147483637
72 2147483637
38 2147483638
94 2147483638
81 2147483638
24 2147483638
19 2147483638
53 2147483638
45 2147483638
79 2147483639
59 2147483639
70 2147483639
45 2147483639
94 2147483639
26 2147483639
92 2147483639
35 2147483639
59 2147483640
81 2147483640
61 2147483640
1 2147483640
69 2147483640
67 2147483640
63 2147483640
13 2147483640
29 2147483640
10 2147483640
93 2147483641
87 2147483641
85 2147483641
79 2147483641
73 2147483641
55 2147483642
34 2147483642
46 2147483642
89 2147483642
8 2147483642
38 2147483642
28 2147483642
4 2147483642
59 2147483642
73 2147483642
40 2147483642
50 2147483643
9 2147483643
71 2147483643
52 2147483643
63 2147483643
24 2147483643
65 2147483643
54 2147483643
10 2147483643
46 2147483643
1 2147483643
87 2147483643
73 2147483643
24 2147483643
94 2147483644
4 2147483644
63 2147483644
50 2147483644
82 2147483644
67 2147483644
26 2147483644
76 2147483644
17 2147483644
39 2147483644
13 2147483644
75 2147483644
40 2147483645
34 2147483645
36 2147483645
47 2147483645
62 2147483645
37 2147483645
51 2147483645
100 2147483645
62 2147483645
73 2147483645
32 2147483645
37 2147483645
37 2147483645
60 2147483646
63 2147483646
95 2147483646
93 2147483646
28 2147483646
48 2147483646
67 2147483647
11 2147483647
78 2147483647
73 2147483647
77 2147483647
7 2147483647
97 2147483647
