89
61 0
30 0
26 0
81 1
26 1
5 1
2 1
8 1
48 3
89 5
73 5
32 5
34 6
22 6
25 7
26 10
63 11
85 11
73 13
88 16
58 19
32 19
45 20
12 20
32 23
59 24
76 25
14 27
54 27
71 28
73 28
27 29
7 30
17 31
43 32
40 36
82 37
59 39
4 40
37 43
68 46
84 47
100 48
18 49
79 50
33 52
59 52
8 54
7 54
71 54
84 55
9 55
7 55
91 56
15 57
85 57
74 58
88 59
63 60
83 62
82 62
46 64
13 65
10 67
54 68
4 69
32 70
59 70
32 70
44 71
55 71
42 72
78 72
33 72
40 74
59 75
22 76
22 77
46 78
76 78
48 78
73 79
35 79
59 85
27 88
28 88
40 91
8 92
28 98
