100
38 2147483637
31 2147483637
59 2147483637
33 2147483638
10 2147483638
25 2147483638
93 2147483638
17 2147483638
71 2147483638
9 2147483638
54 2147483638
79 2147483639
55 2147483639
85 2147483639
85 2147483639
73 2147483639
47 2147483639
57 2147483639
31 2147483639
52 2147483639
17 2147483639
86 2147483639
91 2147483639
31 2147483639
27 2147483639
72 2147483639
80 2147483640
21 2147483640
83 2147483640
54 2147483640
45 2147483641
77 2147483641
28 2147483641
67 2147483641
6 2147483641
48 2147483641
11 2147483641
64 2147483641
90 2147483641
96 2147483641
7 2147483641
11 2147483641
10 2147483641
17 2147483642
69 2147483642
53 2147483642
47 2147483642
67 2147483642
36 2147483642
71 2147483642
79 2147483642
99 2147483642
50 2147483642
83 2147483642
52 2147483643
6 2147483643
88 2147483643
82 2147483643
87 2147483643
88 2147483643
29 2147483643
89 2147483643
43 2147483643
64 2147483644
88 2147483644
5 2147483644
49 2147483644
12 2147483644
53 2147483644
66 2147483644
100 2147483644
25 2147483644
91 2147483644
94 2147483644
4 2147483644
62 2147483644
57 2147483644
30 2147483645
88 2147483645
44 2147483645
8 2147483645
86 2147483645
43 2147483645
70 2147483645
5 2147483645
10 2147483645
40 2147483645
87 2147483645
27 2147483646
59 2147483646
40 2147483646
65 2147483646
35 2147483646
53 2147483647
25 2147483647
28 2147483647
58 2147483647
14 2147483647
43 2147483647
93 2147483647
