100
22 0
71 0
26 0
26 0
92 0
13 0
19 0
84 1
60 2
65 2
62 6
44 7
58 8
92 11
85 11
33 12
73 16
36 16
16 16
84 17
80 17
32 18
29 19
91 19
47 21
70 22
41 22
55 22
61 22
31 23
64 23
78 24
88 26
48 27
66 28
93 29
1 29
44 29
44 30
100 30
94 31
82 33
93 33
87 33
43 35
4 39
100 39
88 41
99 41
14 42
5 42
44 42
64 42
1 43
85 45
36 45
9 46
43 46
65 51
13 52
49 52
21 53
90 53
79 53
33 56
18 57
68 59
18 60
89 62
89 62
18 62
95 63
73 64
71 65
5 66
73 67
45 70
22 71
40 72
69 72
2 75
12 76
97 76
50 78
10 78
5 79
75 79
25 80
80 80
95 81
11 83
51 85
11 85
13 85
23 85
94 85
44 87
96 95
32 97
8 97
