100
78 1
69 2
30 4
10 4
86 5
34 5
85 6
23 8
6 8
28 10
14 12
41 16
47 16
87 17
62 18
100 18
1 18
34 19
75 19
77 20
96 20
17 21
4 23
5 25
66 25
95 25
3 27
84 27
37 28
66 28
43 28
24 29
5 29
3 30
64 30
44 30
52 32
89 32
97 33
39 34
18 36
42 39
31 39
41 41
78 41
55 42
37 47
91 50
47 50
100 51
24 52
65 52
42 53
68 55
8 56
10 56
88 57
19 57
87 59
66 60
98 62
43 62
11 63
91 63
97 64
8 68
9 69
12 69
51 72
90 72
86 72
64 72
78 73
86 73
41 75
81 75
92 76
81 77
31 78
69 80
75 82
60 86
25 88
43 91
64 91
75 93
33 94
97 94
31 96
16 96
73 96
89 96
40 97
53 97
43 99
89 99
99 99
76 99
67 99
21 100
