95
44 0
38 3
50 5
85 9
27 10
73 11
52 15
90 15
56 15
39 15
77 18
70 18
37 19
35 20
21 22
90 23
84 24
99 25
39 26
69 26
10 29
98 31
39 31
43 33
15 36
52 38
14 38
98 38
34 39
47 40
46 40
3 43
48 45
61 46
25 46
36 47
23 47
79 48
59 49
42 50
34 50
24 50
79 51
53 51
71 52
2 53
7 56
55 57
31 58
8 58
48 59
30 59
8 59
52 61
1 61
8 62
30 66
23 66
51 68
97 68
61 69
23 73
72 74
81 74
63 77
84 79
54 79
37 80
59 81
25 82
47 82
88 83
55 83
51 85
23 85
93 86
62 86
17 87
57 87
60 88
86 88
73 92
74 92
77 94
73 94
67 94
18 96
99 97
10 98
97 98
39 99
12 99
41 100
33 100
38 100
