100
57 2147483637
12 2147483637
77 2147483637
55 2147483637
73 2147483637
51 2147483637
22 2147483638
25 2147483638
73 2147483638
19 2147483638
53 2147483638
57 2147483638
51 2147483638
6 2147483638
39 2147483638
47 2147483639
69 2147483639
30 2147483639
49 2147483639
62 2147483639
63 2147483639
28 2147483639
22 2147483639
80 2147483639
69 2147483639
1 2147483640
49 2147483640
32 2147483640
26 2147483640
19 2147483640
18 2147483640
88 2147483640
21 2147483640
22 2147483640
69 2147483640
67 2147483641
61 2147483641
35 2147483641
66 2147483641
89 2147483641
23 2147483641
75 2147483641
93 2147483641
15 2147483641
64 2147483642
20 2147483642
5 2147483642
89 2147483642
19 2147483642
41 2147483643
57 2147483643
76 2147483643
19 2147483643
68 2147483643
31 2147483643
19 2147483643
74 2147483643
78 2147483643
53 2147483643
95 2147483643
87 2147483643
12 2147483644
77 2147483644
47 2147483644
40 2147483644
96 2147483644
95 2147483644
73 2147483644
98 2147483644
70 2147483644
18 2147483644
12 2147483644
11 2147483645
51 2147483645
85 2147483645
91 2147483645
70 2147483645
99 2147483645
60 2147483645
42 2147483645
18 2147483646
62 2147483646
29 2147483646
99 2147483646
66 2147483646
5 2147483646
74 2147483646
81 2147483646
20 2147483646
35 2147483646
56 2147483647
47 2147483647
95 2147483647
99 2147483647
42 2147483647
37 2147483647
68 2147483647
95 2147483647
78 2147483647
99 2147483647
