100
58 0
35 1
60 2
14 4
29 5
45 6
13 6
90 8
49 8
84 10
64 10
25 11
53 11
87 13
79 14
68 15
60 15
28 19
67 22
39 24
36 27
57 28
88 30
42 30
7 31
80 31
52 32
19 33
15 34
12 35
79 35
75 36
16 38
52 40
87 41
47 42
36 42
71 42
7 43
7 43
70 43
80 44
14 44
4 45
7 46
21 46
19 47
2 47
84 49
77 50
32 50
59 51
90 52
88 52
19 54
22 54
37 54
6 55
76 55
39 57
80 58
22 59
47 59
46 59
97 60
91 60
65 60
99 61
19 61
19 61
46 64
55 65
83 65
4 65
28 66
62 66
93 68
44 69
85 74
7 75
51 80
14 80
45 82
60 83
5 85
31 85
49 87
98 87
40 88
30 88
51 88
49 89
19 90
21 91
27 91
2 94
35 95
55 96
22 98
69 99
