100
98 2147483637
17 2147483637
72 2147483637
15 2147483637
47 2147483637
3 2147483637
62 2147483637
66 2147483637
26 2147483637
32 2147483637
41 2147483638
27 2147483638
49 2147483638
35 2147483638
46 2147483638
95 2147483638
87 2147483638
18 2147483639
100 2147483639
69 2147483639
34 2147483639
39 2147483639
63 2147483639
35 2147483639
29 2147483640
86 2147483640
56 2147483640
58 2147483640
18 2147483640
99 2147483640
24 2147483640
97 2147483640
91 2147483640
9 2147483641
69 2147483641
80 2147483641
62 2147483641
16 2147483641
22 2147483641
49 2147483641
16 2147483642
21 2147483642
46 2147483642
57 2147483642
93 2147483642
86 2147483642
48 2147483642
66 2147483642
71 2147483642
73 2147483642
68 2147483642
44 2147483642
92 2147483643
68 2147483643
84 2147483643
72 2147483643
57 2147483643
19 2147483643
98 2147483643
97 2147483644
41 2147483644
67 2147483644
57 2147483644
11 2147483644
85 2147483644
74 2147483644
57 2147483644
14 2147483645
7 2147483645
41 2147483645
20 2147483645
29 2147483645
23 2147483645
2 2147483645
90 2147483645
70 2147483645
64 2147483645
98 2147483645
84 2147483645
95 2147483645
20 2147483645
38 2147483646
92 2147483646
85 2147483646
2 2147483646
24 2147483646
46 2147483646
34 2147483646
89 2147483646
68 2147483646
90 2147483647
19 2147483647
48 2147483647
41 2147483647
56 2147483647
72 2147483647
39 2147483647
73 2147483647
55 2147483647
22 2147483647
