97
19 0
88 2
83 4
73 5
81 6
15 7
81 9
29 10
59 12
49 12
38 16
88 17
74 18
44 18
23 19
1 19
14 22
18 23
95 23
64 23
78 24
10 25
15 26
61 26
78 26
75 26
23 28
76 30
29 30
42 31
51 31
55 32
28 33
27 33
48 35
78 35
13 37
39 37
5 37
97 37
78 37
37 38
42 38
73 39
96 40
1 41
97 41
6 43
29 44
55 45
32 46
97 47
90 48
60 48
43 49
65 49
91 51
16 52
76 57
21 58
7 60
24 61
81 61
86 63
86 64
86 65
27 66
61 66
66 66
29 66
69 67
25 68
57 70
16 71
32 71
80 71
60 71
5 73
92 76
13 79
22 79
56 80
17 82
20 82
60 83
45 85
74 86
86 86
16 89
97 89
15 91
28 91
46 92
50 93
73 93
30 94
20 96
