100
36 0
42 0
59 2
22 3
81 4
39 5
91 5
43 7
12 8
21 9
56 9
62 11
33 12
81 13
70 14
89 14
60 16
13 16
96 16
27 17
43 18
77 19
89 21
85 21
21 22
80 24
41 24
47 26
16 28
33 28
33 28
87 28
51 29
48 29
44 33
82 34
9 34
84 38
65 39
94 41
96 41
67 41
66 45
73 45
7 46
52 46
84 48
39 48
6 51
3 54
15 54
70 55
19 56
14 59
3 59
75 60
87 61
93 65
79 65
96 65
14 66
65 67
69 68
69 71
28 71
58 71
11 72
33 73
93 73
3 73
45 74
4 75
30 78
94 78
70 79
2 79
80 80
41 82
26 84
55 85
53 86
8 86
78 86
10 86
16 86
86 86
77 87
50 87
1 87
99 90
88 91
45 91
88 92
76 93
51 94
43 96
92 96
5 98
22 100
68 100
