100
41 0
5 1
8 2
29 4
55 4
10 4
48 6
8 8
98 8
30 9
73 11
71 11
27 11
46 12
70 14
93 15
42 15
95 15
59 16
19 17
99 18
30 18
38 19
21 19
29 21
4 23
38 24
38 24
4 26
61 26
57 28
98 30
5 31
21 31
45 31
76 32
25 33
61 34
28 34
61 35
50 36
89 36
68 36
55 36
35 36
55 37
27 37
12 39
100 40
17 45
100 46
70 47
30 49
37 49
71 50
44 50
80 53
23 53
37 55
48 55
23 57
97 59
86 63
66 64
32 67
52 68
50 70
44 71
78 71
15 73
78 74
21 76
90 77
78 77
50 78
41 78
70 80
29 80
63 80
12 80
98 80
40 81
62 83
73 84
52 84
92 85
39 85
36 87
35 87
10 88
2 89
96 90
69 90
77 94
88 96
62 97
35 97
81 97
57 98
13 99
