100
70 1
57 1
90 1
64 3
42 4
6 7
84 9
36 10
18 10
72 11
24 13
33 14
70 15
79 17
11 18
18 18
64 20
67 20
12 21
11 21
17 22
56 22
48 22
58 23
84 27
68 27
18 30
96 31
86 31
39 32
100 34
21 34
52 36
65 37
86 37
94 38
29 39
94 39
96 40
85 42
92 44
17 45
39 46
15 47
97 47
77 47
98 47
30 49
98 50
72 53
31 54
8 54
18 54
99 54
27 55
52 55
75 57
63 58
76 58
32 59
31 59
22 59
63 63
3 63
13 63
23 66
34 66
70 66
26 67
99 70
26 71
4 71
7 71
28 72
94 72
64 72
59 74
70 76
36 78
79 82
91 82
46 84
18 85
68 88
31 89
89 89
12 91
71 91
87 92
80 93
48 93
87 94
70 95
30 96
20 96
93 96
34 96
54 97
94 98
34 100
