100
47 2
21 3
78 6
7 6
96 6
65 6
42 7
39 8
9 9
72 11
56 11
46 12
14 14
64 15
20 16
52 17
30 19
25 22
59 23
39 24
18 25
64 26
13 27
22 27
78 29
96 29
13 30
30 31
19 32
90 32
70 33
66 33
18 36
79 37
45 37
48 39
21 39
13 40
96 40
90 43
86 43
23 44
19 44
52 44
44 46
56 47
39 48
13 50
37 50
46 51
33 54
1 54
66 55
78 55
69 57
95 57
2 58
71 59
95 60
56 60
87 61
40 62
21 62
46 63
51 63
70 65
16 66
66 69
41 69
63 70
70 71
43 72
49 72
74 72
26 72
7 75
30 77
74 78
51 78
36 80
68 81
11 82
29 86
16 86
55 87
14 87
60 87
98 89
55 89
4 90
32 91
39 91
73 92
9 94
32 94
91 96
22 96
14 98
66 99
79 100
