87
40 1
26 2
23 3
95 3
65 4
26 5
37 6
61 7
15 8
29 8
4 11
55 11
10 12
88 18
89 21
64 22
47 23
27 26
14 26
36 30
69 31
16 32
46 33
25 35
24 37
97 38
93 38
19 39
97 40
23 40
32 40
90 41
65 42
70 42
30 43
50 43
75 44
29 44
92 44
18 48
39 48
33 48
21 50
31 52
43 53
42 53
76 55
23 55
68 57
69 58
44 58
32 59
31 60
76 61
79 61
14 61
78 62
83 62
37 64
84 64
72 65
4 67
56 67
74 71
18 71
75 73
95 77
80 77
42 78
3 80
20 82
69 84
76 88
7 89
23 89
95 90
6 90
72 91
2 92
78 93
52 94
89 94
47 95
29 96
13 96
79 97
1 99
