100
22 0
63 1
28 3
32 4
14 5
44 6
54 7
52 8
92 8
35 8
21 9
9 9
94 9
44 9
82 14
71 14
21 15
80 16
2 18
19 20
3 22
43 22
19 23
12 23
1 23
5 24
30 25
39 27
54 28
75 28
15 28
39 29
12 30
21 30
95 31
28 31
59 34
85 35
82 35
11 36
26 41
39 41
3 42
3 42
1 42
46 42
64 44
90 44
89 44
86 44
2 45
12 48
16 50
42 52
13 53
87 54
51 55
12 55
24 55
31 57
85 57
27 58
38 58
15 58
68 64
47 65
53 68
87 69
42 69
89 70
8 71
46 72
93 72
47 74
79 74
10 76
22 78
21 79
91 81
81 81
38 82
87 82
25 85
52 87
35 88
91 93
46 94
43 94
16 95
59 95
38 95
16 96
71 97
100 99
82 99
68 99
44 99
6 100
98 100
83 100
