100
62 0
86 1
11 1
84 1
80 2
77 3
78 3
30 7
10 7
19 8
33 9
54 10
2 10
88 14
68 15
99 15
80 16
63 16
5 17
87 17
60 18
40 19
58 19
15 20
25 20
91 22
58 25
95 26
70 26
97 27
34 28
71 28
29 29
95 30
74 31
66 34
9 36
51 38
94 39
26 39
90 40
95 41
3 42
82 42
38 42
19 44
67 45
6 46
98 46
14 49
7 50
43 52
8 55
73 56
9 59
40 59
47 60
55 61
8 61
19 64
27 64
73 64
21 65
98 66
70 70
70 70
68 72
22 73
4 73
94 74
13 74
88 75
83 75
99 75
98 76
21 76
27 77
51 78
27 78
96 80
7 80
13 81
49 83
15 84
76 85
68 85
38 92
49 93
32 93
18 93
71 93
4 94
100 94
95 94
33 95
10 96
90 96
9 97
92 99
83 100
