100
83 0
68 0
7 1
60 1
31 3
63 3
53 3
56 4
59 4
47 8
5 9
39 10
15 10
90 11
36 12
90 13
42 15
60 15
55 17
76 17
100 18
97 18
2 20
6 20
79 22
52 23
79 25
60 25
15 26
73 26
33 27
46 28
13 28
16 29
62 31
94 33
79 34
78 34
3 35
45 36
52 39
69 39
50 40
74 42
28 42
2 42
47 44
76 44
7 44
45 44
61 46
36 47
88 47
74 48
10 49
5 49
26 51
1 54
19 59
38 60
14 62
76 63
52 63
73 64
16 64
55 64
90 65
39 65
51 66
82 68
19 68
91 69
10 69
3 69
38 70
100 70
92 71
45 73
80 74
5 75
63 75
74 76
53 79
2 81
38 81
87 84
8 84
91 85
5 85
91 86
25 87
33 88
14 90
6 92
49 94
9 94
1 95
71 95
88 98
47 99
