100
55 0
90 0
12 0
19 0
24 3
60 3
99 4
30 8
32 8
61 8
76 9
28 10
29 13
76 15
91 16
42 20
27 21
70 22
89 22
30 27
3 30
82 31
39 31
26 32
75 32
46 34
57 34
85 34
80 36
74 38
27 38
43 39
47 39
68 39
10 41
5 41
63 42
40 43
64 45
52 47
89 48
85 49
64 50
57 51
79 53
78 53
42 53
55 55
32 55
1 57
23 58
77 59
91 59
98 62
5 63
51 64
31 65
10 66
9 67
7 69
91 69
30 69
26 69
33 72
45 72
100 73
36 74
71 75
76 75
69 76
1 78
2 78
58 78
20 79
98 79
7 79
5 79
64 80
28 82
46 85
76 85
34 86
18 87
78 88
99 89
13 89
52 90
30 90
9 90
30 90
51 91
35 92
27 92
34 94
26 96
12 97
65 98
75 98
35 99
53 100
