86
61 3
92 4
1 4
97 5
96 7
73 7
92 7
90 7
78 7
20 10
2 12
43 12
12 12
27 12
94 13
28 15
44 16
36 18
97 19
6 20
33 21
17 22
18 23
26 24
5 25
62 27
87 27
24 28
39 29
24 29
36 30
21 31
45 34
90 35
18 36
56 36
29 43
23 43
25 45
3 47
83 47
73 47
35 48
95 48
77 49
84 50
91 51
80 52
82 52
31 56
23 58
19 59
71 59
7 59
32 60
27 60
45 62
16 63
56 64
24 66
53 69
2 69
33 72
26 73
82 73
58 75
47 76
91 77
11 77
55 79
100 79
56 80
48 82
93 83
65 84
4 84
59 85
77 85
70 88
17 90
21 91
41 92
45 94
63 94
52 100
85 100
