100
92 1
70 2
55 3
38 4
64 4
20 5
33 6
90 6
40 8
46 9
35 9
21 11
81 11
10 11
35 12
5 13
93 17
12 19
98 20
74 25
79 27
99 29
100 29
64 30
69 33
5 33
86 34
11 35
28 36
29 39
53 39
34 41
39 42
6 42
38 43
60 44
42 44
94 46
15 46
48 47
14 47
37 47
73 47
25 48
63 48
2 49
96 51
29 52
14 52
83 53
32 54
86 54
51 55
29 55
38 56
3 57
34 57
24 59
14 60
80 61
40 62
74 63
70 64
8 65
69 66
32 67
15 68
43 69
32 69
7 71
1 71
37 76
88 76
35 76
78 78
81 78
55 78
26 80
94 81
9 85
16 85
5 87
98 89
90 90
45 90
57 91
49 92
59 94
59 94
73 95
59 95
84 95
72 95
76 97
22 97
60 98
59 99
33 99
70 100
91 100
