94
55 0
4 2
83 3
71 4
65 7
53 8
8 10
65 10
42 10
7 11
45 12
72 13
63 13
42 13
77 13
5 13
4 13
78 14
74 15
34 16
39 16
1 17
2 18
54 18
58 19
43 20
30 20
57 21
7 21
61 21
18 21
4 22
40 24
52 24
38 24
78 27
40 27
20 28
36 28
14 29
57 29
44 29
10 30
32 31
2 31
31 31
55 33
61 33
50 34
43 38
57 40
64 40
31 40
83 41
15 41
15 42
53 42
4 43
38 43
3 44
60 46
32 46
31 46
23 48
41 48
21 49
16 49
23 50
1 50
85 50
17 53
51 54
64 56
47 58
10 58
57 59
35 62
19 62
45 65
28 67
39 68
77 68
58 72
41 73
56 73
72 74
51 74
18 74
86 75
72 75
80 75
40 76
87 77
20 77
