100
32 0
74 1
17 3
88 4
85 4
40 4
47 5
47 7
91 8
74 8
55 8
73 9
33 10
28 11
15 11
37 12
95 13
25 13
60 17
94 18
76 19
48 19
17 19
73 20
54 20
85 22
59 22
23 26
84 28
31 28
65 30
96 31
33 31
31 32
71 36
15 37
31 37
39 37
3 37
97 42
25 46
42 46
39 47
23 49
82 51
27 51
14 52
91 53
1 53
23 54
62 54
6 54
55 56
14 56
56 58
82 58
10 61
100 61
65 63
55 63
54 63
13 65
68 66
11 66
42 66
71 68
73 69
56 70
12 70
63 71
57 73
91 74
5 75
62 76
13 77
52 78
93 78
94 79
9 80
47 80
60 81
54 85
83 86
67 87
56 87
11 87
18 88
70 91
25 91
33 94
5 94
53 95
95 97
31 97
65 97
28 97
6 98
81 98
12 99
13 100
