100
10 0
8 2
98 3
44 3
27 4
41 5
2 8
4 10
4 10
76 13
17 13
24 14
24 14
91 15
92 15
13 17
95 18
95 20
31 20
10 22
16 23
31 24
15 25
52 29
10 29
53 30
91 32
71 32
8 33
18 34
63 34
9 34
52 36
3 36
34 36
58 36
88 36
45 39
36 40
29 41
50 43
50 45
40 47
32 48
31 48
72 49
92 50
63 50
23 51
18 52
61 52
60 53
71 55
96 57
47 58
90 59
55 59
45 60
63 61
32 62
71 66
12 66
55 66
28 66
12 67
95 67
64 67
25 69
33 71
27 74
65 78
79 79
11 80
4 81
14 81
98 82
73 83
90 84
27 84
17 85
5 85
74 87
48 91
92 91
92 93
32 93
43 94
83 94
51 95
36 95
25 96
56 96
99 96
66 97
52 98
29 98
75 98
76 98
75 99
54 100
