100
15 1
32 1
79 3
89 4
77 4
50 5
55 5
48 7
62 8
19 9
57 9
87 9
77 10
24 10
40 14
40 18
22 22
48 24
63 24
3 26
20 26
60 26
54 26
83 27
50 27
3 27
9 28
45 29
95 31
77 32
49 34
84 37
94 37
29 40
29 40
70 41
61 42
83 43
28 43
21 46
30 46
14 46
69 48
25 48
46 49
73 49
84 51
75 51
52 52
4 52
97 52
70 53
94 53
28 53
52 54
52 55
8 56
4 57
6 59
11 60
32 60
80 61
67 61
48 61
68 62
58 63
64 64
5 67
79 69
62 70
68 72
13 72
96 72
57 74
15 77
53 77
87 77
60 77
11 78
6 78
91 81
50 82
57 82
87 82
55 82
88 83
45 84
73 87
35 93
13 94
64 94
70 95
36 95
79 98
55 98
96 99
13 99
5 100
5 100
56 100
