100
25 1
28 1
94 3
68 3
97 5
100 5
84 6
68 8
57 9
64 9
100 12
95 13
98 15
60 17
66 17
1 18
78 18
39 18
56 20
64 22
83 23
67 24
88 24
59 25
96 26
90 26
84 26
100 28
21 29
37 31
99 31
59 33
17 33
70 34
31 36
29 37
63 37
68 38
34 38
26 38
95 38
43 40
95 40
46 40
31 45
12 46
63 46
8 46
1 46
80 47
98 48
87 51
53 51
30 54
13 54
69 55
48 55
82 57
69 59
4 61
7 61
76 63
98 63
63 64
14 64
21 66
57 66
67 67
54 68
21 69
98 71
12 72
90 72
86 73
42 74
84 74
84 75
51 75
44 75
80 77
82 78
11 81
45 82
67 82
55 83
77 83
9 85
66 86
66 87
97 87
92 88
25 88
9 89
71 89
49 90
13 93
9 94
25 96
23 99
9 99
