100
45 2147483637
93 2147483637
2 2147483637
23 2147483637
67 2147483637
36 2147483637
42 2147483637
89 2147483637
95 2147483637
77 2147483637
37 2147483637
21 2147483637
63 2147483637
90 2147483637
95 2147483637
23 2147483637
90 2147483637
50 2147483638
8 2147483638
7 2147483638
90 2147483638
94 2147483638
68 2147483638
65 2147483638
46 2147483639
57 2147483639
69 2147483639
84 2147483639
88 2147483639
64 2147483639
75 2147483639
60 2147483639
13 2147483639
17 2147483639
88 2147483640
71 2147483640
70 2147483640
94 2147483640
97 2147483640
22 2147483640
54 2147483640
22 2147483640
29 2147483640
77 2147483641
46 2147483641
29 2147483641
49 2147483641
41 2147483641
68 2147483641
40 2147483642
11 2147483642
72 2147483642
55 2147483642
75 2147483642
87 2147483642
89 2147483642
5 2147483642
94 2147483642
93 2147483642
98 2147483642
74 2147483642
66 2147483643
48 2147483643
95 2147483643
24 2147483643
21 2147483643
74 2147483643
2 2147483643
45 2147483644
35 2147483644
17 2147483644
90 2147483644
14 2147483644
36 2147483644
86 2147483644
42 2147483644
73 2147483645
70 2147483645
90 2147483645
100 2147483645
57 2147483645
78 2147483645
77 2147483645
46 2147483645
97 2147483645
21 2147483645
90 2147483646
90 2147483646
32 2147483646
50 2147483646
39 2147483646
96 2147483646
46 2147483646
94 2147483646
77 2147483647
78 2147483647
55 2147483647
36 2147483647
69 2147483647
6 2147483647
