100
24 2147483637
49 2147483637
48 2147483637
74 2147483637
70 2147483637
61 2147483637
70 2147483637
23 2147483637
86 2147483637
52 2147483637
52 2147483637
48 2147483637
23 2147483637
33 2147483637
31 2147483638
35 2147483638
10 2147483638
40 2147483638
37 2147483638
90 2147483638
5 2147483638
89 2147483638
67 2147483638
34 2147483638
85 2147483638
75 2147483638
46 2147483638
41 2147483639
27 2147483639
33 2147483639
27 2147483639
78 2147483639
63 2147483639
1 2147483639
76 2147483639
49 2147483640
43 2147483640
2 2147483640
19 2147483640
88 2147483640
47 2147483640
97 2147483640
39 2147483641
63 2147483641
30 2147483641
5 2147483641
23 2147483641
37 2147483641
65 2147483641
92 2147483641
1 2147483642
2 2147483642
95 2147483642
35 2147483642
99 2147483642
95 2147483642
9 2147483643
40 2147483643
57 2147483643
56 2147483643
67 2147483643
56 2147483643
8 2147483643
16 2147483644
90 2147483644
43 2147483644
51 2147483644
49 2147483644
26 2147483644
48 2147483644
73 2147483644
50 2147483645
15 2147483645
87 2147483645
34 2147483645
69 2147483645
32 2147483645
27 2147483645
60 2147483645
44 2147483645
68 2147483645
91 2147483645
82 2147483646
15 2147483646
96 2147483646
21 2147483646
22 2147483646
10 2147483646
75 2147483646
24 2147483646
97 2147483646
32 2147483646
73 2147483647
51 2147483647
92 2147483647
70 2147483647
29 2147483647
73 2147483647
93 2147483647
48 2147483647
