100
85 0
32 3
4 5
86 5
39 6
93 7
14 7
16 8
35 8
84 9
10 9
35 12
55 13
59 13
4 14
27 15
23 16
44 21
4 23
86 23
93 26
69 26
89 26
92 27
48 27
81 28
86 29
51 29
54 31
20 33
75 33
60 34
81 34
36 35
63 35
2 35
51 37
92 38
22 38
60 39
41 39
94 41
39 41
76 42
92 42
10 45
45 47
90 48
85 49
70 50
83 51
7 51
79 51
76 51
45 54
60 54
17 55
90 57
53 57
61 57
8 58
71 61
14 61
79 62
97 65
30 66
40 66
69 67
87 67
26 69
76 72
87 73
74 73
62 73
41 73
88 74
72 75
91 75
7 76
65 76
30 78
68 78
34 79
61 80
32 82
73 82
83 83
30 85
76 86
69 86
49 89
49 89
96 90
78 92
11 93
22 95
46 96
66 98
69 99
61 99
