100
44 0
94 0
28 1
35 1
69 2
70 4
4 7
16 7
29 7
10 8
22 8
3 9
51 16
28 16
70 17
17 18
43 18
99 20
93 20
30 21
73 23
18 25
100 26
34 26
79 27
63 27
6 28
12 30
37 30
91 30
46 31
1 31
63 33
97 33
9 34
65 35
27 36
76 37
63 39
41 39
56 39
64 44
44 44
25 45
70 45
12 45
44 46
21 47
83 47
19 48
53 49
8 49
51 49
61 50
11 50
13 51
41 53
3 53
81 54
75 54
32 55
41 55
4 55
32 60
96 60
59 60
54 61
22 62
10 64
32 65
25 65
57 66
96 67
21 67
12 67
61 69
91 70
41 72
68 72
88 74
36 75
23 78
45 79
56 80
8 81
13 82
100 84
46 85
45 85
32 86
75 87
10 87
86 91
82 93
15 93
29 93
53 93
67 96
73 97
97 99
