100
60 2147483637
29 2147483637
72 2147483637
4 2147483637
44 2147483637
86 2147483637
2 2147483637
82 2147483637
10 2147483637
12 2147483637
92 2147483638
47 2147483638
26 2147483638
31 2147483638
5 2147483638
11 2147483638
35 2147483638
48 2147483639
93 2147483639
76 2147483639
96 2147483639
31 2147483639
40 2147483639
62 2147483640
6 2147483640
19 2147483640
33 2147483640
3 2147483640
48 2147483640
34 2147483640
90 2147483640
100 2147483640
10 2147483641
89 2147483641
13 2147483641
69 2147483641
55 2147483641
70 2147483641
47 2147483641
27 2147483642
85 2147483642
38 2147483642
44 2147483642
30 2147483642
2 2147483642
71 2147483642
89 2147483642
93 2147483642
19 2147483642
39 2147483642
30 2147483642
82 2147483643
82 2147483643
38 2147483643
53 2147483643
99 2147483643
83 2147483643
2 2147483643
37 2147483643
82 2147483643
51 2147483643
67 2147483643
84 2147483643
74 2147483644
97 2147483644
28 2147483644
98 2147483644
39 2147483644
14 2147483644
30 2147483644
40 2147483644
84 2147483644
49 2147483644
17 2147483644
7 2147483644
91 2147483644
13 2147483645
12 2147483645
28 2147483645
60 2147483645
97 2147483645
23 2147483646
50 2147483646
77 2147483646
38 2147483646
53 2147483646
97 2147483646
45 2147483646
39 2147483646
55 2147483646
56 2147483646
45 2147483646
82 2147483647
7 2147483647
56 2147483647
33 2147483647
14 2147483647
8 2147483647
50 2147483647
61 2147483647
