100
97 0
85 0
72 1
50 1
88 1
5 2
31 3
41 3
34 4
64 5
46 5
26 6
76 8
23 9
8 11
68 12
50 13
16 15
39 16
31 17
15 17
66 19
10 19
34 21
8 25
24 26
88 27
6 28
18 30
6 30
96 31
25 32
55 33
72 35
36 36
12 36
97 37
97 37
68 39
26 40
19 43
99 43
64 46
12 47
97 48
9 48
66 48
80 49
34 49
45 51
64 52
50 54
37 54
95 54
10 55
85 56
77 58
36 59
54 59
34 59
81 59
25 61
96 62
8 65
51 66
75 67
14 69
26 69
10 70
43 71
9 71
29 73
75 74
23 75
49 77
92 77
4 78
33 78
41 81
29 81
23 82
65 84
64 86
100 86
3 87
25 89
15 89
42 89
91 91
49 92
83 92
15 93
43 93
8 94
23 94
53 95
65 97
48 99
49 99
5 100
