100
18 1
70 2
78 2
5 4
75 5
3 5
42 5
66 5
60 6
58 7
97 7
15 7
44 9
94 9
45 12
89 13
11 13
67 15
69 15
41 17
40 19
73 19
19 19
2 19
8 26
95 27
49 30
99 33
56 36
42 37
51 38
79 39
48 41
35 42
8 44
97 45
40 45
34 46
63 46
81 46
92 46
4 47
69 49
15 49
58 49
94 51
59 51
41 53
96 53
3 54
1 54
58 57
52 57
25 57
47 58
36 61
4 62
4 63
5 65
46 65
99 67
87 67
97 68
29 71
32 72
58 72
50 72
36 73
74 74
59 75
46 75
40 76
64 76
26 76
11 77
44 77
35 78
1 79
27 79
68 80
55 82
81 82
13 83
94 85
56 85
82 87
90 87
49 88
7 89
51 90
57 91
90 93
31 94
71 96
36 96
48 97
19 99
53 99
16 99
43 100
