100
80 0
10 0
79 2
2 3
8 5
42 5
95 7
93 9
38 10
41 10
5 11
76 13
87 14
59 16
69 17
16 20
23 21
11 23
30 23
97 25
90 25
30 25
67 25
75 27
34 28
73 28
46 28
24 29
79 29
34 30
44 32
51 32
70 32
53 32
53 32
84 33
82 34
97 35
50 36
87 37
69 37
45 37
21 38
24 38
54 40
49 43
47 43
95 44
58 46
51 49
92 52
32 53
53 54
54 55
26 55
72 56
82 57
91 60
14 60
62 61
54 61
68 61
36 62
37 64
62 65
56 66
12 68
30 68
67 68
84 68
2 68
86 71
55 72
44 75
27 76
81 77
4 78
65 78
77 79
34 79
81 80
94 81
52 81
98 84
55 85
42 86
91 86
5 87
49 88
51 88
37 89
90 90
98 90
22 90
91 91
49 91
37 93
19 93
57 99
9 99
