100
19 0
79 0
38 1
55 2
74 2
1 2
63 4
19 4
50 4
18 6
25 8
25 9
16 10
2 12
75 12
95 12
43 15
80 16
62 16
77 17
68 18
49 19
3 19
34 19
76 19
40 21
39 23
71 23
54 23
61 24
23 25
10 25
3 27
7 28
5 28
15 30
99 30
83 31
3 32
72 34
26 35
74 35
54 35
99 39
70 40
48 40
51 41
4 41
33 42
54 44
4 45
28 46
30 46
37 48
44 49
22 51
20 54
51 55
94 56
4 56
66 58
11 59
30 60
76 61
45 61
82 62
14 64
35 65
95 65
88 67
41 68
28 68
27 68
49 75
49 75
72 77
83 77
91 77
32 80
82 81
30 81
79 81
99 82
80 84
69 85
81 85
32 85
34 86
17 86
66 90
55 91
89 95
29 96
47 96
86 96
25 97
60 97
25 98
53 100
21 100
