100
36 0
56 2
80 3
76 5
67 5
90 6
42 6
5 7
4 8
68 10
75 11
18 12
93 13
34 16
15 18
49 21
51 21
44 24
5 24
91 24
13 24
63 26
30 26
84 27
72 28
45 29
88 33
57 35
43 37
8 39
82 39
6 39
65 40
96 41
5 42
2 43
33 43
70 43
52 44
94 45
79 46
2 51
37 51
49 51
84 55
68 56
91 57
53 57
96 58
46 58
65 59
74 59
28 60
65 60
36 61
91 62
49 62
3 63
66 64
87 64
13 65
23 65
12 65
97 65
5 66
63 66
63 67
100 69
89 70
91 71
44 73
40 73
10 73
54 74
2 76
72 76
12 78
1 79
14 79
54 80
80 80
28 81
6 81
15 81
2 84
83 84
3 85
78 86
99 87
37 88
46 88
16 89
1 90
71 93
94 93
2 96
4 96
59 97
47 100
23 100
