100
96 0
49 1
18 3
75 3
26 5
64 6
25 8
47 8
57 8
49 11
59 12
73 14
60 15
65 15
95 17
88 18
64 18
35 19
9 20
70 20
68 21
13 21
81 21
65 22
1 22
23 23
55 23
47 27
83 29
42 30
84 32
2 34
35 35
83 37
8 37
86 38
83 41
33 44
75 45
82 47
83 47
12 48
96 48
40 49
55 49
53 50
79 50
34 50
22 51
2 51
53 52
91 56
55 56
93 57
47 58
39 60
22 60
1 60
45 61
6 61
52 64
81 68
33 69
12 69
86 71
85 72
13 73
6 74
41 74
43 75
51 76
37 77
25 78
60 78
10 79
68 79
17 79
55 80
58 80
27 80
26 81
40 83
36 83
78 84
96 84
66 85
100 85
94 86
24 88
5 89
78 89
59 90
39 90
11 91
1 92
85 93
30 95
83 98
16 98
42 100
