100
53 0
32 1
55 1
20 2
13 2
48 4
37 5
69 7
75 7
47 7
5 8
15 9
89 9
34 12
47 14
53 15
71 15
3 16
47 17
26 18
62 19
44 21
50 23
26 23
26 24
52 25
90 26
34 27
91 28
13 28
69 29
12 29
90 30
69 30
91 31
82 32
63 33
80 35
26 37
58 38
75 42
95 43
70 44
99 45
15 47
52 48
26 48
13 48
35 50
52 55
15 55
46 55
73 56
7 56
73 58
26 61
44 61
98 61
85 62
33 63
2 64
96 66
73 67
85 67
97 67
72 67
5 67
67 68
76 68
91 69
92 70
10 70
100 70
51 70
32 71
66 71
88 73
51 74
19 77
20 77
4 78
100 78
46 79
52 80
13 81
22 81
11 82
41 83
62 84
4 88
53 88
66 89
94 89
79 91
25 93
94 95
53 95
68 96
94 97
11 97
