100
62 0
61 1
3 1
57 1
52 2
27 2
79 2
20 4
92 4
29 5
73 6
43 8
24 9
31 10
20 12
87 13
93 14
35 15
53 15
1 16
88 16
81 18
38 19
96 19
47 22
6 25
74 27
87 31
50 34
22 34
38 34
8 36
99 36
5 37
85 40
19 43
38 46
5 48
60 50
71 50
43 51
67 52
92 52
60 52
88 53
72 54
48 54
34 55
83 56
1 59
72 60
13 61
80 61
11 62
34 62
30 64
89 64
88 65
80 65
58 68
76 69
11 71
1 74
56 76
47 76
70 77
100 77
77 78
9 78
64 80
38 80
45 81
88 82
68 82
52 84
93 84
23 84
43 84
58 85
46 85
6 85
57 85
90 85
42 87
17 88
85 88
62 88
39 89
4 90
31 90
19 91
8 91
27 91
6 91
47 94
13 95
29 95
92 96
74 99
39 99
