87
33 1
96 2
42 2
17 7
84 8
12 9
81 13
78 14
90 15
35 16
79 17
55 19
53 19
13 21
78 21
39 21
10 21
12 24
56 24
8 25
5 26
95 28
55 30
34 32
90 32
54 34
72 34
52 35
69 37
19 39
66 39
68 41
31 44
9 45
21 46
5 46
21 46
6 46
11 47
79 48
62 49
59 51
34 53
50 56
59 56
27 59
81 59
87 60
17 60
29 61
57 61
95 61
93 64
90 64
70 65
7 65
93 65
91 66
72 70
24 72
71 72
85 73
95 74
66 74
2 75
5 77
27 78
97 79
26 79
73 81
100 82
18 82
41 82
78 82
7 83
60 84
38 84
91 84
27 86
67 89
80 90
66 92
50 94
55 95
60 97
98 97
33 99
