100
12 0
31 1
15 1
52 2
32 5
66 6
46 8
70 12
18 12
60 13
35 13
16 13
21 14
83 14
42 14
99 16
100 20
14 20
77 21
64 21
26 21
85 21
90 24
71 25
14 25
52 26
29 26
50 28
72 29
14 32
69 33
33 34
87 35
96 37
83 37
14 38
40 39
2 39
13 39
29 39
17 40
69 41
92 43
19 43
99 44
80 45
7 46
89 46
14 48
8 48
5 50
90 50
15 50
96 52
23 52
39 54
66 54
70 55
14 57
61 57
50 57
76 57
74 57
1 57
24 59
6 60
47 63
78 67
84 67
42 67
75 68
58 68
8 69
18 70
54 72
67 72
57 72
99 74
80 76
79 76
67 80
1 80
93 81
51 83
34 83
3 86
48 86
80 88
12 89
50 90
62 90
25 90
43 93
22 93
79 93
54 96
6 99
90 100
39 100
35 100
