100
67 2147483637
31 2147483637
64 2147483637
4 2147483637
10 2147483637
9 2147483637
43 2147483637
92 2147483637
60 2147483637
68 2147483637
31 2147483637
2 2147483638
34 2147483638
19 2147483638
10 2147483638
74 2147483638
86 2147483638
30 2147483639
13 2147483639
85 2147483639
10 2147483639
85 2147483639
54 2147483640
88 2147483640
75 2147483640
61 2147483640
48 2147483640
39 2147483640
1 2147483640
79 2147483641
47 2147483641
77 2147483641
54 2147483641
40 2147483641
52 2147483641
85 2147483641
57 2147483641
26 2147483641
95 2147483641
44 2147483641
55 2147483641
90 2147483641
18 2147483641
19 2147483641
7 2147483641
80 2147483641
3 2147483641
19 2147483642
86 2147483642
4 2147483642
18 2147483642
51 2147483642
20 2147483642
97 2147483642
44 2147483642
4 2147483642
73 2147483642
67 2147483642
92 2147483642
63 2147483642
24 2147483643
20 2147483643
31 2147483643
49 2147483643
55 2147483643
58 2147483643
26 2147483643
59 2147483643
78 2147483643
80 2147483643
61 2147483644
64 2147483644
59 2147483644
4 2147483644
93 2147483644
83 2147483645
58 2147483645
37 2147483645
100 2147483645
41 2147483645
48 2147483645
59 2147483645
88 2147483645
22 2147483646
5 2147483646
45 2147483646
56 2147483646
26 2147483646
37 2147483646
94 2147483646
77 2147483646
83 2147483647
89 2147483647
11 2147483647
41 2147483647
80 2147483647
84 2147483647
12 2147483647
6 2147483647
62 2147483647
