100
45 1
4 3
31 3
47 4
83 4
15 4
5 4
62 5
9 11
63 11
44 11
10 11
92 14
4 16
9 17
67 18
75 18
70 18
20 20
92 21
13 22
65 22
10 23
48 23
61 24
94 24
4 25
44 25
58 26
86 27
30 27
35 27
12 28
48 29
94 31
23 31
3 34
91 36
71 37
78 37
87 39
95 39
44 40
54 41
20 42
1 42
71 44
93 45
46 47
2 48
87 48
69 49
1 50
83 52
13 55
75 56
79 57
88 57
37 58
83 59
75 59
40 60
17 61
86 63
82 64
41 64
11 65
69 69
49 71
27 74
55 74
93 76
56 76
57 76
39 76
72 80
50 80
64 80
45 82
63 82
77 82
15 83
40 83
46 84
17 86
19 87
2 87
51 90
82 90
75 90
10 90
53 91
24 91
97 92
63 94
68 94
42 95
71 95
47 97
31 100
