100
8 2147483637
40 2147483637
43 2147483637
81 2147483637
80 2147483637
77 2147483637
42 2147483637
60 2147483637
32 2147483638
94 2147483638
1 2147483638
70 2147483638
39 2147483638
40 2147483638
68 2147483639
47 2147483639
69 2147483639
41 2147483639
69 2147483639
1 2147483639
5 2147483639
70 2147483639
11 2147483639
78 2147483640
90 2147483640
39 2147483640
2 2147483640
60 2147483640
11 2147483640
6 2147483640
51 2147483640
52 2147483641
36 2147483641
19 2147483641
99 2147483641
76 2147483641
45 2147483641
48 2147483641
44 2147483641
17 2147483641
42 2147483641
48 2147483642
55 2147483642
51 2147483642
13 2147483642
38 2147483642
15 2147483642
12 2147483642
48 2147483642
96 2147483642
69 2147483643
19 2147483643
97 2147483643
66 2147483643
17 2147483643
3 2147483643
7 2147483643
44 2147483643
47 2147483643
22 2147483644
3 2147483644
16 2147483644
25 2147483644
49 2147483644
47 2147483644
61 2147483644
100 2147483644
35 2147483644
92 2147483644
75 2147483644
88 2147483645
53 2147483645
7 2147483645
78 2147483645
36 2147483645
18 2147483645
72 2147483645
70 2147483645
74 2147483645
27 2147483645
36 2147483645
45 2147483645
16 2147483645
20 2147483645
11 2147483646
24 2147483646
47 2147483646
78 2147483646
48 2147483646
89 2147483646
86 2147483646
86 2147483646
14 2147483647
91 2147483647
50 2147483647
70 2147483647
26 2147483647
89 2147483647
82 2147483647
59 2147483647
