100
8 0
38 1
59 1
9 2
86 3
65 5
78 6
20 7
47 7
38 9
2 11
52 11
32 12
53 13
1 14
93 14
66 16
69 16
59 16
4 16
51 17
93 17
94 18
6 18
37 19
71 21
33 21
6 22
37 22
51 23
95 24
7 24
77 25
23 27
3 27
16 29
48 29
79 30
96 33
45 35
73 38
20 39
52 40
70 42
83 45
8 45
14 45
99 47
40 49
73 50
63 50
77 51
45 51
1 52
7 55
36 57
64 60
25 61
54 61
87 61
83 62
30 65
85 65
70 66
39 68
29 69
66 69
93 70
56 70
30 70
73 70
35 70
45 71
79 72
38 73
22 73
21 74
37 75
42 76
97 76
28 77
67 77
16 78
43 81
56 82
44 83
24 84
11 84
44 87
18 88
84 89
61 90
18 90
38 94
33 94
36 95
29 97
40 97
94 98
16 99
