100
66 3
42 3
95 3
63 3
14 3
15 4
20 4
13 4
28 5
58 6
75 6
21 6
1 7
95 9
60 10
78 11
73 12
96 12
93 13
91 14
9 15
81 17
39 17
89 19
79 21
85 21
69 22
11 24
17 24
54 24
3 25
95 25
61 25
43 25
1 26
43 28
29 28
82 29
41 31
71 31
37 31
72 36
25 37
11 38
89 40
3 41
52 44
91 46
34 48
19 50
86 51
45 54
72 55
49 55
38 57
51 57
18 57
96 57
78 57
94 58
84 58
34 58
20 59
6 60
55 60
41 61
76 61
30 62
3 63
78 63
60 67
25 68
72 69
5 69
38 69
100 72
75 73
22 74
75 75
38 76
7 77
64 77
76 78
22 79
66 82
15 82
43 84
72 85
70 85
87 88
92 90
2 92
71 93
91 94
5 97
17 98
46 99
63 99
72 99
46 100
