100
55 0
81 0
91 2
50 2
51 2
66 3
8 3
65 3
19 5
62 6
60 6
61 7
69 8
80 9
25 9
31 10
88 10
29 12
25 13
81 13
54 15
56 16
61 17
42 17
8 17
47 18
8 18
77 18
40 19
45 19
37 21
48 22
78 23
30 23
80 23
22 26
95 26
55 26
69 27
14 28
40 28
44 29
12 30
18 31
39 32
74 36
49 36
69 38
29 39
6 42
49 44
96 45
71 45
95 46
81 46
69 48
68 52
5 52
57 52
15 52
33 53
74 53
13 56
65 57
44 57
17 57
15 59
30 59
38 60
68 61
61 65
38 66
82 70
61 71
26 71
29 72
17 72
3 72
52 78
54 79
51 80
68 81
76 82
9 82
18 83
65 84
15 87
87 88
91 88
74 89
75 89
93 90
34 93
8 93
51 95
94 95
73 96
78 97
85 98
45 100
