100
20 1
73 3
38 4
21 5
87 5
40 6
32 9
61 9
89 10
7 10
34 11
69 13
7 17
55 20
48 20
51 20
51 23
55 23
37 24
28 26
40 26
55 28
27 31
78 31
84 31
37 33
23 34
70 34
27 37
58 39
1 39
100 39
8 41
27 41
90 42
45 43
60 44
2 46
67 46
11 47
30 49
23 50
90 51
96 51
55 52
44 54
50 54
49 56
4 56
57 57
75 58
77 58
53 59
36 60
91 62
53 63
65 63
64 64
41 64
62 65
50 65
54 65
98 66
58 66
8 66
58 67
58 68
76 71
61 71
97 72
69 72
72 73
28 74
75 75
15 79
42 79
8 80
80 81
62 81
90 81
9 83
54 84
30 84
88 85
94 85
80 86
80 87
56 88
95 89
99 89
75 90
45 92
85 94
83 97
15 98
35 98
37 99
25 99
68 100
23 100
