100
73 0
36 2
1 3
52 4
37 5
52 5
20 5
37 5
53 5
5 6
49 6
11 7
16 7
100 7
1 8
82 9
65 9
98 10
76 10
59 11
93 13
12 14
2 16
99 19
82 21
17 21
99 23
94 23
88 25
2 27
78 28
84 28
21 30
12 31
50 34
12 35
45 36
35 37
18 37
60 38
65 38
72 39
63 39
49 39
8 40
41 41
70 42
88 42
9 42
70 43
54 44
18 44
70 44
75 44
7 45
76 47
24 48
44 48
7 50
34 51
1 53
67 54
7 56
48 56
90 57
9 60
26 60
56 61
58 63
83 65
24 65
65 66
61 66
28 67
27 67
12 70
94 75
34 77
29 81
56 81
34 83
3 83
45 84
81 85
85 85
31 85
63 86
14 87
64 87
94 88
77 89
43 89
83 90
12 92
20 93
72 94
38 96
65 99
61 99
2 99
