100
29 2147483637
32 2147483637
96 2147483637
85 2147483637
27 2147483638
79 2147483638
43 2147483638
57 2147483638
6 2147483638
85 2147483638
34 2147483638
7 2147483638
73 2147483638
2 2147483639
46 2147483639
21 2147483639
12 2147483639
36 2147483639
82 2147483639
58 2147483639
68 2147483639
21 2147483639
24 2147483640
71 2147483640
1 2147483640
69 2147483640
45 2147483640
9 2147483640
86 2147483640
69 2147483640
69 2147483641
37 2147483641
90 2147483641
55 2147483641
32 2147483641
61 2147483641
89 2147483641
1 2147483641
87 2147483641
47 2147483642
81 2147483642
89 2147483642
16 2147483642
30 2147483642
36 2147483642
71 2147483642
68 2147483642
39 2147483642
30 2147483643
78 2147483643
64 2147483643
66 2147483643
74 2147483643
81 2147483643
83 2147483643
22 2147483643
55 2147483643
8 2147483643
79 2147483643
78 2147483643
34 2147483643
57 2147483644
2 2147483644
80 2147483644
10 2147483644
18 2147483644
68 2147483644
97 2147483644
77 2147483644
92 2147483644
97 2147483645
45 2147483645
21 2147483645
47 2147483645
44 2147483646
81 2147483646
71 2147483646
97 2147483646
4 2147483646
40 2147483646
100 2147483646
46 2147483646
59 2147483646
14 2147483646
4 2147483646
98 2147483646
3 2147483646
100 2147483646
72 2147483646
56 2147483647
46 2147483647
86 2147483647
17 2147483647
46 2147483647
11 2147483647
17 2147483647
90 2147483647
33 2147483647
30 2147483647
71 2147483647
