100
96 2
32 2
56 2
75 3
78 5
81 6
5 7
91 8
53 10
55 13
66 13
33 13
90 14
67 15
14 15
63 16
21 17
96 18
48 19
3 20
76 20
6 24
56 24
8 26
55 29
88 29
18 29
82 30
71 30
34 30
54 31
92 32
30 33
19 34
53 35
9 35
70 35
15 36
98 37
16 37
34 38
68 38
15 43
95 45
27 45
60 45
57 48
90 50
11 51
95 51
64 54
61 56
70 60
68 60
81 62
66 64
94 65
68 66
85 67
92 68
2 70
59 70
65 70
58 71
22 73
41 73
57 74
25 75
14 75
85 75
13 76
72 76
44 76
67 78
9 78
11 80
59 80
96 80
86 81
38 81
71 82
28 82
85 83
51 85
2 85
34 86
95 86
93 87
27 88
90 88
49 88
5 91
77 92
20 94
79 94
12 95
86 98
88 99
35 99
92 99
