100
65 0
100 1
89 2
6 3
26 3
6 4
49 5
53 6
70 6
43 7
77 8
29 10
44 11
55 12
1 13
67 13
57 13
47 14
95 15
72 18
73 18
15 18
24 19
31 19
30 21
9 22
1 23
25 23
64 23
78 26
76 27
33 29
1 30
73 31
43 32
57 32
71 33
71 35
47 35
2 35
63 36
11 38
89 39
13 40
88 41
35 41
89 41
12 41
58 41
82 42
38 47
17 47
42 47
55 52
94 53
2 54
87 55
97 56
33 56
47 57
68 58
15 58
68 58
57 59
59 60
22 61
68 61
2 63
31 63
7 66
65 67
60 68
6 68
50 73
63 74
12 75
80 76
6 76
92 76
57 80
29 81
53 81
24 83
48 84
71 85
11 87
61 87
54 87
83 87
17 89
21 89
18 91
52 94
24 95
96 97
70 97
84 97
90 99
100 100
51 100
