100
59 0
77 1
2 1
72 1
61 2
50 2
28 3
88 5
45 6
4 7
64 7
51 9
9 9
26 9
84 11
94 11
75 13
18 14
58 14
67 15
89 17
99 17
48 17
88 17
83 18
96 18
84 18
18 19
11 22
97 23
85 25
33 26
6 27
80 27
78 27
99 28
88 29
14 30
21 30
39 31
61 35
96 37
72 39
83 39
73 39
79 43
81 43
4 44
41 47
52 47
60 48
63 50
83 53
63 53
22 54
26 55
29 55
28 56
76 58
29 59
45 60
75 60
76 60
79 60
3 61
86 61
58 61
60 63
71 63
42 65
66 66
66 67
96 70
30 70
46 70
47 71
65 76
74 77
86 79
74 80
23 80
79 80
95 81
92 82
24 84
18 84
56 84
96 85
25 86
6 90
58 91
43 91
30 92
72 93
13 94
85 95
63 95
69 97
62 97
35 99
