100
84 1
56 1
51 1
21 2
1 4
89 5
76 6
68 6
55 7
5 7
26 9
39 9
64 10
26 10
32 11
14 13
43 14
24 15
91 15
43 15
20 17
46 18
52 20
34 20
30 21
33 21
98 21
14 22
95 22
76 23
82 24
31 26
44 28
93 29
15 30
74 31
98 31
47 31
38 31
37 31
22 31
41 34
89 35
74 39
35 41
8 42
62 42
14 42
7 43
37 44
2 45
13 45
91 46
35 47
73 49
96 49
76 50
1 52
88 52
94 53
71 54
29 56
66 57
24 57
59 59
49 59
68 59
7 59
93 61
44 61
100 62
5 62
62 64
12 70
69 73
80 73
9 74
2 75
65 77
72 78
99 79
34 79
45 80
58 81
51 82
34 82
96 84
61 84
65 88
32 88
77 89
56 90
37 90
98 91
77 92
23 95
81 96
24 96
70 99
74 100
