100
57 2147483637
27 2147483637
60 2147483637
7 2147483637
3 2147483637
65 2147483637
62 2147483637
36 2147483637
4 2147483637
95 2147483638
14 2147483638
49 2147483638
79 2147483638
16 2147483638
91 2147483638
35 2147483638
59 2147483638
93 2147483638
85 2147483638
40 2147483638
35 2147483638
29 2147483638
63 2147483639
23 2147483639
7 2147483639
49 2147483639
96 2147483639
6 2147483639
29 2147483639
53 2147483639
31 2147483639
63 2147483640
92 2147483640
74 2147483640
86 2147483640
22 2147483640
37 2147483640
89 2147483640
99 2147483640
66 2147483640
61 2147483640
11 2147483640
97 2147483641
56 2147483641
12 2147483641
29 2147483641
90 2147483641
79 2147483641
2 2147483641
60 2147483642
40 2147483642
80 2147483642
71 2147483642
67 2147483642
32 2147483643
51 2147483643
8 2147483643
4 2147483643
53 2147483643
51 2147483643
90 2147483643
89 2147483643
20 2147483643
41 2147483643
2 2147483644
13 2147483644
76 2147483644
87 2147483644
56 2147483644
81 2147483644
80 2147483644
23 2147483645
16 2147483645
90 2147483645
3 2147483645
49 2147483645
66 2147483645
23 2147483645
10 2147483645
59 2147483645
96 2147483646
92 2147483646
5 2147483646
35 2147483646
65 2147483646
2 2147483646
83 2147483646
95 2147483646
69 2147483646
68 2147483646
82 2147483646
74 2147483646
13 2147483646
18 2147483646
86 2147483647
24 2147483647
28 2147483647
90 2147483647
58 2147483647
31 2147483647
