100
96 1
81 1
38 1
86 2
84 2
41 6
70 7
76 7
57 8
69 10
95 13
72 15
10 15
46 17
88 20
1 21
83 22
30 22
31 22
15 23
97 23
68 25
2 26
6 26
19 26
56 27
39 27
82 29
30 30
22 30
52 31
4 32
70 34
75 35
92 38
46 38
90 40
74 40
18 40
80 46
4 47
64 48
49 48
41 49
84 50
21 51
72 52
1 52
66 52
5 53
77 54
61 55
48 55
68 56
74 57
66 57
84 58
91 59
69 62
2 62
22 62
24 62
77 63
63 64
76 64
40 65
14 65
74 66
27 66
41 67
56 68
93 71
89 72
91 74
83 75
37 77
67 77
7 81
29 81
70 82
60 82
70 84
87 85
38 86
40 86
97 87
81 89
2 89
50 90
17 91
64 92
43 92
49 93
45 94
91 95
33 95
75 97
44 98
42 100
44 100
