100
42 2
68 2
67 5
17 8
1 8
30 10
37 12
21 12
30 13
63 13
66 14
67 16
89 18
5 18
32 19
52 19
99 21
35 21
19 23
59 24
7 27
80 27
15 28
72 29
36 30
7 33
99 33
53 35
42 36
30 36
87 40
86 40
38 41
43 41
73 42
51 42
83 47
26 49
62 50
17 50
91 51
39 51
20 51
52 51
99 51
37 52
9 53
78 53
43 56
42 56
83 58
99 58
59 59
7 59
41 59
55 61
63 62
79 62
69 62
25 63
42 65
85 66
56 67
12 67
59 68
67 72
22 73
38 74
72 74
9 74
40 74
33 76
66 76
63 76
59 76
72 76
84 77
57 79
26 80
3 81
45 84
89 84
32 84
75 85
51 85
59 87
29 90
23 90
63 91
50 93
45 93
23 93
96 93
71 93
61 95
96 97
14 97
42 99
71 99
59 100
