100
86 0
52 3
52 4
48 5
23 6
33 7
31 7
35 7
10 8
40 11
37 11
90 12
5 13
89 14
67 14
34 18
85 19
75 23
46 24
41 24
27 26
33 26
27 27
78 28
63 28
1 29
76 30
49 30
43 30
2 30
19 31
88 31
47 32
97 34
39 35
63 37
30 37
5 39
23 39
37 40
65 42
92 44
1 44
2 45
95 47
35 47
99 49
95 50
9 51
40 51
57 52
56 53
67 53
56 54
8 55
16 57
90 59
43 60
51 62
49 62
26 62
48 63
73 63
50 65
15 65
87 66
34 66
69 68
32 69
27 70
60 70
44 71
68 72
91 73
82 73
15 75
96 75
21 75
22 77
10 77
75 77
24 78
97 78
32 79
73 81
51 81
92 83
70 83
29 84
73 87
93 88
48 89
87 90
17 91
11 93
22 94
33 96
5 97
41 97
5 100
