100
33 0
25 0
70 1
96 3
68 3
41 4
39 5
38 6
79 7
41 7
47 13
37 13
20 14
84 14
75 15
74 16
9 17
95 18
31 19
92 22
46 22
52 22
52 23
33 24
100 25
82 27
91 27
42 27
92 28
74 29
56 29
93 29
10 29
78 31
25 32
69 32
12 32
48 33
85 33
70 34
41 35
59 35
100 35
73 35
100 40
22 41
15 41
8 42
48 43
74 44
90 45
66 46
69 48
29 50
31 51
49 55
84 56
1 57
16 58
63 58
59 58
72 58
42 60
26 61
49 62
70 62
92 65
63 65
21 65
100 67
48 68
40 70
77 72
46 73
96 74
48 75
90 75
100 75
73 77
76 78
98 79
21 82
35 83
2 84
9 85
67 86
90 87
24 87
20 89
47 89
9 90
49 92
84 94
85 95
11 96
56 97
44 98
28 100
69 100
61 100
