100
99 2147483637
94 2147483637
8 2147483637
33 2147483637
34 2147483637
67 2147483637
35 2147483637
76 2147483637
30 2147483638
62 2147483638
35 2147483638
21 2147483638
82 2147483638
17 2147483638
5 2147483638
4 2147483638
33 2147483638
86 2147483639
50 2147483639
12 2147483639
39 2147483639
89 2147483639
68 2147483639
31 2147483639
14 2147483639
34 2147483639
44 2147483639
92 2147483639
39 2147483640
49 2147483640
65 2147483640
23 2147483640
50 2147483640
82 2147483640
58 2147483640
98 2147483641
23 2147483641
14 2147483641
46 2147483641
97 2147483641
66 2147483641
96 2147483641
11 2147483641
24 2147483641
72 2147483642
58 2147483642
49 2147483642
55 2147483642
97 2147483642
89 2147483642
75 2147483643
5 2147483643
33 2147483643
72 2147483643
92 2147483643
93 2147483644
91 2147483644
7 2147483644
83 2147483644
51 2147483644
21 2147483644
5 2147483644
22 2147483644
41 2147483644
71 2147483644
65 2147483644
67 2147483644
65 2147483645
2 2147483645
1 2147483645
5 2147483645
28 2147483645
37 2147483645
49 2147483645
23 2147483645
16 2147483645
24 2147483645
30 2147483645
95 2147483645
63 2147483645
41 2147483646
88 2147483646
67 2147483646
38 2147483646
47 2147483646
25 2147483647
41 2147483647
85 2147483647
25 2147483647
60 2147483647
79 2147483647
6 2147483647
12 2147483647
60 2147483647
100 2147483647
27 2147483647
59 2147483647
5 2147483647
85 2147483647
7 2147483647
