100
57 0
2 0
89 2
35 2
81 4
64 6
45 7
87 7
47 7
3 8
39 9
89 9
89 10
40 10
88 12
61 13
82 13
76 14
90 14
71 15
84 16
78 16
20 17
40 18
85 18
97 19
82 20
18 22
29 22
83 25
24 25
25 27
49 30
41 31
47 32
61 33
9 33
47 33
90 34
10 36
5 37
19 39
78 39
12 40
75 41
25 41
33 44
39 45
82 46
51 46
67 46
7 48
66 48
77 48
32 52
52 52
20 52
68 56
61 57
35 57
10 60
22 61
42 61
53 63
48 63
31 64
4 67
58 67
23 69
19 70
54 72
97 72
100 73
36 73
14 74
58 74
15 75
23 75
49 76
66 77
4 78
53 79
93 80
54 82
89 83
19 83
2 83
32 85
20 86
82 88
34 88
26 90
72 91
72 91
55 92
65 95
5 96
59 97
2 99
1 100
