100
37 0
91 1
48 1
58 3
94 4
54 4
88 6
66 6
33 9
14 10
45 11
64 11
32 11
44 11
7 11
36 13
86 13
80 14
96 15
35 15
25 19
66 20
22 20
74 20
11 21
57 22
37 23
18 23
76 24
73 24
36 25
78 26
33 27
83 28
4 28
6 29
52 32
50 32
34 34
87 35
59 35
3 38
33 40
50 42
83 42
44 43
32 43
12 44
35 45
9 46
23 46
99 48
78 48
13 48
79 50
19 50
45 52
52 53
4 53
27 56
7 56
36 59
49 60
39 60
50 63
20 63
60 65
55 65
1 67
20 68
74 70
30 71
29 72
78 72
6 73
32 75
96 75
80 76
44 77
49 79
45 80
96 80
91 81
76 82
18 83
53 83
27 87
31 88
23 88
80 89
92 89
23 90
54 91
89 92
17 92
85 94
71 96
92 97
70 98
55 98
