100
63 0
71 0
47 0
93 2
57 3
46 3
46 5
31 5
15 8
89 8
80 10
65 11
81 11
90 11
97 13
49 13
73 13
65 14
60 15
11 16
70 16
83 16
27 17
49 17
11 17
27 19
35 21
48 24
70 24
97 24
11 27
62 27
52 29
96 29
9 30
90 33
21 33
61 33
46 33
88 34
22 35
25 35
79 36
61 39
98 39
81 45
46 45
35 46
86 46
6 47
49 48
39 48
37 48
42 51
1 53
97 54
3 54
17 55
18 57
20 57
39 59
86 59
22 60
33 60
34 60
37 63
75 64
66 64
97 66
27 68
11 69
63 70
3 71
34 72
96 74
84 75
84 75
70 76
18 76
5 77
8 77
37 78
12 78
71 81
63 82
37 85
48 86
3 88
18 89
30 90
44 90
96 92
41 95
9 95
84 97
51 97
98 97
45 97
21 98
34 99
