100
41 0
53 0
51 1
70 2
46 4
28 4
10 6
91 10
62 10
21 13
78 17
76 18
2 18
93 20
52 21
87 23
20 25
26 27
4 27
54 27
34 29
45 29
98 30
14 31
36 32
33 33
37 33
58 35
94 35
17 36
63 39
15 41
34 42
43 43
92 45
28 46
56 47
60 47
32 47
37 48
69 48
85 50
53 50
16 51
15 51
57 52
54 52
35 52
61 53
67 55
97 55
44 56
89 56
97 56
59 57
3 57
98 58
1 59
96 59
95 60
48 62
61 62
82 63
15 63
82 64
37 64
41 66
59 66
50 69
47 69
47 69
14 70
18 70
85 71
59 74
95 74
48 74
18 75
32 75
9 76
36 78
38 78
18 79
6 80
43 80
83 81
28 83
95 85
3 85
90 87
48 89
87 91
8 93
92 94
60 94
66 96
99 97
13 97
90 98
82 100
