100
78 0
97 1
93 4
96 4
11 5
16 6
68 6
96 7
15 8
90 8
63 9
3 9
67 9
71 11
58 11
89 16
61 16
57 18
41 18
69 18
84 19
15 20
70 21
97 27
20 29
87 30
37 31
49 33
79 33
89 33
63 34
53 34
33 35
18 36
66 37
90 39
82 39
21 40
13 41
78 44
66 44
80 44
74 45
77 46
10 47
23 48
50 49
67 51
19 52
45 52
78 53
19 53
48 54
42 57
17 58
91 59
34 59
1 59
15 60
14 60
59 63
21 64
17 64
21 65
100 66
12 66
85 68
82 69
89 70
11 70
82 70
34 72
98 73
85 73
62 75
88 75
63 77
31 78
67 80
59 81
49 82
44 83
83 83
2 83
13 83
46 85
27 86
57 86
51 87
6 89
32 91
85 92
25 94
37 94
9 95
55 96
54 96
74 98
40 98
73 100
