100
42 0
66 0
94 1
21 3
85 4
45 5
24 6
55 7
27 9
7 9
82 9
77 10
99 11
52 13
49 13
40 14
43 15
60 15
73 17
75 19
61 19
89 20
88 21
77 22
54 25
39 26
30 26
36 26
19 28
64 30
46 31
80 34
24 36
27 38
31 39
5 40
14 40
22 41
96 43
45 44
91 45
64 45
3 46
13 46
9 46
49 46
34 47
83 47
79 49
29 50
21 50
100 50
16 51
30 53
86 53
89 53
9 58
5 58
14 61
9 61
42 62
11 63
25 64
83 66
94 66
7 69
35 69
45 71
11 72
86 75
34 78
83 78
45 79
93 79
65 81
7 82
40 84
16 84
43 84
63 85
84 85
79 85
95 85
65 86
25 86
28 87
50 87
89 91
95 92
86 93
69 93
23 94
39 96
83 97
76 98
59 99
6 99
92 99
1 100
95 100
