100
33 2147483637
83 2147483637
56 2147483637
75 2147483637
42 2147483637
4 2147483637
26 2147483637
19 2147483637
97 2147483637
66 2147483637
42 2147483638
41 2147483638
17 2147483638
46 2147483638
11 2147483638
57 2147483638
48 2147483638
63 2147483639
27 2147483639
6 2147483639
54 2147483639
14 2147483639
53 2147483639
61 2147483639
16 2147483639
75 2147483639
53 2147483639
62 2147483640
36 2147483640
89 2147483640
5 2147483640
38 2147483640
76 2147483640
13 2147483640
88 2147483640
40 2147483641
75 2147483641
78 2147483641
33 2147483641
70 2147483641
76 2147483641
86 2147483641
23 2147483641
86 2147483641
68 2147483642
76 2147483642
9 2147483642
27 2147483642
13 2147483642
37 2147483642
78 2147483642
60 2147483642
15 2147483642
76 2147483642
79 2147483642
18 2147483642
44 2147483642
40 2147483642
31 2147483643
84 2147483643
19 2147483643
68 2147483643
14 2147483643
71 2147483643
99 2147483643
3 2147483643
55 2147483643
71 2147483643
73 2147483643
59 2147483643
18 2147483643
85 2147483643
74 2147483643
32 2147483643
66 2147483644
50 2147483644
80 2147483644
7 2147483644
14 2147483644
41 2147483645
98 2147483645
52 2147483645
50 2147483645
35 2147483645
21 2147483645
22 2147483645
28 2147483645
9 2147483645
14 2147483645
70 2147483646
60 2147483646
81 2147483646
62 2147483646
15 2147483647
57 2147483647
54 2147483647
40 2147483647
35 2147483647
27 2147483647
22 2147483647
