100
51 0
6 1
7 1
58 3
17 3
43 4
77 5
49 5
7 5
69 6
18 6
29 7
51 7
46 7
25 8
1 9
43 10
79 11
42 12
70 12
42 13
55 16
31 17
10 19
98 22
9 23
69 24
82 27
24 32
75 32
80 33
94 33
34 35
11 35
73 35
67 41
58 41
73 42
84 42
10 43
43 43
77 44
73 45
87 46
14 48
77 51
26 52
11 52
54 52
48 53
27 53
46 55
9 55
7 55
76 56
91 58
34 59
2 60
13 61
70 62
24 64
75 65
17 65
77 65
32 67
57 67
45 67
13 69
79 69
81 70
8 71
73 71
85 72
29 72
56 72
32 73
85 77
22 78
59 80
3 82
89 85
77 87
33 88
21 90
24 90
26 90
13 90
9 93
39 93
13 94
35 94
15 95
99 95
96 98
66 98
73 99
15 99
11 99
57 99
31 100
