100
63 2147483637
43 2147483637
66 2147483637
18 2147483637
46 2147483637
15 2147483637
13 2147483637
23 2147483637
4 2147483637
57 2147483637
45 2147483637
4 2147483637
83 2147483638
73 2147483638
95 2147483638
53 2147483638
68 2147483638
4 2147483638
83 2147483638
43 2147483638
53 2147483638
46 2147483638
4 2147483638
63 2147483638
46 2147483638
1 2147483639
28 2147483639
31 2147483639
1 2147483639
21 2147483639
87 2147483639
91 2147483639
75 2147483639
93 2147483639
7 2147483639
46 2147483640
65 2147483640
23 2147483640
57 2147483640
31 2147483640
94 2147483640
72 2147483641
23 2147483641
13 2147483641
55 2147483641
48 2147483641
28 2147483641
98 2147483641
59 2147483641
38 2147483641
25 2147483641
28 2147483641
65 2147483642
48 2147483642
37 2147483642
66 2147483642
2 2147483642
36 2147483642
66 2147483643
42 2147483643
92 2147483643
87 2147483643
39 2147483643
16 2147483643
8 2147483643
64 2147483643
58 2147483644
99 2147483644
83 2147483644
91 2147483644
60 2147483644
41 2147483644
86 2147483644
25 2147483644
93 2147483644
76 2147483644
39 2147483644
74 2147483645
49 2147483645
8 2147483645
33 2147483646
6 2147483646
75 2147483646
16 2147483646
53 2147483646
30 2147483646
22 2147483646
39 2147483646
27 2147483646
35 2147483646
12 2147483646
39 2147483647
31 2147483647
7 2147483647
11 2147483647
79 2147483647
20 2147483647
74 2147483647
77 2147483647
10 2147483647
