100
42 1
95 1
53 3
34 4
76 5
33 6
22 7
73 8
98 9
58 11
35 13
43 15
4 17
44 17
21 18
43 18
42 18
67 20
97 21
25 23
28 24
94 24
68 25
97 26
100 26
84 26
68 28
57 28
64 29
100 31
95 34
98 36
60 37
66 37
1 38
78 38
39 38
56 40
64 40
83 40
67 45
88 46
59 46
96 46
90 46
84 47
100 48
21 50
37 51
99 51
59 52
17 53
70 54
31 54
29 55
63 55
68 57
34 59
26 59
95 61
43 61
95 61
46 63
31 64
12 64
63 66
8 66
1 67
80 68
98 69
87 71
53 72
30 73
13 74
69 75
48 75
82 75
69 77
4 78
7 81
76 81
98 82
63 82
14 82
21 83
57 87
67 88
54 88
21 89
98 89
12 90
90 91
86 92
42 93
84 93
84 96
51 96
44 99
80 99
82 99
