100
28 0
42 1
54 1
11 1
96 4
61 6
18 7
82 8
93 8
71 8
16 9
14 10
46 10
53 12
62 13
56 13
53 14
34 15
1 17
61 18
68 19
10 19
86 20
35 20
27 21
92 22
36 22
66 25
45 25
73 26
25 26
61 26
31 26
45 27
10 28
60 29
16 30
49 31
1 31
16 34
50 34
55 35
34 36
50 37
30 37
45 37
69 39
67 39
95 43
32 44
56 51
72 52
96 54
39 54
76 55
14 56
18 56
79 58
93 59
67 60
95 61
43 62
42 64
33 65
98 67
4 67
76 68
23 68
27 68
1 69
18 69
45 70
27 70
81 72
93 74
52 75
85 75
57 75
75 76
90 77
55 77
4 78
91 79
85 79
79 79
79 81
81 81
86 81
37 84
64 89
52 90
5 90
2 92
40 92
61 93
19 94
91 94
34 97
39 98
60 100
