100
92 0
39 0
79 0
19 1
62 2
46 3
55 4
87 4
70 6
34 7
18 8
100 9
58 9
8 10
20 12
98 12
31 13
29 14
79 14
80 14
64 14
50 14
6 14
44 14
57 15
5 15
18 16
57 17
74 18
75 19
77 22
48 28
93 28
13 29
42 30
25 33
76 34
64 34
93 37
7 37
75 37
92 37
52 38
19 38
35 41
12 42
79 43
24 44
77 44
32 45
23 45
2 47
83 47
61 47
53 48
47 48
5 49
3 49
36 49
19 51
23 52
25 52
71 54
15 56
8 56
43 57
66 57
41 58
85 59
78 59
50 61
94 62
92 62
47 63
68 64
86 65
81 65
53 65
40 65
63 67
48 70
77 71
8 71
25 72
77 73
80 76
35 78
24 80
40 81
29 82
58 82
33 83
24 84
89 84
27 86
19 86
36 87
31 95
32 98
13 100
