100
2 0
82 1
10 1
12 2
92 3
47 3
26 5
31 5
5 7
11 7
35 7
48 8
93 8
76 12
96 15
31 15
40 17
62 22
6 22
19 23
33 25
3 25
48 29
34 29
90 30
100 33
10 33
89 34
13 34
69 35
55 35
70 35
47 36
27 37
85 37
38 37
44 38
30 40
2 41
71 42
89 43
93 43
19 43
39 44
30 45
82 46
82 46
38 47
53 50
99 50
83 52
2 53
37 53
82 54
51 57
67 57
84 58
74 58
97 58
28 59
98 60
39 60
14 60
30 60
40 61
84 64
49 65
17 65
7 66
91 68
13 69
12 71
28 71
60 73
97 74
23 74
50 76
77 78
38 81
53 81
97 83
45 83
39 83
55 84
56 84
45 85
82 86
7 87
56 87
33 88
14 89
8 89
50 90
61 90
85 91
64 95
42 96
46 98
3 98
9 100
