100
35 0
78 1
5 1
49 3
23 3
42 4
84 4
11 6
81 7
6 9
96 11
14 12
91 12
32 12
19 21
62 21
57 22
13 23
59 26
36 27
95 28
19 28
80 29
2 32
85 32
78 33
13 33
67 35
4 35
87 36
19 36
60 37
31 39
8 42
49 43
77 45
17 46
17 46
9 47
69 48
77 54
27 55
62 55
39 56
93 56
87 56
57 56
10 57
79 57
90 57
82 58
43 59
38 59
60 60
40 60
90 61
15 62
39 63
61 64
66 65
87 65
9 67
37 67
86 67
55 68
27 68
89 69
39 70
42 70
99 73
61 73
29 73
21 75
33 76
13 76
14 77
75 78
96 79
32 79
72 81
9 82
39 82
65 84
7 85
48 86
99 88
100 88
40 88
18 90
88 90
26 90
73 90
60 92
92 93
30 93
50 94
7 97
21 98
59 98
95 98
